5 0.2559895833333333 -0.0125 0.015104166666666667 0.06145833333333333 
4 0.33671875 0.6869791666666667 0.0078125 0.01875 
5 0.6307291666666667 0.35390625 0.04375 0.05364583333333333 
5 0.65078125 0.35703125 0.0421875 0.0546875 
5 0.6875 0.35989583333333336 0.041666666666666664 0.05416666666666667 
5 0.7026041666666667 0.3567708333333333 0.042708333333333334 0.05416666666666667 
5 0.7190104166666667 0.35598958333333336 0.04010416666666667 0.05572916666666667 
5 0.7356770833333334 0.35494791666666664 0.04114583333333333 0.05572916666666667 
5 0.7552083333333334 0.3580729166666667 0.040625 0.05572916666666667 
5 0.7705729166666667 0.35572916666666665 0.04114583333333333 0.05416666666666667 
5 0.7885416666666667 0.35703125 0.040625 0.05364583333333333 
5 0.80703125 0.35651041666666666 0.04114583333333333 0.0546875 
5 0.8236979166666667 0.3580729166666667 0.04114583333333333 0.05572916666666667 
5 0.840625 0.35651041666666666 0.040625 0.0546875 
5 0.8583333333333333 0.3572916666666667 0.04375 0.05416666666666667 
5 0.8953125 0.35989583333333336 0.042708333333333334 0.057291666666666664 
5 0.9309895833333334 0.3614583333333333 0.04114583333333333 0.053125 
5 0.5817708333333333 0.35859375 0.041666666666666664 0.0546875 
5 0.5471354166666667 0.35572916666666665 0.04114583333333333 0.05520833333333333 
5 0.52578125 0.3536458333333333 0.04114583333333333 0.051041666666666666 
5 0.33567708333333335 0.35260416666666666 0.04114583333333333 0.05520833333333333 
5 0.2640625 0.35052083333333334 0.040625 0.05416666666666667 
5 0.28203125 0.35130208333333335 0.04114583333333333 0.0546875 
5 0.2994791666666667 0.35130208333333335 0.040625 0.05364583333333333 
5 0.31927083333333334 0.35520833333333335 0.040625 0.05416666666666667 
5 0.35494791666666664 0.35390625 0.0421875 0.05260416666666667 
5 0.49505208333333334 0.35442708333333334 0.044270833333333336 0.0546875 
5 0.38828125 0.3536458333333333 0.0421875 0.05416666666666667 
5 0.40598958333333335 0.3541666666666667 0.04114583333333333 0.05520833333333333 
5 0.42213541666666665 0.3515625 0.04010416666666667 0.05416666666666667 
5 0.4393229166666667 0.3528645833333333 0.04114583333333333 0.0546875 
5 0.45859375 0.3546875 0.0421875 0.05625 
5 0.47682291666666665 0.3541666666666667 0.0421875 0.05520833333333333 
5 0.91171875 0.35963541666666665 0.04114583333333333 0.05364583333333333 
5 0.9453125 0.3567708333333333 0.040625 0.05416666666666667 
5 0.96796875 0.3658854166666667 0.04114583333333333 0.05572916666666667 
5 0.6098958333333333 0.47291666666666665 0.027083333333333334 0.03229166666666667 
5 0.45234375 0.4734375 0.0265625 0.03229166666666667 
5 0.4700520833333333 0.4734375 0.0265625 0.03125 
5 0.50390625 0.47421875 0.028645833333333332 0.0328125 
5 0.5223958333333333 0.4739583333333333 0.029166666666666667 0.034375 
5 0.5765625 0.47109375 0.030208333333333334 0.033854166666666664 
5 0.59453125 0.471875 0.027604166666666666 0.03333333333333333 
5 0.6276041666666666 0.47369791666666666 0.028125 0.0328125 
5 0.4036458333333333 0.4669270833333333 0.029166666666666667 0.0328125 
5 0.64765625 0.4703125 0.028645833333333332 0.03229166666666667 
5 0.6802083333333333 0.47578125 0.028125 0.0328125 
5 0.73125 0.47604166666666664 0.029166666666666667 0.03229166666666667 
5 0.7505208333333333 0.47369791666666666 0.029166666666666667 0.033854166666666664 
5 0.7684895833333333 0.47578125 0.027604166666666666 0.0328125 
5 0.7869791666666667 0.47421875 0.028125 0.0328125 
5 0.29765625 0.46901041666666665 0.0296875 0.0328125 
5 0.28046875 0.46848958333333335 0.027604166666666666 0.0328125 
5 0.9796875 0.3575520833333333 0.03958333333333333 0.05260416666666667 
5 0.12005208333333334 0.46796875 0.027604166666666666 0.03177083333333333 
5 0.9994791666666667 0.36015625 0.040625 0.0546875 
5 1.0158854166666667 0.35859375 0.04114583333333333 0.05260416666666667 
5 0.13723958333333333 0.4703125 0.028645833333333332 0.03333333333333333 
5 0.2625 0.46953125 0.027083333333333334 0.0328125 
5 0.15598958333333332 0.4705729166666667 0.0296875 0.033854166666666664 
5 0.17552083333333332 0.4674479166666667 0.029166666666666667 0.033854166666666664 
5 0.19348958333333333 0.4674479166666667 0.027604166666666666 0.033854166666666664 
5 0.20989583333333334 0.46875 0.028125 0.03333333333333333 
5 0.22447916666666667 0.471875 0.028125 0.03333333333333333 
5 0.2453125 0.4674479166666667 0.027083333333333334 0.033854166666666664 
5 1.0119791666666667 0.29635416666666664 0.03958333333333333 0.051041666666666666 
5 0.8716145833333333 0.16666666666666666 0.04114583333333333 0.052083333333333336 
5 0.6377604166666667 0.15130208333333334 0.04114583333333333 0.05260416666666667 
5 0.65234375 0.15390625 0.04010416666666667 0.05260416666666667 
5 0.6682291666666667 0.1578125 0.040625 0.052083333333333336 
5 0.7020833333333333 0.1578125 0.041666666666666664 0.052083333333333336 
5 0.7359375 0.15885416666666666 0.041666666666666664 0.052083333333333336 
5 0.8018229166666667 0.16614583333333333 0.04114583333333333 0.051041666666666666 
5 0.8885416666666667 0.17057291666666666 0.040625 0.05364583333333333 
5 0.5729166666666666 0.14453125 0.042708333333333334 0.05364583333333333 
5 0.9203125 0.17265625 0.042708333333333334 0.0515625 
5 0.95546875 0.17369791666666667 0.04114583333333333 0.0546875 
5 0.9885416666666667 0.17682291666666666 0.042708333333333334 0.05572916666666667 
5 0.6223958333333334 0.14817708333333332 0.041666666666666664 0.05364583333333333 
5 0.5380208333333333 0.14375 0.03958333333333333 0.053125 
5 0.3609375 0.14765625 0.040625 0.0546875 
5 0.2598958333333333 0.13984375 0.0375 0.050520833333333334 
5 0.2747395833333333 0.14348958333333334 0.04010416666666667 0.0546875 
5 0.2911458333333333 0.14427083333333332 0.040625 0.05520833333333333 
5 0.30885416666666665 0.14401041666666667 0.03958333333333333 0.0546875 
5 0.32708333333333334 0.1421875 0.03958333333333333 0.053125 
5 0.3458333333333333 0.14296875 0.040625 0.05364583333333333 
5 0.39817708333333335 0.14401041666666667 0.04010416666666667 0.0546875 
5 0.51953125 0.14557291666666666 0.0390625 0.0546875 
5 0.41432291666666665 0.14401041666666667 0.04010416666666667 0.05364583333333333 
5 0.43203125 0.14479166666666668 0.0421875 0.05520833333333333 
5 0.44088541666666664 0.15807291666666667 0.03802083333333333 0.0515625 
5 0.4661458333333333 0.14791666666666667 0.040625 0.05416666666666667 
5 0.4856770833333333 0.14453125 0.03802083333333333 0.05260416666666667 
5 0.5026041666666666 0.14479166666666668 0.03958333333333333 0.052083333333333336 
5 0.9966145833333333 0.30052083333333335 0.04010416666666667 0.052083333333333336 
5 0.7705729166666667 0.3 0.03697916666666667 0.046875 
5 0.5776041666666667 0.29609375 0.041666666666666664 0.05572916666666667 
5 0.59375 0.29348958333333336 0.042708333333333334 0.0546875 
5 0.6114583333333333 0.2950520833333333 0.04375 0.05677083333333333 
5 0.63203125 0.2986979166666667 0.0390625 0.0515625 
5 0.6489583333333333 0.2989583333333333 0.03958333333333333 0.052083333333333336 
5 0.6997395833333333 0.29713541666666665 0.04010416666666667 0.0515625 
5 0.840625 0.30078125 0.035416666666666666 0.04739583333333333 
5 0.52578125 0.29609375 0.0421875 0.0546875 
5 0.89296875 0.30078125 0.04010416666666667 0.05364583333333333 
5 0.9127604166666666 0.30390625 0.04010416666666667 0.05260416666666667 
5 0.92890625 0.3020833333333333 0.0390625 0.052083333333333336 
5 0.9471354166666667 0.3028645833333333 0.03802083333333333 0.049479166666666664 
5 0.9630208333333333 0.30234375 0.03958333333333333 0.0515625 
5 0.9802083333333333 0.30234375 0.03958333333333333 0.050520833333333334 
5 0.5578125 0.29192708333333334 0.042708333333333334 0.05572916666666667 
5 0.5106770833333333 0.29973958333333334 0.04114583333333333 0.05572916666666667 
5 0.33359375 0.29453125 0.043229166666666666 0.05572916666666667 
5 0.2643229166666667 0.29401041666666666 0.043229166666666666 0.05572916666666667 
5 0.28151041666666665 0.29401041666666666 0.043229166666666666 0.0546875 
5 0.29921875 0.29401041666666666 0.0421875 0.05572916666666667 
5 0.353125 0.29661458333333335 0.041666666666666664 0.0546875 
5 0.49244791666666665 0.29713541666666665 0.0421875 0.05572916666666667 
5 0.3697916666666667 0.29661458333333335 0.041666666666666664 0.05260416666666667 
5 0.3875 0.29791666666666666 0.041666666666666664 0.053125 
5 0.4049479166666667 0.29661458333333335 0.04114583333333333 0.05364583333333333 
5 0.42213541666666665 0.29609375 0.0421875 0.05572916666666667 
5 0.4393229166666667 0.2953125 0.04114583333333333 0.05520833333333333 
5 0.4747395833333333 0.29791666666666666 0.043229166666666666 0.05520833333333333 
5 0.80234375 0.47682291666666665 0.028645833333333332 0.0328125 
5 0.81875 0.47760416666666666 0.027083333333333334 0.03229166666666667 
5 0.8359375 0.47890625 0.027083333333333334 0.0328125 
4 0.6794270833333333 0.759375 0.013020833333333334 0.025 
5 0.5807291666666666 0.9158854166666667 0.0125 0.033854166666666664 
5 0.6111979166666667 0.91484375 0.0140625 0.0328125 
5 0.62734375 0.9153645833333334 0.013020833333333334 0.0328125 
4 0.6651041666666667 0.921875 0.011458333333333333 0.021875 
4 0.6872395833333333 0.6630208333333333 0.0109375 0.022916666666666665 
4 0.51328125 0.8395833333333333 0.011979166666666667 0.025 
4 0.6114583333333333 0.6604166666666667 0.010416666666666666 0.021875 
5 0.12161458333333333 0.7541666666666667 0.0296875 0.03333333333333333 
5 0.28463541666666664 0.6354166666666666 0.05260416666666667 0.014583333333333334 
5 0.28229166666666666 0.6611979166666667 0.021875 0.0328125 
5 0.030729166666666665 0.6731770833333334 0.030208333333333334 0.033854166666666664 
5 0.06458333333333334 0.7020833333333333 0.029166666666666667 0.03333333333333333 
5 0.09713541666666667 0.7317708333333334 0.03177083333333333 0.03229166666666667 
5 0.11015625 0.7424479166666667 0.0296875 0.03177083333333333 
5 0.18958333333333333 0.765625 0.03229166666666667 0.034375 
4 0.5986979166666667 0.6864583333333333 0.0109375 0.023958333333333335 
4 0.38515625 0.6875 0.008854166666666666 0.025 
4 0.4359375 0.6630208333333333 0.010416666666666666 0.022916666666666665 
4 0.434375 0.6885416666666667 0.009375 0.021875 
4 0.5057291666666667 0.6888020833333334 0.011458333333333333 0.022395833333333334 
4 0.52421875 0.6588541666666666 0.0109375 0.022916666666666665 
4 0.5486979166666667 0.68828125 0.0140625 0.025520833333333333 
5 0.134375 0.23098958333333333 0.052083333333333336 0.011979166666666667 
4 0.03359375 0.1015625 0.015104166666666667 0.016666666666666666 
4 0.89921875 0.83515625 0.009895833333333333 0.0203125 
4 0.8953125 0.6755208333333333 0.009375 0.019791666666666666 
4 0.15755208333333334 0.7986979166666667 0.022395833333333334 0.021354166666666667 
4 0.03177083333333333 0.08802083333333334 0.0125 0.014583333333333334 
4 0.03411458333333333 0.075 0.013020833333333334 0.015625 
4 0.3611979166666667 0.6841145833333333 0.009895833333333333 0.021354166666666667 
4 0.36354166666666665 0.6580729166666667 0.009375 0.0203125 
4 0.35104166666666664 0.66328125 0.0125 0.022395833333333334 
4 0.3497395833333333 0.6869791666666667 0.009895833333333333 0.01875 
4 0.3385416666666667 0.6640625 0.011458333333333333 0.022916666666666665 
5 0.12447916666666667 0.2453125 0.053125 0.0125 
5 0.14479166666666668 0.21536458333333333 0.052083333333333336 0.013020833333333334 
5 0.8536458333333333 0.4783854166666667 0.028125 0.0328125 
5 0.30052083333333335 0.5177083333333333 0.029166666666666667 0.034375 
5 0.19973958333333333 0.5111979166666667 0.027604166666666666 0.033854166666666664 
5 0.21875 0.509375 0.027083333333333334 0.034375 
5 0.23385416666666667 0.51328125 0.028125 0.033854166666666664 
5 0.2518229166666667 0.5125 0.028645833333333332 0.03333333333333333 
5 0.27005208333333336 0.51171875 0.028645833333333332 0.034895833333333334 
5 0.28489583333333335 0.515625 0.028125 0.035416666666666666 
5 0.31927083333333334 0.5161458333333333 0.028125 0.034375 
5 0.16432291666666668 0.5096354166666667 0.027604166666666666 0.033854166666666664 
5 0.3380208333333333 0.5138020833333333 0.028125 0.0328125 
5 0.3567708333333333 0.5130208333333334 0.027083333333333334 0.034375 
5 0.37421875 0.5135416666666667 0.0265625 0.03333333333333333 
5 0.39166666666666666 0.5135416666666667 0.027083333333333334 0.034375 
5 0.4083333333333333 0.5138020833333333 0.026041666666666668 0.0328125 
5 0.4231770833333333 0.5174479166666667 0.028645833333333332 0.0328125 
5 0.17890625 0.5145833333333333 0.027604166666666666 0.03333333333333333 
5 0.14244791666666667 0.5171875 0.0296875 0.034375 
5 0.49583333333333335 0.5151041666666667 0.028125 0.03229166666666667 
5 0.90625 0.4778645833333333 0.029166666666666667 0.033854166666666664 
5 0.9260416666666667 0.4765625 0.029166666666666667 0.034375 
5 0.9419270833333333 0.4796875 0.027604166666666666 0.03333333333333333 
5 0.96015625 0.47708333333333336 0.028645833333333332 0.034375 
5 0.9765625 0.47890625 0.028125 0.0328125 
5 0.9953125 0.47734375 0.027083333333333334 0.0328125 
5 0.12838541666666667 0.51015625 0.028645833333333332 0.034895833333333334 
5 0.08828125 0.5182291666666666 0.0296875 0.034375 
5 0.11145833333333334 0.5096354166666667 0.029166666666666667 0.033854166666666664 
5 0.4783854166666667 0.51171875 0.0265625 0.033854166666666664 
5 0.5138020833333333 0.5135416666666667 0.027604166666666666 0.03333333333333333 
5 0.16510416666666666 0.18515625 0.05416666666666667 0.011979166666666667 
5 1.00078125 0.5197916666666667 0.027604166666666666 0.03333333333333333 
5 0.8989583333333333 0.51640625 0.028125 0.0328125 
5 0.9140625 0.52265625 0.029166666666666667 0.0328125 
5 0.9325520833333333 0.5205729166666667 0.028645833333333332 0.033854166666666664 
5 0.94921875 0.5192708333333333 0.028645833333333332 0.034375 
5 0.9674479166666666 0.5190104166666667 0.027604166666666666 0.033854166666666664 
5 0.9856770833333334 0.5184895833333333 0.028645833333333332 0.0328125 
5 0.86328125 0.5171875 0.028645833333333332 0.034375 
5 0.8778645833333333 0.5221354166666666 0.028645833333333332 0.034895833333333334 
5 0.8283854166666667 0.5171875 0.027604166666666666 0.03333333333333333 
5 0.5299479166666666 0.51640625 0.027604166666666666 0.0328125 
5 0.6697916666666667 0.5166666666666667 0.027083333333333334 0.03333333333333333 
5 0.5481770833333334 0.5151041666666667 0.027604166666666666 0.03229166666666667 
5 0.5825520833333333 0.51484375 0.028645833333333332 0.033854166666666664 
5 0.5989583333333334 0.51640625 0.028125 0.033854166666666664 
5 0.6158854166666666 0.5166666666666667 0.027604166666666666 0.03333333333333333 
5 0.6333333333333333 0.5190104166666667 0.029166666666666667 0.034895833333333334 
5 0.6518229166666667 0.5169270833333334 0.027604166666666666 0.033854166666666664 
5 0.6864583333333333 0.5182291666666666 0.027083333333333334 0.03333333333333333 
5 0.8106770833333333 0.51640625 0.027604166666666666 0.033854166666666664 
5 0.7041666666666667 0.51875 0.029166666666666667 0.03333333333333333 
5 0.7229166666666667 0.5177083333333333 0.027083333333333334 0.03333333333333333 
5 0.7408854166666666 0.5153645833333333 0.027604166666666666 0.033854166666666664 
5 0.7575520833333333 0.5177083333333333 0.028645833333333332 0.034375 
5 0.775 0.51640625 0.028125 0.0328125 
5 0.7919270833333333 0.51796875 0.027604166666666666 0.033854166666666664 
5 0.24010416666666667 0.14270833333333333 0.041666666666666664 0.05416666666666667 
