4 0.33645833333333336 0.9385416666666667 0.008333333333333333 0.011458333333333333 
0 0.6557291666666667 0.58359375 0.08020833333333334 0.0796875 
0 0.48671875 0.88515625 0.07239583333333334 0.0859375 
0 0.71171875 0.43828125 0.0796875 0.07864583333333333 
0 0.22005208333333334 0.6356770833333333 0.09427083333333333 0.0859375 
4 0.15494791666666666 0.8372395833333334 0.008854166666666666 0.0046875 
4 0.14505208333333333 0.8122395833333333 0.0109375 0.0067708333333333336 
4 0.14817708333333332 0.8192708333333333 0.008854166666666666 0.005208333333333333 
4 0.153125 0.8317708333333333 0.010416666666666666 0.005208333333333333 
0 0.8846354166666667 0.9106770833333333 0.09739583333333333 0.08802083333333334 
0 0.8557291666666667 0.9817708333333334 0.096875 0.08854166666666667 
