12 0.5859375 0.465625 0.15104166666666666 0.016666666666666666 
6 0.6669270833333333 0.3963541666666667 0.059895833333333336 0.028125 
6 0.6752604166666667 0.36744791666666665 0.050520833333333334 0.015104166666666667 
6 0.6903645833333333 0.27682291666666664 0.0296875 0.013020833333333334 
12 0.6044270833333333 0.3723958333333333 0.18802083333333333 0.03333333333333333 
12 0.6223958333333334 0.26276041666666666 0.175 0.0203125 
6 0.646875 0.48125 0.04791666666666667 0.020833333333333332 
12 0.5932291666666667 0.5484375 0.19375 0.013541666666666667 
6 0.5942708333333333 0.5572916666666666 0.021875 0.010416666666666666 
12 0.6440104166666667 0.004427083333333333 0.17760416666666667 0.021354166666666667 
6 0.6565104166666667 0.5661458333333333 0.0734375 0.023958333333333335 
6 0.64140625 0.9 0.027604166666666666 0.0125 
12 0.5830729166666667 0.9114583333333334 0.14322916666666666 0.011458333333333333 
6 0.75234375 0.653125 0.0296875 0.041666666666666664 
6 0.6463541666666667 0.6708333333333333 0.034375 0.015625 
12 0.5658854166666667 0.6544270833333333 0.1984375 0.019270833333333334 
