5 0.26197916666666665 0.2546875 0.01875 0.00625 
5 0.2625 0.33098958333333334 0.005208333333333333 0.011979166666666667 
5 0.9690104166666667 0.10755208333333334 0.024479166666666666 0.016145833333333335 
5 0.9169270833333333 0.23125 0.021354166666666667 0.014583333333333334 
5 0.82265625 0.5109375 0.016145833333333335 0.023958333333333335 
5 0.6723958333333333 0.55546875 0.026041666666666668 0.0171875 
0 -0.01328125 0.4473958333333333 0.06822916666666666 0.075 
0 0.34921875 0.0921875 0.09739583333333333 0.08541666666666667 
0 0.7046875 0.50546875 0.090625 0.0828125 
0 0.8213541666666667 0.31171875 0.059375 0.05260416666666667 
0 0.8796875 0.17395833333333333 0.06041666666666667 0.053125 
0 0.9369791666666667 0.036458333333333336 0.06145833333333333 0.06666666666666667 
0 0.5875 0.33229166666666665 0.09583333333333334 0.08541666666666667 
