4 0.33645833333333336 0.10520833333333333 0.008333333333333333 0.011458333333333333 
0 1.0119791666666667 0.6106770833333334 0.08541666666666667 0.0859375 
5 0.34427083333333336 0.7236979166666667 0.0125 0.0078125 
5 0.3455729166666667 0.7174479166666666 0.015104166666666667 0.009895833333333333 
5 0.34817708333333336 0.7114583333333333 0.016145833333333335 0.010416666666666666 
5 0.6125 0.33932291666666664 0.013541666666666667 0.011979166666666667 
5 0.9690104166666667 0.9408854166666667 0.024479166666666666 0.016145833333333335 
0 0.34921875 0.9255208333333333 0.09739583333333333 0.08541666666666667 
0 0.48671875 0.05182291666666667 0.07239583333333334 0.0859375 
0 0.8796875 1.0072916666666667 0.06041666666666667 0.053125 
0 0.9369791666666667 0.8697916666666666 0.06145833333333333 0.06666666666666667 
4 0.15494791666666666 0.00390625 0.008854166666666666 0.0046875 
0 0.7278645833333334 0.3450520833333333 0.10260416666666666 0.09010416666666667 
0 0.8846354166666667 0.07734375 0.09739583333333333 0.08802083333333334 
0 0.8557291666666667 0.1484375 0.096875 0.08854166666666667 
0 0.63828125 0.43776041666666665 0.09739583333333333 0.0890625 
