4 0.1515625 0.9385416666666667 0.008333333333333333 0.011458333333333333 
5 0.8348958333333333 0.6356770833333333 0.008333333333333333 0.013020833333333334 
5 0.8265625 0.6380208333333334 0.008333333333333333 0.015625 
5 0.8197916666666667 0.6354166666666666 0.008333333333333333 0.016666666666666666 
5 0.8473958333333333 0.63828125 0.0125 0.018229166666666668 
0 0.4708333333333333 0.58359375 0.08020833333333334 0.0796875 
0 0.30182291666666666 0.88515625 0.07239583333333334 0.0859375 
0 0.5268229166666667 0.43828125 0.0796875 0.07864583333333333 
5 0.8552083333333333 0.6421875 0.0125 0.017708333333333333 
0 0.03515625 0.6356770833333333 0.09427083333333333 0.0859375 
5 0.8497395833333333 0.66328125 0.022395833333333334 0.011979166666666667 
0 0.6997395833333333 0.9106770833333333 0.09739583333333333 0.08802083333333334 
0 0.6708333333333333 0.9817708333333334 0.096875 0.08854166666666667 
