12 0.5859375 0.125 0.15104166666666666 0.016666666666666666 
6 0.6669270833333333 0.05572916666666667 0.059895833333333336 0.028125 
6 0.6752604166666667 0.026822916666666665 0.050520833333333334 0.015104166666666667 
12 0.6044270833333333 0.03177083333333333 0.18802083333333333 0.03333333333333333 
6 0.646875 0.140625 0.04791666666666667 0.020833333333333332 
12 0.5932291666666667 0.2078125 0.19375 0.013541666666666667 
6 0.5942708333333333 0.21666666666666667 0.021875 0.010416666666666666 
4 0.40546875 0.8734375 0.0203125 0.011458333333333333 
6 0.6565104166666667 0.22552083333333334 0.0734375 0.023958333333333335 
6 0.6421875 0.7588541666666667 0.025 0.014583333333333334 
12 0.58515625 0.78203125 0.15572916666666667 0.04114583333333333 
6 0.64140625 0.559375 0.027604166666666666 0.0125 
12 0.5830729166666667 0.5708333333333333 0.14322916666666666 0.011458333333333333 
6 0.75234375 0.3125 0.0296875 0.041666666666666664 
6 0.6463541666666667 0.3302083333333333 0.034375 0.015625 
12 0.5658854166666667 0.3138020833333333 0.1984375 0.019270833333333334 
