4 0.1515625 0.10520833333333333 0.008333333333333333 0.011458333333333333 
0 0.8270833333333333 0.6106770833333334 0.08541666666666667 0.0859375 
5 0.159375 0.7236979166666667 0.0125 0.0078125 
5 0.16067708333333333 0.7174479166666666 0.015104166666666667 0.009895833333333333 
5 0.16328125 0.7114583333333333 0.016145833333333335 0.010416666666666666 
5 0.4276041666666667 0.33932291666666664 0.013541666666666667 0.011979166666666667 
5 0.7841145833333333 0.9408854166666667 0.024479166666666666 0.016145833333333335 
0 0.16432291666666668 0.9255208333333333 0.09739583333333333 0.08541666666666667 
0 0.30182291666666666 0.05182291666666667 0.07239583333333334 0.0859375 
0 0.6947916666666667 1.0072916666666667 0.06041666666666667 0.053125 
0 0.7520833333333333 0.8697916666666666 0.06145833333333333 0.06666666666666667 
0 0.54296875 0.3450520833333333 0.10260416666666666 0.09010416666666667 
0 0.6997395833333333 0.07734375 0.09739583333333333 0.08802083333333334 
0 0.6708333333333333 0.1484375 0.096875 0.08854166666666667 
0 0.45338541666666665 0.43776041666666665 0.09739583333333333 0.0890625 
