4 0.5895833333333333 0.8403645833333333 0.010416666666666666 0.0067708333333333336 
4 0.08072916666666667 0.9716145833333333 0.009375 0.005729166666666666 
4 0.11510416666666666 0.9473958333333333 0.010416666666666666 0.004166666666666667 
4 0.09348958333333333 0.9536458333333333 0.009895833333333333 0.005208333333333333 
4 0.6096354166666667 0.59609375 0.013020833333333334 0.0078125 
4 0.6041666666666666 0.61015625 0.010416666666666666 0.0067708333333333336 
4 0.6015625 0.6161458333333333 0.010416666666666666 0.007291666666666667 
4 0.6015625 0.6203125 0.010416666666666666 0.00625 
4 0.5971354166666667 0.6294270833333333 0.008854166666666666 0.005729166666666666 
4 0.5947916666666667 0.63359375 0.009375 0.0067708333333333336 
4 0.5924479166666666 0.6497395833333334 0.008854166666666666 0.005729166666666666 
4 0.590625 0.65546875 0.009375 0.0067708333333333336 
4 0.5825520833333333 0.60078125 0.008854166666666666 0.0067708333333333336 
4 0.5802083333333333 0.6057291666666667 0.008333333333333333 0.00625 
4 0.59453125 0.8786458333333333 0.009895833333333333 0.00625 
4 0.5723958333333333 0.77734375 0.00625 0.0109375 
4 0.55625 0.7807291666666667 0.007291666666666667 0.010416666666666666 
4 0.57578125 0.7950520833333333 0.0078125 0.009895833333333333 
4 0.578125 0.6111979166666667 0.008333333333333333 0.005729166666666666 
4 0.5705729166666667 0.6322916666666667 0.009895833333333333 0.00625 
4 0.5692708333333333 0.6372395833333333 0.010416666666666666 0.0067708333333333336 
4 0.48932291666666666 0.7466145833333333 0.0067708333333333336 0.0078125 
4 0.4234375 0.6359375 0.008333333333333333 0.008333333333333333 
4 0.4283854166666667 0.6377604166666667 0.0078125 0.0067708333333333336 
4 0.53046875 0.7638020833333333 0.0067708333333333336 0.009895833333333333 
4 0.5166666666666667 0.7588541666666667 0.007291666666666667 0.009375 
4 0.5057291666666667 0.7549479166666667 0.007291666666666667 0.009895833333333333 
4 0.5018229166666667 0.7526041666666666 0.005729166666666666 0.008333333333333333 
4 0.49713541666666666 0.7497395833333333 0.0067708333333333336 0.0078125 
4 0.5255208333333333 0.7809895833333333 0.009375 0.005729166666666666 
4 0.41432291666666665 0.6317708333333333 0.009895833333333333 0.009375 
4 0.5091145833333334 0.7736979166666667 0.008854166666666666 0.005729166666666666 
4 0.49583333333333335 0.7692708333333333 0.008333333333333333 0.00625 
4 0.48515625 0.7640625 0.008854166666666666 0.007291666666666667 
4 0.4700520833333333 0.7588541666666667 0.009895833333333333 0.00625 
4 0.6377604166666667 0.7614583333333333 0.0067708333333333336 0.008333333333333333 
4 0.6278645833333333 0.7580729166666667 0.0067708333333333336 0.009895833333333333 
4 0.5838541666666667 0.6755208333333333 0.009375 0.007291666666666667 
4 0.41875 0.6341145833333334 0.009375 0.008854166666666666 
4 0.4505208333333333 0.6872395833333333 0.007291666666666667 0.009895833333333333 
4 0.5666666666666667 0.6424479166666667 0.011458333333333333 0.0067708333333333336 
4 0.5213541666666667 0.6341145833333334 0.007291666666666667 0.009895833333333333 
4 0.5640625 0.6515625 0.007291666666666667 0.009375 
4 0.5528645833333333 0.64765625 0.0078125 0.008854166666666666 
4 0.5479166666666667 0.6455729166666667 0.008333333333333333 0.009895833333333333 
4 0.5427083333333333 0.6434895833333333 0.008333333333333333 0.009895833333333333 
4 0.5375 0.6416666666666667 0.008333333333333333 0.009375 
4 0.5317708333333333 0.6388020833333333 0.008333333333333333 0.009895833333333333 
4 0.5255208333333333 0.6361979166666667 0.009375 0.009895833333333333 
4 0.5166666666666667 0.6322916666666667 0.007291666666666667 0.009375 
4 0.45416666666666666 0.6765625 0.00625 0.008333333333333333 
4 0.5119791666666667 0.6302083333333334 0.007291666666666667 0.010416666666666666 
4 0.5080729166666667 0.6294270833333333 0.0067708333333333336 0.009895833333333333 
4 0.503125 0.6268229166666667 0.009375 0.008854166666666666 
4 0.48828125 0.6651041666666667 0.009895833333333333 0.007291666666666667 
4 0.4791666666666667 0.69140625 0.010416666666666666 0.005729166666666666 
4 0.4747395833333333 0.7010416666666667 0.008854166666666666 0.00625 
4 0.4578125 0.6658854166666667 0.007291666666666667 0.008854166666666666 
4 0.7598958333333333 0.9588541666666667 0.00625 0.007291666666666667 
4 0.3341145833333333 0.88828125 0.008854166666666666 0.0078125 
4 0.375 0.04453125 0.00625 0.009895833333333333 
4 0.3841145833333333 0.04765625 0.0067708333333333336 0.009895833333333333 
4 0.3424479166666667 0.12083333333333333 0.009895833333333333 0.010416666666666666 
4 0.38723958333333336 0.0671875 0.0109375 0.007291666666666667 
4 0.40572916666666664 0.075 0.009375 0.007291666666666667 
4 0.42526041666666664 0.08359375 0.0109375 0.0078125 
4 0.36354166666666665 0.06848958333333334 0.007291666666666667 0.009895833333333333 
4 0.36822916666666666 0.07057291666666667 0.007291666666666667 0.009895833333333333 
4 0.37083333333333335 0.07734375 0.00625 0.008854166666666666 
4 0.4830729166666667 0.06458333333333334 0.0109375 0.007291666666666667 
4 0.48671875 0.059375 0.0109375 0.008333333333333333 
4 0.4921875 0.05 0.010416666666666666 0.008333333333333333 
4 0.44609375 0.15234375 0.0078125 0.0109375 
4 0.6049479166666667 0.92421875 0.008854166666666666 0.008854166666666666 
4 0.78125 0.9903645833333333 0.00625 0.009895833333333333 
4 0.41171875 0.18645833333333334 0.005729166666666666 0.009375 
4 0.32734375 0.8768229166666667 0.008854166666666666 0.008854166666666666 
4 0.4161458333333333 0.18854166666666666 0.00625 0.008333333333333333 
4 0.42890625 0.19192708333333333 0.0067708333333333336 0.0078125 
4 0.4671875 0.5361979166666667 0.00625 0.008854166666666666 
4 0.478125 0.5466145833333333 0.009375 0.009895833333333333 
4 0.4940104166666667 0.5609375 0.0067708333333333336 0.009375 
4 0.48828125 0.5580729166666667 0.005729166666666666 0.008854166666666666 
5 0.74609375 1.0005208333333333 0.0067708333333333336 0.014583333333333334 
4 0.22552083333333334 0.9625 0.009375 0.007291666666666667 
4 0.14583333333333334 0.8716145833333333 0.007291666666666667 0.008854166666666666 
4 0.2526041666666667 0.9604166666666667 0.011458333333333333 0.008333333333333333 
4 0.20338541666666668 0.9786458333333333 0.0078125 0.005208333333333333 
4 0.21276041666666667 0.9752604166666666 0.009895833333333333 0.0067708333333333336 
4 0.16588541666666667 0.8158854166666667 0.008854166666666666 0.009895833333333333 
4 0.17942708333333332 0.8200520833333333 0.0067708333333333336 0.009895833333333333 
4 0.02734375 0.9604166666666667 0.0109375 0.007291666666666667 
4 0.061197916666666664 0.94375 0.011979166666666667 0.005208333333333333 
4 0.98828125 0.8372395833333334 0.008854166666666666 0.0046875 
4 0.5861979166666667 0.5901041666666667 0.009895833333333333 0.007291666666666667 
4 0.35703125 0.7755208333333333 0.0109375 0.00625 
4 0.4505208333333333 0.7486979166666666 0.009375 0.009895833333333333 
4 0.4375 0.6419270833333334 0.005208333333333333 0.0078125 
4 0.3846354166666667 0.6236979166666666 0.009895833333333333 0.0067708333333333336 
4 0.6731770833333334 0.8010416666666667 0.0036458333333333334 0.010416666666666666 
4 0.6666666666666666 0.8002604166666667 0.005208333333333333 0.009895833333333333 
4 0.659375 0.771875 0.007291666666666667 0.009375 
4 0.4817708333333333 0.8893229166666666 0.010416666666666666 0.0078125 
4 0.55859375 0.9604166666666667 0.008854166666666666 0.007291666666666667 
4 0.5471354166666667 0.95546875 0.008854166666666666 0.005729166666666666 
4 0.5348958333333333 0.95078125 0.008333333333333333 0.0067708333333333336 
4 0.52578125 0.946875 0.0078125 0.005208333333333333 
4 0.5151041666666667 0.9424479166666667 0.009375 0.0067708333333333336 
4 0.5020833333333333 0.9372395833333333 0.008333333333333333 0.0067708333333333336 
4 0.4921875 0.9333333333333333 0.008333333333333333 0.005208333333333333 
4 0.48125 0.9286458333333333 0.008333333333333333 0.00625 
4 0.47239583333333335 0.9247395833333333 0.009375 0.0067708333333333336 
4 0.4140625 0.775 0.007291666666666667 0.009375 
4 0.4049479166666667 0.7856770833333333 0.008854166666666666 0.0078125 
4 0.31145833333333334 0.8875 0.007291666666666667 0.007291666666666667 
4 0.47682291666666665 0.5830729166666667 0.008854166666666666 0.0067708333333333336 
4 0.46015625 0.61875 0.0109375 0.007291666666666667 
4 0.4622395833333333 0.6138020833333333 0.009895833333333333 0.0078125 
4 0.46432291666666664 0.6104166666666667 0.008854166666666666 0.00625 
4 0.46770833333333334 0.6013020833333333 0.009375 0.0067708333333333336 
4 0.4708333333333333 0.5966145833333333 0.009375 0.0067708333333333336 
4 0.47369791666666666 0.5924479166666666 0.008854166666666666 0.005729166666666666 
4 0.4747395833333333 0.5890625 0.0078125 0.00625 
4 0.4783854166666667 0.578125 0.008854166666666666 0.00625 
4 0.6666666666666666 0.8427083333333333 0.009375 0.00625 
4 0.48020833333333335 0.5739583333333333 0.008333333333333333 0.007291666666666667 
4 0.5736979166666667 0.6229166666666667 0.008854166666666666 0.007291666666666667 
4 0.57578125 0.6174479166666667 0.008854166666666666 0.0067708333333333336 
4 0.5723958333333333 0.628125 0.007291666666666667 0.00625 
4 0.57578125 0.7580729166666667 0.0067708333333333336 0.009895833333333333 
4 0.540625 0.7817708333333333 0.009375 0.005208333333333333 
4 0.6453125 0.8622395833333333 0.010416666666666666 0.0067708333333333336 
4 0.46119791666666665 0.9200520833333333 0.009895833333333333 0.0067708333333333336 
4 0.43723958333333335 0.91484375 0.008854166666666666 0.005729166666666666 
4 0.44921875 0.9169270833333333 0.0078125 0.0046875 
4 0.8213541666666667 0.53046875 0.0125 0.008854166666666666 
4 0.8205729166666667 0.5372395833333333 0.011979166666666667 0.008854166666666666 
4 0.9783854166666667 0.8122395833333333 0.0109375 0.0067708333333333336 
4 0.9815104166666667 0.8192708333333333 0.008854166666666666 0.005208333333333333 
4 0.9864583333333333 0.8317708333333333 0.010416666666666666 0.005208333333333333 
4 0.5890625 0.58515625 0.009375 0.0078125 
4 0.6065104166666667 0.6033854166666667 0.008854166666666666 0.0067708333333333336 
4 0.5234375 0.03697916666666667 0.00625 0.009375 
4 0.33151041666666664 0.8674479166666667 0.0109375 0.008854166666666666 
4 0.33255208333333336 0.15598958333333332 0.0078125 0.008854166666666666 
9 0.146875 0.8479166666666667 0.029166666666666667 0.025 
4 0.32786458333333335 0.15390625 0.0067708333333333336 0.008854166666666666 
4 0.31979166666666664 0.17291666666666666 0.007291666666666667 0.008333333333333333 
