4 0.0049479166666666664 0.6869791666666667 0.0078125 0.01875 
5 0.2989583333333333 0.35390625 0.04375 0.05364583333333333 
5 0.3190104166666667 0.35703125 0.0421875 0.0546875 
5 0.35572916666666665 0.35989583333333336 0.041666666666666664 0.05416666666666667 
5 0.37083333333333335 0.3567708333333333 0.042708333333333334 0.05416666666666667 
5 0.38723958333333336 0.35598958333333336 0.04010416666666667 0.05572916666666667 
5 0.40390625 0.35494791666666664 0.04114583333333333 0.05572916666666667 
5 0.4234375 0.3580729166666667 0.040625 0.05572916666666667 
5 0.4388020833333333 0.35572916666666665 0.04114583333333333 0.05416666666666667 
5 0.45677083333333335 0.35703125 0.040625 0.05364583333333333 
5 0.4752604166666667 0.35651041666666666 0.04114583333333333 0.0546875 
5 0.49192708333333335 0.3580729166666667 0.04114583333333333 0.05572916666666667 
5 0.5088541666666667 0.35651041666666666 0.040625 0.0546875 
5 0.5265625 0.3572916666666667 0.04375 0.05416666666666667 
5 0.5635416666666667 0.35989583333333336 0.042708333333333334 0.057291666666666664 
5 0.59921875 0.3614583333333333 0.04114583333333333 0.053125 
5 0.25 0.35859375 0.041666666666666664 0.0546875 
5 0.21536458333333333 0.35572916666666665 0.04114583333333333 0.05520833333333333 
5 0.19401041666666666 0.3536458333333333 0.04114583333333333 0.051041666666666666 
5 0.00390625 0.35260416666666666 0.04114583333333333 0.05520833333333333 
5 0.7364583333333333 0.3026041666666667 0.03958333333333333 0.051041666666666666 
5 0.7520833333333333 0.29921875 0.03958333333333333 0.05260416666666667 
5 -0.0125 0.35520833333333335 0.040625 0.05416666666666667 
5 0.023177083333333334 0.35390625 0.0421875 0.05260416666666667 
5 0.16328125 0.35442708333333334 0.044270833333333336 0.0546875 
5 0.05651041666666667 0.3536458333333333 0.0421875 0.05416666666666667 
5 0.07421875 0.3541666666666667 0.04114583333333333 0.05520833333333333 
5 0.09036458333333333 0.3515625 0.04010416666666667 0.05416666666666667 
5 0.10755208333333334 0.3528645833333333 0.04114583333333333 0.0546875 
5 0.12682291666666667 0.3546875 0.0421875 0.05625 
5 0.14505208333333333 0.3541666666666667 0.0421875 0.05520833333333333 
5 0.5799479166666667 0.35963541666666665 0.04114583333333333 0.05364583333333333 
5 0.6135416666666667 0.3567708333333333 0.040625 0.05416666666666667 
5 0.6361979166666667 0.3658854166666667 0.04114583333333333 0.05572916666666667 
5 0.278125 0.47291666666666665 0.027083333333333334 0.03229166666666667 
5 0.12057291666666667 0.4734375 0.0265625 0.03229166666666667 
5 0.13828125 0.4734375 0.0265625 0.03125 
5 0.17213541666666668 0.47421875 0.028645833333333332 0.0328125 
5 0.190625 0.4739583333333333 0.029166666666666667 0.034375 
5 0.24479166666666666 0.47109375 0.030208333333333334 0.033854166666666664 
5 0.26276041666666666 0.471875 0.027604166666666666 0.03333333333333333 
5 0.29583333333333334 0.47369791666666666 0.028125 0.0328125 
5 0.071875 0.4669270833333333 0.029166666666666667 0.0328125 
5 0.31588541666666664 0.4703125 0.028645833333333332 0.03229166666666667 
5 0.3484375 0.47578125 0.028125 0.0328125 
5 0.39947916666666666 0.47604166666666664 0.029166666666666667 0.03229166666666667 
5 0.41875 0.47369791666666666 0.029166666666666667 0.033854166666666664 
5 0.43671875 0.47578125 0.027604166666666666 0.0328125 
5 0.4552083333333333 0.47421875 0.028125 0.0328125 
5 0.6479166666666667 0.3575520833333333 0.03958333333333333 0.05260416666666667 
5 0.6677083333333333 0.36015625 0.040625 0.0546875 
5 0.6841145833333333 0.35859375 0.04114583333333333 0.05260416666666667 
5 0.7010416666666667 0.3580729166666667 0.041666666666666664 0.0546875 
5 0.7190104166666667 0.3578125 0.04114583333333333 0.053125 
5 0.73671875 0.35859375 0.04010416666666667 0.05260416666666667 
5 0.7541666666666667 0.35989583333333336 0.040625 0.05416666666666667 
5 0.7177083333333333 0.30104166666666665 0.040625 0.053125 
5 0.7002604166666667 0.30026041666666664 0.04010416666666667 0.0515625 
5 0.6802083333333333 0.29635416666666664 0.03958333333333333 0.051041666666666666 
5 0.53984375 0.16666666666666666 0.04114583333333333 0.052083333333333336 
5 0.3059895833333333 0.15130208333333334 0.04114583333333333 0.05260416666666667 
5 0.32057291666666665 0.15390625 0.04010416666666667 0.05260416666666667 
5 0.33645833333333336 0.1578125 0.040625 0.052083333333333336 
5 0.3703125 0.1578125 0.041666666666666664 0.052083333333333336 
5 0.4041666666666667 0.15885416666666666 0.041666666666666664 0.052083333333333336 
5 0.4700520833333333 0.16614583333333333 0.04114583333333333 0.051041666666666666 
5 0.5567708333333333 0.17057291666666666 0.040625 0.05364583333333333 
5 0.24114583333333334 0.14453125 0.042708333333333334 0.05364583333333333 
5 0.5885416666666666 0.17265625 0.042708333333333334 0.0515625 
5 0.6236979166666666 0.17369791666666667 0.04114583333333333 0.0546875 
5 0.6567708333333333 0.17682291666666666 0.042708333333333334 0.05572916666666667 
5 0.6911458333333333 0.178125 0.04375 0.05416666666666667 
5 0.70859375 0.17760416666666667 0.04114583333333333 0.05520833333333333 
5 0.7276041666666667 0.17578125 0.03854166666666667 0.050520833333333334 
5 0.290625 0.14817708333333332 0.041666666666666664 0.05364583333333333 
5 0.20625 0.14375 0.03958333333333333 0.053125 
5 0.7559895833333333 0.18619791666666666 0.0421875 0.05572916666666667 
5 0.029166666666666667 0.14765625 0.040625 0.0546875 
5 -0.0046875 0.1421875 0.03958333333333333 0.053125 
5 0.0140625 0.14296875 0.040625 0.05364583333333333 
5 0.06640625 0.14401041666666667 0.04010416666666667 0.0546875 
5 0.18776041666666668 0.14557291666666666 0.0390625 0.0546875 
5 0.08255208333333333 0.14401041666666667 0.04010416666666667 0.05364583333333333 
5 0.10026041666666667 0.14479166666666668 0.0421875 0.05520833333333333 
5 0.10911458333333333 0.15807291666666667 0.03802083333333333 0.0515625 
5 0.134375 0.14791666666666667 0.040625 0.05416666666666667 
5 0.15390625 0.14453125 0.03802083333333333 0.05260416666666667 
5 0.17083333333333334 0.14479166666666668 0.03958333333333333 0.052083333333333336 
5 0.7380208333333333 0.1859375 0.042708333333333334 0.05520833333333333 
5 0.790625 0.18645833333333334 0.042708333333333334 0.058333333333333334 
5 0.66484375 0.30052083333333335 0.04010416666666667 0.052083333333333336 
5 0.4388020833333333 0.3 0.03697916666666667 0.046875 
5 0.24583333333333332 0.29609375 0.041666666666666664 0.05572916666666667 
5 0.26197916666666665 0.29348958333333336 0.042708333333333334 0.0546875 
5 0.2796875 0.2950520833333333 0.04375 0.05677083333333333 
5 0.30026041666666664 0.2986979166666667 0.0390625 0.0515625 
5 0.3171875 0.2989583333333333 0.03958333333333333 0.052083333333333336 
5 0.36796875 0.29713541666666665 0.04010416666666667 0.0515625 
5 0.5088541666666667 0.30078125 0.035416666666666666 0.04739583333333333 
5 0.19401041666666666 0.29609375 0.0421875 0.0546875 
5 0.5611979166666666 0.30078125 0.04010416666666667 0.05364583333333333 
5 0.5809895833333333 0.30390625 0.04010416666666667 0.05260416666666667 
5 0.5971354166666667 0.3020833333333333 0.0390625 0.052083333333333336 
5 0.6153645833333333 0.3028645833333333 0.03802083333333333 0.049479166666666664 
5 0.63125 0.30234375 0.03958333333333333 0.0515625 
5 0.6484375 0.30234375 0.03958333333333333 0.050520833333333334 
5 0.22604166666666667 0.29192708333333334 0.042708333333333334 0.05572916666666667 
5 0.17890625 0.29973958333333334 0.04114583333333333 0.05572916666666667 
5 0.8075520833333333 0.18828125 0.0421875 0.0578125 
5 0.0018229166666666667 0.29453125 0.043229166666666666 0.05572916666666667 
5 0.8260416666666667 0.18619791666666666 0.040625 0.05572916666666667 
5 0.8403645833333333 0.1921875 0.04114583333333333 0.05625 
5 0.8596354166666667 0.19010416666666666 0.04010416666666667 0.05416666666666667 
5 0.021354166666666667 0.29661458333333335 0.041666666666666664 0.0546875 
5 0.16067708333333333 0.29713541666666665 0.0421875 0.05572916666666667 
5 0.03802083333333333 0.29661458333333335 0.041666666666666664 0.05260416666666667 
5 0.05572916666666667 0.29791666666666666 0.041666666666666664 0.053125 
5 0.07317708333333334 0.29661458333333335 0.04114583333333333 0.05364583333333333 
5 0.09036458333333333 0.29609375 0.0421875 0.05572916666666667 
5 0.10755208333333334 0.2953125 0.04114583333333333 0.05520833333333333 
5 0.14296875 0.29791666666666666 0.043229166666666666 0.05520833333333333 
5 0.4705729166666667 0.47682291666666665 0.028645833333333332 0.0328125 
5 0.4869791666666667 0.47760416666666666 0.027083333333333334 0.03229166666666667 
5 0.5041666666666667 0.47890625 0.027083333333333334 0.0328125 
5 0.884375 0.2265625 0.046875 0.014583333333333334 
4 0.34765625 0.759375 0.013020833333333334 0.025 
5 0.24895833333333334 0.9158854166666667 0.0125 0.033854166666666664 
5 0.2794270833333333 0.91484375 0.0140625 0.0328125 
5 0.2955729166666667 0.9153645833333334 0.013020833333333334 0.0328125 
4 0.3333333333333333 0.921875 0.011458333333333333 0.021875 
5 0.8830729166666667 0.24505208333333334 0.04635416666666667 0.011979166666666667 
4 0.35546875 0.6630208333333333 0.0109375 0.022916666666666665 
5 0.8856770833333333 0.25885416666666666 0.0453125 0.011458333333333333 
5 0.8859375 0.27369791666666665 0.04791666666666667 0.0109375 
5 0.8854166666666666 0.28802083333333334 0.046875 0.0125 
5 0.8872395833333333 0.30182291666666666 0.0453125 0.0140625 
5 0.8830729166666667 0.31744791666666666 0.04739583333333333 0.011979166666666667 
5 0.8854166666666666 0.33229166666666665 0.04895833333333333 0.013541666666666667 
4 0.18151041666666667 0.8395833333333333 0.011979166666666667 0.025 
4 0.2796875 0.6604166666666667 0.010416666666666666 0.021875 
5 0.8825520833333333 0.36171875 0.0453125 0.011979166666666667 
4 0.2669270833333333 0.6864583333333333 0.0109375 0.023958333333333335 
4 0.053385416666666664 0.6875 0.008854166666666666 0.025 
4 0.10416666666666667 0.6630208333333333 0.010416666666666666 0.022916666666666665 
4 0.10260416666666666 0.6885416666666667 0.009375 0.021875 
4 0.17395833333333333 0.6888020833333334 0.011458333333333333 0.022395833333333334 
4 0.19244791666666666 0.6588541666666666 0.0109375 0.022916666666666665 
4 0.21692708333333333 0.68828125 0.0140625 0.025520833333333333 
5 0.8856770833333333 0.3463541666666667 0.0453125 0.0125 
5 0.884375 0.3763020833333333 0.04479166666666667 0.013020833333333334 
4 0.828125 0.9130208333333333 0.021875 0.009375 
5 0.8033854166666666 0.928125 0.0578125 0.014583333333333334 
4 0.5674479166666667 0.83515625 0.009895833333333333 0.0203125 
4 0.7729166666666667 0.6947916666666667 0.014583333333333334 0.022916666666666665 
4 0.5635416666666667 0.6755208333333333 0.009375 0.019791666666666666 
5 0.8703125 0.9096354166666667 0.05520833333333333 0.016145833333333335 
4 0.029427083333333333 0.6841145833333333 0.009895833333333333 0.021354166666666667 
4 0.03177083333333333 0.6580729166666667 0.009375 0.0203125 
4 0.019270833333333334 0.66328125 0.0125 0.022395833333333334 
4 0.01796875 0.6869791666666667 0.009895833333333333 0.01875 
4 0.0067708333333333336 0.6640625 0.011458333333333333 0.022916666666666665 
4 0.8786458333333333 0.921875 0.027083333333333334 0.011458333333333333 
5 0.8734375 0.8731770833333333 0.04895833333333333 0.013020833333333334 
5 0.8854166666666666 0.390625 0.04375 0.0125 
5 0.8890625 0.5427083333333333 0.034375 0.013541666666666667 
5 0.8856770833333333 0.40520833333333334 0.044270833333333336 0.0125 
5 0.8859375 0.4192708333333333 0.04375 0.011458333333333333 
5 0.8864583333333333 0.44947916666666665 0.042708333333333334 0.013541666666666667 
5 0.8877604166666667 0.48020833333333335 0.0421875 0.014583333333333334 
5 0.8872395833333333 0.49583333333333335 0.04114583333333333 0.0125 
5 0.8885416666666667 0.51171875 0.041666666666666664 0.013020833333333334 
5 0.8838541666666667 0.7252604166666666 0.053125 0.0171875 
5 0.8682291666666667 0.8549479166666667 0.052083333333333336 0.013020833333333334 
5 0.88203125 0.740625 0.05260416666666667 0.017708333333333333 
5 0.8809895833333333 0.7578125 0.05260416666666667 0.01875 
5 0.8776041666666666 0.7736979166666667 0.05416666666666667 0.0171875 
5 0.8778645833333333 0.7940104166666667 0.0515625 0.015104166666666667 
5 0.87890625 0.8135416666666667 0.049479166666666664 0.014583333333333334 
5 0.875 0.8315104166666667 0.04791666666666667 0.011979166666666667 
5 0.521875 0.4783854166666667 0.028125 0.0328125 
5 0.00625 0.5138020833333333 0.028125 0.0328125 
5 0.025 0.5130208333333334 0.027083333333333334 0.034375 
5 0.04244791666666667 0.5135416666666667 0.0265625 0.03333333333333333 
5 0.059895833333333336 0.5135416666666667 0.027083333333333334 0.034375 
5 0.0765625 0.5138020833333333 0.026041666666666668 0.0328125 
5 0.09140625 0.5174479166666667 0.028645833333333332 0.0328125 
5 0.1640625 0.5151041666666667 0.028125 0.03229166666666667 
5 0.6807291666666667 0.478125 0.028125 0.03229166666666667 
5 0.5744791666666667 0.4778645833333333 0.029166666666666667 0.033854166666666664 
5 0.5942708333333333 0.4765625 0.029166666666666667 0.034375 
5 0.61015625 0.4796875 0.027604166666666666 0.03333333333333333 
5 0.6283854166666667 0.47708333333333336 0.028645833333333332 0.034375 
5 0.6447916666666667 0.47890625 0.028125 0.0328125 
5 0.6635416666666667 0.47734375 0.027083333333333334 0.0328125 
5 0.6981770833333333 0.47890625 0.027604166666666666 0.03177083333333333 
5 0.71640625 0.47734375 0.0265625 0.0328125 
5 0.73203125 0.4786458333333333 0.028645833333333332 0.03333333333333333 
5 0.7505208333333333 0.47734375 0.028125 0.0328125 
5 0.7674479166666667 0.48046875 0.027604166666666666 0.03177083333333333 
5 0.14661458333333333 0.51171875 0.0265625 0.033854166666666664 
5 0.18203125 0.5135416666666667 0.027604166666666666 0.03333333333333333 
5 0.6690104166666667 0.5197916666666667 0.027604166666666666 0.03333333333333333 
5 0.5671875 0.51640625 0.028125 0.0328125 
5 0.5822916666666667 0.52265625 0.029166666666666667 0.0328125 
5 0.60078125 0.5205729166666667 0.028645833333333332 0.033854166666666664 
5 0.6174479166666667 0.5192708333333333 0.028645833333333332 0.034375 
5 0.6356770833333333 0.5190104166666667 0.027604166666666666 0.033854166666666664 
5 0.65390625 0.5184895833333333 0.028645833333333332 0.0328125 
5 0.6872395833333333 0.5200520833333333 0.027604166666666666 0.0328125 
5 0.5315104166666667 0.5171875 0.028645833333333332 0.034375 
5 0.7057291666666666 0.5184895833333333 0.027083333333333334 0.0328125 
5 0.7229166666666667 0.5192708333333333 0.028125 0.035416666666666666 
5 0.740625 0.51875 0.029166666666666667 0.035416666666666666 
5 0.7575520833333333 0.52109375 0.0296875 0.033854166666666664 
5 0.54609375 0.5221354166666666 0.028645833333333332 0.034895833333333334 
5 0.49661458333333336 0.5171875 0.027604166666666666 0.03333333333333333 
5 0.19817708333333334 0.51640625 0.027604166666666666 0.0328125 
5 0.3380208333333333 0.5166666666666667 0.027083333333333334 0.03333333333333333 
5 0.21640625 0.5151041666666667 0.027604166666666666 0.03229166666666667 
5 0.25078125 0.51484375 0.028645833333333332 0.033854166666666664 
5 0.2671875 0.51640625 0.028125 0.033854166666666664 
5 0.28411458333333334 0.5166666666666667 0.027604166666666666 0.03333333333333333 
5 0.3015625 0.5190104166666667 0.029166666666666667 0.034895833333333334 
5 0.32005208333333335 0.5169270833333334 0.027604166666666666 0.033854166666666664 
5 0.3546875 0.5182291666666666 0.027083333333333334 0.03333333333333333 
5 0.47890625 0.51640625 0.027604166666666666 0.033854166666666664 
5 0.3723958333333333 0.51875 0.029166666666666667 0.03333333333333333 
5 0.39114583333333336 0.5177083333333333 0.027083333333333334 0.03333333333333333 
5 0.40911458333333334 0.5153645833333333 0.027604166666666666 0.033854166666666664 
5 0.42578125 0.5177083333333333 0.028645833333333332 0.034375 
5 0.4432291666666667 0.51640625 0.028125 0.0328125 
5 0.46015625 0.51796875 0.027604166666666666 0.033854166666666664 
