4 0.7640625 0.28020833333333334 0.005208333333333333 0.007291666666666667 
4 0.5895833333333333 0.00703125 0.010416666666666666 0.0067708333333333336 
4 0.08072916666666667 0.13828125 0.009375 0.005729166666666666 
4 0.11510416666666666 0.1140625 0.010416666666666666 0.004166666666666667 
4 0.09348958333333333 0.1203125 0.009895833333333333 0.005208333333333333 
4 0.046614583333333334 0.340625 0.009895833333333333 0.009375 
4 0.11796875 0.4583333333333333 0.0067708333333333336 0.010416666666666666 
4 0.09322916666666667 0.46979166666666666 0.007291666666666667 0.011458333333333333 
4 0.59453125 0.0453125 0.009895833333333333 0.00625 
4 0.28515625 0.9684895833333333 0.009895833333333333 0.0078125 
4 0.5494791666666666 0.7416666666666667 0.009375 0.010416666666666666 
4 0.7783854166666667 0.2625 0.0067708333333333336 0.010416666666666666 
4 0.7575520833333333 0.36770833333333336 0.005729166666666666 0.009375 
4 0.7598958333333333 0.12552083333333333 0.00625 0.007291666666666667 
4 0.3341145833333333 0.054947916666666666 0.008854166666666666 0.0078125 
5 0.7497395833333333 0.18229166666666666 0.005729166666666666 0.009375 
4 0.5690104166666666 0.7322916666666667 0.009895833333333333 0.011458333333333333 
4 0.52734375 0.7677083333333333 0.009895833333333333 0.010416666666666666 
4 0.41302083333333334 0.82265625 0.010416666666666666 0.0078125 
4 0.4791666666666667 0.80390625 0.010416666666666666 0.0078125 
5 0.10234375 0.5786458333333333 0.0067708333333333336 0.013541666666666667 
4 0.11953125 0.53046875 0.0046875 0.009895833333333333 
4 0.1171875 0.553125 0.005208333333333333 0.010416666666666666 
4 0.6049479166666667 0.09088541666666666 0.008854166666666666 0.008854166666666666 
4 0.5591145833333333 0.71953125 0.008854166666666666 0.009895833333333333 
4 0.7817708333333333 0.2484375 0.00625 0.009375 
4 0.78203125 0.19036458333333334 0.005729166666666666 0.0078125 
4 0.7828125 0.20390625 0.005208333333333333 0.008854166666666666 
4 0.78125 0.15703125 0.00625 0.009895833333333333 
4 0.771875 0.19166666666666668 0.004166666666666667 0.007291666666666667 
4 0.77578125 0.2950520833333333 0.0078125 0.009895833333333333 
4 0.7635416666666667 0.18984375 0.00625 0.0078125 
4 0.5859375 0.7309895833333333 0.008333333333333333 0.009895833333333333 
4 0.64921875 0.5723958333333333 0.0078125 0.010416666666666666 
4 0.32734375 0.04348958333333333 0.008854166666666666 0.008854166666666666 
5 0.74609375 0.1671875 0.0067708333333333336 0.014583333333333334 
4 0.22552083333333334 0.12916666666666668 0.009375 0.007291666666666667 
4 0.14583333333333334 0.03828125 0.007291666666666667 0.008854166666666666 
4 0.2526041666666667 0.12708333333333333 0.011458333333333333 0.008333333333333333 
4 0.20338541666666668 0.1453125 0.0078125 0.005208333333333333 
4 0.21276041666666667 0.14192708333333334 0.009895833333333333 0.0067708333333333336 
4 0.02734375 0.12708333333333333 0.0109375 0.007291666666666667 
4 0.061197916666666664 0.11041666666666666 0.011979166666666667 0.005208333333333333 
4 0.7604166666666666 0.3546875 0.00625 0.008333333333333333 
4 0.7544270833333333 0.37734375 0.009895833333333333 0.0078125 
4 0.98828125 0.00390625 0.008854166666666666 0.0046875 
4 0.4817708333333333 0.055989583333333336 0.010416666666666666 0.0078125 
4 0.55859375 0.12708333333333333 0.008854166666666666 0.007291666666666667 
4 0.5471354166666667 0.12213541666666666 0.008854166666666666 0.005729166666666666 
4 0.5348958333333333 0.11744791666666667 0.008333333333333333 0.0067708333333333336 
4 0.52578125 0.11354166666666667 0.0078125 0.005208333333333333 
4 0.5151041666666667 0.10911458333333333 0.009375 0.0067708333333333336 
4 0.5020833333333333 0.10390625 0.008333333333333333 0.0067708333333333336 
4 0.4921875 0.1 0.008333333333333333 0.005208333333333333 
4 0.48125 0.0953125 0.008333333333333333 0.00625 
4 0.47239583333333335 0.09140625 0.009375 0.0067708333333333336 
4 0.31145833333333334 0.05416666666666667 0.007291666666666667 0.007291666666666667 
4 0.6666666666666666 0.009375 0.009375 0.00625 
4 0.6453125 0.02890625 0.010416666666666666 0.0067708333333333336 
4 0.46119791666666665 0.08671875 0.009895833333333333 0.0067708333333333336 
4 0.43723958333333335 0.08151041666666667 0.008854166666666666 0.005729166666666666 
4 0.44921875 0.08359375 0.0078125 0.0046875 
4 0.45338541666666665 0.9252604166666667 0.0067708333333333336 0.008854166666666666 
4 0.4596354166666667 0.9177083333333333 0.0078125 0.009375 
4 0.46640625 0.9096354166666667 0.009895833333333333 0.009895833333333333 
4 0.46979166666666666 0.9059895833333333 0.008333333333333333 0.008854166666666666 
4 0.47369791666666666 0.903125 0.0078125 0.008333333333333333 
4 0.47682291666666665 0.8984375 0.0078125 0.008333333333333333 
4 0.4828125 0.8916666666666667 0.007291666666666667 0.008333333333333333 
4 0.48776041666666664 0.8890625 0.0078125 0.009375 
4 0.7705729166666667 0.32083333333333336 0.0046875 0.010416666666666666 
4 0.7403645833333333 0.325 0.0046875 0.008333333333333333 
4 0.7625 0.3453125 0.009375 0.008333333333333333 
4 0.44609375 0.9153645833333334 0.008854166666666666 0.0109375 
4 0.5901041666666667 0.23020833333333332 0.00625 0.009375 
4 0.40572916666666664 0.70390625 0.008333333333333333 0.0046875 
4 0.5924479166666666 0.2421875 0.0046875 0.009375 
4 0.5940104166666667 0.253125 0.0046875 0.008333333333333333 
4 0.5966145833333333 0.265625 0.005729166666666666 0.011458333333333333 
4 0.5979166666666667 0.27630208333333334 0.00625 0.009895833333333333 
4 0.44479166666666664 0.7114583333333333 0.008333333333333333 0.005208333333333333 
4 0.43359375 0.7104166666666667 0.008854166666666666 0.004166666666666667 
4 0.41458333333333336 0.70703125 0.009375 0.005729166666666666 
4 0.46197916666666666 0.7932291666666667 0.009375 0.00625 
4 0.3385416666666667 0.9020833333333333 0.00625 0.008333333333333333 
4 0.33255208333333336 0.7932291666666667 0.009895833333333333 0.00625 
4 0.3015625 0.8065104166666667 0.010416666666666666 0.0067708333333333336 
4 0.48151041666666666 0.82421875 0.008854166666666666 0.0078125 
4 0.46927083333333336 0.8302083333333333 0.008333333333333333 0.00625 
4 0.4505208333333333 0.8708333333333333 0.009375 0.005208333333333333 
4 0.44036458333333334 0.8716145833333333 0.009895833333333333 0.005729166666666666 
4 0.34427083333333336 0.9044270833333333 0.007291666666666667 0.009895833333333333 
4 0.7510416666666667 0.3888020833333333 0.008333333333333333 0.008854166666666666 
4 0.70390625 0.4747395833333333 0.008854166666666666 0.011979166666666667 
4 0.7231770833333333 0.4747395833333333 0.0067708333333333336 0.011979166666666667 
4 0.69140625 0.47630208333333335 0.008854166666666666 0.0109375 
4 0.6934895833333333 0.48541666666666666 0.0067708333333333336 0.011458333333333333 
4 0.6979166666666666 0.4942708333333333 0.008333333333333333 0.011458333333333333 
4 0.7067708333333333 0.49505208333333334 0.00625 0.009895833333333333 
4 0.6807291666666667 0.49765625 0.008333333333333333 0.0109375 
4 0.69609375 0.5125 0.0078125 0.009375 
4 0.6903645833333333 0.5098958333333333 0.0067708333333333336 0.009375 
4 0.6828125 0.5096354166666667 0.008333333333333333 0.008854166666666666 
4 0.7005208333333334 0.5244791666666667 0.008333333333333333 0.009375 
4 0.6919270833333333 0.5315104166666667 0.0046875 0.0078125 
4 0.6846354166666667 0.5393229166666667 0.009895833333333333 0.011979166666666667 
4 0.68046875 0.53046875 0.0078125 0.0109375 
4 0.6752604166666667 0.54375 0.0067708333333333336 0.010416666666666666 
4 0.6903645833333333 0.5479166666666667 0.0078125 0.009375 
4 0.6765625 0.5604166666666667 0.00625 0.010416666666666666 
4 0.6994791666666667 0.45729166666666665 0.009375 0.0125 
4 0.7135416666666666 0.46510416666666665 0.009375 0.011458333333333333 
4 0.7263020833333333 0.45338541666666665 0.009895833333333333 0.0046875 
4 0.7377604166666667 0.42682291666666666 0.009895833333333333 0.0067708333333333336 
4 0.7447916666666666 0.38723958333333336 0.00625 0.009895833333333333 
4 0.7375 0.38385416666666666 0.00625 0.008333333333333333 
4 0.7325520833333333 0.38046875 0.0078125 0.009895833333333333 
4 0.7234375 0.38203125 0.00625 0.009895833333333333 
4 0.74765625 0.40208333333333335 0.009895833333333333 0.007291666666666667 
4 0.7466145833333333 0.41015625 0.008854166666666666 0.008854166666666666 
4 0.7432291666666667 0.4197916666666667 0.009375 0.008333333333333333 
4 0.7276041666666667 0.4005208333333333 0.005208333333333333 0.009375 
4 0.7192708333333333 0.4479166666666667 0.008333333333333333 0.010416666666666666 
4 0.7346354166666667 0.39817708333333335 0.0067708333333333336 0.008854166666666666 
4 0.7296875 0.421875 0.007291666666666667 0.010416666666666666 
4 0.7239583333333334 0.4375 0.008333333333333333 0.010416666666666666 
4 0.715625 0.43255208333333334 0.011458333333333333 0.011979166666666667 
4 0.7317708333333334 0.44453125 0.007291666666666667 0.0109375 
4 0.7041666666666667 0.43802083333333336 0.008333333333333333 0.011458333333333333 
4 0.7138020833333333 0.4432291666666667 0.0078125 0.009375 
4 0.6838541666666667 0.5635416666666667 0.007291666666666667 0.009375 
4 0.6713541666666667 0.5666666666666667 0.009375 0.011458333333333333 
4 0.6692708333333334 0.5901041666666667 0.005208333333333333 0.009375 
4 0.3455729166666667 0.9315104166666667 0.0078125 0.009895833333333333 
4 0.35442708333333334 0.909375 0.0067708333333333336 0.009375 
4 0.35052083333333334 0.9067708333333333 0.007291666666666667 0.010416666666666666 
4 0.3216145833333333 0.8947916666666667 0.0067708333333333336 0.009375 
4 0.33151041666666664 0.03411458333333333 0.0109375 0.008854166666666666 
4 0.3263020833333333 0.9260416666666667 0.0078125 0.009375 
9 0.146875 0.014583333333333334 0.029166666666666667 0.025 
4 0.33046875 0.8984375 0.008854166666666666 0.010416666666666666 
4 0.7479166666666667 0.37265625 0.00625 0.009895833333333333 
5 0.7356770833333334 0.40963541666666664 0.0078125 0.011979166666666667 
4 0.3307291666666667 0.9278645833333333 0.007291666666666667 0.008854166666666666 
4 0.32135416666666666 0.92421875 0.007291666666666667 0.009895833333333333 
4 0.66171875 0.6002604166666666 0.0109375 0.009895833333333333 
4 0.6059895833333333 0.6619791666666667 0.009895833333333333 0.010416666666666666 
4 0.6497395833333334 0.60625 0.0078125 0.010416666666666666 
4 0.6544270833333333 0.61484375 0.0067708333333333336 0.0109375 
4 0.646875 0.6294270833333333 0.009375 0.009895833333333333 
4 0.6390625 0.6479166666666667 0.010416666666666666 0.010416666666666666 
4 0.6322916666666667 0.6580729166666667 0.008333333333333333 0.009895833333333333 
4 0.61796875 0.6661458333333333 0.008854166666666666 0.009375 
4 0.62265625 0.675 0.008854166666666666 0.009375 
4 0.6041666666666666 0.67421875 0.007291666666666667 0.008854166666666666 
4 0.31614583333333335 0.9221354166666667 0.007291666666666667 0.009895833333333333 
4 0.6078125 0.68046875 0.008333333333333333 0.009895833333333333 
4 0.6 0.6984375 0.011458333333333333 0.009375 
4 0.5947916666666667 0.71328125 0.009375 0.009895833333333333 
4 0.46380208333333334 0.8671875 0.0109375 0.008333333333333333 
4 0.48854166666666665 0.8588541666666667 0.011458333333333333 0.008333333333333333 
4 0.5020833333333333 0.8544270833333333 0.010416666666666666 0.0078125 
4 0.47708333333333336 0.8627604166666667 0.010416666666666666 0.0067708333333333336 
