5 0.7661458333333333 0.22421875 0.020833333333333332 0.0109375 
5 0.5859375 0.03333333333333333 0.00625 0.014583333333333334 
5 0.45260416666666664 0.10182291666666667 0.010416666666666666 0.009895833333333333 
5 0.4578125 0.096875 0.010416666666666666 0.009375 
5 0.46145833333333336 0.09244791666666667 0.010416666666666666 0.008854166666666666 
5 0.5067708333333333 0.05807291666666667 0.009375 0.013020833333333334 
5 0.5130208333333334 0.054947916666666666 0.011458333333333333 0.0140625 
5 0.525 0.04973958333333333 0.010416666666666666 0.013020833333333334 
5 0.8299479166666667 0.13489583333333333 0.0109375 0.013541666666666667 
0 0.40286458333333336 0.35494791666666664 0.09427083333333333 0.08489583333333334 
0 0.46197916666666666 0.21692708333333333 0.09270833333333334 0.08697916666666666 
0 0.52890625 0.13203125 0.09427083333333333 0.09739583333333333 
0 0.8200520833333333 0.2484375 0.06822916666666666 0.075 
0 0.7453125 0.515625 0.08020833333333334 0.08020833333333334 
0 0.37604166666666666 0.4278645833333333 0.09479166666666666 0.08489583333333334 
