5 0.7661458333333333 0.4231770833333333 0.020833333333333332 0.0109375 
5 0.5859375 0.23229166666666667 0.00625 0.014583333333333334 
4 0.28515625 0.13515625 0.009895833333333333 0.0078125 
5 0.45260416666666664 0.30078125 0.010416666666666666 0.009895833333333333 
5 0.4578125 0.29583333333333334 0.010416666666666666 0.009375 
5 0.46145833333333336 0.29140625 0.010416666666666666 0.008854166666666666 
5 0.5067708333333333 0.25703125 0.009375 0.013020833333333334 
5 0.5130208333333334 0.25390625 0.011458333333333333 0.0140625 
5 0.525 0.24869791666666666 0.010416666666666666 0.013020833333333334 
5 0.8299479166666667 0.3338541666666667 0.0109375 0.013541666666666667 
0 0.40286458333333336 0.55390625 0.09427083333333333 0.08489583333333334 
0 0.46197916666666666 0.4158854166666667 0.09270833333333334 0.08697916666666666 
0 0.52890625 0.33098958333333334 0.09427083333333333 0.09739583333333333 
0 0.8200520833333333 0.4473958333333333 0.06822916666666666 0.075 
0 0.7453125 0.7145833333333333 0.08020833333333334 0.08020833333333334 
4 0.45338541666666665 0.09192708333333334 0.0067708333333333336 0.008854166666666666 
4 0.4596354166666667 0.084375 0.0078125 0.009375 
4 0.46640625 0.07630208333333334 0.009895833333333333 0.009895833333333333 
4 0.46979166666666666 0.07265625 0.008333333333333333 0.008854166666666666 
4 0.47369791666666666 0.06979166666666667 0.0078125 0.008333333333333333 
4 0.47682291666666665 0.06510416666666667 0.0078125 0.008333333333333333 
4 0.4828125 0.058333333333333334 0.007291666666666667 0.008333333333333333 
4 0.48776041666666664 0.05572916666666667 0.0078125 0.009375 
4 0.25729166666666664 0.1921875 0.009375 0.00625 
4 0.44609375 0.08203125 0.008854166666666666 0.0109375 
4 0.24765625 0.175 0.0109375 0.010416666666666666 
4 0.3385416666666667 0.06875 0.00625 0.008333333333333333 
4 0.4505208333333333 0.0375 0.009375 0.005208333333333333 
4 0.44036458333333334 0.03828125 0.009895833333333333 0.005729166666666666 
4 0.34427083333333336 0.07109375 0.007291666666666667 0.009895833333333333 
4 0.3455729166666667 0.09817708333333333 0.0078125 0.009895833333333333 
4 0.35442708333333334 0.07604166666666666 0.0067708333333333336 0.009375 
4 0.35052083333333334 0.0734375 0.007291666666666667 0.010416666666666666 
4 0.3216145833333333 0.06145833333333333 0.0067708333333333336 0.009375 
4 0.3263020833333333 0.09270833333333334 0.0078125 0.009375 
4 0.33046875 0.06510416666666667 0.008854166666666666 0.010416666666666666 
4 0.3307291666666667 0.09453125 0.007291666666666667 0.008854166666666666 
4 0.32135416666666666 0.09088541666666666 0.007291666666666667 0.009895833333333333 
4 0.31614583333333335 0.08880208333333334 0.007291666666666667 0.009895833333333333 
4 0.46380208333333334 0.033854166666666664 0.0109375 0.008333333333333333 
4 0.48854166666666665 0.025520833333333333 0.011458333333333333 0.008333333333333333 
4 0.5020833333333333 0.02109375 0.010416666666666666 0.0078125 
4 0.47708333333333336 0.029427083333333333 0.010416666666666666 0.0067708333333333336 
0 0.37604166666666666 0.6268229166666667 0.09479166666666666 0.08489583333333334 
