4 0.8237095363079615 0.6757085020242914 0.01837270341207349 0.02834008097165992 
5 0.4098862642169729 0.7380566801619434 0.021872265966754154 0.11417004048582996 
5 0.36132983377077865 0.737246963562753 0.022747156605424323 0.11578947368421053 
5 0.33770778652668415 0.7396761133603239 0.022747156605424323 0.11578947368421053 
5 0.3118985126859143 0.7356275303643725 0.021872265966754154 0.11417004048582996 
5 0.2869641294838145 0.7336032388663968 0.019247594050743656 0.11497975708502024 
5 0.26115485564304464 0.7356275303643725 0.021872265966754154 0.11417004048582996 
5 0.17672790901137359 0.7765182186234818 0.08398950131233596 0.019433198380566803 
5 0.17279090113735784 0.7340080971659919 0.10061242344706911 0.020242914979757085 
5 0.15398075240594924 0.708502024291498 0.10498687664041995 0.021052631578947368 
5 0.1815398075240595 0.6344129554655871 0.10761154855643044 0.020242914979757085 
5 0.17804024496937884 0.6101214574898786 0.11811023622047244 0.020242914979757085 
5 0.17804024496937884 0.5862348178137652 0.11811023622047244 0.017813765182186234 
5 0.178915135608049 0.5587044534412956 0.0831146106736658 0.017813765182186234 
5 0.18416447944007 0.5327935222672064 0.09361329833770779 0.021052631578947368 
5 0.18110236220472442 0.5080971659919028 0.10673665791776028 0.02186234817813765 
5 0.19641294838145232 0.482995951417004 0.10936132983377078 0.02186234817813765 
5 0.18810148731408574 0.45951417004048584 0.12248468941382328 0.020242914979757085 
5 0.1815398075240595 0.43562753036437246 0.10586176727909011 0.022672064777327937 
5 0.3862642169728784 0.7364372469635627 0.021872265966754154 0.1125506072874494 
5 0.4321959755030621 0.7380566801619434 0.022747156605424323 0.11417004048582996 
4 0.894575678040245 0.6724696356275304 0.01837270341207349 0.04129554655870445 
5 0.4558180227471566 0.7360323886639676 0.022747156605424323 0.11821862348178137 
4 0.8573928258967629 0.6672064777327935 0.02099737532808399 0.0437246963562753 
4 0.8779527559055118 0.6692307692307692 0.016622922134733157 0.03319838056680162 
4 0.9553805774278216 0.5947368421052631 0.017497812773403325 0.03805668016194332 
5 0.7454068241469817 0.2805668016194332 0.09623797025371829 0.01862348178137652 
5 0.7506561679790026 0.18178137651821863 0.09448818897637795 0.01862348178137652 
5 0.7541557305336833 0.15263157894736842 0.09623797025371829 0.02186234817813765 
5 0.7537182852143482 0.12510121457489878 0.10761154855643044 0.020242914979757085 
5 0.7292213473315835 0.09878542510121457 0.15660542432195976 0.017813765182186234 
5 0.5643044619422573 0.4093117408906883 0.10148731408573929 0.026720647773279354 
5 0.6671041119860017 0.7421052631578947 0.020122484689413824 0.11417004048582996 
5 0.6434820647419073 0.7412955465587044 0.021872265966754154 0.11578947368421053 
5 0.621172353455818 0.740080971659919 0.019247594050743656 0.11497975708502024 
5 0.5975503062117236 0.7412955465587044 0.02099737532808399 0.11740890688259109 
5 0.5542432195975503 0.7404858299595142 0.020122484689413824 0.11417004048582996 
5 0.5293088363954506 0.7412955465587044 0.02099737532808399 0.11740890688259109 
5 0.5056867891513561 0.7384615384615385 0.022747156605424323 0.11821862348178137 
5 0.4820647419072616 0.7392712550607288 0.02799650043744532 0.11659919028340081 
5 0.20341207349081364 0.41012145748987855 0.09536307961504811 0.020242914979757085 
