6 0.5463541666666667 0.19947916666666668 0.053125 0.019791666666666666 
4 0.48828125 0.8083333333333333 0.018229166666666668 0.016666666666666666 
6 0.87734375 0.8653645833333333 0.0546875 0.022395833333333334 
6 0.8869791666666667 0.8453125 0.035416666666666666 0.015625 
6 0.8658854166666666 0.46197916666666666 0.011979166666666667 0.023958333333333335 
12 0.7635416666666667 1.0106770833333334 0.21354166666666666 0.0796875 
12 0.7765625 0.9559895833333333 0.21354166666666666 0.06197916666666667 
12 0.7984375 0.8330729166666667 0.203125 0.06197916666666667 
4 0.5125 0.7520833333333333 0.015625 0.015625 
12 0.8177083333333334 0.4791666666666667 0.12291666666666666 0.04583333333333333 
4 0.5596354166666667 0.5677083333333334 0.018229166666666668 0.007291666666666667 
4 0.5572916666666666 0.5567708333333333 0.017708333333333333 0.007291666666666667 
12 0.8286458333333333 0.68046875 0.146875 0.033854166666666664 
