5 0.0359375 0.7877604166666666 0.06145833333333333 0.0453125 
5 0.7338541666666667 0.5986979166666667 0.065625 0.04739583333333333 
5 0.6005208333333333 0.38619791666666664 0.09166666666666666 0.019270833333333334 
5 0.8052083333333333 0.4921875 0.06145833333333333 0.046875 
5 0.7778645833333333 0.4942708333333333 0.08802083333333334 0.0625 
5 0.771875 0.5096354166666667 0.08958333333333333 0.06302083333333333 
5 0.7606770833333333 0.52265625 0.0828125 0.0609375 
5 0.7533854166666667 0.5354166666666667 0.0890625 0.06458333333333334 
5 0.7377604166666667 0.5635416666666667 0.0921875 0.065625 
5 0.7294270833333333 0.5770833333333333 0.09010416666666667 0.065625 
5 0.7106770833333333 0.60390625 0.08697916666666666 0.0609375 
5 0.035416666666666666 0.48932291666666666 0.04895833333333333 0.06614583333333333 
5 0.7046875 0.6184895833333334 0.08645833333333333 0.06197916666666667 
4 0.5596354166666667 0.5026041666666666 0.021354166666666667 0.017708333333333333 
4 0.54140625 0.51953125 0.0234375 0.0203125 
4 0.5091145833333334 0.5677083333333334 0.0265625 0.022916666666666665 
4 0.5028645833333333 0.5796875 0.0265625 0.021875 
4 0.5036458333333333 0.4895833333333333 0.03125 0.013541666666666667 
5 0.5442708333333334 0.4635416666666667 0.09895833333333333 0.023958333333333335 
5 0.56328125 0.44427083333333334 0.0953125 0.023958333333333335 
5 0.6276041666666666 0.3515625 0.09479166666666666 0.026041666666666668 
5 0.6421875 0.3333333333333333 0.090625 0.022916666666666665 
5 0.66015625 0.2877604166666667 0.09635416666666667 0.028645833333333332 
5 0.7098958333333333 0.24401041666666667 0.06458333333333334 0.0234375 
5 0.83515625 0.41692708333333334 0.08697916666666666 0.059895833333333336 
5 0.8432291666666667 0.4041666666666667 0.090625 0.06145833333333333 
5 0.8513020833333333 0.39010416666666664 0.08489583333333334 0.06145833333333333 
5 0.8619791666666666 0.3765625 0.08333333333333333 0.06041666666666667 
5 0.88359375 0.37395833333333334 0.059895833333333336 0.04479166666666667 
5 0.8864583333333333 0.35651041666666666 0.06145833333333333 0.04739583333333333 
5 0.8934895833333333 0.34270833333333334 0.08489583333333334 0.06458333333333334 
5 0.8966145833333333 0.32317708333333334 0.0859375 0.0640625 
5 0.9078125 0.31145833333333334 0.06041666666666667 0.04479166666666667 
5 0.9283854166666666 0.30520833333333336 0.058854166666666666 0.04479166666666667 
5 0.93359375 0.29192708333333334 0.0859375 0.059895833333333336 
5 0.95234375 0.26510416666666664 0.09010416666666667 0.06770833333333333 
5 0.9513020833333333 0.24583333333333332 0.08489583333333334 0.0625 
5 0.9669270833333333 0.23489583333333333 0.08802083333333334 0.06354166666666666 
5 0.9802083333333333 0.22005208333333334 0.08645833333333333 0.0609375 
5 0.98828125 0.20416666666666666 0.0859375 0.057291666666666664 
5 1.00078125 0.18802083333333333 0.0890625 0.05625 
5 0.5729166666666666 0.42526041666666664 0.08958333333333333 0.024479166666666666 
5 0.5971354166666667 0.4041666666666667 0.09322916666666667 0.026041666666666668 
4 0.42135416666666664 0.6229166666666667 0.017708333333333333 0.027083333333333334 
5 0.1765625 0.35703125 0.06041666666666667 0.0859375 
5 0.41354166666666664 0.38958333333333334 0.090625 0.04791666666666667 
5 0.4309895833333333 0.35989583333333336 0.09010416666666667 0.042708333333333334 
5 0.4388020833333333 0.34453125 0.09010416666666667 0.04739583333333333 
5 0.4513020833333333 0.33203125 0.09322916666666667 0.044270833333333336 
5 0.40598958333333335 0.23307291666666666 0.06197916666666667 0.0859375 
4 0.4518229166666667 0.1890625 0.018229166666666668 0.021875 
4 0.42526041666666664 0.171875 0.0203125 0.022916666666666665 
5 0.37447916666666664 0.21875 0.057291666666666664 0.08541666666666667 
5 0.3625 0.21119791666666668 0.059375 0.08697916666666666 
5 0.34739583333333335 0.20703125 0.06145833333333333 0.08697916666666666 
5 0.33541666666666664 0.19505208333333332 0.0625 0.08697916666666666 
5 0.2830729166666667 0.18333333333333332 0.06302083333333333 0.08958333333333333 
5 0.11223958333333334 0.3924479166666667 0.0484375 0.059895833333333336 
5 0.08567708333333333 0.37552083333333336 0.044270833333333336 0.06041666666666667 
5 0.0765625 0.36302083333333335 0.05 0.0625 
5 0.06692708333333333 0.34869791666666666 0.04635416666666667 0.06197916666666667 
5 0.2799479166666667 0.07161458333333333 0.06510416666666667 0.08385416666666666 
5 0.4046875 0.40338541666666666 0.08854166666666667 0.0453125 
4 0.1296875 0.4197916666666667 0.01875 0.021875 
5 0.459375 0.58984375 0.034375 0.09635416666666667 
4 0.17161458333333332 0.38671875 0.022395833333333334 0.0265625 
5 0.4153645833333333 0.5765625 0.049479166666666664 0.06458333333333334 
4 0.42135416666666664 0.534375 0.019791666666666666 0.026041666666666668 
5 0.3984375 0.5697916666666667 0.030208333333333334 0.0375 
5 0.38723958333333336 0.5580729166666667 0.0578125 0.08802083333333334 
5 0.37265625 0.5510416666666667 0.059895833333333336 0.08229166666666667 
4 0.3854166666666667 0.4973958333333333 0.020833333333333332 0.021875 
4 0.3455729166666667 0.471875 0.0140625 0.022916666666666665 
5 0.3046875 0.5075520833333333 0.06041666666666667 0.0859375 
4 0.27109375 0.4703125 0.0234375 0.028125 
5 0.25104166666666666 0.47109375 0.06041666666666667 0.0859375 
5 0.23854166666666668 0.4640625 0.06041666666666667 0.08333333333333333 
5 0.22578125 0.45546875 0.058854166666666666 0.08385416666666666 
5 0.21171875 0.4440104166666667 0.06197916666666667 0.0859375 
5 0.19973958333333333 0.43203125 0.0609375 0.08489583333333334 
4 0.17604166666666668 0.44088541666666664 0.03229166666666667 0.03697916666666667 
4 0.19557291666666668 0.40963541666666664 0.019270833333333334 0.022395833333333334 
5 0.17421875 0.4158854166666667 0.058854166666666666 0.08489583333333334 
5 0.8372395833333334 0.4388020833333333 0.06197916666666667 0.04739583333333333 
5 0.8309895833333333 0.45338541666666665 0.0609375 0.04739583333333333 
4 0.79453125 0.446875 0.0203125 0.017708333333333333 
5 0.11510416666666666 0.9213541666666667 0.071875 0.05 
5 0.05911458333333333 0.5598958333333334 0.0703125 0.04479166666666667 
5 0.10677083333333333 0.9317708333333333 0.07083333333333333 0.04791666666666667 
5 0.13359375 0.9143229166666667 0.07135416666666666 0.05260416666666667 
4 0.1265625 0.8505208333333333 0.022916666666666665 0.023958333333333335 
5 0.04739583333333333 0.49635416666666665 0.04895833333333333 0.06770833333333333 
4 0.4153645833333333 0.6807291666666667 0.022395833333333334 0.020833333333333332 
5 0.071875 0.68203125 0.05625 0.043229166666666666 
5 0.06848958333333334 0.6963541666666667 0.05677083333333333 0.04375 
4 0.45390625 0.21171875 0.022395833333333334 0.0234375 
4 0.6794270833333333 0.3106770833333333 0.022395833333333334 0.013020833333333334 
5 0.12526041666666668 0.6619791666666667 0.0140625 0.04479166666666667 
5 0.05234375 0.7369791666666666 0.06614583333333333 0.04895833333333333 
5 0.048177083333333336 0.7510416666666667 0.07135416666666666 0.05416666666666667 
5 0.071875 0.7143229166666667 0.08229166666666667 0.058854166666666666 
5 0.11848958333333333 0.7223958333333333 0.03177083333333333 0.05416666666666667 
5 0.18958333333333333 0.8838541666666667 0.071875 0.04895833333333333 
5 0.18958333333333333 0.8630208333333333 0.07083333333333333 0.04895833333333333 
4 0.2716145833333333 0.8080729166666667 0.025520833333333333 0.0234375 
4 0.24869791666666666 0.7424479166666667 0.022395833333333334 0.025520833333333333 
4 0.23776041666666667 0.7356770833333334 0.022395833333333334 0.027604166666666666 
5 0.796875 0.46796875 0.08854166666666667 0.059895833333333336 
5 1.01328125 0.5484375 0.0890625 0.06458333333333334 
5 1.0075520833333333 0.5838541666666667 0.0671875 0.04791666666666667 
5 0.9986979166666666 0.5981770833333333 0.06197916666666667 0.0453125 
5 0.9833333333333333 0.6052083333333333 0.058333333333333334 0.04479166666666667 
5 0.9760416666666667 0.6200520833333333 0.06041666666666667 0.0453125 
5 0.9611979166666667 0.6294270833333333 0.06197916666666667 0.0453125 
5 0.9611979166666667 0.6473958333333333 0.0609375 0.04583333333333333 
5 0.9583333333333334 0.66328125 0.06666666666666667 0.04739583333333333 
5 0.9510416666666667 0.6786458333333333 0.06041666666666667 0.04479166666666667 
5 0.9294270833333333 0.68515625 0.06302083333333333 0.04635416666666667 
5 0.9252604166666667 0.70078125 0.06197916666666667 0.0453125 
5 0.9096354166666667 0.7291666666666666 0.0671875 0.04791666666666667 
5 0.9015625 0.7416666666666667 0.06770833333333333 0.05 
5 0.9171875 0.7716145833333333 0.03854166666666667 0.030729166666666665 
5 0.88125 0.7494791666666667 0.03958333333333333 0.03229166666666667 
5 0.14140625 0.15078125 0.03802083333333333 0.049479166666666664 
