5 0.0359375 0.82421875 0.06145833333333333 0.0453125 
5 0.7338541666666667 0.63515625 0.065625 0.04739583333333333 
5 0.6005208333333333 0.42265625 0.09166666666666666 0.019270833333333334 
5 0.8052083333333333 0.5286458333333334 0.06145833333333333 0.046875 
5 0.7778645833333333 0.5307291666666667 0.08802083333333334 0.0625 
5 0.771875 0.54609375 0.08958333333333333 0.06302083333333333 
5 0.7606770833333333 0.5591145833333333 0.0828125 0.0609375 
5 0.7533854166666667 0.571875 0.0890625 0.06458333333333334 
5 0.7377604166666667 0.6 0.0921875 0.065625 
5 0.7294270833333333 0.6135416666666667 0.09010416666666667 0.065625 
5 0.7106770833333333 0.6403645833333333 0.08697916666666666 0.0609375 
5 0.035416666666666666 0.52578125 0.04895833333333333 0.06614583333333333 
5 0.7046875 0.6549479166666666 0.08645833333333333 0.06197916666666667 
4 0.5596354166666667 0.5390625 0.021354166666666667 0.017708333333333333 
4 0.54140625 0.5559895833333334 0.0234375 0.0203125 
4 0.5091145833333334 0.6041666666666666 0.0265625 0.022916666666666665 
4 0.5028645833333333 0.6161458333333333 0.0265625 0.021875 
4 0.5036458333333333 0.5260416666666666 0.03125 0.013541666666666667 
5 0.5442708333333334 0.5 0.09895833333333333 0.023958333333333335 
5 0.56328125 0.48072916666666665 0.0953125 0.023958333333333335 
5 0.6276041666666666 0.3880208333333333 0.09479166666666666 0.026041666666666668 
5 0.6421875 0.3697916666666667 0.090625 0.022916666666666665 
5 0.66015625 0.32421875 0.09635416666666667 0.028645833333333332 
5 0.7098958333333333 0.28046875 0.06458333333333334 0.0234375 
5 0.83515625 0.45338541666666665 0.08697916666666666 0.059895833333333336 
5 0.8432291666666667 0.440625 0.090625 0.06145833333333333 
5 0.8513020833333333 0.4265625 0.08489583333333334 0.06145833333333333 
5 0.8619791666666666 0.41302083333333334 0.08333333333333333 0.06041666666666667 
5 0.88359375 0.41041666666666665 0.059895833333333336 0.04479166666666667 
5 0.8864583333333333 0.39296875 0.06145833333333333 0.04739583333333333 
5 0.8934895833333333 0.37916666666666665 0.08489583333333334 0.06458333333333334 
5 0.8966145833333333 0.35963541666666665 0.0859375 0.0640625 
5 0.9078125 0.34791666666666665 0.06041666666666667 0.04479166666666667 
5 0.9283854166666666 0.3416666666666667 0.058854166666666666 0.04479166666666667 
5 0.93359375 0.32838541666666665 0.0859375 0.059895833333333336 
5 0.95234375 0.3015625 0.09010416666666667 0.06770833333333333 
5 0.9513020833333333 0.28229166666666666 0.08489583333333334 0.0625 
5 0.9669270833333333 0.2713541666666667 0.08802083333333334 0.06354166666666666 
5 0.9802083333333333 0.2565104166666667 0.08645833333333333 0.0609375 
5 0.98828125 0.240625 0.0859375 0.057291666666666664 
5 1.00078125 0.22447916666666667 0.0890625 0.05625 
5 0.5729166666666666 0.46171875 0.08958333333333333 0.024479166666666666 
5 0.5971354166666667 0.440625 0.09322916666666667 0.026041666666666668 
4 0.42135416666666664 0.659375 0.017708333333333333 0.027083333333333334 
5 0.1765625 0.39348958333333334 0.06041666666666667 0.0859375 
5 0.41354166666666664 0.42604166666666665 0.090625 0.04791666666666667 
5 0.4309895833333333 0.3963541666666667 0.09010416666666667 0.042708333333333334 
5 0.4388020833333333 0.3809895833333333 0.09010416666666667 0.04739583333333333 
5 0.4513020833333333 0.3684895833333333 0.09322916666666667 0.044270833333333336 
5 0.40598958333333335 0.26953125 0.06197916666666667 0.0859375 
4 0.4518229166666667 0.22552083333333334 0.018229166666666668 0.021875 
4 0.42526041666666664 0.20833333333333334 0.0203125 0.022916666666666665 
5 0.37447916666666664 0.2552083333333333 0.057291666666666664 0.08541666666666667 
5 0.3625 0.24765625 0.059375 0.08697916666666666 
5 0.34739583333333335 0.24348958333333334 0.06145833333333333 0.08697916666666666 
5 0.33541666666666664 0.23151041666666666 0.0625 0.08697916666666666 
5 0.2830729166666667 0.21979166666666666 0.06302083333333333 0.08958333333333333 
5 0.11223958333333334 0.42890625 0.0484375 0.059895833333333336 
5 0.08567708333333333 0.4119791666666667 0.044270833333333336 0.06041666666666667 
5 0.0765625 0.39947916666666666 0.05 0.0625 
5 0.06692708333333333 0.38515625 0.04635416666666667 0.06197916666666667 
5 0.2799479166666667 0.10807291666666667 0.06510416666666667 0.08385416666666666 
5 0.4046875 0.43984375 0.08854166666666667 0.0453125 
4 0.1296875 0.45625 0.01875 0.021875 
5 0.459375 0.6263020833333334 0.034375 0.09635416666666667 
4 0.17161458333333332 0.4231770833333333 0.022395833333333334 0.0265625 
5 0.4153645833333333 0.6130208333333333 0.049479166666666664 0.06458333333333334 
4 0.42135416666666664 0.5708333333333333 0.019791666666666666 0.026041666666666668 
5 0.3984375 0.60625 0.030208333333333334 0.0375 
5 0.38723958333333336 0.59453125 0.0578125 0.08802083333333334 
5 0.37265625 0.5875 0.059895833333333336 0.08229166666666667 
4 0.3854166666666667 0.5338541666666666 0.020833333333333332 0.021875 
4 0.3455729166666667 0.5083333333333333 0.0140625 0.022916666666666665 
5 0.3046875 0.5440104166666667 0.06041666666666667 0.0859375 
4 0.27109375 0.5067708333333333 0.0234375 0.028125 
5 0.25104166666666666 0.5075520833333333 0.06041666666666667 0.0859375 
5 0.23854166666666668 0.5005208333333333 0.06041666666666667 0.08333333333333333 
5 0.22578125 0.49192708333333335 0.058854166666666666 0.08385416666666666 
5 0.21171875 0.48046875 0.06197916666666667 0.0859375 
5 0.19973958333333333 0.46848958333333335 0.0609375 0.08489583333333334 
4 0.17604166666666668 0.47734375 0.03229166666666667 0.03697916666666667 
4 0.19557291666666668 0.44609375 0.019270833333333334 0.022395833333333334 
5 0.17421875 0.45234375 0.058854166666666666 0.08489583333333334 
5 0.8372395833333334 0.4752604166666667 0.06197916666666667 0.04739583333333333 
5 0.8309895833333333 0.48984375 0.0609375 0.04739583333333333 
4 0.79453125 0.48333333333333334 0.0203125 0.017708333333333333 
5 0.11510416666666666 0.9578125 0.071875 0.05 
5 0.05911458333333333 0.5963541666666666 0.0703125 0.04479166666666667 
5 0.10677083333333333 0.9682291666666667 0.07083333333333333 0.04791666666666667 
5 0.13359375 0.95078125 0.07135416666666666 0.05260416666666667 
4 0.1265625 0.8869791666666667 0.022916666666666665 0.023958333333333335 
5 0.04739583333333333 0.5328125 0.04895833333333333 0.06770833333333333 
4 0.4153645833333333 0.7171875 0.022395833333333334 0.020833333333333332 
5 0.071875 0.7184895833333333 0.05625 0.043229166666666666 
5 0.06848958333333334 0.7328125 0.05677083333333333 0.04375 
4 0.45390625 0.24817708333333333 0.022395833333333334 0.0234375 
4 0.6794270833333333 0.34713541666666664 0.022395833333333334 0.013020833333333334 
5 0.12526041666666668 0.6984375 0.0140625 0.04479166666666667 
5 0.05234375 0.7734375 0.06614583333333333 0.04895833333333333 
5 0.048177083333333336 0.7875 0.07135416666666666 0.05416666666666667 
5 0.071875 0.75078125 0.08229166666666667 0.058854166666666666 
5 0.11848958333333333 0.7588541666666667 0.03177083333333333 0.05416666666666667 
5 0.18958333333333333 0.9203125 0.071875 0.04895833333333333 
5 0.18958333333333333 0.8994791666666667 0.07083333333333333 0.04895833333333333 
4 0.2716145833333333 0.84453125 0.025520833333333333 0.0234375 
4 0.24869791666666666 0.77890625 0.022395833333333334 0.025520833333333333 
4 0.23776041666666667 0.7721354166666666 0.022395833333333334 0.027604166666666666 
5 0.796875 0.5044270833333333 0.08854166666666667 0.059895833333333336 
5 1.01328125 0.5848958333333333 0.0890625 0.06458333333333334 
5 1.0075520833333333 0.6203125 0.0671875 0.04791666666666667 
5 0.9986979166666666 0.6346354166666667 0.06197916666666667 0.0453125 
5 0.9833333333333333 0.6416666666666667 0.058333333333333334 0.04479166666666667 
5 0.9760416666666667 0.6565104166666667 0.06041666666666667 0.0453125 
5 0.9611979166666667 0.6658854166666667 0.06197916666666667 0.0453125 
5 0.9611979166666667 0.6838541666666667 0.0609375 0.04583333333333333 
5 0.9583333333333334 0.6997395833333333 0.06666666666666667 0.04739583333333333 
5 0.9510416666666667 0.7151041666666667 0.06041666666666667 0.04479166666666667 
5 0.9294270833333333 0.7216145833333333 0.06302083333333333 0.04635416666666667 
5 0.9252604166666667 0.7372395833333333 0.06197916666666667 0.0453125 
5 0.9096354166666667 0.765625 0.0671875 0.04791666666666667 
5 0.9015625 0.778125 0.06770833333333333 0.05 
5 0.9171875 0.8080729166666667 0.03854166666666667 0.030729166666666665 
5 0.88125 0.7859375 0.03958333333333333 0.03229166666666667 
5 0.14140625 0.18723958333333332 0.03802083333333333 0.049479166666666664 
