5 0.6909290416971471 0.4904980340760157 0.03584491587417703 0.030799475753604193 
5 0.7896854425749817 0.33224115334207077 0.07973664959765911 0.11140235910878113 
5 0.5815654718361375 0.42070773263433814 0.07315288953913679 0.11009174311926606 
5 0.6002194586686174 0.4161205766710354 0.06803218727139722 0.10484927916120576 
5 0.6174103877103145 0.4105504587155963 0.07022677395757132 0.10419397116644823 
5 0.6378931967812729 0.40530799475753604 0.07754206291148501 0.10943643512450851 
5 0.6525237746891002 0.3931847968545216 0.07754206291148501 0.11009174311926606 
5 0.6697147037307973 0.3859764089121887 0.0753474762253109 0.10878112712975098 
5 0.7029992684711046 0.36959370904325034 0.07461594732991954 0.10747051114023591 
5 0.7183613752743233 0.3594364351245085 0.07607900512070227 0.10812581913499344 
5 0.7351865398683248 0.35124508519003933 0.07461594732991954 0.10747051114023591 
5 0.8068763716166789 0.3260157273918742 0.07607900512070227 0.10812581913499344 
5 0.4059985369422092 0.19298820445609435 0.055596196049743966 0.0727391874180865 
5 0.8229700073152889 0.3145478374836173 0.08046817849305048 0.1127129750982962 
5 0.8771031455742502 0.43905635648754915 0.07461594732991954 0.061598951507208385 
5 0.8200438917337235 0.4446264744429882 0.09656181419166057 0.07667103538663171 
5 0.81016825164594 0.4613368283093054 0.1075347476225311 0.08519003931847968 
5 0.787125091441112 0.46854521625163825 0.10826627651792246 0.08650065530799476 
5 0.7633504023408925 0.4741153342070773 0.11046086320409657 0.08453473132372215 
5 0.6408193123628383 0.5229357798165137 0.1097293343087052 0.08781127129750983 
5 0.5855888807607901 0.5501310615989515 0.1075347476225311 0.08584534731323722 
5 0.5683979517190929 0.5602883355176933 0.10534016093635698 0.08256880733944955 
5 0.5640087783467447 0.42824377457404983 0.07461594732991954 0.1107470511140236 
5 0.5464520848573519 0.43709043250327656 0.07461594732991954 0.11009174311926606 
5 0.5131675201170446 0.4518348623853211 0.0753474762253109 0.10812581913499344 
5 0.4948792977322604 0.45937090432503275 0.07388441843452817 0.10747051114023591 
5 0.12435991221653256 0.33879423328964614 0.058522311631309436 0.09043250327653997 
5 0.1371616678858815 0.32634338138925295 0.06510607168983175 0.10091743119266056 
5 0.15362106803218728 0.31553079947575363 0.061448427212874905 0.09895150720838794 
5 0.239575713240673 0.27916120576671033 0.07242136064374542 0.11009174311926606 
5 0.2571324067300658 0.2703145478374836 0.06803218727139722 0.10681520314547838 
5 0.30468178493050474 0.24541284403669725 0.06217995610826628 0.0963302752293578 
5 0.32114118507681055 0.2336173001310616 0.06876371616678859 0.10812581913499344 
5 0.3405267008046818 0.22771952817824379 0.06656912948061448 0.10812581913499344 
5 0.40270665691294805 0.22018348623853212 0.06656912948061448 0.10091743119266056 
5 0.3149231894659839 0.5586500655307994 0.0592538405267008 0.08322411533420708 
5 0.3394294074615947 0.526867627785059 0.07754206291148501 0.11009174311926606 
5 0.35552304316020483 0.5180209698558322 0.07607900512070227 0.11205766710353866 
5 0.3705193855157279 0.5075360419397117 0.06364301389904901 0.08846657929226737 
5 0.38697878566203364 0.4983617300131062 0.07315288953913679 0.10943643512450851 
5 0.4070958302852963 0.4980340760157274 0.0592538405267008 0.09043250327653997 
5 0.42209217264081933 0.4888597640891219 0.058522311631309436 0.09174311926605505 
5 0.444403803950256 0.4846002621231979 0.07388441843452817 0.10812581913499344 
5 0.4634235552304316 0.47771952817824376 0.07388441843452817 0.10878112712975098 
5 0.47841989758595466 0.4701834862385321 0.06730065837600585 0.10288335517693316 
5 0.5160936356986101 0.5868283093053736 0.10314557425018288 0.08322411533420708 
5 0.4934162399414777 0.5930537352555701 0.1075347476225311 0.08519003931847968 
5 0.44623262618873444 0.6231979030144168 0.08778346744696415 0.07339449541284404 
4 0.41367959034381857 0.6975753604193972 0.02852962692026335 0.013761467889908258 
4 0.7278712509144111 0.47313237221494103 0.030724213606437453 0.02490170380078637 
4 0.7022677395757132 0.45543905635648757 0.030724213606437453 0.02621231979030144 
4 0.6869056327724945 0.5134338138925295 0.033650329188002925 0.02817824377457405 
4 0.6272860277980981 0.5363695937090432 0.03291880029261156 0.026867627785058978 
4 0.4455010972933431 0.5796199213630406 0.027798098024871983 0.025557011795543906 
4 0.5065837600585223 0.5553735255570118 0.038771031455742504 0.030799475753604193 
4 0.40087783467446964 0.2552424639580603 0.02487198244330651 0.030799475753604193 
4 0.35588880760790054 0.22182175622542594 0.025603511338697878 0.030799475753604193 
4 0.2940746159473299 0.2670380078636959 0.02487198244330651 0.02948885976408912 
4 0.23006583760058522 0.3053735255570118 0.027066569129480616 0.0327653997378768 
4 0.6587417702999269 0.15203145478374835 0.03291880029261156 0.035386631716906945 
4 0.660936356986101 0.34076015727391873 0.02267739575713241 0.027522935779816515 
4 0.7805413313825896 0.36009174311926606 0.02487198244330651 0.030799475753604193 
4 0.33138258961228967 0.450524246395806 0.038039502560351136 0.025557011795543906 
4 0.44806144842721285 0.6487549148099607 0.03291880029261156 0.02621231979030144 
5 0.7629846378931968 0.35878112712975097 0.058522311631309436 0.07929226736566186 
5 0.5376737381126554 0.5573394495412844 0.08485735186539868 0.06487549148099607 
5 0.32809070958302855 0.7516382699868939 0.0548646671543526 0.07470511140235911 
5 0.41880029261155816 0.1854521625163827 0.053401609363569864 0.07208387942332896 
4 0.7501828822238479 0.49115334207077327 0.029992684711046085 0.025557011795543906 
4 0.9297732260424286 0.9891874180865007 0.030724213606437453 0.020314547837483616 
5 0.40819312362838334 0.641218872870249 0.10241404535479151 0.0871559633027523 
4 0.9480614484272128 0.9734600262123198 0.029261155815654718 0.022935779816513763 
5 0.38514996342355523 0.6487549148099607 0.0958302852962692 0.08387942332896461 
5 0.4813460131675201 0.7513106159895151 0.12728602779809803 0.0674967234600262 
4 0.5782735918068763 0.21133682830930536 0.029992684711046085 0.025557011795543906 
4 0.612289685442575 0.17889908256880735 0.026335040234089245 0.028833551769331587 
4 0.6576444769568398 0.20543905635648754 0.03218727139722019 0.020314547837483616 
4 0.6506949524506218 0.19003931847968544 0.03291880029261156 0.022280471821756225 
4 0.7205559619604974 0.1628440366972477 0.03218727139722019 0.020314547837483616 
4 0.65508412582297 0.30930537352555704 0.03291880029261156 0.023591087811271297 
4 0.6697147037307973 0.14220183486238533 0.024140453547915143 0.028833551769331587 
4 0.682882223847842 0.1349934469200524 0.024140453547915143 0.028833551769331587 
4 0.6982443306510607 0.13237221494102228 0.024140453547915143 0.03014416775884666 
6 0.17520117044623262 0.5209698558322412 0.038771031455742504 0.022280471821756225 
4 0.2607900512070227 0.6690694626474443 0.027066569129480616 0.03407601572739188 
4 0.16752011704462327 0.926605504587156 0.03511338697878566 0.023591087811271297 
4 0.1598390636430139 0.8958060288335518 0.029992684711046085 0.023591087811271297 
4 0.6733723482077542 0.7532765399737876 0.03145574250182882 0.022935779816513763 
4 0.8463789319678128 0.9583879423328965 0.023408924652523776 0.02817824377457405 
4 0.8924652523774689 0.9636304062909568 0.026335040234089245 0.030799475753604193 
4 0.9590343818580834 0.9849279161205766 0.029261155815654718 0.02490170380078637 
5 0.10168251645940014 0.3381389252948886 0.07168983174835405 0.11009174311926606 
