5 0.22552083333333334 0.5986979166666667 0.065625 0.04739583333333333 
5 0.0921875 0.38619791666666664 0.09166666666666666 0.019270833333333334 
5 0.296875 0.4921875 0.06145833333333333 0.046875 
5 0.26953125 0.4942708333333333 0.08802083333333334 0.0625 
5 0.2635416666666667 0.5096354166666667 0.08958333333333333 0.06302083333333333 
5 0.25234375 0.52265625 0.0828125 0.0609375 
5 0.24505208333333334 0.5354166666666667 0.0890625 0.06458333333333334 
5 0.22942708333333334 0.5635416666666667 0.0921875 0.065625 
5 0.22109375 0.5770833333333333 0.09010416666666667 0.065625 
5 0.20234375 0.60390625 0.08697916666666666 0.0609375 
5 0.19635416666666666 0.6184895833333334 0.08645833333333333 0.06197916666666667 
4 0.05130208333333333 0.5026041666666666 0.021354166666666667 0.017708333333333333 
4 0.03307291666666667 0.51953125 0.0234375 0.0203125 
4 0.00078125 0.5677083333333334 0.0265625 0.022916666666666665 
4 -0.00546875 0.5796875 0.0265625 0.021875 
4 -0.0046875 0.4895833333333333 0.03125 0.013541666666666667 
5 0.0359375 0.4635416666666667 0.09895833333333333 0.023958333333333335 
5 0.054947916666666666 0.44427083333333334 0.0953125 0.023958333333333335 
5 0.11927083333333334 0.3515625 0.09479166666666666 0.026041666666666668 
5 0.13385416666666666 0.3333333333333333 0.090625 0.022916666666666665 
5 0.15182291666666667 0.2877604166666667 0.09635416666666667 0.028645833333333332 
5 0.2015625 0.24401041666666667 0.06458333333333334 0.0234375 
5 0.3268229166666667 0.41692708333333334 0.08697916666666666 0.059895833333333336 
5 0.33489583333333334 0.4041666666666667 0.090625 0.06145833333333333 
5 0.34296875 0.39010416666666664 0.08489583333333334 0.06145833333333333 
5 0.3536458333333333 0.3765625 0.08333333333333333 0.06041666666666667 
5 0.37526041666666665 0.37395833333333334 0.059895833333333336 0.04479166666666667 
5 0.378125 0.35651041666666666 0.06145833333333333 0.04739583333333333 
5 0.38515625 0.34270833333333334 0.08489583333333334 0.06458333333333334 
5 0.38828125 0.32317708333333334 0.0859375 0.0640625 
5 0.39947916666666666 0.31145833333333334 0.06041666666666667 0.04479166666666667 
5 0.4200520833333333 0.30520833333333336 0.058854166666666666 0.04479166666666667 
5 0.42526041666666664 0.29192708333333334 0.0859375 0.059895833333333336 
5 0.4440104166666667 0.26510416666666664 0.09010416666666667 0.06770833333333333 
5 0.44296875 0.24583333333333332 0.08489583333333334 0.0625 
5 0.45859375 0.23489583333333333 0.08802083333333334 0.06354166666666666 
5 0.471875 0.22005208333333334 0.08645833333333333 0.0609375 
5 0.47994791666666664 0.20416666666666666 0.0859375 0.057291666666666664 
5 0.49244791666666665 0.18802083333333333 0.0890625 0.05625 
5 0.06458333333333334 0.42526041666666664 0.08958333333333333 0.024479166666666666 
5 0.08880208333333334 0.4041666666666667 0.09322916666666667 0.026041666666666668 
5 0.32890625 0.4388020833333333 0.06197916666666667 0.04739583333333333 
5 0.32265625 0.45338541666666665 0.0609375 0.04739583333333333 
4 0.28619791666666666 0.446875 0.0203125 0.017708333333333333 
5 0.5549479166666667 0.8302083333333333 0.09010416666666667 0.06041666666666667 
5 0.5817708333333333 0.7838541666666666 0.08854166666666667 0.059375 
5 0.6799479166666667 0.6395833333333333 0.09322916666666667 0.05520833333333333 
5 0.6940104166666666 0.61171875 0.08697916666666666 0.059895833333333336 
5 0.7046875 0.5971354166666667 0.09270833333333334 0.0640625 
4 0.6528645833333333 0.60625 0.022395833333333334 0.01875 
5 0.5802083333333333 0.8255208333333334 0.06041666666666667 0.04479166666666667 
5 0.6119791666666666 0.7796875 0.06354166666666666 0.04375 
5 0.6598958333333333 0.7033854166666667 0.06458333333333334 0.043229166666666666 
5 0.6833333333333333 0.67734375 0.06354166666666666 0.04010416666666667 
5 0.68671875 0.6604166666666667 0.06822916666666666 0.04479166666666667 
5 0.7161458333333334 0.5799479166666667 0.09270833333333334 0.0578125 
5 0.7427083333333333 0.5734375 0.06458333333333334 0.04791666666666667 
4 0.7171875 0.5372395833333333 0.022916666666666665 0.019270833333333334 
5 0.7572916666666667 0.5453125 0.09375 0.06354166666666666 
5 0.7669270833333334 0.5302083333333333 0.09322916666666667 0.06145833333333333 
5 0.7783854166666667 0.49375 0.08802083333333334 0.06041666666666667 
4 0.8268229166666666 0.85546875 0.0171875 0.022395833333333334 
4 0.17109375 0.3106770833333333 0.022395833333333334 0.013020833333333334 
5 0.7817708333333333 0.5177083333333333 0.06354166666666666 0.04583333333333333 
5 0.8020833333333334 0.47265625 0.03854166666666667 0.030729166666666665 
5 0.28854166666666664 0.46796875 0.08854166666666667 0.059895833333333336 
5 0.5354166666666667 0.49244791666666665 0.0875 0.0609375 
5 0.5291666666666667 0.5268229166666667 0.058333333333333334 0.04635416666666667 
5 0.52734375 0.5432291666666667 0.06614583333333333 0.04791666666666667 
5 0.5049479166666667 0.5484375 0.0890625 0.06458333333333334 
5 0.49921875 0.5838541666666667 0.0671875 0.04791666666666667 
5 0.4903645833333333 0.5981770833333333 0.06197916666666667 0.0453125 
5 0.475 0.6052083333333333 0.058333333333333334 0.04479166666666667 
5 0.46770833333333334 0.6200520833333333 0.06041666666666667 0.0453125 
5 0.45286458333333335 0.6294270833333333 0.06197916666666667 0.0453125 
5 0.45286458333333335 0.6473958333333333 0.0609375 0.04583333333333333 
5 0.45 0.66328125 0.06666666666666667 0.04739583333333333 
5 0.4427083333333333 0.6786458333333333 0.06041666666666667 0.04479166666666667 
5 0.42109375 0.68515625 0.06302083333333333 0.04635416666666667 
5 0.41692708333333334 0.70078125 0.06197916666666667 0.0453125 
5 0.40130208333333334 0.7291666666666666 0.0671875 0.04791666666666667 
5 0.3932291666666667 0.7416666666666667 0.06770833333333333 0.05 
5 0.4088541666666667 0.7716145833333333 0.03854166666666667 0.030729166666666665 
5 0.3729166666666667 0.7494791666666667 0.03958333333333333 0.03229166666666667 
5 0.54453125 0.5182291666666666 0.06302083333333333 0.046875 
5 0.5739583333333333 0.47760416666666666 0.06354166666666666 0.046875 
5 0.8205729166666667 0.4546875 0.059895833333333336 0.046875 
5 0.5989583333333334 0.45625 0.0625 0.04791666666666667 
4 0.80390625 0.4171875 0.0234375 0.019791666666666666 
5 0.8393229166666667 0.41875 0.0609375 0.04583333333333333 
5 0.8619791666666666 0.39296875 0.06875 0.049479166666666664 
5 0.8666666666666667 0.35963541666666665 0.08958333333333333 0.06822916666666666 
5 0.6979166666666666 0.25416666666666665 0.09479166666666666 0.06770833333333333 
5 0.6947916666666667 0.28932291666666665 0.0625 0.04635416666666667 
5 0.6875 0.30416666666666664 0.06666666666666667 0.04895833333333333 
5 0.67109375 0.3138020833333333 0.059895833333333336 0.0453125 
5 0.66640625 0.3307291666666667 0.06302083333333333 0.046875 
5 0.6557291666666667 0.34296875 0.06145833333333333 0.04635416666666667 
5 0.6361979166666667 0.3484375 0.0859375 0.06145833333333333 
5 0.6419270833333334 0.37109375 0.0609375 0.04635416666666667 
5 0.6325520833333333 0.3848958333333333 0.06510416666666667 0.04791666666666667 
4 0.58125 0.3684895833333333 0.028125 0.0234375 
5 0.6091145833333333 0.4078125 0.09114583333333333 0.06458333333333334 
5 0.5877604166666667 0.4119791666666667 0.09635416666666667 0.06770833333333333 
5 0.6010416666666667 0.4388020833333333 0.0625 0.04635416666666667 
