4 0.7130044843049327 0.9310247747747747 0.025411061285500747 0.023085585585585586 
5 0.6943198804185351 0.6480855855855856 0.07922272047832586 0.037162162162162164 
5 0.4693572496263079 0.7080518018018018 0.053811659192825115 0.06362612612612613 
5 0.49177877428998507 0.709740990990991 0.05530642750373692 0.06475225225225226 
5 0.5097159940209267 0.7156531531531531 0.04932735426008968 0.05855855855855856 
5 0.5287742899850523 0.7179054054054054 0.06502242152466367 0.08896396396396396 
5 0.2772795216741405 0.6824324324324325 0.11360239162929746 0.05292792792792793 
5 0.16890881913303438 0.634009009009009 0.10612855007473841 0.061936936936936936 
5 0.13228699551569506 0.6551238738738738 0.09417040358744394 0.05686936936936937 
5 0.24402092675635276 0.7086148648648649 0.10687593423019431 0.05349099099099099 
5 0.414050822122571 0.7736486486486487 0.11061285500747384 0.04842342342342342 
5 0.5952914798206278 0.8350225225225225 0.1203288490284006 0.05292792792792793 
5 0.6786248131539612 0.8279842342342343 0.11958146487294469 0.052364864864864864 
5 0.757847533632287 0.7818130630630631 0.11061285500747384 0.03885135135135135 
5 0.7522421524663677 0.7970157657657657 0.11285500747384156 0.03885135135135135 
5 0.7746636771300448 0.8220720720720721 0.11584454409566518 0.041666666666666664 
5 0.7627055306427504 0.8350225225225225 0.10986547085201794 0.04279279279279279 
5 0.6991778774289985 0.7035472972972973 0.11285500747384156 0.05349099099099099 
5 0.6984304932735426 0.6835585585585585 0.11285500747384156 0.0518018018018018 
5 0.45029895366218237 0.7010135135135135 0.05007473841554559 0.06306306306306306 
5 0.4334828101644245 0.6858108108108109 0.059790732436472344 0.07545045045045046 
4 0.4263826606875934 0.6576576576576577 0.03811659192825112 0.037162162162162164 
5 0.1610612855007474 0.5405405405405406 0.09641255605381166 0.06306306306306306 
4 0.16890881913303438 0.25084459459459457 0.02242152466367713 0.02195945945945946 
5 0.2365470852017937 0.375 0.09491778774289986 0.061936936936936936 
5 0.21935724962630793 0.39386261261261263 0.10986547085201794 0.06587837837837837 
5 0.19431988041853512 0.39780405405405406 0.06726457399103139 0.04222972972972973 
5 0.19133034379671152 0.4380630630630631 0.10164424514200299 0.06531531531531531 
5 0.17787742899850523 0.45157657657657657 0.09865470852017937 0.06306306306306306 
5 0.1625560538116592 0.4642454954954955 0.1038863976083707 0.06587837837837837 
5 0.17526158445440956 0.5641891891891891 0.07399103139013453 0.05405405405405406 
5 0.398729446935725 0.6666666666666666 0.06502242152466367 0.08220720720720721 
5 0.21674140508221226 0.5543355855855856 0.08370702541106129 0.07488738738738739 
5 0.23467862481315396 0.5658783783783784 0.07922272047832586 0.0686936936936937 
5 0.27840059790732435 0.6089527027027027 0.06651718983557549 0.05686936936936937 
5 0.2922272047832586 0.6235923423423423 0.06427503736920777 0.05912162162162162 
5 0.3146487294469357 0.6334459459459459 0.053811659192825115 0.05630630630630631 
5 0.34267563527653216 0.6348536036036037 0.06950672645739911 0.07826576576576577 
5 0.3796711509715994 0.6542792792792793 0.0687593423019432 0.07657657657657657 
5 0.6846038863976084 0.670045045045045 0.10762331838565023 0.04954954954954955 
4 0.5904334828101644 0.5627815315315315 0.026905829596412557 0.017454954954954954 
5 0.7769058295964125 0.9042792792792793 0.08594917787742899 0.04279279279279279 
4 0.6068759342301944 0.5793918918918919 0.026905829596412557 0.016891891891891893 
5 0.898729446935725 0.051238738738738736 0.07249626307922272 0.060810810810810814 
5 0.9611360239162929 0.054617117117117114 0.07324364723467862 0.06418918918918919 
5 0.9080717488789237 0.03997747747747748 0.0687593423019432 0.0472972972972973 
5 0.9820627802690582 0.11148648648648649 0.03288490284005979 0.037162162162162164 
5 0.9637518684603886 0.024493243243243243 0.02765321375186846 0.014076576576576577 
5 0.9940209267563528 0.030123873873873875 0.013452914798206279 0.018581081081081082 
5 0.9906576980568012 0.05855855855855856 0.01868460388639761 0.028153153153153154 
4 0.6621823617339312 0.12556306306306306 0.02092675635276532 0.02252252252252252 
4 0.5130792227204783 0.3507882882882883 0.020179372197309416 0.02252252252252252 
4 0.8654708520179372 0.07685810810810811 0.029895366218236172 0.018581081081081082 
4 0.8920029895366218 0.11739864864864864 0.02914798206278027 0.018581081081081082 
4 0.9245142002989537 0.16554054054054054 0.028400597907324365 0.018018018018018018 
4 0.8710762331838565 0.08727477477477477 0.033632286995515695 0.02027027027027027 
4 0.8856502242152466 0.10726351351351351 0.029895366218236172 0.018581081081081082 
4 0.9114349775784754 0.1438626126126126 0.02914798206278027 0.01632882882882883 
4 0.9312406576980568 0.1759572072072072 0.029895366218236172 0.018581081081081082 
4 0.9398355754857997 0.18721846846846846 0.032137518684603884 0.020833333333333332 
4 0.522795216741405 0.22325450450450451 0.021674140508221227 0.02533783783783784 
4 0.4615097159940209 0.27561936936936937 0.02466367713004484 0.023085585585585586 
5 0.47159940209267565 0.23536036036036037 0.08370702541106129 0.07995495495495496 
5 0.4312406576980568 0.4189189189189189 0.04484304932735426 0.03490990990990991 
4 0.616965620328849 0.5881193693693694 0.02765321375186846 0.01632882882882883 
5 0.37070254110612855 0.5033783783783784 0.07174887892376682 0.05518018018018018 
5 0.3901345291479821 0.49915540540540543 0.06576980568011959 0.048986486486486486 
4 0.38228699551569506 0.47466216216216217 0.02765321375186846 0.021396396396396396 
5 0.421898355754858 0.481981981981982 0.10986547085201794 0.08220720720720721 
5 0.4278774289985052 0.46621621621621623 0.09491778774289986 0.07094594594594594 
5 0.44805680119581465 0.4583333333333333 0.09192825112107623 0.06981981981981981 
5 0.47234678624813153 0.4527027027027027 0.043348281016442454 0.033783783783783786 
5 0.453288490284006 0.21762387387387389 0.07399103139013453 0.08277027027027027 
4 0.5377428998505231 0.3848536036036036 0.03961136023916293 0.020833333333333332 
4 0.5568011958146487 0.3947072072072072 0.025411061285500747 0.015765765765765764 
4 0.5627802690582959 0.40625 0.028400597907324365 0.017454954954954954 
5 0.5818385650224215 0.4436936936936937 0.044095665171898356 0.024774774774774775 
4 0.5848281016442451 0.45917792792792794 0.03811659192825112 0.02195945945945946 
5 0.3976083707025411 0.19791666666666666 0.08071748878923767 0.07939189189189189 
5 0.41816143497757846 0.20551801801801803 0.07997010463378176 0.08220720720720721 
4 0.2148729446935725 0.18862612612612611 0.02466367713004484 0.02252252252252252 
