5 0.22552083333333334 0.63515625 0.065625 0.04739583333333333 
5 0.0921875 0.42265625 0.09166666666666666 0.019270833333333334 
5 0.296875 0.5286458333333334 0.06145833333333333 0.046875 
5 0.26953125 0.5307291666666667 0.08802083333333334 0.0625 
5 0.2635416666666667 0.54609375 0.08958333333333333 0.06302083333333333 
5 0.25234375 0.5591145833333333 0.0828125 0.0609375 
5 0.24505208333333334 0.571875 0.0890625 0.06458333333333334 
5 0.22942708333333334 0.6 0.0921875 0.065625 
5 0.22109375 0.6135416666666667 0.09010416666666667 0.065625 
5 0.20234375 0.6403645833333333 0.08697916666666666 0.0609375 
5 0.19635416666666666 0.6549479166666666 0.08645833333333333 0.06197916666666667 
4 0.05130208333333333 0.5390625 0.021354166666666667 0.017708333333333333 
4 0.03307291666666667 0.5559895833333334 0.0234375 0.0203125 
4 0.00078125 0.6041666666666666 0.0265625 0.022916666666666665 
4 -0.00546875 0.6161458333333333 0.0265625 0.021875 
4 -0.0046875 0.5260416666666666 0.03125 0.013541666666666667 
5 0.0359375 0.5 0.09895833333333333 0.023958333333333335 
5 0.054947916666666666 0.48072916666666665 0.0953125 0.023958333333333335 
5 0.11927083333333334 0.3880208333333333 0.09479166666666666 0.026041666666666668 
5 0.13385416666666666 0.3697916666666667 0.090625 0.022916666666666665 
5 0.15182291666666667 0.32421875 0.09635416666666667 0.028645833333333332 
5 0.2015625 0.28046875 0.06458333333333334 0.0234375 
5 0.3268229166666667 0.45338541666666665 0.08697916666666666 0.059895833333333336 
5 0.33489583333333334 0.440625 0.090625 0.06145833333333333 
5 0.34296875 0.4265625 0.08489583333333334 0.06145833333333333 
5 0.3536458333333333 0.41302083333333334 0.08333333333333333 0.06041666666666667 
5 0.37526041666666665 0.41041666666666665 0.059895833333333336 0.04479166666666667 
5 0.378125 0.39296875 0.06145833333333333 0.04739583333333333 
5 0.38515625 0.37916666666666665 0.08489583333333334 0.06458333333333334 
5 0.38828125 0.35963541666666665 0.0859375 0.0640625 
5 0.39947916666666666 0.34791666666666665 0.06041666666666667 0.04479166666666667 
5 0.4200520833333333 0.3416666666666667 0.058854166666666666 0.04479166666666667 
5 0.42526041666666664 0.32838541666666665 0.0859375 0.059895833333333336 
5 0.4440104166666667 0.3015625 0.09010416666666667 0.06770833333333333 
5 0.44296875 0.28229166666666666 0.08489583333333334 0.0625 
5 0.45859375 0.2713541666666667 0.08802083333333334 0.06354166666666666 
5 0.471875 0.2565104166666667 0.08645833333333333 0.0609375 
5 0.47994791666666664 0.240625 0.0859375 0.057291666666666664 
5 0.49244791666666665 0.22447916666666667 0.0890625 0.05625 
5 0.06458333333333334 0.46171875 0.08958333333333333 0.024479166666666666 
5 0.08880208333333334 0.440625 0.09322916666666667 0.026041666666666668 
5 0.32890625 0.4752604166666667 0.06197916666666667 0.04739583333333333 
5 0.32265625 0.48984375 0.0609375 0.04739583333333333 
4 0.28619791666666666 0.48333333333333334 0.0203125 0.017708333333333333 
5 0.5549479166666667 0.8666666666666667 0.09010416666666667 0.06041666666666667 
5 0.5817708333333333 0.8203125 0.08854166666666667 0.059375 
5 0.6799479166666667 0.6760416666666667 0.09322916666666667 0.05520833333333333 
5 0.6940104166666666 0.6481770833333333 0.08697916666666666 0.059895833333333336 
5 0.7046875 0.63359375 0.09270833333333334 0.0640625 
4 0.6528645833333333 0.6427083333333333 0.022395833333333334 0.01875 
5 0.5802083333333333 0.8619791666666666 0.06041666666666667 0.04479166666666667 
5 0.6119791666666666 0.8161458333333333 0.06354166666666666 0.04375 
5 0.6598958333333333 0.73984375 0.06458333333333334 0.043229166666666666 
5 0.6833333333333333 0.7138020833333333 0.06354166666666666 0.04010416666666667 
5 0.68671875 0.696875 0.06822916666666666 0.04479166666666667 
5 0.7161458333333334 0.61640625 0.09270833333333334 0.0578125 
5 0.7427083333333333 0.6098958333333333 0.06458333333333334 0.04791666666666667 
4 0.7171875 0.5736979166666667 0.022916666666666665 0.019270833333333334 
5 0.7572916666666667 0.5817708333333333 0.09375 0.06354166666666666 
5 0.7669270833333334 0.5666666666666667 0.09322916666666667 0.06145833333333333 
5 0.7783854166666667 0.5302083333333333 0.08802083333333334 0.06041666666666667 
4 0.8268229166666666 0.8919270833333334 0.0171875 0.022395833333333334 
4 0.17109375 0.34713541666666664 0.022395833333333334 0.013020833333333334 
5 0.7817708333333333 0.5541666666666667 0.06354166666666666 0.04583333333333333 
5 0.8020833333333334 0.5091145833333334 0.03854166666666667 0.030729166666666665 
5 0.28854166666666664 0.5044270833333333 0.08854166666666667 0.059895833333333336 
5 0.5354166666666667 0.52890625 0.0875 0.0609375 
5 0.5291666666666667 0.56328125 0.058333333333333334 0.04635416666666667 
5 0.52734375 0.5796875 0.06614583333333333 0.04791666666666667 
5 0.5049479166666667 0.5848958333333333 0.0890625 0.06458333333333334 
5 0.49921875 0.6203125 0.0671875 0.04791666666666667 
5 0.4903645833333333 0.6346354166666667 0.06197916666666667 0.0453125 
5 0.475 0.6416666666666667 0.058333333333333334 0.04479166666666667 
5 0.46770833333333334 0.6565104166666667 0.06041666666666667 0.0453125 
5 0.45286458333333335 0.6658854166666667 0.06197916666666667 0.0453125 
5 0.45286458333333335 0.6838541666666667 0.0609375 0.04583333333333333 
5 0.45 0.6997395833333333 0.06666666666666667 0.04739583333333333 
5 0.4427083333333333 0.7151041666666667 0.06041666666666667 0.04479166666666667 
5 0.42109375 0.7216145833333333 0.06302083333333333 0.04635416666666667 
5 0.41692708333333334 0.7372395833333333 0.06197916666666667 0.0453125 
5 0.40130208333333334 0.765625 0.0671875 0.04791666666666667 
5 0.3932291666666667 0.778125 0.06770833333333333 0.05 
5 0.4088541666666667 0.8080729166666667 0.03854166666666667 0.030729166666666665 
5 0.3729166666666667 0.7859375 0.03958333333333333 0.03229166666666667 
5 0.54453125 0.5546875 0.06302083333333333 0.046875 
5 0.5739583333333333 0.5140625 0.06354166666666666 0.046875 
5 0.8205729166666667 0.49114583333333334 0.059895833333333336 0.046875 
5 0.5989583333333334 0.49270833333333336 0.0625 0.04791666666666667 
4 0.80390625 0.45364583333333336 0.0234375 0.019791666666666666 
5 0.8393229166666667 0.4552083333333333 0.0609375 0.04583333333333333 
5 0.8619791666666666 0.42942708333333335 0.06875 0.049479166666666664 
5 0.8666666666666667 0.39609375 0.08958333333333333 0.06822916666666666 
5 0.6979166666666666 0.290625 0.09479166666666666 0.06770833333333333 
5 0.6947916666666667 0.32578125 0.0625 0.04635416666666667 
5 0.6875 0.340625 0.06666666666666667 0.04895833333333333 
5 0.67109375 0.3502604166666667 0.059895833333333336 0.0453125 
5 0.66640625 0.3671875 0.06302083333333333 0.046875 
5 0.6557291666666667 0.37942708333333336 0.06145833333333333 0.04635416666666667 
5 0.6361979166666667 0.3848958333333333 0.0859375 0.06145833333333333 
5 0.6419270833333334 0.4075520833333333 0.0609375 0.04635416666666667 
5 0.6325520833333333 0.42135416666666664 0.06510416666666667 0.04791666666666667 
4 0.58125 0.4049479166666667 0.028125 0.0234375 
5 0.6091145833333333 0.44427083333333334 0.09114583333333333 0.06458333333333334 
5 0.5877604166666667 0.4484375 0.09635416666666667 0.06770833333333333 
5 0.6010416666666667 0.4752604166666667 0.0625 0.04635416666666667 
