4 0.045572916666666664 0.7765625 0.0203125 0.010416666666666666 
4 0.0375 0.83984375 0.020833333333333332 0.009895833333333333 
4 0.11145833333333334 0.8395833333333333 0.021875 0.016666666666666666 
4 0.09895833333333333 0.28984375 0.020833333333333332 0.011979166666666667 
4 0.08411458333333334 0.2591145833333333 0.021354166666666667 0.021354166666666667 
4 0.06927083333333334 0.2453125 0.009375 0.019791666666666666 
4 0.03229166666666667 0.05234375 0.011458333333333333 0.022395833333333334 
4 0.03359375 0.013802083333333333 0.009895833333333333 0.0203125 
0 0.86953125 -0.025 0.20260416666666667 0.19791666666666666 
4 0.0953125 0.7809895833333333 0.021875 0.0109375 
4 0.09817708333333333 0.8338541666666667 0.0234375 0.023958333333333335 
4 0.04348958333333333 0.8130208333333333 0.021354166666666667 0.011458333333333333 
4 0.039322916666666666 0.8315104166666667 0.0203125 0.013020833333333334 
4 0.9221354166666667 0.8661458333333333 0.015104166666666667 0.010416666666666666 
4 0.9802083333333333 0.5338541666666666 0.019791666666666666 0.021875 
4 0.9583333333333334 0.509375 0.017708333333333333 0.01875 
4 0.9385416666666667 0.49296875 0.01875 0.0203125 
4 0.8625 0.41380208333333335 0.016666666666666666 0.021354166666666667 
4 0.8484375 0.38333333333333336 0.01875 0.022916666666666665 
4 0.7622395833333333 0.2203125 0.0171875 0.022916666666666665 
4 0.64375 0.08958333333333333 0.015625 0.022916666666666665 
0 0.9450520833333333 0.14453125 0.2203125 0.2015625 
4 0.8182291666666667 0.33046875 0.019791666666666666 0.024479166666666666 
4 0.7916666666666666 0.28151041666666665 0.021875 0.027604166666666666 
4 0.8752604166666667 0.6484375 0.030729166666666665 0.029166666666666667 
4 0.6559895833333333 0.11458333333333333 0.018229166666666668 0.022916666666666665 
4 0.8776041666666666 0.43645833333333334 0.020833333333333332 0.027083333333333334 
4 0.8328125 0.3567708333333333 0.020833333333333332 0.026041666666666668 
4 0.8049479166666667 0.30807291666666664 0.018229166666666668 0.021354166666666667 
4 0.7411458333333333 0.19140625 0.017708333333333333 0.021354166666666667 
4 0.575 0.17317708333333334 0.023958333333333335 0.019270833333333334 
4 0.41067708333333336 0.17161458333333332 0.025520833333333333 0.0234375 
4 0.5955729166666667 0.21432291666666667 0.024479166666666666 0.018229166666666668 
4 0.590625 0.20234375 0.023958333333333335 0.018229166666666668 
4 0.5661458333333333 0.15390625 0.022916666666666665 0.018229166666666668 
4 0.5625 0.14375 0.022916666666666665 0.01875 
4 0.5434895833333333 0.11484375 0.0234375 0.019270833333333334 
4 0.6932291666666667 0.10078125 0.020833333333333332 0.025520833333333333 
4 0.6567708333333333 0.20364583333333333 0.023958333333333335 0.019791666666666666 
4 0.6359375 0.16380208333333332 0.021875 0.0171875 
4 0.6401041666666667 0.17473958333333334 0.021875 0.0171875 
4 0.5885416666666666 0.07708333333333334 0.022916666666666665 0.019791666666666666 
4 0.5346354166666667 0.09322916666666667 0.022395833333333334 0.019791666666666666 
4 0.5125 0.0578125 0.020833333333333332 0.01875 
4 0.5072916666666667 0.04869791666666667 0.020833333333333332 0.018229166666666668 
4 0.503125 0.03854166666666667 0.022916666666666665 0.01875 
4 0.4986979166666667 0.027864583333333335 0.021354166666666667 0.0171875 
4 0.9479166666666666 0.4984375 0.019791666666666666 0.020833333333333332 
4 0.68359375 0.16614583333333333 0.019270833333333334 0.025 
4 0.79453125 0.8549479166666667 0.016145833333333335 0.0171875 
4 0.6205729166666667 0.13567708333333334 0.021354166666666667 0.0171875 
4 0.8752604166666667 0.8270833333333333 0.019270833333333334 0.019791666666666666 
4 0.778125 0.809375 0.020833333333333332 0.021875 
4 0.9057291666666667 0.85703125 0.022916666666666665 0.0234375 
4 0.8903645833333333 0.8450520833333334 0.022395833333333334 0.024479166666666666 
4 0.8830729166666667 0.8354166666666667 0.0203125 0.020833333333333332 
4 0.7864583333333334 0.8484375 0.019791666666666666 0.020833333333333332 
4 0.7651041666666667 0.8260416666666667 0.020833333333333332 0.020833333333333332 
4 0.7731770833333333 0.8346354166666666 0.019270833333333334 0.0203125 
4 0.8177083333333334 0.846875 0.021875 0.022916666666666665 
4 0.8096354166666667 0.8388020833333333 0.021354166666666667 0.022395833333333334 
4 0.78671875 0.8192708333333333 0.021354166666666667 0.020833333333333332 
4 0.8609375 0.8151041666666666 0.01875 0.019791666666666666 
4 0.821875 0.7796875 0.017708333333333333 0.01875 
4 0.8145833333333333 0.7736979166666667 0.019791666666666666 0.021354166666666667 
4 0.8286458333333333 0.7877604166666666 0.020833333333333332 0.022395833333333334 
4 0.70546875 0.43203125 0.0265625 0.0265625 
4 0.70078125 0.4484375 0.024479166666666666 0.023958333333333335 
4 0.6416666666666667 0.3966145833333333 0.021875 0.0203125 
4 0.63125 0.15442708333333333 0.021875 0.018229166666666668 
4 0.6255208333333333 0.14557291666666666 0.020833333333333332 0.0171875 
4 0.6471354166666666 0.18359375 0.019270833333333334 0.0171875 
4 0.65234375 0.19453125 0.022395833333333334 0.019270833333333334 
