12 0.053125 0.41822916666666665 0.007291666666666667 0.025 
12 0.08776041666666666 0.39296875 0.019270833333333334 0.0234375 
12 0.12447916666666667 0.35520833333333335 0.025 0.036458333333333336 
12 0.19765625 0.26197916666666665 0.016145833333333335 0.0375 
12 0.24557291666666667 0.22161458333333334 0.015104166666666667 0.04010416666666667 
12 0.29296875 0.20442708333333334 0.0067708333333333336 0.03802083333333333 
12 0.3776041666666667 0.20677083333333332 0.007291666666666667 0.034375 
12 0.4630208333333333 0.19479166666666667 0.008333333333333333 0.05 
12 0.8856770833333333 0.2604166666666667 0.013020833333333334 0.04375 
4 0.54921875 0.0703125 0.005729166666666666 0.010416666666666666 
4 0.7828125 0.17994791666666668 0.014583333333333334 0.0109375 
4 0.7859375 0.15963541666666667 0.011458333333333333 0.008854166666666666 
4 0.7328125 0.09375 0.009375 0.010416666666666666 
4 0.7 0.06901041666666667 0.010416666666666666 0.013020833333333334 
4 0.7356770833333334 0.12057291666666667 0.011979166666666667 0.013020833333333334 
4 0.6453125 0.18567708333333333 0.011458333333333333 0.0078125 
4 0.6041666666666666 0.17708333333333334 0.0125 0.009375 
4 0.6020833333333333 0.18541666666666667 0.014583333333333334 0.010416666666666666 
4 0.6015625 0.15807291666666667 0.011458333333333333 0.0078125 
4 0.6010416666666667 0.12083333333333333 0.00625 0.010416666666666666 
4 0.5486979166666667 0.1109375 0.005729166666666666 0.010416666666666666 
6 0.49609375 0.11640625 0.0140625 0.008854166666666666 
4 0.45859375 0.09765625 0.0046875 0.011979166666666667 
4 0.32838541666666665 0.08203125 0.0067708333333333336 0.011979166666666667 
4 0.3140625 0.07421875 0.00625 0.0140625 
4 0.29921875 0.10546875 0.005729166666666666 0.0109375 
4 0.23932291666666666 0.09895833333333333 0.005729166666666666 0.0125 
4 0.17265625 0.16302083333333334 0.005729166666666666 0.0125 
4 0.16510416666666666 0.16432291666666668 0.005208333333333333 0.009895833333333333 
4 0.08046875 0.20963541666666666 0.011979166666666667 0.009895833333333333 
5 0.08177083333333333 0.23776041666666667 0.0125 0.0067708333333333336 
4 0.9393229166666667 0.18723958333333332 0.011979166666666667 0.0078125 
4 1.0028645833333334 0.21015625 0.011979166666666667 0.0046875 
4 0.017708333333333333 0.29635416666666664 0.010416666666666666 0.005208333333333333 
12 0.5067708333333333 0.20625 0.015625 0.06145833333333333 
12 0.5705729166666667 0.22786458333333334 0.0067708333333333336 0.019270833333333334 
12 0.40963541666666664 0.18567708333333333 0.015104166666666667 0.013020833333333334 
12 0.16953125 0.28854166666666664 0.0140625 0.019791666666666666 
6 0.4276041666666667 0.16796875 0.005208333333333333 0.009895833333333333 
6 0.42265625 0.1671875 0.0036458333333333334 0.008333333333333333 
6 0.016145833333333335 0.4296875 0.00625 0.008333333333333333 
