4 0.86875 0.8216145833333334 0.011458333333333333 0.0067708333333333336 
4 0.7325520833333333 0.7760416666666666 0.005729166666666666 0.010416666666666666 
4 0.7518229166666667 0.778125 0.011979166666666667 0.008333333333333333 
4 0.7265625 0.8513020833333333 0.0125 0.0067708333333333336 
4 0.7260416666666667 0.8583333333333333 0.011458333333333333 0.005208333333333333 
4 0.7760416666666666 0.8192708333333333 0.011458333333333333 0.005208333333333333 
4 0.7932291666666667 0.8786458333333333 0.005208333333333333 0.0125 
4 0.8 0.8791666666666667 0.00625 0.013541666666666667 
4 0.8049479166666667 0.8794270833333333 0.0046875 0.011979166666666667 
4 0.89921875 0.8903645833333333 0.011979166666666667 0.005729166666666666 
4 0.9002604166666667 0.86875 0.011979166666666667 0.00625 
4 0.9018229166666667 0.8018229166666667 0.011979166666666667 0.0067708333333333336 
4 0.82734375 0.7869791666666667 0.005729166666666666 0.011458333333333333 
4 0.8333333333333334 0.7872395833333333 0.00625 0.011979166666666667 
4 0.82109375 0.7760416666666666 0.005729166666666666 0.010416666666666666 
4 0.8140625 0.7888020833333333 0.00625 0.011979166666666667 
4 0.7815104166666667 0.8776041666666666 0.005729166666666666 0.0125 
4 0.72734375 0.8458333333333333 0.009895833333333333 0.00625 
4 0.7390625 0.77734375 0.00625 0.011979166666666667 
4 0.7828125 0.7786458333333334 0.011458333333333333 0.005208333333333333 
4 0.78203125 0.78515625 0.011979166666666667 0.0046875 
4 0.80703125 0.7893229166666667 0.005729166666666666 0.013020833333333334 
4 0.8200520833333333 0.7875 0.0046875 0.009375 
4 0.8869791666666667 0.80078125 0.011458333333333333 0.005729166666666666 
4 0.7213541666666666 0.7791666666666667 0.00625 0.0125 
4 0.6752604166666667 0.7963541666666667 0.011979166666666667 0.00625 
4 0.653125 0.83671875 0.004166666666666667 0.0109375 
4 0.6190104166666667 0.8630208333333333 0.005729166666666666 0.011458333333333333 
4 0.36822916666666666 0.8552083333333333 0.007291666666666667 0.013541666666666667 
4 0.42239583333333336 0.9109375 0.013541666666666667 0.00625 
4 0.42161458333333335 0.928125 0.013020833333333334 0.005208333333333333 
4 0.42421875 0.8830729166666667 0.0109375 0.005729166666666666 
4 0.53828125 0.96171875 0.011979166666666667 0.005729166666666666 
4 0.5067708333333333 0.9661458333333334 0.011458333333333333 0.005208333333333333 
4 0.371875 0.946875 0.011458333333333333 0.005208333333333333 
4 0.2986979166666667 0.9578125 0.0067708333333333336 0.013541666666666667 
4 0.33828125 0.94453125 0.011979166666666667 0.005729166666666666 
4 0.29375 0.8630208333333333 0.007291666666666667 0.013541666666666667 
4 0.3065104166666667 0.8614583333333333 0.0067708333333333336 0.011458333333333333 
4 0.35546875 0.8559895833333333 0.005729166666666666 0.011979166666666667 
4 0.3611979166666667 0.8557291666666667 0.0067708333333333336 0.0125 
4 0.29401041666666666 0.8729166666666667 0.011979166666666667 0.005208333333333333 
4 0.3921875 0.9057291666666667 0.010416666666666666 0.004166666666666667 
4 0.37161458333333336 0.9411458333333333 0.008854166666666666 0.005208333333333333 
4 0.42213541666666665 0.92265625 0.011979166666666667 0.005729166666666666 
4 0.39010416666666664 0.8502604166666666 0.009375 0.011979166666666667 
4 0.5559895833333334 0.95625 0.011979166666666667 0.005208333333333333 
4 0.5567708333333333 0.9619791666666667 0.010416666666666666 0.005208333333333333 
4 0.5057291666666667 0.95390625 0.010416666666666666 0.005729166666666666 
4 0.64296875 0.9072916666666667 0.0067708333333333336 0.013541666666666667 
4 0.8143229166666667 0.8200520833333333 0.0140625 0.0067708333333333336 
4 0.7994791666666666 0.8197916666666667 0.010416666666666666 0.00625 
4 0.7872395833333333 0.8197916666666667 0.0109375 0.005208333333333333 
4 0.9979166666666667 0.7713541666666667 0.0125 0.00625 
4 0.9552083333333333 0.7151041666666667 0.005208333333333333 0.010416666666666666 
4 0.7286458333333333 0.8395833333333333 0.011458333333333333 0.00625 
4 0.98125 0.7190104166666667 0.005208333333333333 0.0109375 
4 0.7247395833333333 0.8872395833333333 0.0109375 0.005729166666666666 
4 0.93125 0.9463541666666667 0.005208333333333333 0.011458333333333333 
4 0.9013020833333333 0.8565104166666667 0.009895833333333333 0.005729166666666666 
4 0.8989583333333333 0.8838541666666667 0.010416666666666666 0.005208333333333333 
4 0.9494791666666667 0.8041666666666667 0.0125 0.00625 
4 0.9697916666666667 0.80546875 0.011458333333333333 0.0067708333333333336 
12 0.43125 0.6075520833333333 0.10520833333333333 0.0578125 
12 0.40703125 0.7 0.0390625 0.027083333333333334 
5 0.98828125 0.044270833333333336 0.016145833333333335 0.015625 
4 0.8651041666666667 0.7122395833333334 0.005208333333333333 0.0109375 
12 0.7348958333333333 0.16354166666666667 0.06666666666666667 0.06770833333333333 
4 0.9955729166666667 0.039322916666666666 0.0109375 0.013020833333333334 
4 0.76796875 0.278125 0.009895833333333333 0.010416666666666666 
4 0.7307291666666667 0.290625 0.008333333333333333 0.010416666666666666 
5 0.6046875 0.5989583333333334 0.013541666666666667 0.00625 
5 0.5453125 0.5700520833333333 0.010416666666666666 0.013020833333333334 
5 0.5684895833333333 0.4705729166666667 0.0171875 0.008854166666666666 
4 0.5776041666666667 0.4908854166666667 0.011458333333333333 0.005729166666666666 
4 0.6166666666666667 0.47578125 0.011458333333333333 0.005729166666666666 
4 0.6536458333333334 0.653125 0.00625 0.011458333333333333 
4 0.7098958333333333 0.4713541666666667 0.005208333333333333 0.009375 
4 0.8669270833333333 0.40182291666666664 0.009895833333333333 0.009895833333333333 
4 0.9119791666666667 0.4002604166666667 0.011458333333333333 0.011979166666666667 
4 0.8559895833333333 0.4140625 0.011979166666666667 0.011458333333333333 
4 0.8786458333333333 0.38776041666666666 0.0125 0.011979166666666667 
4 0.93671875 0.31015625 0.0109375 0.011979166666666667 
4 0.9135416666666667 0.29322916666666665 0.010416666666666666 0.0125 
4 0.9088541666666666 0.28880208333333335 0.009375 0.011979166666666667 
4 0.9052083333333333 0.2453125 0.010416666666666666 0.0125 
4 0.8578125 0.35 0.010416666666666666 0.0125 
4 0.8526041666666667 0.34661458333333334 0.010416666666666666 0.011979166666666667 
4 0.8479166666666667 0.34375 0.010416666666666666 0.0125 
4 0.8916666666666667 0.25234375 0.0125 0.011979166666666667 
4 0.9419270833333333 0.31197916666666664 0.011979166666666667 0.0125 
4 0.9130208333333333 0.5354166666666667 0.011458333333333333 0.011458333333333333 
4 0.88671875 0.6098958333333333 0.0109375 0.011458333333333333 
4 0.9947916666666666 0.16354166666666667 0.009375 0.011458333333333333 
4 0.9010416666666666 0.41328125 0.013541666666666667 0.0140625 
4 0.8825520833333333 0.3841145833333333 0.0109375 0.0109375 
4 0.8856770833333333 0.43125 0.011979166666666667 0.011458333333333333 
4 0.9333333333333333 0.37864583333333335 0.011458333333333333 0.011458333333333333 
4 0.9205729166666666 0.3921875 0.011979166666666667 0.0125 
4 0.9065104166666667 0.4109375 0.011979166666666667 0.011458333333333333 
