4 0.7372395833333333 0.007291666666666667 0.009895833333333333 0.011458333333333333 
4 0.4432291666666667 0.3190104166666667 0.005208333333333333 0.011979166666666667 
5 0.45234375 0.3203125 0.0078125 0.014583333333333334 
4 0.640625 0.2908854166666667 0.011458333333333333 0.005729166666666666 
5 0.6815104166666667 0.28072916666666664 0.0109375 0.017708333333333333 
6 0.534375 0.4708333333333333 0.005208333333333333 0.011458333333333333 
4 0.06145833333333333 0.13333333333333333 0.010416666666666666 0.00625 
4 0.05625 0.16901041666666666 0.011458333333333333 0.0067708333333333336 
4 0.0484375 0.12161458333333333 0.007291666666666667 0.011979166666666667 
4 0.054427083333333334 0.12135416666666667 0.0046875 0.010416666666666666 
4 0.06067708333333333 0.12083333333333333 0.0046875 0.011458333333333333 
4 0.12708333333333333 0.048177083333333336 0.010416666666666666 0.0067708333333333336 
4 0.1421875 0.0234375 0.0125 0.00625 
4 0.14114583333333333 0.017708333333333333 0.013541666666666667 0.005208333333333333 
4 0.12838541666666667 0.0171875 0.0109375 0.005208333333333333 
4 0.1390625 0.0421875 0.011458333333333333 0.005208333333333333 
4 0.053125 0.1859375 0.011458333333333333 0.00625 
4 0.05963541666666667 0.13880208333333333 0.0109375 0.0067708333333333336 
6 0.5294270833333333 0.45078125 0.005729166666666666 0.0109375 
4 0.0609375 0.14609375 0.013541666666666667 0.005729166666666666 
6 0.5341145833333333 0.4513020833333333 0.0046875 0.011979166666666667 
5 0.2559895833333333 0.12083333333333333 0.018229166666666668 0.009375 
4 0.18151041666666667 0.09817708333333333 0.0067708333333333336 0.013020833333333334 
4 0.21328125 0.10130208333333333 0.005729166666666666 0.011979166666666667 
4 0.20598958333333334 0.10651041666666666 0.0067708333333333336 0.011979166666666667 
4 0.18802083333333333 0.09921875 0.00625 0.011979166666666667 
4 0.10833333333333334 0.12369791666666667 0.007291666666666667 0.013020833333333334 
4 0.05546875 0.16276041666666666 0.0109375 0.0067708333333333336 
4 0.059375 0.15182291666666667 0.0125 0.005729166666666666 
4 0.07447916666666667 0.6106770833333334 0.008333333333333333 0.013020833333333334 
4 0.0765625 0.6002604166666666 0.008333333333333333 0.013020833333333334 
4 0.07083333333333333 0.5979166666666667 0.007291666666666667 0.0125 
4 0.08255208333333333 0.6145833333333334 0.0078125 0.0125 
4 0.06822916666666666 0.61171875 0.00625 0.011979166666666667 
4 0.08828125 0.61328125 0.008854166666666666 0.013020833333333334 
4 0.0453125 0.7239583333333334 0.011458333333333333 0.00625 
4 0.04375 0.7341145833333333 0.009375 0.0046875 
4 0.04296875 0.7403645833333333 0.0109375 0.005729166666666666 
4 0.04140625 0.7609375 0.0109375 0.00625 
4 0.04114583333333333 0.7817708333333333 0.009375 0.004166666666666667 
4 0.040364583333333336 0.7916666666666666 0.0109375 0.00625 
4 0.03958333333333333 0.8020833333333334 0.010416666666666666 0.005208333333333333 
4 0.023958333333333335 0.84921875 0.010416666666666666 0.005729166666666666 
4 0.12317708333333334 0.7268229166666667 0.0109375 0.005729166666666666 
4 0.1234375 0.7333333333333333 0.011458333333333333 0.005208333333333333 
4 0.121875 0.7421875 0.0125 0.00625 
4 0.040625 0.7716145833333333 0.013541666666666667 0.0046875 
4 0.042708333333333334 0.7505208333333333 0.0125 0.005208333333333333 
4 0.071875 0.73984375 0.0125 0.0140625 
4 0.06197916666666667 0.6106770833333334 0.008333333333333333 0.011979166666666667 
4 0.09583333333333334 0.6135416666666667 0.008333333333333333 0.0125 
5 0.7317708333333334 0.13567708333333334 0.00625 0.013020833333333334 
4 0.92890625 0.005989583333333334 0.011979166666666667 0.005729166666666666 
4 0.14010416666666667 0.036458333333333336 0.011458333333333333 0.00625 
12 0.29973958333333334 0.7036458333333333 0.059895833333333336 0.01875 
12 0.34401041666666665 0.6859375 0.10677083333333333 0.07083333333333333 
4 0.09609375 0.021875 0.0109375 0.00625 
4 0.09583333333333334 0.0296875 0.011458333333333333 0.005208333333333333 
4 0.3104166666666667 0.030208333333333334 0.010416666666666666 0.005208333333333333 
4 0.3109375 0.022916666666666665 0.010416666666666666 0.005208333333333333 
4 0.31171875 0.01484375 0.0109375 0.0067708333333333336 
4 0.31276041666666665 0.0026041666666666665 0.0109375 0.005208333333333333 
4 0.23619791666666667 0.016666666666666666 0.009895833333333333 0.005208333333333333 
4 0.17265625 0.03359375 0.0109375 0.0078125 
4 0.17265625 0.01640625 0.0140625 0.0067708333333333336 
4 0.14088541666666668 0.029166666666666667 0.0109375 0.005208333333333333 
4 0.12864583333333332 0.0234375 0.011458333333333333 0.00625 
4 0.12838541666666667 0.029427083333333333 0.0109375 0.005729166666666666 
4 0.14088541666666668 0.0109375 0.009895833333333333 0.00625 
4 0.09557291666666666 0.04453125 0.013020833333333334 0.0067708333333333336 
4 0.09609375 0.034895833333333334 0.009895833333333333 0.005208333333333333 
4 0.07109375 0.8723958333333334 0.011979166666666667 0.00625 
4 0.07213541666666666 0.8473958333333333 0.0109375 0.007291666666666667 
4 0.12317708333333334 0.72109375 0.0109375 0.0067708333333333336 
4 0.06354166666666666 0.59921875 0.010416666666666666 0.013020833333333334 
4 0.09010416666666667 0.60078125 0.009375 0.013020833333333334 
4 0.09791666666666667 0.6020833333333333 0.009375 0.0125 
4 0.19401041666666666 0.10104166666666667 0.005729166666666666 0.011458333333333333 
4 0.04921875 0.20885416666666667 0.009895833333333333 0.005208333333333333 
4 0.08567708333333333 0.18359375 0.011979166666666667 0.0067708333333333336 
4 0.11197916666666667 0.1796875 0.010416666666666666 0.00625 
4 0.11223958333333334 0.17291666666666666 0.009895833333333333 0.004166666666666667 
4 0.1125 0.16692708333333334 0.011458333333333333 0.005729166666666666 
4 0.31614583333333335 0.10390625 0.005208333333333333 0.009895833333333333 
4 0.3020833333333333 0.103125 0.005208333333333333 0.010416666666666666 
4 0.32838541666666665 0.10572916666666667 0.005729166666666666 0.010416666666666666 
4 0.3346354166666667 0.10546875 0.005729166666666666 0.0109375 
4 0.3419270833333333 0.10598958333333333 0.005729166666666666 0.0109375 
4 0.21901041666666668 0.103125 0.0046875 0.0125 
4 0.1921875 0.12838541666666667 0.007291666666666667 0.013020833333333334 
4 0.7328125 0.03307291666666667 0.0125 0.0067708333333333336 
4 0.5234375 0.02265625 0.00625 0.011979166666666667 
4 0.5015625 0.17239583333333333 0.0125 0.00625 
4 0.5619791666666667 0.06458333333333334 0.011458333333333333 0.005208333333333333 
4 0.5036458333333333 0.09270833333333334 0.0125 0.005208333333333333 
4 0.5177083333333333 0.15052083333333333 0.00625 0.013541666666666667 
4 0.5895833333333333 0.026302083333333334 0.0125 0.005729166666666666 
4 0.7622395833333333 0.03828125 0.005729166666666666 0.013020833333333334 
4 0.9833333333333333 0.07447916666666667 0.010416666666666666 0.005208333333333333 
4 0.9317708333333333 0.023958333333333335 0.009375 0.005208333333333333 
4 0.93203125 0.031510416666666666 0.011979166666666667 0.0067708333333333336 
4 0.9432291666666667 0.196875 0.008333333333333333 0.011458333333333333 
4 0.9419270833333333 0.18203125 0.013020833333333334 0.0067708333333333336 
4 0.7302083333333333 0.19869791666666667 0.00625 0.0140625 
4 0.728125 0.23072916666666668 0.007291666666666667 0.011458333333333333 
4 0.5903645833333333 0.37552083333333336 0.005729166666666666 0.008333333333333333 
4 0.59765625 0.36953125 0.005729166666666666 0.013020833333333334 
4 0.5575520833333333 0.36171875 0.0046875 0.013020833333333334 
4 0.42864583333333334 0.36354166666666665 0.0125 0.004166666666666667 
4 0.42083333333333334 0.3567708333333333 0.010416666666666666 0.00625 
4 0.43125 0.3580729166666667 0.011458333333333333 0.005729166666666666 
4 0.43020833333333336 0.28541666666666665 0.004166666666666667 0.011458333333333333 
4 0.4739583333333333 0.23359375 0.0125 0.0046875 
12 0.3723958333333333 0.6658854166666667 0.036458333333333336 0.0515625 
4 0.11276041666666667 0.8044270833333333 0.0109375 0.0067708333333333336 
4 0.11484375 0.7916666666666666 0.009895833333333333 0.00625 
4 0.11536458333333334 0.7856770833333333 0.0078125 0.005729166666666666 
4 0.11640625 0.7796875 0.0078125 0.005208333333333333 
4 0.11666666666666667 0.7744791666666667 0.009375 0.005208333333333333 
4 0.1171875 0.7682291666666666 0.008333333333333333 0.004166666666666667 
4 0.11770833333333333 0.7625 0.008333333333333333 0.004166666666666667 
4 0.12057291666666667 0.7559895833333333 0.0109375 0.005729166666666666 
4 0.08333333333333333 0.18932291666666667 0.013541666666666667 0.0078125 
4 0.10989583333333333 0.19947916666666668 0.011458333333333333 0.007291666666666667 
4 0.11614583333333334 0.14296875 0.011458333333333333 0.0078125 
4 0.11536458333333334 0.15520833333333334 0.0109375 0.00625 
12 0.98125 0.3078125 0.009375 0.017708333333333333 
4 0.08151041666666667 0.52578125 0.0046875 0.011979166666666667 
12 0.47552083333333334 0.4791666666666667 0.016666666666666666 0.029166666666666667 
12 0.4393229166666667 0.51796875 0.0140625 0.0515625 
6 0.65546875 0.509375 0.013020833333333334 0.008333333333333333 
12 0.7114583333333333 0.4578125 0.03125 0.04895833333333333 
12 0.75546875 0.43385416666666665 0.0359375 0.052083333333333336 
4 0.7557291666666667 0.2877604166666667 0.009375 0.011979166666666667 
6 0.884375 0.31302083333333336 0.00625 0.009375 
6 0.9552083333333333 0.3190104166666667 0.009375 0.013020833333333334 
12 0.7989583333333333 0.4153645833333333 0.03125 0.04739583333333333 
12 0.8401041666666667 0.38385416666666666 0.03125 0.04375 
12 0.8674479166666667 0.36640625 0.028645833333333332 0.0453125 
12 0.9609375 0.32057291666666665 0.020833333333333332 0.0265625 
