5 0.8802083333333334 0.65234375 0.014583333333333334 0.0078125 
4 0.8700520833333333 0.6557291666666667 0.0046875 0.011458333333333333 
4 0.8807291666666667 0.8697916666666666 0.0125 0.007291666666666667 
4 0.9828125 0.9559895833333333 0.00625 0.011979166666666667 
4 0.9986979166666666 0.9369791666666667 0.0109375 0.00625 
4 0.9981770833333333 0.9299479166666667 0.009895833333333333 0.0046875 
4 0.38333333333333336 0.8578125 0.005208333333333333 0.010416666666666666 
4 0.12552083333333333 0.9177083333333333 0.011458333333333333 0.010416666666666666 
4 0.03229166666666667 0.8221354166666667 0.011458333333333333 0.005729166666666666 
4 0.06510416666666667 0.8270833333333333 0.011458333333333333 0.00625 
4 0.42473958333333334 0.8622395833333333 0.005729166666666666 0.013020833333333334 
4 0.5143229166666666 0.9236979166666667 0.011979166666666667 0.005729166666666666 
4 0.8822916666666667 0.6598958333333333 0.0125 0.007291666666666667 
4 0.8466145833333333 0.6421875 0.0109375 0.005208333333333333 
4 0.9390625 0.6549479166666666 0.0125 0.0067708333333333336 
4 0.8049479166666667 0.7270833333333333 0.0067708333333333336 0.013541666666666667 
4 0.93828125 0.79296875 0.013020833333333334 0.005729166666666666 
4 0.9416666666666667 0.8098958333333334 0.011458333333333333 0.009375 
4 0.5190104166666667 0.8747395833333333 0.013020833333333334 0.005729166666666666 
4 0.6684895833333333 0.8309895833333333 0.0140625 0.005729166666666666 
4 0.6263020833333334 0.83046875 0.0109375 0.005729166666666666 
4 0.1828125 0.9216145833333333 0.009375 0.005729166666666666 
4 0.18307291666666667 0.9276041666666667 0.0109375 0.00625 
4 0.09817708333333333 0.8763020833333334 0.011979166666666667 0.008854166666666666 
12 0.9877604166666667 0.4513020833333333 0.009895833333333333 0.05260416666666667 
12 0.9723958333333333 0.4510416666666667 0.015625 0.052083333333333336 
12 0.93828125 0.44973958333333336 0.011979166666666667 0.05677083333333333 
6 0.93828125 0.45338541666666665 0.0036458333333333334 0.008854166666666666 
6 0.8369791666666667 0.49296875 0.00625 0.016145833333333335 
6 0.7536458333333333 0.5223958333333333 0.005208333333333333 0.007291666666666667 
6 0.76484375 0.5338541666666666 0.005729166666666666 0.008333333333333333 
12 0.9010416666666666 0.45651041666666664 0.0125 0.04635416666666667 
12 0.8666666666666667 0.4661458333333333 0.013541666666666667 0.029166666666666667 
12 0.8442708333333333 0.48020833333333335 0.0125 0.040625 
12 0.8190104166666666 0.4864583333333333 0.009895833333333333 0.052083333333333336 
12 0.7520833333333333 0.5044270833333333 0.015625 0.059895833333333336 
12 0.5135416666666667 0.6348958333333333 0.020833333333333332 0.03229166666666667 
12 0.6809895833333334 0.559375 0.03177083333333333 0.04791666666666667 
12 0.6041666666666666 0.59296875 0.016666666666666666 0.05677083333333333 
12 0.5723958333333333 0.6046875 0.022916666666666665 0.05 
12 0.46770833333333334 0.65 0.019791666666666666 0.058333333333333334 
6 0.011458333333333333 0.6893229166666667 0.005208333333333333 0.0067708333333333336 
6 0.03854166666666667 0.7171875 0.0125 0.0125 
12 0.4296875 0.6466145833333333 0.016666666666666666 0.05572916666666667 
6 0.06901041666666667 0.6971354166666667 0.0078125 0.013020833333333334 
12 0.39765625 0.6354166666666666 0.015104166666666667 0.03333333333333333 
12 0.36041666666666666 0.6328125 0.0125 0.0375 
12 0.30885416666666665 0.6231770833333333 0.013541666666666667 0.024479166666666666 
12 0.26979166666666665 0.6276041666666666 0.013541666666666667 0.041666666666666664 
12 0.23151041666666666 0.6380208333333334 0.0078125 0.03333333333333333 
12 0.19791666666666666 0.6614583333333334 0.011458333333333333 0.0375 
12 0.15833333333333333 0.6830729166666667 0.019791666666666666 0.05572916666666667 
12 0.10963541666666667 0.6958333333333333 0.013020833333333334 0.05625 
12 0.06770833333333333 0.6997395833333333 0.013541666666666667 0.0546875 
6 0.35911458333333335 0.6484375 0.0036458333333333334 0.007291666666666667 
6 0.16822916666666668 0.71484375 0.007291666666666667 0.009895833333333333 
12 0.00859375 0.6927083333333334 0.015104166666666667 0.041666666666666664 
12 0.14140625 0.6875 0.008854166666666666 0.025 
