4 0.9229166666666667 0.16328125 0.005208333333333333 0.0109375 
4 0.9794270833333333 0.08307291666666666 0.0109375 0.009895833333333333 
4 0.9888020833333333 0.1203125 0.008854166666666666 0.008333333333333333 
4 0.9760416666666667 0.15703125 0.011458333333333333 0.009895833333333333 
4 0.95390625 0.16822916666666668 0.0109375 0.009375 
4 0.9869791666666666 0.18255208333333334 0.009375 0.008854166666666666 
4 0.9541666666666667 0.17447916666666666 0.009375 0.007291666666666667 
4 0.9536458333333333 0.19375 0.009375 0.008333333333333333 
4 0.9533854166666667 0.20546875 0.0109375 0.009895833333333333 
4 0.95390625 0.21770833333333334 0.009895833333333333 0.008333333333333333 
4 0.94375 0.17786458333333333 0.005208333333333333 0.009895833333333333 
4 0.9783854166666667 0.09557291666666666 0.013020833333333334 0.009895833333333333 
4 0.9427083333333334 0.18984375 0.005208333333333333 0.009895833333333333 
4 0.9421875 0.20286458333333332 0.005208333333333333 0.0109375 
4 0.940625 0.22630208333333332 0.005208333333333333 0.008854166666666666 
4 0.9388020833333334 0.23984375 0.0046875 0.009895833333333333 
4 0.9377604166666667 0.2520833333333333 0.0046875 0.010416666666666666 
4 0.9380208333333333 0.26484375 0.004166666666666667 0.009895833333333333 
4 0.97421875 0.20546875 0.0109375 0.009895833333333333 
4 0.9841145833333333 0.21796875 0.0109375 0.008854166666666666 
4 0.9747395833333333 0.21875 0.009895833333333333 0.008333333333333333 
4 0.975 0.22473958333333333 0.010416666666666666 0.008854166666666666 
4 0.9885416666666667 0.09557291666666666 0.011458333333333333 0.009895833333333333 
4 0.9877604166666667 0.10182291666666667 0.0109375 0.008854166666666666 
4 0.91015625 0.058333333333333334 0.008854166666666666 0.005208333333333333 
4 0.9859375 0.20052083333333334 0.008333333333333333 0.008333333333333333 
4 0.9848958333333333 0.21223958333333334 0.011458333333333333 0.008854166666666666 
4 0.9111979166666667 0.02109375 0.009895833333333333 0.005729166666666666 
4 0.9213541666666667 0.037760416666666664 0.010416666666666666 0.005729166666666666 
4 0.9205729166666666 0.043229166666666666 0.0109375 0.005208333333333333 
4 0.9216145833333333 0.05364583333333333 0.0109375 0.005208333333333333 
4 0.9203125 0.0640625 0.009375 0.005208333333333333 
4 0.9104166666666667 0.06432291666666666 0.010416666666666666 0.005729166666666666 
4 0.9106770833333333 0.07942708333333333 0.0109375 0.005729166666666666 
4 0.94765625 0.04401041666666667 0.009895833333333333 0.0046875 
4 0.9091145833333333 0.08489583333333334 0.0078125 0.005208333333333333 
4 0.9205729166666666 0.10078125 0.009895833333333333 0.0046875 
4 0.9203125 0.09557291666666666 0.009375 0.0046875 
4 0.9091145833333333 0.11640625 0.0109375 0.005729166666666666 
4 0.9190104166666667 0.121875 0.011979166666666667 0.005208333333333333 
4 0.9447916666666667 0.12838541666666667 0.0125 0.005729166666666666 
4 0.9559895833333333 0.10729166666666666 0.009895833333333333 0.007291666666666667 
4 0.9471354166666667 0.09583333333333334 0.009895833333333333 0.005208333333333333 
4 0.9578125 0.09453125 0.010416666666666666 0.0078125 
4 0.9473958333333333 0.06979166666666667 0.009375 0.005208333333333333 
4 0.98359375 0.23645833333333333 0.008854166666666666 0.008333333333333333 
4 0.9864583333333333 0.15703125 0.0125 0.0109375 
4 0.9838541666666667 0.24869791666666666 0.009375 0.009895833333333333 
4 0.90078125 0.16302083333333334 0.005729166666666666 0.010416666666666666 
4 0.9416666666666667 0.21458333333333332 0.005208333333333333 0.010416666666666666 
4 0.9859375 0.20651041666666667 0.010416666666666666 0.009895833333333333 
4 0.9846354166666667 0.22473958333333333 0.0109375 0.009895833333333333 
4 0.9846354166666667 0.23020833333333332 0.009895833333333333 0.008333333333333333 
4 0.975 0.23072916666666668 0.009375 0.009375 
4 0.9841145833333333 0.24270833333333333 0.008854166666666666 0.008333333333333333 
4 0.97421875 0.23645833333333333 0.011979166666666667 0.010416666666666666 
4 0.97421875 0.24322916666666666 0.0109375 0.009375 
4 0.9731770833333333 0.24817708333333333 0.0109375 0.009895833333333333 
4 0.9734375 0.25546875 0.010416666666666666 0.009895833333333333 
4 0.91171875 0.16223958333333333 0.005729166666666666 0.013020833333333334 
4 0.95234375 0.23567708333333334 0.009895833333333333 0.008854166666666666 
4 0.9515625 0.24817708333333333 0.010416666666666666 0.0078125 
4 0.9515625 0.26588541666666665 0.009375 0.008854166666666666 
4 0.9067708333333333 0.16276041666666666 0.004166666666666667 0.009895833333333333 
4 0.9169270833333333 0.16328125 0.0046875 0.0109375 
4 0.9859375 0.19427083333333334 0.010416666666666666 0.009375 
4 0.95390625 0.18802083333333333 0.008854166666666666 0.008333333333333333 
4 0.9549479166666667 0.18151041666666667 0.009895833333333333 0.008854166666666666 
4 0.975 0.18098958333333334 0.013541666666666667 0.011979166666666667 
4 0.9223958333333333 0.021354166666666667 0.010416666666666666 0.005208333333333333 
4 0.9489583333333333 0.021614583333333333 0.009375 0.005729166666666666 
4 0.9223958333333333 0.027083333333333334 0.010416666666666666 0.004166666666666667 
4 0.9208333333333333 0.03229166666666667 0.009375 0.004166666666666667 
4 0.9098958333333333 0.031510416666666666 0.009375 0.0046875 
4 0.9473958333333333 0.02734375 0.009375 0.0046875 
4 0.94765625 0.032552083333333336 0.011979166666666667 0.0067708333333333336 
4 0.9479166666666666 0.03802083333333333 0.009375 0.005208333333333333 
4 0.9104166666666667 0.0375 0.010416666666666666 0.005208333333333333 
4 0.91015625 0.0421875 0.009895833333333333 0.005208333333333333 
4 0.92109375 0.04791666666666667 0.009895833333333333 0.005208333333333333 
4 0.909375 0.05364583333333333 0.0125 0.005208333333333333 
4 0.9572916666666667 0.125 0.0125 0.010416666666666666 
4 0.9794270833333333 0.08958333333333333 0.0109375 0.009375 
4 0.98046875 0.07838541666666667 0.009895833333333333 0.009895833333333333 
4 0.9895833333333334 0.08359375 0.009375 0.009895833333333333 
4 0.98828125 0.0890625 0.008854166666666666 0.008333333333333333 
4 0.9484375 0.04921875 0.010416666666666666 0.005729166666666666 
4 0.9466145833333334 0.08541666666666667 0.009895833333333333 0.005208333333333333 
4 0.9486979166666667 0.08046875 0.008854166666666666 0.0046875 
4 0.9466145833333334 0.075 0.011979166666666667 0.005208333333333333 
4 0.94765625 0.09088541666666666 0.009895833333333333 0.005729166666666666 
4 0.9869791666666666 0.12578125 0.011458333333333333 0.0109375 
4 0.9447916666666667 0.11692708333333333 0.0125 0.005729166666666666 
4 0.9770833333333333 0.11875 0.011458333333333333 0.009375 
4 0.9770833333333333 0.12578125 0.010416666666666666 0.008854166666666666 
4 0.978125 0.1140625 0.011458333333333333 0.010416666666666666 
4 0.9471354166666667 0.05390625 0.013020833333333334 0.005729166666666666 
4 0.95703125 0.11822916666666666 0.009895833333333333 0.008333333333333333 
4 0.9455729166666667 0.10677083333333333 0.011979166666666667 0.005208333333333333 
4 0.9197916666666667 0.06927083333333334 0.010416666666666666 0.005208333333333333 
4 0.90859375 0.10546875 0.0109375 0.0046875 
4 0.9088541666666666 0.06796875 0.011458333333333333 0.005729166666666666 
4 0.9088541666666666 0.07421875 0.011458333333333333 0.005729166666666666 
4 0.9213541666666667 0.07447916666666667 0.010416666666666666 0.005208333333333333 
4 0.9213541666666667 0.0796875 0.010416666666666666 0.005208333333333333 
4 0.9197916666666667 0.08515625 0.009375 0.0046875 
4 0.9083333333333333 0.08984375 0.014583333333333334 0.005729166666666666 
4 0.9203125 0.09010416666666667 0.009375 0.005208333333333333 
4 0.9083333333333333 0.09505208333333333 0.010416666666666666 0.005729166666666666 
4 0.90859375 0.1 0.0109375 0.005208333333333333 
4 0.9190104166666667 0.10598958333333333 0.009895833333333333 0.0046875 
4 0.90859375 0.11145833333333334 0.0109375 0.005208333333333333 
4 0.9565104166666667 0.10078125 0.013020833333333334 0.0109375 
4 0.9200520833333333 0.11614583333333334 0.009895833333333333 0.004166666666666667 
4 0.9067708333333333 0.12161458333333333 0.010416666666666666 0.0046875 
4 0.9190104166666667 0.12708333333333333 0.009895833333333333 0.005208333333333333 
4 0.9083333333333333 0.12760416666666666 0.008333333333333333 0.004166666666666667 
4 0.9479166666666666 0.05963541666666667 0.011458333333333333 0.005729166666666666 
4 0.946875 0.06458333333333334 0.009375 0.005208333333333333 
4 0.9580729166666667 0.06458333333333334 0.011979166666666667 0.010416666666666666 
4 0.9578125 0.0765625 0.010416666666666666 0.009375 
4 0.9580729166666667 0.08203125 0.009895833333333333 0.0078125 
4 0.9583333333333334 0.08776041666666666 0.009375 0.008854166666666666 
4 0.9692708333333333 0.3515625 0.0125 0.007291666666666667 
4 0.9658854166666667 0.37083333333333335 0.008854166666666666 0.004166666666666667 
4 0.9658854166666667 0.38645833333333335 0.008854166666666666 0.004166666666666667 
4 0.9638020833333333 0.3971354166666667 0.008854166666666666 0.0046875 
4 0.9979166666666667 0.37161458333333336 0.004166666666666667 0.008854166666666666 
4 0.9921875 0.37161458333333336 0.004166666666666667 0.008854166666666666 
4 0.8911458333333333 0.3463541666666667 0.011458333333333333 0.005208333333333333 
4 0.8880208333333334 0.43697916666666664 0.007291666666666667 0.011458333333333333 
4 1.00078125 0.30963541666666666 0.009895833333333333 0.0078125 
4 0.9848958333333333 0.321875 0.010416666666666666 0.007291666666666667 
4 0.890625 0.4049479166666667 0.010416666666666666 0.0067708333333333336 
4 0.96875 0.34661458333333334 0.009375 0.0046875 
4 0.9666666666666667 0.3580729166666667 0.010416666666666666 0.005729166666666666 
4 0.9640625 0.3765625 0.009375 0.005208333333333333 
4 0.9645833333333333 0.3815104166666667 0.010416666666666666 0.0046875 
4 0.9661458333333334 0.3924479166666667 0.013541666666666667 0.005729166666666666 
4 0.9796875 0.32708333333333334 0.010416666666666666 0.005208333333333333 
4 0.97109375 0.33984375 0.008854166666666666 0.005729166666666666 
4 0.9890625 0.3171875 0.011458333333333333 0.008333333333333333 
4 0.99765625 0.41354166666666664 0.0046875 0.009375 
4 0.9947916666666666 0.3125 0.011458333333333333 0.009375 
4 0.8903645833333333 0.3619791666666667 0.009895833333333333 0.005208333333333333 
4 0.8901041666666667 0.39947916666666666 0.009375 0.005208333333333333 
4 0.9046875 0.27890625 0.011458333333333333 0.005729166666666666 
4 0.8385416666666666 0.22786458333333334 0.010416666666666666 0.005729166666666666 
4 0.8375 0.25026041666666665 0.009375 0.0046875 
4 0.8385416666666666 0.24453125 0.009375 0.005729166666666666 
4 0.8369791666666667 0.2557291666666667 0.009375 0.00625 
4 0.8372395833333334 0.26458333333333334 0.009895833333333333 0.005208333333333333 
4 0.83828125 0.2328125 0.0109375 0.005208333333333333 
4 0.8927083333333333 0.27291666666666664 0.010416666666666666 0.004166666666666667 
4 0.8921875 0.2830729166666667 0.011458333333333333 0.0046875 
4 0.8239583333333333 0.21536458333333333 0.010416666666666666 0.0046875 
4 0.8916666666666667 0.29375 0.0125 0.005208333333333333 
4 0.9286458333333333 0.28984375 0.011458333333333333 0.005729166666666666 
4 0.903125 0.28880208333333335 0.008333333333333333 0.0046875 
4 0.9036458333333334 0.2833333333333333 0.008333333333333333 0.005208333333333333 
4 0.8895833333333333 0.2877604166666667 0.008333333333333333 0.0046875 
4 0.9036458333333334 0.29921875 0.009375 0.0046875 
4 0.89296875 0.2786458333333333 0.011979166666666667 0.005208333333333333 
4 0.8916666666666667 0.30963541666666666 0.009375 0.0046875 
4 0.903125 0.3104166666666667 0.009375 0.005208333333333333 
4 0.9033854166666667 0.31536458333333334 0.009895833333333333 0.005729166666666666 
4 0.82421875 0.2203125 0.009895833333333333 0.005208333333333333 
4 0.8234375 0.209375 0.010416666666666666 0.005208333333333333 
4 0.90390625 0.3263020833333333 0.009895833333333333 0.0046875 
4 0.8604166666666667 0.058333333333333334 0.004166666666666667 0.010416666666666666 
4 0.9536458333333333 0.22942708333333334 0.011458333333333333 0.009895833333333333 
4 0.95390625 0.240625 0.011979166666666667 0.010416666666666666 
4 0.9513020833333333 0.25494791666666666 0.009895833333333333 0.0078125 
4 0.9520833333333333 0.259375 0.011458333333333333 0.010416666666666666 
4 0.9518229166666666 0.271875 0.013020833333333334 0.009375 
4 0.9520833333333333 0.27760416666666665 0.009375 0.007291666666666667 
4 0.9505208333333334 0.29010416666666666 0.009375 0.007291666666666667 
4 0.8765625 0.039322916666666666 0.010416666666666666 0.005729166666666666 
4 0.8778645833333333 0.04583333333333333 0.009895833333333333 0.005208333333333333 
4 0.87421875 0.10026041666666667 0.009895833333333333 0.005729166666666666 
4 0.8390625 0.21692708333333333 0.0125 0.005729166666666666 
4 0.8744791666666667 0.10598958333333333 0.011458333333333333 0.005729166666666666 
4 0.8739583333333333 0.12734375 0.011458333333333333 0.005729166666666666 
4 0.8721354166666667 0.13255208333333332 0.009895833333333333 0.0046875 
4 0.87265625 0.13776041666666666 0.009895833333333333 0.0046875 
4 0.8713541666666667 0.14296875 0.008333333333333333 0.0036458333333333334 
4 0.8411458333333334 0.025260416666666667 0.004166666666666667 0.009895833333333333 
4 0.84296875 0.0984375 0.0109375 0.005208333333333333 
4 0.8421875 0.11953125 0.013541666666666667 0.0067708333333333336 
4 0.8723958333333334 0.12161458333333333 0.011458333333333333 0.0067708333333333336 
4 0.840625 0.15911458333333334 0.011458333333333333 0.005729166666666666 
4 0.9033854166666667 0.32057291666666665 0.009895833333333333 0.0046875 
4 0.8911458333333333 0.32526041666666666 0.011458333333333333 0.005729166666666666 
4 0.8919270833333334 0.39348958333333334 0.011979166666666667 0.005729166666666666 
4 0.9208333333333333 0.40572916666666664 0.0125 0.009375 
4 0.928125 0.33151041666666664 0.010416666666666666 0.005729166666666666 
4 0.9286458333333333 0.3416666666666667 0.011458333333333333 0.005208333333333333 
4 0.92734375 0.346875 0.011979166666666667 0.00625 
4 0.92734375 0.35260416666666666 0.009895833333333333 0.004166666666666667 
4 0.9270833333333334 0.3580729166666667 0.010416666666666666 0.0046875 
4 0.92734375 0.36328125 0.009895833333333333 0.0046875 
4 0.9278645833333333 0.3736979166666667 0.009895833333333333 0.0046875 
4 0.9265625 0.37890625 0.010416666666666666 0.0046875 
4 0.9255208333333333 0.38984375 0.009375 0.005729166666666666 
4 0.925 0.3958333333333333 0.011458333333333333 0.00625 
4 0.91875 0.41171875 0.010416666666666666 0.008854166666666666 
4 0.928125 0.3216145833333333 0.009375 0.005729166666666666 
4 0.9177083333333333 0.4171875 0.0125 0.010416666666666666 
4 0.9122395833333333 0.42135416666666664 0.009895833333333333 0.010416666666666666 
4 0.9067708333333333 0.42421875 0.010416666666666666 0.011979166666666667 
4 0.89296875 0.43411458333333336 0.0078125 0.011979166666666667 
4 0.8669270833333333 0.30625 0.008854166666666666 0.005208333333333333 
4 0.86640625 0.32760416666666664 0.0109375 0.00625 
4 0.8653645833333333 0.3463541666666667 0.011979166666666667 0.005208333333333333 
4 0.8645833333333334 0.35703125 0.009375 0.005729166666666666 
4 0.86484375 0.38307291666666665 0.009895833333333333 0.0046875 
4 0.8638020833333333 0.3885416666666667 0.008854166666666666 0.005208333333333333 
4 0.92890625 0.3109375 0.009895833333333333 0.005208333333333333 
4 0.89140625 0.3307291666666667 0.009895833333333333 0.005208333333333333 
4 0.903125 0.33645833333333336 0.011458333333333333 0.005208333333333333 
4 0.86875 0.2986979166666667 0.008333333333333333 0.0046875 
4 0.9033854166666667 0.3424479166666667 0.0109375 0.005729166666666666 
4 0.9026041666666667 0.34713541666666664 0.011458333333333333 0.0046875 
4 0.903125 0.35234375 0.010416666666666666 0.0046875 
4 0.9020833333333333 0.3578125 0.011458333333333333 0.005208333333333333 
4 0.9013020833333333 0.36796875 0.0109375 0.005729166666666666 
4 0.8911458333333333 0.38359375 0.010416666666666666 0.005729166666666666 
4 0.8908854166666667 0.3731770833333333 0.009895833333333333 0.005729166666666666 
4 0.8901041666666667 0.3671875 0.011458333333333333 0.005208333333333333 
4 0.8666666666666667 0.3341145833333333 0.011458333333333333 0.0046875 
4 0.865625 0.34036458333333336 0.009375 0.0046875 
4 0.86484375 0.35078125 0.009895833333333333 0.0046875 
4 0.9010416666666666 0.378125 0.009375 0.005208333333333333 
4 0.86484375 0.3614583333333333 0.008854166666666666 0.005208333333333333 
4 0.8640625 0.36692708333333335 0.008333333333333333 0.0046875 
4 0.8653645833333333 0.37734375 0.0140625 0.005729166666666666 
4 0.8640625 0.3932291666666667 0.008333333333333333 0.005208333333333333 
4 0.8640625 0.4036458333333333 0.010416666666666666 0.005208333333333333 
4 0.8643229166666667 0.40911458333333334 0.008854166666666666 0.0046875 
4 0.8635416666666667 0.41510416666666666 0.010416666666666666 0.005208333333333333 
4 0.8638020833333333 0.4244791666666667 0.013020833333333334 0.005208333333333333 
4 0.8630208333333333 0.43046875 0.010416666666666666 0.0046875 
4 0.8638020833333333 0.41953125 0.009895833333333333 0.0046875 
0 0.5098958333333333 0.17864583333333334 0.15104166666666666 0.12708333333333333 
0 0.8216145833333334 0.6643229166666667 0.13802083333333334 0.15364583333333334 
0 0.4979166666666667 0.6575520833333334 0.153125 0.1328125 
0 0.675 0.6588541666666666 0.13854166666666667 0.15208333333333332 
0 0.20572916666666666 0.23567708333333334 0.12916666666666668 0.12135416666666667 
0 0.18515625 0.39427083333333335 0.1203125 0.12291666666666666 
0 0.19557291666666668 0.52578125 0.1296875 0.11822916666666666 
0 0.17864583333333334 0.684375 0.13229166666666667 0.11979166666666667 
0 0.1765625 0.8166666666666667 0.15 0.12916666666666668 
0 0.15442708333333333 0.97109375 0.15572916666666667 0.14322916666666666 
0 0.6161458333333333 0.9734375 0.096875 0.10625 
0 0.7484375 0.9703125 0.09791666666666667 0.11041666666666666 
4 0.6447916666666667 0.0859375 0.010416666666666666 0.005208333333333333 
4 0.6450520833333333 0.05963541666666667 0.009895833333333333 0.0036458333333333334 
4 0.6442708333333333 0.096875 0.010416666666666666 0.005208333333333333 
4 0.6453125 0.054947916666666666 0.009375 0.005729166666666666 
4 0.6434895833333333 0.08125 0.0109375 0.005208333333333333 
4 0.6434895833333333 0.09166666666666666 0.009895833333333333 0.005208333333333333 
4 0.78515625 0.18515625 0.0036458333333333334 0.009895833333333333 
4 0.6197916666666666 0.08307291666666666 0.004166666666666667 0.008854166666666666 
4 0.6174479166666667 0.13828125 0.0036458333333333334 0.009895833333333333 
4 0.6177083333333333 0.15260416666666668 0.004166666666666667 0.0125 
4 0.6171875 0.165625 0.004166666666666667 0.0125 
4 0.6169270833333333 0.17838541666666666 0.0046875 0.009895833333333333 
4 0.6171875 0.19036458333333334 0.004166666666666667 0.009895833333333333 
4 0.6166666666666667 0.20833333333333334 0.004166666666666667 0.010416666666666666 
4 0.61484375 0.2203125 0.0036458333333333334 0.011458333333333333 
4 0.6145833333333334 0.23489583333333333 0.005208333333333333 0.013541666666666667 
5 0.6231770833333333 0.22005208333333334 0.0046875 0.011979166666666667 
4 0.88046875 0.79765625 0.0109375 0.005729166666666666 
4 0.8747395833333333 0.5598958333333334 0.0046875 0.008333333333333333 
4 0.9083333333333333 0.6138020833333333 0.013541666666666667 0.005729166666666666 
4 0.90625 0.63515625 0.0125 0.005729166666666666 
4 0.9072916666666667 0.6515625 0.009375 0.005208333333333333 
4 0.9052083333333333 0.6565104166666667 0.007291666666666667 0.0046875 
4 0.90625 0.66171875 0.011458333333333333 0.0046875 
4 0.9057291666666667 0.6778645833333333 0.011458333333333333 0.0046875 
4 0.9052083333333333 0.6885416666666667 0.011458333333333333 0.005208333333333333 
4 0.9065104166666667 0.6830729166666667 0.011979166666666667 0.0046875 
4 0.9049479166666666 0.6934895833333333 0.011979166666666667 0.0046875 
4 0.7317708333333334 0.7473958333333334 0.005208333333333333 0.010416666666666666 
4 0.7544270833333333 0.7502604166666667 0.0046875 0.009895833333333333 
4 0.76015625 0.7518229166666667 0.0046875 0.013020833333333334 
4 0.7486979166666666 0.7520833333333333 0.0046875 0.010416666666666666 
4 0.74296875 0.7502604166666667 0.005729166666666666 0.011979166666666667 
4 0.7244791666666667 0.7479166666666667 0.00625 0.011458333333333333 
4 0.63203125 0.7471354166666667 0.0046875 0.009895833333333333 
4 0.6263020833333334 0.74609375 0.0046875 0.009895833333333333 
4 0.6 0.7455729166666667 0.005208333333333333 0.009895833333333333 
5 0.6919270833333333 0.8901041666666667 0.0421875 0.008333333333333333 
4 0.6143229166666667 0.2484375 0.0046875 0.009375 
5 0.7177083333333333 0.26328125 0.004166666666666667 0.009895833333333333 
4 0.7643229166666666 0.428125 0.0046875 0.010416666666666666 
4 0.8119791666666667 0.4041666666666667 0.005208333333333333 0.010416666666666666 
4 0.80625 0.40546875 0.005208333333333333 0.011979166666666667 
4 0.790625 0.40390625 0.005208333333333333 0.011979166666666667 
4 0.8294270833333334 0.42942708333333335 0.0046875 0.0109375 
4 0.8244791666666667 0.42890625 0.005208333333333333 0.0109375 
4 0.79765625 0.42916666666666664 0.0046875 0.009375 
4 0.7807291666666667 0.42942708333333335 0.004166666666666667 0.0078125 
4 0.79140625 0.4283854166666667 0.005729166666666666 0.011979166666666667 
4 0.8028645833333333 0.4278645833333333 0.0046875 0.009895833333333333 
4 0.7700520833333333 0.42916666666666664 0.0046875 0.008333333333333333 
4 0.759375 0.428125 0.004166666666666667 0.010416666666666666 
4 0.8221354166666667 0.40520833333333334 0.0046875 0.011458333333333333 
4 0.7544270833333333 0.4276041666666667 0.0046875 0.010416666666666666 
4 0.7380208333333333 0.42578125 0.005208333333333333 0.0109375 
4 0.73125 0.4265625 0.004166666666666667 0.009375 
4 0.7205729166666667 0.4265625 0.0046875 0.010416666666666666 
4 0.6994791666666667 0.42526041666666664 0.005208333333333333 0.009895833333333333 
4 0.66953125 0.42526041666666664 0.0046875 0.009895833333333333 
4 0.6893229166666667 0.44036458333333334 0.0046875 0.009895833333333333 
4 0.6950520833333333 0.4401041666666667 0.0046875 0.008333333333333333 
4 0.68203125 0.4401041666666667 0.0046875 0.009375 
4 0.8166666666666667 0.4049479166666667 0.005208333333333333 0.009895833333333333 
4 0.8276041666666667 0.403125 0.004166666666666667 0.010416666666666666 
5 0.7130208333333333 0.2630208333333333 0.003125 0.010416666666666666 
4 0.5940104166666667 0.33567708333333335 0.009895833333333333 0.0046875 
5 0.7075520833333333 0.26276041666666666 0.0046875 0.0109375 
5 0.6973958333333333 0.26197916666666665 0.005208333333333333 0.010416666666666666 
5 0.6921875 0.26197916666666665 0.005208333333333333 0.010416666666666666 
4 0.6182291666666667 0.12734375 0.004166666666666667 0.011979166666666667 
4 0.5950520833333334 0.2875 0.0109375 0.005208333333333333 
4 0.5955729166666667 0.29791666666666666 0.009895833333333333 0.005208333333333333 
4 0.5955729166666667 0.3033854166666667 0.009895833333333333 0.0046875 
4 0.5950520833333334 0.31875 0.0109375 0.005208333333333333 
4 0.5953125 0.32395833333333335 0.010416666666666666 0.005208333333333333 
4 0.5953125 0.3294270833333333 0.010416666666666666 0.0046875 
4 0.640625 0.29140625 0.010416666666666666 0.005729166666666666 
5 0.8130208333333333 0.4283854166666667 0.005208333333333333 0.011979166666666667 
4 0.6458333333333334 0.3296875 0.011458333333333333 0.00625 
4 0.6424479166666667 0.35208333333333336 0.0109375 0.005208333333333333 
4 0.6421875 0.36744791666666665 0.011458333333333333 0.0067708333333333336 
4 0.64375 0.3736979166666667 0.0125 0.0046875 
4 0.71484375 0.28177083333333336 0.009895833333333333 0.005208333333333333 
4 0.6895833333333333 0.4010416666666667 0.00625 0.011458333333333333 
4 0.65703125 0.39947916666666666 0.005729166666666666 0.010416666666666666 
4 0.65078125 0.39921875 0.0046875 0.009895833333333333 
4 0.6427083333333333 0.39947916666666666 0.005208333333333333 0.010416666666666666 
5 0.7244791666666667 0.4036458333333333 0.009375 0.011458333333333333 
4 0.8684895833333334 0.5713541666666667 0.0046875 0.009375 
4 0.57890625 0.7447916666666666 0.0046875 0.009375 
4 0.78515625 0.48541666666666666 0.0046875 0.009375 
4 0.79609375 0.4864583333333333 0.0046875 0.009375 
4 0.82734375 0.4869791666666667 0.0046875 0.009375 
4 0.72734375 0.48411458333333335 0.0046875 0.009895833333333333 
4 0.7065104166666667 0.48385416666666664 0.0036458333333333334 0.010416666666666666 
4 0.7177083333333333 0.46822916666666664 0.005208333333333333 0.009375 
4 0.7119791666666667 0.4674479166666667 0.005208333333333333 0.009895833333333333 
5 0.7752604166666667 0.46927083333333336 0.0046875 0.010416666666666666 
5 0.77890625 0.5036458333333333 0.016145833333333335 0.00625 
4 0.58984375 0.7453125 0.0046875 0.010416666666666666 
4 0.584375 0.7447916666666666 0.004166666666666667 0.009375 
4 0.7494791666666667 0.46848958333333335 0.005208333333333333 0.009895833333333333 
4 0.57421875 0.74453125 0.0046875 0.0109375 
4 0.5635416666666667 0.7450520833333333 0.004166666666666667 0.0109375 
4 0.5580729166666667 0.7434895833333334 0.0036458333333333334 0.008854166666666666 
4 0.553125 0.7442708333333333 0.004166666666666667 0.010416666666666666 
4 0.5421875 0.74453125 0.004166666666666667 0.008854166666666666 
4 0.5372395833333333 0.7432291666666667 0.0036458333333333334 0.009375 
4 0.53125 0.7434895833333334 0.005208333333333333 0.011979166666666667 
4 0.51171875 0.7361979166666667 0.0046875 0.009895833333333333 
4 0.50546875 0.7369791666666666 0.005729166666666666 0.0125 
4 0.49973958333333335 0.7359375 0.0046875 0.010416666666666666 
4 0.7580729166666667 0.48541666666666666 0.0046875 0.009375 
4 0.7549479166666667 0.46901041666666665 0.005729166666666666 0.009895833333333333 
4 0.48359375 0.7341145833333333 0.0046875 0.008854166666666666 
5 0.7822916666666667 0.44427083333333334 0.005208333333333333 0.0125 
4 0.6690104166666667 0.43984375 0.0046875 0.008854166666666666 
5 0.7481770833333333 0.42604166666666665 0.005729166666666666 0.0125 
4 0.71015625 0.42630208333333336 0.0046875 0.008854166666666666 
4 0.72578125 0.42578125 0.0046875 0.0109375 
4 0.6942708333333333 0.42526041666666664 0.004166666666666667 0.009895833333333333 
4 0.6888020833333334 0.425 0.0046875 0.010416666666666666 
4 0.66328125 0.42578125 0.0046875 0.008854166666666666 
4 0.7231770833333333 0.44192708333333336 0.0046875 0.009895833333333333 
4 0.7442708333333333 0.44192708333333336 0.004166666666666667 0.009895833333333333 
4 0.7713541666666667 0.4434895833333333 0.005208333333333333 0.009895833333333333 
4 0.79140625 0.4440104166666667 0.0046875 0.009895833333333333 
4 0.7604166666666666 0.46953125 0.004166666666666667 0.008854166666666666 
4 0.7971354166666667 0.44375 0.0046875 0.009375 
4 0.80703125 0.4440104166666667 0.0046875 0.009895833333333333 
4 0.8125 0.44427083333333334 0.004166666666666667 0.009375 
4 0.81796875 0.4440104166666667 0.0036458333333333334 0.008854166666666666 
4 0.8283854166666667 0.44427083333333334 0.0046875 0.009375 
4 0.8122395833333333 0.4708333333333333 0.0046875 0.009375 
4 0.7966145833333333 0.46979166666666666 0.005729166666666666 0.011458333333333333 
4 0.79140625 0.4703125 0.0046875 0.009375 
4 0.7861979166666667 0.4705729166666667 0.0046875 0.008854166666666666 
4 0.7651041666666667 0.46979166666666666 0.005208333333333333 0.009375 
4 0.49453125 0.7348958333333333 0.0036458333333333334 0.010416666666666666 
5 0.54140625 0.4127604166666667 0.0046875 0.0109375 
4 0.73359375 0.44192708333333336 0.0046875 0.009895833333333333 
4 0.38255208333333335 0.9432291666666667 0.005729166666666666 0.011458333333333333 
5 0.265625 0.5901041666666667 0.011458333333333333 0.005208333333333333 
4 0.2643229166666667 0.596875 0.008854166666666666 0.005208333333333333 
4 0.2609375 0.7744791666666667 0.010416666666666666 0.004166666666666667 
4 0.2604166666666667 0.7692708333333333 0.009375 0.005208333333333333 
4 0.25078125 0.8682291666666667 0.0109375 0.00625 
5 0.4114583333333333 0.95 0.005208333333333333 0.0125 
4 0.41171875 0.9375 0.0036458333333333334 0.010416666666666666 
4 0.565625 0.87421875 0.010416666666666666 0.0046875 
4 0.26875 0.47942708333333334 0.010416666666666666 0.0046875 
4 0.2864583333333333 0.038802083333333334 0.009375 0.0046875 
4 0.2864583333333333 0.007291666666666667 0.009375 0.004166666666666667 
4 0.26901041666666664 0.44557291666666665 0.011979166666666667 0.005729166666666666 
4 0.26015625 0.7424479166666667 0.008854166666666666 0.0046875 
4 0.6549479166666666 0.19713541666666667 0.0078125 0.0140625 
4 0.875 0.09479166666666666 0.009375 0.005208333333333333 
4 0.4328125 0.27109375 0.011458333333333333 0.0046875 
4 0.4322916666666667 0.24192708333333332 0.011458333333333333 0.005729166666666666 
4 0.4322916666666667 0.23541666666666666 0.008333333333333333 0.004166666666666667 
4 0.26796875 0.48541666666666666 0.009895833333333333 0.005208333333333333 
4 0.27005208333333336 0.45234375 0.009895833333333333 0.0046875 
4 0.5356770833333333 0.41171875 0.0036458333333333334 0.008854166666666666 
4 0.43255208333333334 0.27708333333333335 0.0109375 0.005208333333333333 
4 0.5036458333333333 0.4119791666666667 0.004166666666666667 0.010416666666666666 
4 0.4934895833333333 0.4127604166666667 0.0046875 0.0109375 
4 0.5200520833333333 0.4125 0.0036458333333333334 0.010416666666666666 
4 0.5145833333333333 0.4127604166666667 0.005208333333333333 0.0109375 
4 0.5096354166666667 0.4127604166666667 0.0046875 0.0109375 
4 0.4830729166666667 0.4125 0.0046875 0.011458333333333333 
4 0.44427083333333334 0.41171875 0.010416666666666666 0.005729166666666666 
4 0.42890625 0.37526041666666665 0.009895833333333333 0.0046875 
4 0.6177083333333333 0.40260416666666665 0.009375 0.011458333333333333 
4 0.4466145833333333 0.28229166666666666 0.009895833333333333 0.007291666666666667 
4 0.43671875 0.13671875 0.0109375 0.005729166666666666 
4 0.2760416666666667 0.33229166666666665 0.009375 0.005208333333333333 
4 0.43776041666666665 0.09505208333333333 0.011979166666666667 0.005729166666666666 
4 0.27760416666666665 0.30442708333333335 0.009375 0.005729166666666666 
4 0.7278645833333334 0.44192708333333336 0.0046875 0.009895833333333333 
4 0.7393229166666667 0.44244791666666666 0.0046875 0.008854166666666666 
4 0.7502604166666667 0.44296875 0.0036458333333333334 0.008854166666666666 
4 0.7119791666666667 0.48385416666666664 0.004166666666666667 0.009375 
4 0.82421875 0.5479166666666667 0.011979166666666667 0.00625 
4 0.825 0.5356770833333333 0.008333333333333333 0.0046875 
4 0.8260416666666667 0.5283854166666667 0.009375 0.0046875 
4 0.8169270833333333 0.4864583333333333 0.0046875 0.009375 
4 0.821875 0.4869791666666667 0.004166666666666667 0.010416666666666666 
4 0.8111979166666666 0.4864583333333333 0.0046875 0.009375 
4 0.80625 0.4864583333333333 0.004166666666666667 0.009375 
4 0.74296875 0.48411458333333335 0.0046875 0.009895833333333333 
4 0.7377604166666667 0.484375 0.0046875 0.008333333333333333 
4 0.7328125 0.48385416666666664 0.004166666666666667 0.009375 
4 0.7286458333333333 0.46770833333333334 0.004166666666666667 0.009375 
4 0.7229166666666667 0.46796875 0.004166666666666667 0.008854166666666666 
4 0.7065104166666667 0.4674479166666667 0.0046875 0.008854166666666666 
4 0.73828125 0.46796875 0.0046875 0.008854166666666666 
4 0.7440104166666667 0.46796875 0.0046875 0.0109375 
4 0.7703125 0.46927083333333336 0.004166666666666667 0.009375 
4 0.8067708333333333 0.47109375 0.004166666666666667 0.009895833333333333 
4 0.8171875 0.471875 0.004166666666666667 0.009375 
4 0.8223958333333333 0.4705729166666667 0.004166666666666667 0.009895833333333333 
4 0.8276041666666667 0.47161458333333334 0.004166666666666667 0.009895833333333333 
4 0.76015625 0.44244791666666666 0.0046875 0.008854166666666666 
4 0.8244791666666667 0.5627604166666667 0.010416666666666666 0.0046875 
4 0.884375 0.5604166666666667 0.005208333333333333 0.010416666666666666 
4 0.8776041666666666 0.5942708333333333 0.005208333333333333 0.011458333333333333 
4 0.9955729166666667 0.440625 0.0046875 0.010416666666666666 
4 0.9901041666666667 0.4388020833333333 0.005208333333333333 0.011979166666666667 
4 0.9635416666666666 0.4036458333333333 0.009375 0.004166666666666667 
4 0.98671875 0.47708333333333336 0.0046875 0.010416666666666666 
4 0.98203125 0.47708333333333336 0.005729166666666666 0.010416666666666666 
4 0.9765625 0.47708333333333336 0.00625 0.010416666666666666 
4 0.9708333333333333 0.47708333333333336 0.005208333333333333 0.009375 
4 0.9661458333333334 0.47760416666666666 0.005208333333333333 0.010416666666666666 
4 0.97578125 0.48723958333333334 0.0046875 0.0109375 
4 0.9703125 0.48776041666666664 0.004166666666666667 0.009895833333333333 
4 0.9966145833333333 0.51328125 0.0036458333333333334 0.009895833333333333 
4 0.9859375 0.51328125 0.004166666666666667 0.0109375 
4 0.9755208333333333 0.5114583333333333 0.005208333333333333 0.010416666666666666 
4 0.9703125 0.5127604166666667 0.005208333333333333 0.0109375 
4 0.94921875 0.5229166666666667 0.0046875 0.009375 
4 0.9536458333333333 0.5223958333333333 0.004166666666666667 0.009375 
4 0.9596354166666666 0.5223958333333333 0.0046875 0.009375 
4 0.96484375 0.5239583333333333 0.0036458333333333334 0.011458333333333333 
4 0.9908854166666666 0.5244791666666667 0.0046875 0.009375 
4 0.99609375 0.5239583333333333 0.0036458333333333334 0.009375 
4 0.9276041666666667 0.4752604166666667 0.008333333333333333 0.0078125 
4 0.9971354166666667 0.48802083333333335 0.0046875 0.010416666666666666 
4 0.9919270833333333 0.48723958333333334 0.0036458333333333334 0.009895833333333333 
4 0.98671875 0.48776041666666664 0.0036458333333333334 0.009895833333333333 
4 0.9817708333333334 0.4875 0.005208333333333333 0.010416666666666666 
4 0.965625 0.48671875 0.004166666666666667 0.0078125 
4 0.9604166666666667 0.4869791666666667 0.004166666666666667 0.0125 
4 0.91953125 0.48932291666666666 0.008854166666666666 0.0078125 
4 0.9177083333333333 0.4940104166666667 0.010416666666666666 0.008854166666666666 
4 0.91484375 0.49895833333333334 0.0109375 0.009375 
4 0.9088541666666666 0.5080729166666667 0.009375 0.0067708333333333336 
4 0.9809895833333333 0.51328125 0.0046875 0.009895833333333333 
4 0.9596354166666666 0.5122395833333333 0.0046875 0.008854166666666666 
4 0.99140625 0.5130208333333334 0.0046875 0.010416666666666666 
4 0.99765625 0.47734375 0.0046875 0.0109375 
4 0.9971354166666667 0.4010416666666667 0.005729166666666666 0.0125 
4 0.9921875 0.35963541666666665 0.004166666666666667 0.009895833333333333 
4 0.9986979166666666 0.36223958333333334 0.0036458333333333334 0.009895833333333333 
4 1.0020833333333334 0.33307291666666666 0.010416666666666666 0.013020833333333334 
4 0.9955729166666667 0.4515625 0.0046875 0.010416666666666666 
4 0.9903645833333333 0.45 0.0046875 0.009375 
4 0.9846354166666667 0.44921875 0.0046875 0.009895833333333333 
4 0.9794270833333333 0.45026041666666666 0.0046875 0.008854166666666666 
4 0.9846354166666667 0.4395833333333333 0.0046875 0.011458333333333333 
4 0.9919270833333333 0.41354166666666664 0.0046875 0.010416666666666666 
4 0.8669270833333333 0.5953125 0.0046875 0.009375 
4 0.9354166666666667 0.5958333333333333 0.005208333333333333 0.009375 
5 0.9940104166666667 0.5984375 0.0067708333333333336 0.0125 
4 0.97265625 0.634375 0.005729166666666666 0.013541666666666667 
4 0.9515625 0.6205729166666667 0.005208333333333333 0.0109375 
5 0.9463541666666667 0.6322916666666667 0.005208333333333333 0.014583333333333334 
4 0.9348958333333334 0.6317708333333333 0.005208333333333333 0.009375 
4 0.9877604166666667 0.6346354166666667 0.005729166666666666 0.0109375 
4 0.9419270833333333 0.584375 0.0046875 0.010416666666666666 
4 0.9973958333333334 0.66015625 0.005208333333333333 0.0109375 
4 0.9919270833333333 0.6606770833333333 0.0046875 0.009895833333333333 
4 0.9653645833333333 0.66171875 0.0046875 0.009895833333333333 
4 0.9596354166666666 0.66015625 0.0046875 0.009895833333333333 
4 0.95546875 0.6596354166666667 0.0046875 0.009895833333333333 
4 0.95 0.6598958333333333 0.004166666666666667 0.011458333333333333 
4 0.9549479166666667 0.6703125 0.0046875 0.010416666666666666 
4 0.9361979166666666 0.5838541666666667 0.0046875 0.009375 
4 0.9471354166666667 0.5846354166666666 0.0046875 0.0109375 
4 0.9442708333333333 0.6697916666666667 0.004166666666666667 0.009375 
4 0.97421875 0.5606770833333333 0.0036458333333333334 0.008854166666666666 
4 0.9794270833333333 0.5611979166666666 0.0046875 0.009895833333333333 
4 0.9846354166666667 0.5606770833333333 0.0046875 0.0109375 
4 0.98984375 0.56171875 0.005729166666666666 0.0109375 
4 0.9955729166666667 0.5609375 0.0046875 0.009375 
4 0.9572916666666667 0.5854166666666667 0.005208333333333333 0.0125 
4 0.9950520833333333 0.5864583333333333 0.005729166666666666 0.010416666666666666 
4 0.9895833333333334 0.5869791666666667 0.005208333333333333 0.010416666666666666 
4 0.97890625 0.5872395833333334 0.0046875 0.009895833333333333 
4 0.9736979166666667 0.5872395833333334 0.005729166666666666 0.009895833333333333 
4 0.9682291666666667 0.5846354166666666 0.005208333333333333 0.011979166666666667 
4 0.9630208333333333 0.5854166666666667 0.004166666666666667 0.010416666666666666 
4 0.9494791666666667 0.67109375 0.004166666666666667 0.009895833333333333 
4 0.9651041666666667 0.6716145833333333 0.004166666666666667 0.008854166666666666 
4 0.9638020833333333 0.5604166666666667 0.0046875 0.009375 
4 0.8794270833333333 0.559375 0.0046875 0.010416666666666666 
4 0.88046875 0.52734375 0.0046875 0.009895833333333333 
4 0.8859375 0.5278645833333333 0.005208333333333333 0.009895833333333333 
4 0.8747395833333333 0.5268229166666667 0.0046875 0.009895833333333333 
4 0.8690104166666667 0.5263020833333333 0.0046875 0.009895833333333333 
4 0.8638020833333333 0.5265625 0.0046875 0.008333333333333333 
4 0.8583333333333333 0.5265625 0.004166666666666667 0.009375 
4 0.8953125 0.5611979166666666 0.004166666666666667 0.009895833333333333 
4 0.88984375 0.5596354166666667 0.0046875 0.009895833333333333 
4 0.8690104166666667 0.5591145833333333 0.0046875 0.008854166666666666 
4 0.8638020833333333 0.5588541666666667 0.0046875 0.009375 
4 0.8578125 0.55859375 0.005208333333333333 0.0109375 
4 0.89609375 0.52890625 0.005729166666666666 0.0109375 
4 0.8895833333333333 0.571875 0.004166666666666667 0.009375 
4 0.8739583333333333 0.5705729166666667 0.004166666666666667 0.008854166666666666 
4 0.8625 0.5708333333333333 0.005208333333333333 0.010416666666666666 
4 0.9096354166666667 0.5716145833333334 0.009895833333333333 0.0046875 
4 0.9088541666666666 0.57734375 0.0125 0.005729166666666666 
4 0.9078125 0.5830729166666667 0.009375 0.0046875 
4 0.9091145833333333 0.5877604166666667 0.009895833333333333 0.0046875 
4 0.9078125 0.59296875 0.009375 0.0046875 
4 0.9080729166666667 0.6033854166666667 0.013020833333333334 0.005729166666666666 
4 0.8606770833333334 0.5947916666666667 0.0046875 0.009375 
4 0.890625 0.5278645833333333 0.004166666666666667 0.009895833333333333 
4 0.909375 0.56171875 0.011458333333333333 0.005729166666666666 
4 0.9520833333333333 0.434375 0.0125 0.009375 
4 0.9341145833333333 0.6703125 0.005729166666666666 0.010416666666666666 
4 0.9333333333333333 0.6591145833333333 0.004166666666666667 0.008854166666666666 
5 0.96640625 0.3645833333333333 0.013020833333333334 0.007291666666666667 
5 0.9625 0.4080729166666667 0.0125 0.008854166666666666 
4 0.96015625 0.4140625 0.0109375 0.007291666666666667 
4 0.9588541666666667 0.4200520833333333 0.010416666666666666 0.0067708333333333336 
5 0.95703125 0.4239583333333333 0.013020833333333334 0.009375 
4 0.9541666666666667 0.42916666666666664 0.009375 0.007291666666666667 
4 0.95 0.43854166666666666 0.010416666666666666 0.008333333333333333 
5 0.90859375 0.5567708333333333 0.011979166666666667 0.005208333333333333 
4 0.94765625 0.4432291666666667 0.0109375 0.009375 
4 0.9302083333333333 0.471875 0.010416666666666666 0.009375 
4 0.925 0.48046875 0.011458333333333333 0.009895833333333333 
4 0.92265625 0.48515625 0.011979166666666667 0.009895833333333333 
5 0.9135416666666667 0.5041666666666667 0.014583333333333334 0.010416666666666666 
4 0.9088541666666666 0.52578125 0.008333333333333333 0.0036458333333333334 
5 0.9104166666666667 0.53046875 0.013541666666666667 0.005729166666666666 
4 0.909375 0.5408854166666667 0.010416666666666666 0.0046875 
4 0.9096354166666667 0.54609375 0.009895833333333333 0.0046875 
4 0.9083333333333333 0.55078125 0.009375 0.0046875 
4 0.9692708333333333 0.5609375 0.005208333333333333 0.010416666666666666 
4 0.9427083333333334 0.5598958333333334 0.004166666666666667 0.009375 
4 0.98125 0.6721354166666667 0.005208333333333333 0.013020833333333334 
4 0.9575520833333333 0.6328125 0.0046875 0.009375 
4 0.9973958333333334 0.6721354166666667 0.004166666666666667 0.009895833333333333 
4 0.9919270833333333 0.67265625 0.0046875 0.009895833333333333 
4 0.9869791666666666 0.6609375 0.005208333333333333 0.010416666666666666 
4 0.9815104166666667 0.6598958333333333 0.0046875 0.009375 
4 0.9760416666666667 0.6606770833333333 0.005208333333333333 0.011979166666666667 
4 0.9713541666666666 0.6604166666666667 0.004166666666666667 0.009375 
4 0.9760416666666667 0.6713541666666667 0.005208333333333333 0.010416666666666666 
4 0.95703125 0.621875 0.0036458333333333334 0.010416666666666666 
4 0.96015625 0.6716145833333333 0.0046875 0.009895833333333333 
4 0.9390625 0.6705729166666666 0.004166666666666667 0.009895833333333333 
4 0.9390625 0.6604166666666667 0.004166666666666667 0.010416666666666666 
4 0.90546875 0.7 0.009895833333333333 0.005208333333333333 
4 0.90546875 0.6723958333333333 0.009895833333333333 0.005208333333333333 
4 0.9057291666666667 0.6671875 0.009375 0.004166666666666667 
4 0.9067708333333333 0.6463541666666667 0.010416666666666666 0.005208333333333333 
4 0.9083333333333333 0.6247395833333333 0.009375 0.0046875 
4 0.9078125 0.5671875 0.009375 0.005208333333333333 
4 0.909375 0.5361979166666667 0.010416666666666666 0.0046875 
4 0.940625 0.6322916666666667 0.004166666666666667 0.009375 
4 0.9671875 0.63515625 0.004166666666666667 0.0109375 
4 0.9114583333333334 0.5145833333333333 0.009375 0.005208333333333333 
4 0.9580729166666667 0.5971354166666667 0.0046875 0.009895833333333333 
4 0.9903645833333333 0.5513020833333333 0.0046875 0.009895833333333333 
4 0.9794270833333333 0.55 0.0046875 0.010416666666666666 
4 0.9643229166666667 0.5502604166666667 0.0046875 0.009895833333333333 
4 0.9591145833333333 0.5502604166666667 0.0046875 0.009895833333333333 
4 0.9484375 0.5494791666666666 0.005208333333333333 0.010416666666666666 
4 0.95859375 0.5604166666666667 0.0036458333333333334 0.010416666666666666 
4 0.9471354166666667 0.59609375 0.0046875 0.008854166666666666 
4 0.98359375 0.6356770833333333 0.0046875 0.0109375 
4 0.9416666666666667 0.5955729166666667 0.005208333333333333 0.009895833333333333 
4 0.9734375 0.5973958333333333 0.004166666666666667 0.009375 
4 0.9630208333333333 0.5971354166666667 0.004166666666666667 0.009895833333333333 
4 0.95234375 0.59609375 0.0036458333333333334 0.0109375 
4 0.9528645833333333 0.5859375 0.0046875 0.009375 
4 0.96796875 0.596875 0.0046875 0.009375 
4 0.9986979166666666 0.6361979166666667 0.005729166666666666 0.009895833333333333 
4 0.9096354166666667 0.51953125 0.0109375 0.005729166666666666 
4 0.9359375 0.5598958333333334 0.00625 0.0125 
5 0.9955729166666667 0.5494791666666666 0.005729166666666666 0.013541666666666667 
4 0.9848958333333333 0.5494791666666666 0.004166666666666667 0.010416666666666666 
4 0.9744791666666667 0.55 0.005208333333333333 0.009375 
4 0.96953125 0.55 0.0046875 0.009375 
4 0.9533854166666667 0.5481770833333334 0.0046875 0.013020833333333334 
4 0.9427083333333334 0.5486979166666667 0.005208333333333333 0.011979166666666667 
4 0.9359375 0.5484375 0.005208333333333333 0.011458333333333333 
4 0.9645833333333333 0.5119791666666667 0.005208333333333333 0.010416666666666666 
4 0.9544270833333334 0.5114583333333333 0.0036458333333333334 0.009375 
4 0.9486979166666667 0.5119791666666667 0.0036458333333333334 0.010416666666666666 
4 0.94375 0.5213541666666667 0.004166666666666667 0.010416666666666666 
4 0.9755208333333333 0.5239583333333333 0.005208333333333333 0.0125 
4 0.9703125 0.5229166666666667 0.005208333333333333 0.010416666666666666 
4 0.98046875 0.5234375 0.0046875 0.009375 
