4 0.7486979166666666 0.3578125 0.011979166666666667 0.005208333333333333 
4 0.80078125 0.6317708333333333 0.0046875 0.010416666666666666 
4 0.7947916666666667 0.634375 0.005208333333333333 0.011458333333333333 
4 0.8002604166666667 0.64375 0.005729166666666666 0.010416666666666666 
4 0.7372395833333333 0.840625 0.009895833333333333 0.011458333333333333 
4 0.7666666666666667 0.7794270833333333 0.00625 0.013020833333333334 
4 0.8322916666666667 0.6864583333333333 0.011458333333333333 0.007291666666666667 
4 0.7315104166666667 0.6544270833333333 0.013020833333333334 0.0067708333333333336 
4 0.721875 0.5109375 0.010416666666666666 0.014583333333333334 
4 0.8966145833333333 0.525 0.005729166666666666 0.010416666666666666 
4 0.8817708333333333 0.5114583333333333 0.0125 0.00625 
4 0.8377604166666667 0.446875 0.013020833333333334 0.00625 
4 0.8770833333333333 0.43723958333333335 0.011458333333333333 0.0067708333333333336 
4 0.74453125 0.40338541666666666 0.013020833333333334 0.005729166666666666 
5 0.7416666666666667 0.15416666666666667 0.007291666666666667 0.016666666666666666 
4 0.7463541666666667 0.28072916666666664 0.0125 0.00625 
4 0.7166666666666667 0.22994791666666667 0.00625 0.011979166666666667 
4 0.69453125 0.2609375 0.011979166666666667 0.00625 
4 0.6963541666666667 0.20390625 0.011458333333333333 0.005729166666666666 
4 0.6966145833333334 0.21041666666666667 0.011979166666666667 0.005208333333333333 
5 0.99921875 0.24401041666666667 0.0067708333333333336 0.0140625 
4 0.06145833333333333 0.9666666666666667 0.010416666666666666 0.00625 
4 0.0484375 0.9549479166666667 0.007291666666666667 0.011979166666666667 
4 0.054427083333333334 0.9546875 0.0046875 0.010416666666666666 
4 0.06067708333333333 0.9541666666666667 0.0046875 0.011458333333333333 
4 0.39088541666666665 0.39921875 0.011979166666666667 0.005729166666666666 
4 0.36484375 0.36041666666666666 0.0046875 0.011458333333333333 
4 0.35859375 0.08984375 0.0046875 0.011979166666666667 
4 0.37213541666666666 0.09921875 0.005729166666666666 0.0109375 
4 0.3578125 0.10494791666666667 0.005208333333333333 0.0109375 
4 0.35703125 0.11875 0.0046875 0.010416666666666666 
4 0.35494791666666664 0.13072916666666667 0.0046875 0.011458333333333333 
4 0.3536458333333333 0.15885416666666666 0.00625 0.0125 
4 0.3528645833333333 0.17239583333333333 0.005729166666666666 0.011458333333333333 
4 0.35130208333333335 0.18645833333333334 0.005729166666666666 0.010416666666666666 
4 0.36432291666666666 0.22447916666666667 0.005729166666666666 0.010416666666666666 
4 0.36354166666666665 0.24166666666666667 0.005208333333333333 0.010416666666666666 
4 0.31796875 0.696875 0.011979166666666667 0.007291666666666667 
4 0.3182291666666667 0.7072916666666667 0.011458333333333333 0.00625 
4 0.4166666666666667 0.7138020833333333 0.008333333333333333 0.005729166666666666 
4 0.41692708333333334 0.7026041666666667 0.0109375 0.005208333333333333 
4 0.12708333333333333 0.8815104166666666 0.010416666666666666 0.0067708333333333336 
4 0.1421875 0.8567708333333334 0.0125 0.00625 
4 0.14114583333333333 0.8510416666666667 0.013541666666666667 0.005208333333333333 
4 0.12838541666666667 0.8505208333333333 0.0109375 0.005208333333333333 
4 0.1390625 0.8755208333333333 0.011458333333333333 0.005208333333333333 
4 0.05963541666666667 0.9721354166666667 0.0109375 0.0067708333333333336 
4 0.0609375 0.9794270833333333 0.013541666666666667 0.005729166666666666 
4 0.5263020833333333 0.8083333333333333 0.0046875 0.011458333333333333 
4 0.46015625 0.7364583333333333 0.013020833333333334 0.00625 
4 0.5247395833333334 0.7515625 0.011979166666666667 0.005208333333333333 
4 0.5252604166666667 0.7403645833333333 0.011979166666666667 0.005729166666666666 
4 0.5216145833333333 0.7341145833333333 0.0109375 0.005729166666666666 
4 0.45364583333333336 0.6424479166666667 0.010416666666666666 0.005729166666666666 
5 0.528125 0.7065104166666667 0.010416666666666666 0.021354166666666667 
5 0.43802083333333336 0.6768229166666667 0.00625 0.0140625 
5 0.44479166666666664 0.6768229166666667 0.008333333333333333 0.016145833333333335 
4 0.6578125 0.6348958333333333 0.00625 0.011458333333333333 
4 0.515625 0.6450520833333333 0.013541666666666667 0.0067708333333333336 
5 0.4546875 0.47682291666666665 0.01875 0.013020833333333334 
4 0.55703125 0.3893229166666667 0.013020833333333334 0.0067708333333333336 
4 0.5651041666666666 0.18567708333333333 0.013541666666666667 0.008854166666666666 
5 0.5135416666666667 0.22473958333333333 0.015625 0.005729166666666666 
5 0.534375 0.08671875 0.0125 0.013020833333333334 
5 0.2559895833333333 0.9541666666666667 0.018229166666666668 0.009375 
4 0.18151041666666667 0.9315104166666667 0.0067708333333333336 0.013020833333333334 
4 0.21328125 0.9346354166666667 0.005729166666666666 0.011979166666666667 
4 0.20598958333333334 0.93984375 0.0067708333333333336 0.011979166666666667 
4 0.18802083333333333 0.9325520833333333 0.00625 0.011979166666666667 
4 0.10833333333333334 0.95703125 0.007291666666666667 0.013020833333333334 
4 0.05546875 0.99609375 0.0109375 0.0067708333333333336 
4 0.059375 0.98515625 0.0125 0.005729166666666666 
4 0.07578125 0.22161458333333334 0.005729166666666666 0.0109375 
4 0.15989583333333332 0.20494791666666667 0.005208333333333333 0.0140625 
4 1.0015625 0.5213541666666667 0.009375 0.011458333333333333 
5 0.7317708333333334 0.9690104166666667 0.00625 0.013020833333333334 
4 0.92890625 0.8393229166666667 0.011979166666666667 0.005729166666666666 
4 0.78828125 0.8002604166666667 0.009895833333333333 0.005729166666666666 
4 0.7880208333333333 0.8065104166666667 0.0125 0.0046875 
4 0.14010416666666667 0.8697916666666666 0.011458333333333333 0.00625 
4 0.13020833333333334 0.8192708333333333 0.011458333333333333 0.005208333333333333 
4 0.14270833333333333 0.8078125 0.011458333333333333 0.005208333333333333 
4 0.059895833333333336 0.33489583333333334 0.007291666666666667 0.0125 
4 0.0953125 0.33932291666666664 0.00625 0.009895833333333333 
4 0.10078125 0.3263020833333333 0.005729166666666666 0.011979166666666667 
4 0.11171875 0.32708333333333334 0.005729166666666666 0.0125 
4 0.14453125 0.32786458333333335 0.005729166666666666 0.011979166666666667 
4 0.11484375 0.2872395833333333 0.005729166666666666 0.0109375 
4 0.11432291666666666 0.2994791666666667 0.005729166666666666 0.010416666666666666 
4 0.13151041666666666 0.30130208333333336 0.0067708333333333336 0.0140625 
4 0.14322916666666666 0.3015625 0.005208333333333333 0.010416666666666666 
4 0.1609375 0.3033854166666667 0.005208333333333333 0.0109375 
4 0.16692708333333334 0.30390625 0.005729166666666666 0.0109375 
5 0.12552083333333333 0.27291666666666664 0.01875 0.007291666666666667 
4 0.23541666666666666 0.29765625 0.011458333333333333 0.005729166666666666 
4 0.12786458333333334 0.365625 0.005729166666666666 0.013541666666666667 
4 0.11171875 0.36432291666666666 0.0067708333333333336 0.013020833333333334 
4 0.18411458333333333 0.3697916666666667 0.005729166666666666 0.011458333333333333 
4 0.16614583333333333 0.3690104166666667 0.007291666666666667 0.015104166666666667 
4 0.11953125 0.16145833333333334 0.005729166666666666 0.011458333333333333 
4 0.13125 0.16197916666666667 0.005208333333333333 0.011458333333333333 
4 0.14322916666666666 0.16223958333333333 0.005208333333333333 0.0109375 
4 0.14921875 0.16223958333333333 0.0046875 0.009895833333333333 
4 0.15104166666666666 0.2591145833333333 0.005208333333333333 0.009895833333333333 
4 0.14505208333333333 0.259375 0.0046875 0.011458333333333333 
4 0.11666666666666667 0.24479166666666666 0.004166666666666667 0.011458333333333333 
4 0.121875 0.24453125 0.00625 0.011979166666666667 
4 0.12734375 0.25729166666666664 0.005729166666666666 0.010416666666666666 
4 0.06614583333333333 0.3606770833333333 0.00625 0.0109375 
4 0.06640625 0.3229166666666667 0.005729166666666666 0.0125 
4 0.1453125 0.24609375 0.005208333333333333 0.011979166666666667 
4 0.06692708333333333 0.33515625 0.0046875 0.0109375 
4 0.09973958333333334 0.7859375 0.0109375 0.005208333333333333 
4 0.10078125 0.75625 0.009895833333333333 0.005208333333333333 
4 0.10286458333333333 0.725 0.011979166666666667 0.00625 
4 0.10598958333333333 0.6854166666666667 0.013020833333333334 0.005208333333333333 
4 0.10338541666666666 0.6786458333333333 0.0109375 0.005208333333333333 
5 0.14010416666666667 0.56875 0.016666666666666666 0.009375 
5 0.16171875 0.4979166666666667 0.0109375 0.005208333333333333 
5 0.13776041666666666 0.5403645833333334 0.0109375 0.005729166666666666 
5 0.16848958333333333 0.534375 0.0140625 0.007291666666666667 
5 0.16875 0.5234375 0.014583333333333334 0.00625 
5 0.1640625 0.5153645833333333 0.013541666666666667 0.005729166666666666 
5 0.16302083333333334 0.5046875 0.013541666666666667 0.00625 
4 0.2578125 0.6333333333333333 0.011458333333333333 0.005208333333333333 
4 0.16041666666666668 0.4890625 0.0125 0.005208333333333333 
4 0.16796875 0.54453125 0.009895833333333333 0.0067708333333333336 
4 0.23255208333333333 0.35651041666666666 0.011979166666666667 0.005729166666666666 
5 0.42265625 0.3846354166666667 0.011979166666666667 0.005729166666666666 
5 0.35963541666666665 0.29765625 0.005729166666666666 0.0109375 
6 0.3888020833333333 0.39348958333333334 0.015104166666666667 0.0067708333333333336 
4 0.32005208333333335 0.3921875 0.0140625 0.010416666666666666 
4 0.18411458333333333 0.303125 0.005729166666666666 0.0125 
4 0.19453125 0.36875 0.005729166666666666 0.015625 
4 0.17291666666666666 0.36822916666666666 0.00625 0.013541666666666667 
4 0.23177083333333334 0.3338541666666667 0.014583333333333334 0.007291666666666667 
4 0.07369791666666667 0.2989583333333333 0.0046875 0.011458333333333333 
4 0.13359375 0.24505208333333334 0.005729166666666666 0.011979166666666667 
4 0.1515625 0.24661458333333333 0.005208333333333333 0.0109375 
4 0.14427083333333332 0.8138020833333334 0.011458333333333333 0.005729166666666666 
4 0.10755208333333334 0.16067708333333333 0.0046875 0.013020833333333334 
4 0.11875 0.17447916666666666 0.005208333333333333 0.010416666666666666 
4 0.13125 0.175 0.005208333333333333 0.010416666666666666 
4 0.12473958333333333 0.17369791666666667 0.0046875 0.0109375 
4 0.12604166666666666 0.1625 0.005208333333333333 0.010416666666666666 
4 0.1375 0.16119791666666666 0.005208333333333333 0.011979166666666667 
4 0.11328125 0.16171875 0.005729166666666666 0.0109375 
4 0.2125 0.17786458333333333 0.004166666666666667 0.0109375 
4 0.10208333333333333 0.1609375 0.005208333333333333 0.011458333333333333 
4 0.1640625 0.13229166666666667 0.005208333333333333 0.010416666666666666 
4 0.12630208333333334 0.13463541666666667 0.0046875 0.0078125 
4 0.12083333333333333 0.13411458333333334 0.004166666666666667 0.008854166666666666 
4 0.1140625 0.13229166666666667 0.004166666666666667 0.011458333333333333 
4 0.10833333333333334 0.13177083333333334 0.004166666666666667 0.010416666666666666 
4 0.10286458333333333 0.13307291666666668 0.0046875 0.0109375 
4 0.06770833333333333 0.13177083333333334 0.005208333333333333 0.011458333333333333 
4 0.07239583333333334 0.13333333333333333 0.005208333333333333 0.013541666666666667 
4 0.10390625 0.06015625 0.0109375 0.008854166666666666 
4 0.07447916666666667 0.06197916666666667 0.011458333333333333 0.010416666666666666 
4 0.07473958333333333 0.07083333333333333 0.0109375 0.010416666666666666 
4 0.1046875 0.047135416666666666 0.0125 0.009895833333333333 
4 0.10104166666666667 0.17291666666666666 0.005208333333333333 0.011458333333333333 
4 0.19557291666666668 0.17890625 0.005729166666666666 0.013020833333333334 
4 0.17604166666666668 0.21927083333333333 0.00625 0.009375 
4 0.19348958333333333 0.20833333333333334 0.0046875 0.011458333333333333 
4 0.17083333333333334 0.21901041666666668 0.005208333333333333 0.009895833333333333 
4 0.15130208333333334 0.21901041666666668 0.005729166666666666 0.0109375 
4 0.14609375 0.21822916666666667 0.0046875 0.010416666666666666 
4 0.14036458333333332 0.21744791666666666 0.0067708333333333336 0.011979166666666667 
4 0.13515625 0.21640625 0.005729166666666666 0.0109375 
4 0.12864583333333332 0.21640625 0.00625 0.011979166666666667 
4 0.12265625 0.21640625 0.005729166666666666 0.013020833333333334 
4 0.11692708333333333 0.21666666666666667 0.005729166666666666 0.011458333333333333 
4 0.11119791666666666 0.21536458333333333 0.005729166666666666 0.011979166666666667 
4 0.10572916666666667 0.21588541666666666 0.005208333333333333 0.0109375 
4 0.1 0.20286458333333332 0.00625 0.011979166666666667 
4 0.10625 0.203125 0.005208333333333333 0.0125 
4 0.11223958333333334 0.203125 0.005729166666666666 0.011458333333333333 
4 0.11770833333333333 0.20234375 0.005208333333333333 0.013020833333333334 
4 0.1234375 0.20286458333333332 0.005208333333333333 0.011979166666666667 
4 0.12916666666666668 0.20338541666666668 0.005208333333333333 0.0109375 
4 0.14140625 0.20442708333333334 0.0046875 0.0109375 
4 0.146875 0.2046875 0.00625 0.014583333333333334 
4 0.15260416666666668 0.20546875 0.00625 0.013020833333333334 
4 0.15416666666666667 0.17578125 0.005208333333333333 0.0140625 
4 0.16067708333333333 0.17630208333333333 0.005729166666666666 0.0109375 
4 0.1875 0.22083333333333333 0.00625 0.010416666666666666 
4 0.19322916666666667 0.21953125 0.005208333333333333 0.0109375 
4 0.19895833333333332 0.21979166666666666 0.005208333333333333 0.010416666666666666 
4 0.20442708333333334 0.22005208333333334 0.0046875 0.0109375 
4 0.09973958333333334 0.7924479166666667 0.009895833333333333 0.0046875 
5 0.09895833333333333 0.8049479166666667 0.011458333333333333 0.0067708333333333336 
4 0.09609375 0.8552083333333333 0.0109375 0.00625 
4 0.10130208333333333 0.7440104166666667 0.009895833333333333 0.005729166666666666 
4 0.13177083333333334 0.78203125 0.0125 0.005729166666666666 
4 0.13359375 0.7518229166666667 0.013020833333333334 0.005729166666666666 
4 0.14661458333333333 0.7515625 0.009895833333333333 0.005208333333333333 
4 0.13255208333333332 0.7455729166666667 0.0109375 0.005729166666666666 
4 0.14609375 0.7447916666666666 0.009895833333333333 0.004166666666666667 
4 0.14479166666666668 0.7395833333333334 0.010416666666666666 0.005208333333333333 
4 0.14817708333333332 0.7263020833333333 0.009895833333333333 0.0036458333333333334 
4 0.13515625 0.7270833333333333 0.011979166666666667 0.005208333333333333 
4 0.13645833333333332 0.7018229166666666 0.011458333333333333 0.005729166666666666 
4 0.13619791666666667 0.7083333333333334 0.011979166666666667 0.005208333333333333 
4 0.14791666666666667 0.7140625 0.011458333333333333 0.004166666666666667 
4 0.14869791666666668 0.6963541666666667 0.0109375 0.004166666666666667 
5 0.37213541666666666 0.57265625 0.013020833333333334 0.005729166666666666 
5 0.29609375 0.584375 0.011979166666666667 0.005208333333333333 
5 0.09348958333333333 0.51796875 0.0140625 0.005729166666666666 
4 0.15598958333333332 0.36744791666666665 0.0067708333333333336 0.013020833333333334 
4 0.12760416666666666 0.34010416666666665 0.00625 0.0125 
4 0.07395833333333333 0.2596354166666667 0.00625 0.011979166666666667 
4 0.0625 0.2859375 0.00625 0.010416666666666666 
4 0.06822916666666666 0.2875 0.005208333333333333 0.011458333333333333 
4 0.07395833333333333 0.2869791666666667 0.005208333333333333 0.011458333333333333 
4 0.09479166666666666 0.3265625 0.005208333333333333 0.010416666666666666 
4 0.1171875 0.32760416666666664 0.005208333333333333 0.011458333333333333 
4 0.12317708333333334 0.32760416666666664 0.005729166666666666 0.0125 
4 0.12916666666666668 0.32734375 0.00625 0.0109375 
4 0.10208333333333333 0.7372395833333333 0.010416666666666666 0.005729166666666666 
4 0.10104166666666667 0.75 0.011458333333333333 0.005208333333333333 
4 0.09583333333333334 0.8630208333333333 0.011458333333333333 0.005208333333333333 
4 0.10208333333333333 0.7122395833333334 0.010416666666666666 0.005729166666666666 
4 0.14270833333333333 0.8200520833333333 0.0125 0.005729166666666666 
4 0.17552083333333332 0.8078125 0.010416666666666666 0.005208333333333333 
4 0.23828125 0.7765625 0.011979166666666667 0.00625 
4 0.23932291666666666 0.7875 0.009895833333333333 0.005208333333333333 
4 0.23697916666666666 0.82109375 0.011458333333333333 0.005729166666666666 
4 0.3104166666666667 0.8635416666666667 0.010416666666666666 0.005208333333333333 
4 0.3109375 0.85625 0.010416666666666666 0.005208333333333333 
4 0.31171875 0.8481770833333333 0.0109375 0.0067708333333333336 
4 0.31276041666666665 0.8359375 0.0109375 0.005208333333333333 
4 0.23567708333333334 0.8328125 0.009895833333333333 0.00625 
4 0.23619791666666667 0.85 0.009895833333333333 0.005208333333333333 
4 0.1734375 0.82890625 0.0125 0.0067708333333333336 
4 0.17265625 0.8669270833333333 0.0109375 0.0078125 
4 0.17265625 0.8497395833333333 0.0140625 0.0067708333333333336 
4 0.17552083333333332 0.78984375 0.010416666666666666 0.0046875 
4 0.17526041666666667 0.79609375 0.0109375 0.0046875 
4 0.3138020833333333 0.8231770833333333 0.011979166666666667 0.005729166666666666 
4 0.31354166666666666 0.81640625 0.0125 0.0067708333333333336 
4 0.31354166666666666 0.8046875 0.011458333333333333 0.007291666666666667 
4 0.3143229166666667 0.7924479166666667 0.013020833333333334 0.005729166666666666 
4 0.31666666666666665 0.7447916666666666 0.0125 0.005208333333333333 
4 0.3184895833333333 0.73828125 0.009895833333333333 0.0046875 
4 0.24114583333333334 0.7184895833333333 0.011458333333333333 0.0046875 
4 0.240625 0.7484375 0.011458333333333333 0.007291666666666667 
4 0.17552083333333332 0.7591145833333334 0.011458333333333333 0.005729166666666666 
4 0.15052083333333333 0.3299479166666667 0.00625 0.011979166666666667 
4 0.16171875 0.33098958333333334 0.005729166666666666 0.0109375 
4 0.17265625 0.3307291666666667 0.005729166666666666 0.0125 
4 0.18307291666666667 0.33177083333333335 0.005729166666666666 0.0125 
4 0.18463541666666666 0.17734375 0.005729166666666666 0.0109375 
4 0.16614583333333333 0.17708333333333334 0.00625 0.010416666666666666 
4 0.10651041666666666 0.17395833333333333 0.0046875 0.010416666666666666 
4 0.11328125 0.17473958333333334 0.0046875 0.0109375 
4 0.1375 0.17552083333333332 0.005208333333333333 0.011458333333333333 
4 0.14322916666666666 0.17552083333333332 0.004166666666666667 0.010416666666666666 
4 0.14817708333333332 0.17395833333333333 0.0046875 0.008333333333333333 
4 0.10182291666666667 0.7057291666666666 0.0109375 0.00625 
4 0.14765625 0.6893229166666667 0.008854166666666666 0.005729166666666666 
4 0.17890625 0.7098958333333333 0.011979166666666667 0.005208333333333333 
4 0.17760416666666667 0.7341145833333333 0.010416666666666666 0.005729166666666666 
4 0.17447916666666666 0.8135416666666667 0.011458333333333333 0.005208333333333333 
4 0.14088541666666668 0.8625 0.0109375 0.005208333333333333 
4 0.12864583333333332 0.8567708333333334 0.011458333333333333 0.00625 
4 0.12838541666666667 0.8627604166666667 0.0109375 0.005729166666666666 
4 0.14192708333333334 0.82578125 0.011979166666666667 0.0067708333333333336 
4 0.13072916666666667 0.8075520833333333 0.011458333333333333 0.005729166666666666 
5 0.13098958333333333 0.8127604166666667 0.0109375 0.0067708333333333336 
4 0.14375 0.8010416666666667 0.010416666666666666 0.007291666666666667 
4 0.13151041666666666 0.80078125 0.009895833333333333 0.005729166666666666 
4 0.14088541666666668 0.8442708333333333 0.009895833333333333 0.00625 
4 0.14088541666666668 0.83203125 0.011979166666666667 0.005729166666666666 
4 0.1296875 0.8252604166666667 0.0125 0.0067708333333333336 
4 0.09557291666666666 0.8778645833333333 0.013020833333333334 0.0067708333333333336 
4 0.09609375 0.8682291666666667 0.009895833333333333 0.005208333333333333 
4 0.18932291666666667 0.17708333333333334 0.0046875 0.010416666666666666 
4 0.20104166666666667 0.178125 0.005208333333333333 0.010416666666666666 
4 0.20677083333333332 0.178125 0.005208333333333333 0.011458333333333333 
4 0.121875 0.25859375 0.005208333333333333 0.009895833333333333 
4 0.19895833333333332 0.33359375 0.00625 0.011979166666666667 
4 0.19427083333333334 0.3333333333333333 0.00625 0.010416666666666666 
4 0.17786458333333333 0.30494791666666665 0.0067708333333333336 0.0109375 
4 0.12604166666666666 0.28802083333333334 0.00625 0.011458333333333333 
4 0.14348958333333334 0.2890625 0.005729166666666666 0.011458333333333333 
4 0.15546875 0.28984375 0.005729166666666666 0.0109375 
4 0.16145833333333334 0.2911458333333333 0.00625 0.011458333333333333 
4 0.16744791666666667 0.290625 0.005729166666666666 0.0125 
4 0.17421875 0.26015625 0.005729166666666666 0.013020833333333334 
4 0.109375 0.25807291666666665 0.005208333333333333 0.009895833333333333 
4 0.11640625 0.25833333333333336 0.0067708333333333336 0.010416666666666666 
4 0.1390625 0.2596354166666667 0.00625 0.011979166666666667 
4 0.19921875 0.2078125 0.0046875 0.011458333333333333 
4 0.16197916666666667 0.2598958333333333 0.005208333333333333 0.011458333333333333 
4 0.15755208333333334 0.24609375 0.005729166666666666 0.0109375 
4 0.16276041666666666 0.246875 0.0067708333333333336 0.011458333333333333 
4 0.16875 0.24817708333333333 0.00625 0.0109375 
4 0.17526041666666667 0.246875 0.005729166666666666 0.011458333333333333 
4 0.18072916666666666 0.24765625 0.005208333333333333 0.009895833333333333 
4 0.0984375 0.21640625 0.00625 0.013020833333333334 
4 0.16536458333333334 0.20598958333333334 0.0046875 0.011979166666666667 
4 0.17109375 0.20703125 0.0046875 0.0109375 
4 0.17682291666666666 0.20755208333333333 0.005729166666666666 0.0109375 
4 0.1828125 0.20729166666666668 0.005208333333333333 0.011458333333333333 
4 0.5169270833333334 0.16666666666666666 0.011979166666666667 0.005208333333333333 
4 0.5041666666666667 0.09088541666666666 0.011458333333333333 0.0067708333333333336 
4 0.6291666666666667 0.07942708333333333 0.005208333333333333 0.0109375 
4 0.6557291666666667 0.0875 0.00625 0.014583333333333334 
4 0.7325520833333333 0.09088541666666666 0.0078125 0.0109375 
4 0.7338541666666667 0.06510416666666667 0.011458333333333333 0.010416666666666666 
4 0.7515625 0.08932291666666667 0.010416666666666666 0.009895833333333333 
4 0.7575520833333333 0.09375 0.013020833333333334 0.008333333333333333 
4 0.8734375 0.13463541666666667 0.010416666666666666 0.013020833333333334 
4 0.07916666666666666 0.17265625 0.00625 0.0109375 
4 0.38333333333333336 0.4828125 0.011458333333333333 0.005208333333333333 
4 0.30494791666666665 0.5747395833333333 0.0109375 0.005729166666666666 
4 0.2984375 0.5669270833333333 0.009375 0.0046875 
4 0.31354166666666666 0.5690104166666666 0.011458333333333333 0.005729166666666666 
4 0.19583333333333333 0.5408854166666667 0.011458333333333333 0.005729166666666666 
4 0.1671875 0.47291666666666665 0.011458333333333333 0.00625 
4 0.1640625 0.48098958333333336 0.011458333333333333 0.0046875 
4 0.2328125 0.35052083333333334 0.0125 0.005208333333333333 
4 0.23411458333333332 0.3450520833333333 0.009895833333333333 0.005729166666666666 
4 0.19921875 0.3450520833333333 0.0046875 0.009895833333333333 
4 0.17838541666666666 0.34322916666666664 0.0046875 0.011458333333333333 
4 0.39296875 0.32083333333333336 0.013020833333333334 0.005208333333333333 
4 0.38958333333333334 0.34791666666666665 0.011458333333333333 0.005208333333333333 
4 0.3927083333333333 0.3294270833333333 0.009375 0.005729166666666666 
4 0.34713541666666664 0.26614583333333336 0.005729166666666666 0.011458333333333333 
4 0.36770833333333336 0.18255208333333334 0.005208333333333333 0.0109375 
4 0.36822916666666666 0.17005208333333333 0.004166666666666667 0.009895833333333333 
4 0.18645833333333334 0.2604166666666667 0.005208333333333333 0.011458333333333333 
4 0.23723958333333334 0.19869791666666667 0.011979166666666667 0.005729166666666666 
4 0.15729166666666666 0.13359375 0.00625 0.015104166666666667 
4 0.12734375 0.24453125 0.0046875 0.011979166666666667 
4 0.06979166666666667 0.20520833333333333 0.005208333333333333 0.0125 
4 0.07057291666666667 0.11927083333333334 0.005729166666666666 0.011458333333333333 
4 0.17786458333333333 0.17708333333333334 0.005729166666666666 0.011458333333333333 
4 0.07578125 0.20572916666666666 0.0046875 0.0125 
4 0.08125 0.20546875 0.00625 0.0109375 
4 0.3098958333333333 0.5216145833333333 0.010416666666666666 0.005729166666666666 
4 0.37109375 0.4817708333333333 0.0109375 0.004166666666666667 
4 0.33697916666666666 0.42239583333333336 0.005208333333333333 0.010416666666666666 
4 0.19401041666666666 0.934375 0.005729166666666666 0.011458333333333333 
4 0.31614583333333335 0.9372395833333333 0.005208333333333333 0.009895833333333333 
4 0.3020833333333333 0.9364583333333333 0.005208333333333333 0.010416666666666666 
4 0.32838541666666665 0.9390625 0.005729166666666666 0.010416666666666666 
4 0.3346354166666667 0.9388020833333334 0.005729166666666666 0.0109375 
4 0.3419270833333333 0.9393229166666667 0.005729166666666666 0.0109375 
4 0.21901041666666668 0.9364583333333333 0.0046875 0.0125 
4 0.1921875 0.96171875 0.007291666666666667 0.013020833333333334 
4 0.11484375 0.5911458333333334 0.0140625 0.00625 
4 0.13802083333333334 0.5307291666666667 0.010416666666666666 0.00625 
4 0.3768229166666667 0.49114583333333334 0.0109375 0.00625 
4 0.31640625 0.36328125 0.009895833333333333 0.0067708333333333336 
4 0.31744791666666666 0.3502604166666667 0.009895833333333333 0.005729166666666666 
4 0.5729166666666666 0.20026041666666666 0.011458333333333333 0.005729166666666666 
4 0.5138020833333333 0.21692708333333333 0.0140625 0.005729166666666666 
4 0.35911458333333335 0.075 0.0046875 0.0125 
4 0.859375 0.64765625 0.007291666666666667 0.013020833333333334 
4 0.9408854166666667 0.27890625 0.0109375 0.0109375 
4 0.94296875 0.34453125 0.009895833333333333 0.005729166666666666 
4 0.9411458333333333 0.35078125 0.0125 0.0067708333333333336 
4 0.93828125 0.3572916666666667 0.0140625 0.00625 
4 0.9395833333333333 0.3697916666666667 0.0125 0.00625 
4 0.9083333333333333 0.3776041666666667 0.005208333333333333 0.011458333333333333 
4 0.9666666666666667 0.4984375 0.00625 0.014583333333333334 
4 0.6463541666666667 0.4739583333333333 0.011458333333333333 0.00625 
4 0.921875 0.5299479166666666 0.010416666666666666 0.005729166666666666 
4 0.359375 0.06328125 0.005208333333333333 0.011979166666666667 
4 0.24244791666666668 0.7309895833333333 0.011979166666666667 0.005729166666666666 
4 0.18203125 0.21927083333333333 0.0046875 0.009375 
4 0.13958333333333334 0.2453125 0.005208333333333333 0.010416666666666666 
4 0.7328125 0.86640625 0.0125 0.0067708333333333336 
4 0.89609375 0.5395833333333333 0.0046875 0.0125 
4 0.8973958333333333 0.5611979166666666 0.005208333333333333 0.0109375 
4 0.8111979166666666 0.6588541666666666 0.011979166666666667 0.00625 
4 0.7736979166666667 0.7611979166666667 0.005729166666666666 0.0109375 
4 0.5234375 0.8559895833333333 0.00625 0.011979166666666667 
4 0.5619791666666667 0.8979166666666667 0.011458333333333333 0.005208333333333333 
4 0.5036458333333333 0.9260416666666667 0.0125 0.005208333333333333 
4 0.5177083333333333 0.9838541666666667 0.00625 0.013541666666666667 
4 0.303125 0.615625 0.008333333333333333 0.010416666666666666 
4 0.4895833333333333 0.6252604166666667 0.005208333333333333 0.0109375 
4 0.5166666666666667 0.6963541666666667 0.013541666666666667 0.00625 
4 0.7283854166666667 0.62578125 0.005729166666666666 0.0140625 
4 0.6518229166666667 0.6346354166666667 0.0046875 0.0109375 
4 0.5294270833333333 0.534375 0.005729166666666666 0.009375 
4 0.73671875 0.41901041666666666 0.0109375 0.0067708333333333336 
4 0.7174479166666666 0.48385416666666664 0.0109375 0.011458333333333333 
4 0.7354166666666667 0.4669270833333333 0.0125 0.0109375 
4 0.5088541666666667 0.42682291666666666 0.011458333333333333 0.0046875 
4 0.509375 0.41119791666666666 0.014583333333333334 0.0067708333333333336 
4 0.50390625 0.40338541666666666 0.015104166666666667 0.005729166666666666 
4 0.5575520833333333 0.3953125 0.013020833333333334 0.00625 
4 0.5471354166666667 0.3890625 0.009895833333333333 0.014583333333333334 
4 0.56484375 0.3338541666666667 0.0109375 0.005208333333333333 
4 0.7135416666666666 0.28515625 0.005208333333333333 0.011979166666666667 
4 0.49713541666666666 0.29244791666666664 0.009895833333333333 0.005729166666666666 
4 0.55 0.28151041666666665 0.00625 0.0140625 
4 0.37578125 0.059375 0.005729166666666666 0.0125 
4 0.359375 0.0515625 0.00625 0.0125 
4 0.5895833333333333 0.8596354166666667 0.0125 0.005729166666666666 
4 0.56953125 0.8182291666666667 0.011979166666666667 0.005208333333333333 
4 0.5489583333333333 0.7953125 0.00625 0.0125 
4 0.7622395833333333 0.8716145833333333 0.005729166666666666 0.013020833333333334 
4 0.7671875 0.7630208333333334 0.007291666666666667 0.0125 
4 0.9791666666666666 0.7106770833333333 0.004166666666666667 0.011979166666666667 
4 0.9796875 0.7330729166666666 0.005208333333333333 0.011979166666666667 
4 0.9364583333333333 0.7643229166666666 0.0125 0.0046875 
4 0.95 0.8119791666666667 0.005208333333333333 0.0125 
4 0.9833333333333333 0.9078125 0.010416666666666666 0.005208333333333333 
4 0.9317708333333333 0.8572916666666667 0.009375 0.005208333333333333 
4 0.93203125 0.86484375 0.011979166666666667 0.0067708333333333336 
4 0.3 0.7622395833333333 0.005208333333333333 0.0140625 
4 0.06822916666666666 0.17317708333333334 0.005208333333333333 0.0109375 
4 0.06927083333333334 0.24583333333333332 0.004166666666666667 0.010416666666666666 
4 0.07526041666666666 0.24661458333333333 0.0046875 0.009895833333333333 
4 0.11614583333333334 0.9763020833333333 0.011458333333333333 0.0078125 
4 0.11536458333333334 0.9885416666666667 0.0109375 0.00625 
4 0.13541666666666666 0.20390625 0.00625 0.011979166666666667 
4 0.16354166666666667 0.21796875 0.005208333333333333 0.0109375 
4 0.23463541666666668 0.21119791666666668 0.0078125 0.0046875 
4 0.23697916666666666 0.22265625 0.008333333333333333 0.0046875 
4 0.23125 0.275 0.009375 0.005208333333333333 
4 0.23203125 0.2625 0.0109375 0.005208333333333333 
4 0.39401041666666664 0.746875 0.013020833333333334 0.005208333333333333 
4 0.39375 0.72109375 0.010416666666666666 0.005729166666666666 
4 0.3932291666666667 0.71328125 0.010416666666666666 0.005729166666666666 
4 0.25078125 0.6466145833333333 0.0109375 0.0067708333333333336 
