5 0.14505208333333333 0.2755208333333333 0.0578125 0.041666666666666664 
4 0.14609375 0.5026041666666666 0.0171875 0.020833333333333332 
4 0.17864583333333334 0.5447916666666667 0.01875 0.022916666666666665 
5 0.21041666666666667 0.2565104166666667 0.041666666666666664 0.058854166666666666 
5 0.11848958333333333 0.31171875 0.0421875 0.0609375 
5 0.68046875 0.8653645833333333 0.0296875 0.03177083333333333 
0 0.66015625 1.1083333333333334 0.36822916666666666 0.3260416666666667 
4 0.51171875 0.6044270833333333 0.0203125 0.011979166666666667 
0 0.2703125 0.22838541666666667 0.23645833333333333 0.23697916666666666 
0 0.34088541666666666 0.59765625 0.2609375 0.2609375 
