4 0.8802083333333334 0.5578125 0.011458333333333333 0.005208333333333333 
5 0.8927083333333333 0.11171875 0.00625 0.0140625 
4 0.7575520833333333 0.9755208333333333 0.0109375 0.009375 
4 0.8877604166666667 0.14635416666666667 0.011979166666666667 0.005208333333333333 
4 0.8671875 0.8875 0.011458333333333333 0.0125 
4 0.8072916666666666 0.9080729166666667 0.013541666666666667 0.008854166666666666 
4 0.75625 0.9942708333333333 0.0125 0.008333333333333333 
4 0.7705729166666667 0.9828125 0.008854166666666666 0.009375 
4 0.0036458333333333334 0.278125 0.008333333333333333 0.011458333333333333 
4 0.021614583333333333 0.24557291666666667 0.0140625 0.0140625 
4 0.0015625 0.26614583333333336 0.005208333333333333 0.0125 
4 0.08489583333333334 0.22213541666666667 0.011458333333333333 0.015104166666666667 
4 0.058333333333333334 0.004427083333333333 0.014583333333333334 0.0067708333333333336 
4 0.11953125 0.11354166666666667 0.0140625 0.007291666666666667 
4 0.11953125 0.15364583333333334 0.009895833333333333 0.00625 
4 0.11744791666666667 0.16015625 0.011979166666666667 0.0046875 
6 0.2838541666666667 0.9651041666666667 0.004166666666666667 0.00625 
12 0.36744791666666665 0.9114583333333334 0.011979166666666667 0.03854166666666667 
12 0.3216145833333333 0.9338541666666667 0.013020833333333334 0.05 
12 0.29244791666666664 0.9341145833333333 0.013020833333333334 0.05260416666666667 
12 0.2669270833333333 0.93046875 0.0171875 0.05364583333333333 
12 0.21197916666666666 0.9377604166666667 0.013541666666666667 0.04114583333333333 
12 0.15442708333333333 0.9299479166666667 0.009895833333333333 0.05260416666666667 
12 0.1390625 0.9296875 0.015625 0.052083333333333336 
12 0.10494791666666667 0.9283854166666666 0.011979166666666667 0.05677083333333333 
6 0.19010416666666666 0.971875 0.009375 0.005208333333333333 
6 0.10494791666666667 0.93203125 0.0036458333333333334 0.008854166666666666 
6 0.0036458333333333334 0.9716145833333333 0.00625 0.016145833333333335 
12 0.06770833333333333 0.93515625 0.0125 0.04635416666666667 
12 0.03333333333333333 0.9447916666666667 0.013541666666666667 0.029166666666666667 
12 0.0109375 0.9588541666666667 0.0125 0.040625 
6 0.19322916666666667 0.9682291666666667 0.00625 0.005208333333333333 
6 0.328125 0.9630208333333333 0.004166666666666667 0.007291666666666667 
6 0.29192708333333334 0.9161458333333333 0.0046875 0.007291666666666667 
12 0.7536458333333333 0.6481770833333333 0.036458333333333336 0.0109375 
12 0.7364583333333333 0.6872395833333333 0.058333333333333334 0.018229166666666668 
12 0.728125 0.72109375 0.040625 0.018229166666666668 
12 0.71953125 0.74765625 0.0359375 0.018229166666666668 
12 0.6645833333333333 0.8661458333333333 0.036458333333333336 0.019791666666666666 
6 0.6346354166666667 0.8994791666666667 0.009895833333333333 0.016666666666666666 
12 0.65234375 0.9033854166666667 0.0328125 0.018229166666666668 
12 0.64609375 0.9421875 0.03177083333333333 0.023958333333333335 
12 0.6221354166666667 0.9658854166666667 0.0328125 0.027604166666666666 
12 0.5963541666666666 0.9924479166666667 0.03229166666666667 0.04010416666666667 
12 0.5583333333333333 1.0005208333333333 0.014583333333333334 0.042708333333333334 
12 0.50078125 0.9841145833333333 0.0109375 0.06197916666666667 
12 0.4627604166666667 0.95703125 0.0140625 0.03697916666666667 
12 0.41328125 0.915625 0.013020833333333334 0.06145833333333333 
6 0.58515625 0.98203125 0.0109375 0.013020833333333334 
6 0.55234375 0.98515625 0.0036458333333333334 0.009895833333333333 
6 0.56640625 0.9966145833333333 0.009895833333333333 0.0036458333333333334 
6 0.5934895833333333 0.9908854166666666 0.005729166666666666 0.0078125 
6 0.6625 0.8604166666666667 0.00625 0.00625 
6 0.6427083333333333 0.9036458333333334 0.005208333333333333 0.007291666666666667 
6 0.6359375 0.9809895833333333 0.007291666666666667 0.0078125 
6 0.44453125 0.9723958333333333 0.0046875 0.009375 
6 0.44166666666666665 0.9705729166666667 0.007291666666666667 0.0078125 
6 0.2833333333333333 0.9151041666666667 0.007291666666666667 0.014583333333333334 
12 0.7598958333333333 0.5786458333333333 0.035416666666666666 0.014583333333333334 
12 0.74765625 0.5309895833333333 0.03177083333333333 0.013020833333333334 
12 0.7611979166666667 0.4984375 0.0390625 0.013541666666666667 
12 0.0 0.4283854166666667 0.023958333333333335 0.0734375 
6 0.0453125 0.4630208333333333 0.014583333333333334 0.00625 
12 0.04244791666666667 0.43385416666666665 0.016145833333333335 0.052083333333333336 
12 0.15286458333333333 0.42473958333333334 0.04010416666666667 0.049479166666666664 
12 0.21536458333333333 0.30234375 0.04010416666666667 0.0296875 
6 0.24244791666666668 0.22161458333333334 0.009895833333333333 0.0203125 
12 0.221875 0.22057291666666667 0.035416666666666666 0.0203125 
12 0.23697916666666666 0.15807291666666667 0.029166666666666667 0.015104166666666667 
12 0.7619791666666667 0.5614583333333333 0.035416666666666666 0.011458333333333333 
12 0.24479166666666666 0.10442708333333334 0.028125 0.015104166666666667 
12 0.24583333333333332 0.08072916666666667 0.03333333333333333 0.015625 
12 0.23255208333333333 0.015364583333333333 0.0265625 0.0171875 
4 0.11354166666666667 0.03046875 0.009375 0.005729166666666666 
12 0.7723958333333333 0.061197916666666664 0.05520833333333333 0.028645833333333332 
12 0.7768229166666667 0.11875 0.05260416666666667 0.020833333333333332 
12 0.78046875 0.14713541666666666 0.04635416666666667 0.011979166666666667 
4 0.9286458333333333 0.2513020833333333 0.010416666666666666 0.0067708333333333336 
12 0.771875 0.2 0.03854166666666667 0.014583333333333334 
12 0.7760416666666666 0.22083333333333333 0.036458333333333336 0.0125 
12 0.76171875 0.2786458333333333 0.033854166666666664 0.014583333333333334 
12 0.7578125 0.30572916666666666 0.034375 0.013541666666666667 
6 0.76328125 0.28177083333333336 0.0109375 0.004166666666666667 
6 0.746875 0.30703125 0.008333333333333333 0.0036458333333333334 
6 0.78125 0.4361979166666667 0.009375 0.0046875 
6 0.7197916666666667 0.446875 0.008333333333333333 0.008333333333333333 
6 0.7796875 0.5361979166666667 0.008333333333333333 0.0067708333333333336 
6 0.7578125 0.49114583333333334 0.009375 0.003125 
12 0.7390625 0.3421875 0.036458333333333336 0.015625 
12 0.7416666666666667 0.39453125 0.058333333333333334 0.016145833333333335 
12 0.7434895833333334 0.44817708333333334 0.059895833333333336 0.013020833333333334 
6 0.7880208333333333 0.5393229166666667 0.010416666666666666 0.0046875 
6 0.7515625 0.53125 0.009375 0.004166666666666667 
