4 0.045572916666666664 0.8739583333333333 0.0203125 0.010416666666666666 
4 0.0375 0.9372395833333333 0.020833333333333332 0.009895833333333333 
4 0.11145833333333334 0.9369791666666667 0.021875 0.016666666666666666 
4 0.09895833333333333 0.38723958333333336 0.020833333333333332 0.011979166666666667 
4 0.08411458333333334 0.35651041666666666 0.021354166666666667 0.021354166666666667 
4 0.06927083333333334 0.34270833333333334 0.009375 0.019791666666666666 
4 0.03229166666666667 0.14973958333333334 0.011458333333333333 0.022395833333333334 
4 0.03359375 0.11119791666666666 0.009895833333333333 0.0203125 
4 0.034895833333333334 0.07916666666666666 0.011458333333333333 0.023958333333333335 
0 0.86953125 0.07239583333333334 0.20260416666666667 0.19791666666666666 
4 0.0953125 0.8783854166666667 0.021875 0.0109375 
4 0.09817708333333333 0.93125 0.0234375 0.023958333333333335 
4 0.04348958333333333 0.9104166666666667 0.021354166666666667 0.011458333333333333 
4 0.039322916666666666 0.92890625 0.0203125 0.013020833333333334 
4 0.9221354166666667 0.9635416666666666 0.015104166666666667 0.010416666666666666 
4 0.9802083333333333 0.63125 0.019791666666666666 0.021875 
4 0.9583333333333334 0.6067708333333334 0.017708333333333333 0.01875 
4 0.9385416666666667 0.5903645833333333 0.01875 0.0203125 
4 0.8625 0.5111979166666667 0.016666666666666666 0.021354166666666667 
4 0.8484375 0.48072916666666665 0.01875 0.022916666666666665 
4 0.7622395833333333 0.3177083333333333 0.0171875 0.022916666666666665 
4 0.64375 0.18697916666666667 0.015625 0.022916666666666665 
0 0.9450520833333333 0.24192708333333332 0.2203125 0.2015625 
0 0.7885416666666667 -0.09635416666666667 0.209375 0.2 
4 0.8182291666666667 0.4278645833333333 0.019791666666666666 0.024479166666666666 
4 0.7916666666666666 0.37890625 0.021875 0.027604166666666666 
4 0.8752604166666667 0.7458333333333333 0.030729166666666665 0.029166666666666667 
4 0.6559895833333333 0.21197916666666666 0.018229166666666668 0.022916666666666665 
4 0.8776041666666666 0.5338541666666666 0.020833333333333332 0.027083333333333334 
4 0.8328125 0.45416666666666666 0.020833333333333332 0.026041666666666668 
4 0.8049479166666667 0.40546875 0.018229166666666668 0.021354166666666667 
4 0.7411458333333333 0.28880208333333335 0.017708333333333333 0.021354166666666667 
4 0.575 0.27057291666666666 0.023958333333333335 0.019270833333333334 
4 0.41067708333333336 0.26901041666666664 0.025520833333333333 0.0234375 
4 0.5955729166666667 0.31171875 0.024479166666666666 0.018229166666666668 
4 0.590625 0.29973958333333334 0.023958333333333335 0.018229166666666668 
4 0.5661458333333333 0.2513020833333333 0.022916666666666665 0.018229166666666668 
4 0.5625 0.24114583333333334 0.022916666666666665 0.01875 
4 0.5434895833333333 0.21223958333333334 0.0234375 0.019270833333333334 
4 0.6932291666666667 0.19817708333333334 0.020833333333333332 0.025520833333333333 
4 0.6567708333333333 0.30104166666666665 0.023958333333333335 0.019791666666666666 
4 0.6359375 0.26119791666666664 0.021875 0.0171875 
4 0.6401041666666667 0.2721354166666667 0.021875 0.0171875 
4 0.5885416666666666 0.17447916666666666 0.022916666666666665 0.019791666666666666 
4 0.5346354166666667 0.190625 0.022395833333333334 0.019791666666666666 
4 0.5125 0.15520833333333334 0.020833333333333332 0.01875 
4 0.5072916666666667 0.14609375 0.020833333333333332 0.018229166666666668 
4 0.503125 0.1359375 0.022916666666666665 0.01875 
4 0.4986979166666667 0.12526041666666668 0.021354166666666667 0.0171875 
4 0.375 0.07317708333333334 0.022916666666666665 0.016145833333333335 
4 0.38125 0.06380208333333333 0.022916666666666665 0.0140625 
4 0.9479166666666666 0.5958333333333333 0.019791666666666666 0.020833333333333332 
4 0.68359375 0.2635416666666667 0.019270833333333334 0.025 
4 0.79453125 0.95234375 0.016145833333333335 0.0171875 
4 0.6205729166666667 0.23307291666666666 0.021354166666666667 0.0171875 
4 0.8752604166666667 0.9244791666666666 0.019270833333333334 0.019791666666666666 
4 0.778125 0.9067708333333333 0.020833333333333332 0.021875 
4 0.9057291666666667 0.9544270833333334 0.022916666666666665 0.0234375 
4 0.8903645833333333 0.9424479166666667 0.022395833333333334 0.024479166666666666 
4 0.8830729166666667 0.9328125 0.0203125 0.020833333333333332 
4 0.7864583333333334 0.9458333333333333 0.019791666666666666 0.020833333333333332 
4 0.7651041666666667 0.9234375 0.020833333333333332 0.020833333333333332 
4 0.7731770833333333 0.93203125 0.019270833333333334 0.0203125 
4 0.8177083333333334 0.9442708333333333 0.021875 0.022916666666666665 
4 0.8096354166666667 0.9361979166666666 0.021354166666666667 0.022395833333333334 
4 0.78671875 0.9166666666666666 0.021354166666666667 0.020833333333333332 
4 0.8609375 0.9125 0.01875 0.019791666666666666 
4 0.821875 0.8770833333333333 0.017708333333333333 0.01875 
4 0.8145833333333333 0.87109375 0.019791666666666666 0.021354166666666667 
4 0.8286458333333333 0.88515625 0.020833333333333332 0.022395833333333334 
4 0.70546875 0.5294270833333333 0.0265625 0.0265625 
4 0.70078125 0.5458333333333333 0.024479166666666666 0.023958333333333335 
4 0.6416666666666667 0.4940104166666667 0.021875 0.0203125 
4 0.63125 0.2518229166666667 0.021875 0.018229166666666668 
4 0.6255208333333333 0.24296875 0.020833333333333332 0.0171875 
4 0.6471354166666666 0.28098958333333335 0.019270833333333334 0.0171875 
4 0.65234375 0.29192708333333334 0.022395833333333334 0.019270833333333334 
