4 0.6713541666666667 0.8169270833333333 0.026041666666666668 0.025520833333333333 
5 0.24348958333333334 0.7596354166666667 0.034895833333333334 0.033854166666666664 
0 0.5518229166666667 -0.007552083333333333 0.2078125 0.2015625 
0 0.7497395833333333 0.30859375 0.21822916666666667 0.2015625 
0 0.9411458333333333 0.6609375 0.21770833333333334 0.20208333333333334 
0 0.03619791666666667 -0.025 0.20260416666666667 0.19791666666666666 
5 0.7247395833333333 0.7997395833333333 0.027604166666666666 0.050520833333333334 
4 0.65 0.834375 0.021875 0.019791666666666666 
4 0.6356770833333333 0.8526041666666667 0.021354166666666667 0.01875 
4 0.6791666666666667 0.8057291666666667 0.026041666666666668 0.023958333333333335 
4 0.61875 0.8716145833333333 0.021875 0.0203125 
4 0.4875 0.10859375 0.017708333333333333 0.0234375 
4 0.08880208333333334 0.8661458333333333 0.015104166666666667 0.010416666666666666 
4 0.146875 0.5338541666666666 0.019791666666666666 0.021875 
4 0.125 0.509375 0.017708333333333333 0.01875 
4 0.10520833333333333 0.49296875 0.01875 0.0203125 
4 0.029166666666666667 0.41380208333333335 0.016666666666666666 0.021354166666666667 
4 0.015104166666666667 0.38333333333333336 0.01875 0.022916666666666665 
4 0.6598958333333333 0.8252604166666667 0.023958333333333335 0.022395833333333334 
4 0.64375 0.8432291666666667 0.026041666666666668 0.019791666666666666 
0 0.11171875 0.14453125 0.2203125 0.2015625 
4 0.04192708333333333 0.6484375 0.030729166666666665 0.029166666666666667 
4 0.044270833333333336 0.43645833333333334 0.020833333333333332 0.027083333333333334 
4 -0.0005208333333333333 0.3567708333333333 0.020833333333333332 0.026041666666666668 
4 0.11458333333333333 0.4984375 0.019791666666666666 0.020833333333333332 
4 0.04192708333333333 0.8270833333333333 0.019270833333333334 0.019791666666666666 
4 0.07239583333333334 0.85703125 0.022916666666666665 0.0234375 
4 0.05703125 0.8450520833333334 0.022395833333333334 0.024479166666666666 
4 0.04973958333333333 0.8354166666666667 0.0203125 0.020833333333333332 
4 0.027604166666666666 0.8151041666666666 0.01875 0.019791666666666666 
4 -0.0046875 0.7877604166666666 0.020833333333333332 0.022395833333333334 
4 0.24322916666666666 0.7588541666666667 0.036458333333333336 0.034375 
