4 0.07447916666666667 0.13203125 0.008333333333333333 0.013020833333333334 
4 0.0765625 0.12161458333333333 0.008333333333333333 0.013020833333333334 
4 0.07083333333333333 0.11927083333333334 0.007291666666666667 0.0125 
4 0.08255208333333333 0.1359375 0.0078125 0.0125 
4 0.06822916666666666 0.13307291666666668 0.00625 0.011979166666666667 
4 0.08828125 0.13463541666666667 0.008854166666666666 0.013020833333333334 
4 0.9588541666666667 0.9177083333333333 0.011458333333333333 0.010416666666666666 
4 0.865625 0.8221354166666667 0.011458333333333333 0.005729166666666666 
4 0.8984375 0.8270833333333333 0.011458333333333333 0.00625 
6 0.6958333333333333 0.9252604166666667 0.0125 0.0067708333333333336 
4 0.46901041666666665 0.8895833333333333 0.013020833333333334 0.005208333333333333 
4 0.18307291666666667 0.9138020833333333 0.013020833333333334 0.0078125 
4 0.04453125 0.90546875 0.0109375 0.008854166666666666 
4 0.04791666666666667 0.91328125 0.011458333333333333 0.008854166666666666 
4 0.0453125 0.2453125 0.011458333333333333 0.00625 
4 0.04375 0.25546875 0.009375 0.0046875 
4 0.04296875 0.26171875 0.0109375 0.005729166666666666 
4 0.04140625 0.28229166666666666 0.0109375 0.00625 
4 0.04114583333333333 0.303125 0.009375 0.004166666666666667 
4 0.040364583333333336 0.31302083333333336 0.0109375 0.00625 
4 0.03958333333333333 0.3234375 0.010416666666666666 0.005208333333333333 
4 0.023958333333333335 0.37057291666666664 0.010416666666666666 0.005729166666666666 
4 0.12317708333333334 0.24817708333333333 0.0109375 0.005729166666666666 
4 0.1234375 0.2546875 0.011458333333333333 0.005208333333333333 
4 0.121875 0.2635416666666667 0.0125 0.00625 
4 0.040625 0.29296875 0.013541666666666667 0.0046875 
4 0.042708333333333334 0.271875 0.0125 0.005208333333333333 
4 0.071875 0.26119791666666664 0.0125 0.0140625 
4 0.06197916666666667 0.13203125 0.008333333333333333 0.011979166666666667 
4 0.09583333333333334 0.13489583333333333 0.008333333333333333 0.0125 
12 0.29973958333333334 0.225 0.059895833333333336 0.01875 
12 0.34401041666666665 0.20729166666666668 0.10677083333333333 0.07083333333333333 
4 0.9315104166666667 0.8763020833333334 0.011979166666666667 0.008854166666666666 
4 0.6908854166666667 0.8828125 0.0046875 0.009375 
4 0.48411458333333335 0.8549479166666667 0.0067708333333333336 0.0140625 
4 0.68203125 0.87890625 0.005729166666666666 0.0140625 
4 0.18411458333333333 0.90703125 0.011979166666666667 0.0078125 
4 0.1078125 0.9153645833333334 0.011458333333333333 0.009895833333333333 
4 0.07109375 0.39375 0.011979166666666667 0.00625 
4 0.07213541666666666 0.36875 0.0109375 0.007291666666666667 
4 0.12317708333333334 0.24244791666666668 0.0109375 0.0067708333333333336 
4 0.06354166666666666 0.12057291666666667 0.010416666666666666 0.013020833333333334 
4 0.09010416666666667 0.12213541666666666 0.009375 0.013020833333333334 
4 0.09791666666666667 0.1234375 0.009375 0.0125 
4 0.06692708333333333 0.8838541666666667 0.0109375 0.011458333333333333 
6 0.8447916666666667 0.6893229166666667 0.005208333333333333 0.0067708333333333336 
6 0.871875 0.7171875 0.0125 0.0125 
6 0.90234375 0.6971354166666667 0.0078125 0.013020833333333334 
12 0.35703125 0.81640625 0.013020833333333334 0.030729166666666665 
12 0.11510416666666666 0.7604166666666666 0.05416666666666667 0.034375 
12 0.3723958333333333 0.18723958333333332 0.036458333333333336 0.0515625 
4 0.11276041666666667 0.32578125 0.0109375 0.0067708333333333336 
4 0.11484375 0.31302083333333336 0.009895833333333333 0.00625 
4 0.11536458333333334 0.30703125 0.0078125 0.005729166666666666 
4 0.11640625 0.30104166666666665 0.0078125 0.005208333333333333 
4 0.11666666666666667 0.29583333333333334 0.009375 0.005208333333333333 
4 0.1171875 0.28958333333333336 0.008333333333333333 0.004166666666666667 
4 0.11770833333333333 0.2838541666666667 0.008333333333333333 0.004166666666666667 
4 0.12057291666666667 0.27734375 0.0109375 0.005729166666666666 
12 0.15911458333333334 0.8067708333333333 0.0421875 0.05416666666666667 
12 0.3893229166666667 0.7908854166666667 0.024479166666666666 0.0484375 
12 0.42135416666666664 0.7721354166666666 0.021875 0.05364583333333333 
12 0.9916666666666667 0.6830729166666667 0.019791666666666666 0.05572916666666667 
12 0.94296875 0.6958333333333333 0.013020833333333334 0.05625 
12 0.9010416666666666 0.6997395833333333 0.013541666666666667 0.0546875 
6 0.7416666666666667 0.7127604166666667 0.005208333333333333 0.008854166666666666 
6 0.7643229166666666 0.7044270833333334 0.0078125 0.005729166666666666 
6 0.6747395833333333 0.7203125 0.0046875 0.007291666666666667 
6 0.553125 0.7015625 0.013541666666666667 0.00625 
6 0.6809895833333334 0.7026041666666667 0.0067708333333333336 0.011458333333333333 
6 0.6033854166666667 0.70078125 0.009895833333333333 0.0171875 
12 0.8419270833333333 0.6927083333333334 0.015104166666666667 0.041666666666666664 
12 0.8106770833333333 0.69375 0.018229166666666668 0.04479166666666667 
12 0.74296875 0.6828125 0.0078125 0.028125 
12 0.6778645833333333 0.703125 0.011979166666666667 0.03333333333333333 
12 0.634375 0.6971354166666667 0.011458333333333333 0.033854166666666664 
12 0.5893229166666667 0.7067708333333333 0.0234375 0.028125 
12 0.5536458333333333 0.7270833333333333 0.01875 0.04479166666666667 
12 0.5255208333333333 0.7390625 0.010416666666666666 0.029166666666666667 
12 0.4703125 0.7528645833333333 0.015625 0.049479166666666664 
6 0.34713541666666664 0.809375 0.0078125 0.014583333333333334 
4 0.08151041666666667 0.047135416666666666 0.0046875 0.011979166666666667 
12 0.47552083333333334 0.0005208333333333333 0.016666666666666666 0.029166666666666667 
12 0.4393229166666667 0.039322916666666666 0.0140625 0.0515625 
6 0.65546875 0.030729166666666665 0.013020833333333334 0.008333333333333333 
12 0.7114583333333333 -0.020833333333333332 0.03125 0.04895833333333333 
12 0.9747395833333333 0.6875 0.008854166666666666 0.025 
