10 0.6216145833333333 0.62421875 0.35572916666666665 0.5401041666666667 
4 0.33046875 0.023697916666666666 0.024479166666666666 0.013020833333333334 
1 1.14375 0.78828125 0.5114583333333333 0.5213541666666667 
4 0.5 0.017708333333333333 0.020833333333333332 0.007291666666666667 
4 0.43333333333333335 0.015885416666666666 0.01875 0.0067708333333333336 
4 0.3341145833333333 0.013020833333333334 0.021354166666666667 0.007291666666666667 
3 0.6216145833333333 0.6278645833333333 0.5276041666666667 0.8869791666666667 
7 0.4119791666666667 0.94140625 0.052083333333333336 0.10885416666666667 
7 0.32890625 0.9403645833333333 0.05364583333333333 0.1078125 
7 0.24609375 0.9388020833333334 0.0515625 0.1078125 
7 0.3307291666666667 0.77265625 0.051041666666666666 0.10885416666666667 
7 0.24739583333333334 0.7716145833333333 0.052083333333333336 0.10885416666666667 
4 0.3033854166666667 0.19479166666666667 0.021354166666666667 0.010416666666666666 
4 0.48151041666666666 0.17760416666666667 0.022395833333333334 0.010416666666666666 
4 0.5109375 0.1765625 0.023958333333333335 0.0125 
4 0.5450520833333333 0.1734375 0.025520833333333333 0.0125 
4 0.09348958333333333 0.2643229166666667 0.0109375 0.0234375 
4 0.06744791666666666 0.07578125 0.009895833333333333 0.0234375 
4 0.43333333333333335 0.027604166666666666 0.022916666666666665 0.011458333333333333 
4 0.3932291666666667 0.026822916666666665 0.021875 0.0109375 
4 0.41822916666666665 0.18359375 0.025 0.013020833333333334 
4 0.23255208333333333 0.01328125 0.024479166666666666 0.011979166666666667 
4 0.03697916666666667 0.8020833333333334 0.010416666666666666 0.021875 
4 0.0328125 0.6158854166666666 0.025 0.0109375 
7 0.24973958333333332 0.6046875 0.0515625 0.10833333333333334 
