0 0.15885416666666666 0.6471354166666666 0.14895833333333333 0.1328125 
0 0.1765625 -0.015625 0.15 0.12916666666666668 
0 0.15442708333333333 0.13880208333333333 0.15572916666666667 0.14322916666666666 
0 0.1625 0.30546875 0.13125 0.11822916666666666 
0 0.15755208333333334 0.4583333333333333 0.15677083333333333 0.13645833333333332 
0 0.13489583333333333 0.80859375 0.140625 0.14739583333333334 
0 0.6161458333333333 0.14114583333333333 0.096875 0.10625 
0 0.28203125 0.8130208333333333 0.14010416666666667 0.153125 
0 0.4203125 0.7893229166666667 0.09375 0.09635416666666667 
0 0.5731770833333333 0.8234375 0.13072916666666667 0.14479166666666668 
0 0.7182291666666667 0.8205729166666667 0.12916666666666668 0.1484375 
0 0.8640625 0.8333333333333334 0.13229166666666667 0.15 
0 1.0130208333333333 0.8286458333333333 0.13125 0.14895833333333333 
0 0.6177083333333333 0.5049479166666667 0.13125 0.14739583333333334 
0 0.4705729166666667 0.4979166666666667 0.1328125 0.14895833333333333 
0 0.7484375 0.13802083333333334 0.09791666666666667 0.11041666666666666 
4 0.64765625 0.2828125 0.0046875 0.010416666666666666 
4 0.6403645833333333 0.36171875 0.0036458333333333334 0.008854166666666666 
4 0.6614583333333334 0.36171875 0.004166666666666667 0.008854166666666666 
4 0.6669270833333333 0.36223958333333334 0.0036458333333333334 0.009895833333333333 
4 0.6880208333333333 0.36328125 0.004166666666666667 0.0109375 
4 0.6986979166666667 0.3619791666666667 0.0046875 0.009375 
4 0.6934895833333333 0.353125 0.0046875 0.009375 
4 0.6994791666666667 0.35208333333333336 0.005208333333333333 0.008333333333333333 
4 0.6830729166666667 0.35130208333333335 0.0036458333333333334 0.008854166666666666 
4 0.65625 0.3609375 0.005208333333333333 0.010416666666666666 
4 0.67890625 0.29348958333333336 0.0046875 0.008854166666666666 
4 0.7151041666666667 0.32916666666666666 0.005208333333333333 0.009375 
4 0.640625 0.35052083333333334 0.004166666666666667 0.010416666666666666 
4 0.8046875 0.35651041666666666 0.005208333333333333 0.008854166666666666 
4 0.7614583333333333 0.35572916666666665 0.004166666666666667 0.009375 
4 0.75625 0.35442708333333334 0.004166666666666667 0.009895833333333333 
4 0.7401041666666667 0.3541666666666667 0.005208333333333333 0.0125 
4 0.7302083333333333 0.35390625 0.004166666666666667 0.008854166666666666 
4 0.7244791666666667 0.3533854166666667 0.004166666666666667 0.009895833333333333 
4 0.6934895833333333 0.36354166666666665 0.0036458333333333334 0.009375 
4 0.6203125 0.3846354166666667 0.005208333333333333 0.009895833333333333 
4 0.6151041666666667 0.384375 0.005208333333333333 0.010416666666666666 
4 0.6361979166666667 0.3859375 0.0046875 0.010416666666666666 
4 0.6190104166666667 0.3609375 0.0046875 0.010416666666666666 
4 0.6354166666666666 0.35104166666666664 0.004166666666666667 0.010416666666666666 
4 0.65703125 0.3859375 0.0046875 0.010416666666666666 
4 0.6479166666666667 0.29375 0.004166666666666667 0.009375 
4 0.6135416666666667 0.25807291666666665 0.005208333333333333 0.013020833333333334 
4 0.8052083333333333 0.29765625 0.004166666666666667 0.009895833333333333 
4 0.7895833333333333 0.29713541666666665 0.005208333333333333 0.009895833333333333 
4 0.7580729166666667 0.29713541666666665 0.0046875 0.009895833333333333 
4 0.753125 0.29739583333333336 0.005208333333333333 0.008333333333333333 
4 0.759375 0.28567708333333336 0.005208333333333333 0.009895833333333333 
4 0.7369791666666666 0.29609375 0.005208333333333333 0.009895833333333333 
4 0.73203125 0.28463541666666664 0.0046875 0.008854166666666666 
4 0.70546875 0.29401041666666666 0.0046875 0.0109375 
4 0.66796875 0.2942708333333333 0.005729166666666666 0.011458333333333333 
4 0.6419270833333334 0.29322916666666665 0.0046875 0.010416666666666666 
4 0.64609375 0.3502604166666667 0.0046875 0.009895833333333333 
4 0.6263020833333334 0.29270833333333335 0.0046875 0.010416666666666666 
4 0.6205729166666667 0.28151041666666665 0.0046875 0.009895833333333333 
4 0.734375 0.2609375 0.004166666666666667 0.008333333333333333 
4 0.740625 0.3302083333333333 0.004166666666666667 0.010416666666666666 
4 0.7252604166666666 0.31979166666666664 0.0046875 0.009375 
4 0.7098958333333333 0.3299479166666667 0.004166666666666667 0.0109375 
4 0.7044270833333334 0.3294270833333333 0.0046875 0.009895833333333333 
4 0.69375 0.31875 0.005208333333333333 0.010416666666666666 
4 0.68359375 0.31796875 0.0046875 0.009895833333333333 
4 0.6731770833333334 0.31640625 0.0046875 0.0109375 
4 0.6518229166666667 0.38515625 0.0046875 0.009895833333333333 
4 0.6721354166666667 0.38697916666666665 0.0046875 0.010416666666666666 
4 0.6502604166666667 0.2591145833333333 0.0046875 0.011979166666666667 
4 0.6567708333333333 0.3171875 0.005208333333333333 0.009375 
4 0.7950520833333333 0.29765625 0.0046875 0.0109375 
4 0.8002604166666667 0.2981770833333333 0.0046875 0.0109375 
4 0.80546875 0.2875 0.0046875 0.010416666666666666 
4 0.78203125 0.28515625 0.0067708333333333336 0.011979166666666667 
4 0.7208333333333333 0.2947916666666667 0.005208333333333333 0.0125 
4 0.7421875 0.29661458333333335 0.004166666666666667 0.009895833333333333 
4 0.715625 0.29583333333333334 0.004166666666666667 0.0125 
4 0.6994791666666667 0.29401041666666666 0.004166666666666667 0.011979166666666667 
4 0.6518229166666667 0.29322916666666665 0.0046875 0.011458333333333333 
4 0.6361979166666667 0.31640625 0.0046875 0.009895833333333333 
4 0.6880208333333333 0.3184895833333333 0.004166666666666667 0.008854166666666666 
4 0.7533854166666667 0.2869791666666667 0.0046875 0.009375 
4 0.69921875 0.3184895833333333 0.0046875 0.0109375 
4 0.7044270833333334 0.3177083333333333 0.0046875 0.010416666666666666 
4 0.678125 0.31666666666666665 0.005208333333333333 0.0125 
4 0.6411458333333333 0.31692708333333336 0.004166666666666667 0.009895833333333333 
4 0.7098958333333333 0.29401041666666666 0.005208333333333333 0.013020833333333334 
4 0.71484375 0.31796875 0.0046875 0.008854166666666666 
4 0.7302083333333333 0.32005208333333335 0.004166666666666667 0.008854166666666666 
4 0.73515625 0.31953125 0.0046875 0.011979166666666667 
4 0.7463541666666667 0.3203125 0.004166666666666667 0.009375 
4 0.7515625 0.3203125 0.004166666666666667 0.009375 
4 0.7473958333333334 0.29739583333333336 0.005208333333333333 0.010416666666666666 
4 0.7427083333333333 0.2859375 0.005208333333333333 0.009375 
4 0.67734375 0.3875 0.0046875 0.009375 
4 0.7549479166666667 0.26328125 0.0036458333333333334 0.009895833333333333 
4 0.6833333333333333 0.38697916666666665 0.004166666666666667 0.009375 
4 0.6572916666666667 0.32786458333333335 0.004166666666666667 0.009895833333333333 
4 0.71953125 0.35390625 0.0046875 0.009895833333333333 
4 0.7986979166666667 0.35625 0.005729166666666666 0.010416666666666666 
4 0.6721354166666667 0.35130208333333335 0.0046875 0.011979166666666667 
4 0.79140625 0.2635416666666667 0.0046875 0.011458333333333333 
4 0.78671875 0.2635416666666667 0.0046875 0.009375 
4 0.7815104166666667 0.26223958333333336 0.0046875 0.008854166666666666 
4 0.7658854166666667 0.2630208333333333 0.0046875 0.009375 
4 0.7604166666666666 0.2630208333333333 0.005208333333333333 0.011458333333333333 
4 0.7502604166666667 0.2630208333333333 0.0046875 0.010416666666666666 
4 0.7265625 0.28463541666666664 0.004166666666666667 0.008854166666666666 
4 0.7393229166666667 0.2625 0.0046875 0.010416666666666666 
4 0.72890625 0.26223958333333336 0.005729166666666666 0.013020833333333334 
4 0.69765625 0.26171875 0.0046875 0.009895833333333333 
4 0.68671875 0.2604166666666667 0.005729166666666666 0.0125 
4 0.6713541666666667 0.26119791666666664 0.005208333333333333 0.0109375 
4 0.6296875 0.25885416666666666 0.005208333333333333 0.0125 
4 0.6575520833333334 0.2828125 0.0036458333333333334 0.009375 
4 0.6263020833333334 0.28072916666666664 0.005729166666666666 0.0125 
4 0.6888020833333334 0.2955729166666667 0.005729166666666666 0.009895833333333333 
4 0.7216145833333333 0.284375 0.0036458333333333334 0.009375 
4 0.64453125 0.25885416666666666 0.0046875 0.0125 
4 0.7239583333333334 0.2604166666666667 0.004166666666666667 0.010416666666666666 
4 0.7885416666666667 0.32135416666666666 0.004166666666666667 0.010416666666666666 
5 0.6919270833333333 0.0578125 0.0421875 0.008333333333333333 
4 0.77109375 0.2630208333333333 0.0046875 0.011458333333333333 
4 0.8083333333333333 0.2638020833333333 0.005208333333333333 0.0109375 
4 0.75703125 0.32083333333333336 0.0046875 0.009375 
4 0.8052083333333333 0.33307291666666666 0.004166666666666667 0.0109375 
4 0.38255208333333335 0.1109375 0.005729166666666666 0.011458333333333333 
4 0.25078125 0.0359375 0.0109375 0.00625 
4 0.24375 0.37057291666666664 0.010416666666666666 0.0046875 
4 0.39505208333333336 0.3421875 0.011979166666666667 0.005208333333333333 
5 0.3690104166666667 0.30078125 0.0046875 0.009895833333333333 
5 0.4114583333333333 0.11770833333333333 0.005208333333333333 0.0125 
4 0.41171875 0.10520833333333333 0.0036458333333333334 0.010416666666666666 
4 0.565625 0.04192708333333333 0.010416666666666666 0.0046875 
4 0.8177083333333334 0.7442708333333333 0.00625 0.011458333333333333 
4 0.7989583333333333 0.33255208333333336 0.004166666666666667 0.009895833333333333 
4 0.74375 0.4356770833333333 0.010416666666666666 0.0046875 
4 0.68828125 0.38671875 0.0046875 0.008854166666666666 
4 0.6934895833333333 0.38671875 0.0046875 0.009895833333333333 
4 0.7044270833333334 0.38619791666666664 0.0036458333333333334 0.009895833333333333 
5 0.6671875 0.384375 0.005208333333333333 0.0125 
4 0.6619791666666667 0.3846354166666667 0.005208333333333333 0.0109375 
5 0.6901041666666666 0.5859375 0.005208333333333333 0.011458333333333333 
4 0.6833333333333333 0.584375 0.005208333333333333 0.010416666666666666 
4 0.6778645833333333 0.584375 0.0046875 0.009375 
4 0.7114583333333333 0.5861979166666667 0.004166666666666667 0.008854166666666666 
4 0.7440104166666667 0.41953125 0.0109375 0.0046875 
4 0.7411458333333333 0.4466145833333333 0.010416666666666666 0.0046875 
4 0.6247395833333333 0.35 0.0046875 0.009375 
5 0.7377604166666667 0.5065104166666666 0.009895833333333333 0.0046875 
5 0.7377604166666667 0.5158854166666667 0.009895833333333333 0.005729166666666666 
5 0.7380208333333333 0.5268229166666667 0.010416666666666666 0.0046875 
5 0.6713541666666667 0.5841145833333333 0.004166666666666667 0.009895833333333333 
5 0.5723958333333333 0.5830729166666667 0.004166666666666667 0.009895833333333333 
5 0.5666666666666667 0.584375 0.004166666666666667 0.010416666666666666 
5 0.5421875 0.584375 0.005208333333333333 0.011458333333333333 
5 0.7432291666666667 0.53828125 0.011458333333333333 0.005729166666666666 
5 0.7421875 0.5497395833333333 0.011458333333333333 0.0046875 
4 0.7411458333333333 0.5692708333333333 0.009375 0.005208333333333333 
4 0.6140625 0.35078125 0.004166666666666667 0.009895833333333333 
4 0.6296875 0.3614583333333333 0.005208333333333333 0.0125 
4 0.7817708333333333 0.58515625 0.004166666666666667 0.009895833333333333 
4 0.640625 0.32786458333333335 0.004166666666666667 0.009895833333333333 
4 0.79375 0.33229166666666665 0.005208333333333333 0.010416666666666666 
4 0.7822916666666667 0.33125 0.004166666666666667 0.009375 
4 0.7515625 0.33177083333333335 0.005208333333333333 0.009375 
4 0.7354166666666667 0.33177083333333335 0.004166666666666667 0.009375 
4 0.7197916666666667 0.32890625 0.004166666666666667 0.009895833333333333 
4 0.6934895833333333 0.32838541666666665 0.0046875 0.009895833333333333 
4 0.6880208333333333 0.32864583333333336 0.004166666666666667 0.010416666666666666 
4 0.6674479166666667 0.32916666666666666 0.0046875 0.011458333333333333 
4 0.6622395833333333 0.32786458333333335 0.0046875 0.011979166666666667 
4 0.64609375 0.32734375 0.0046875 0.0109375 
4 0.6356770833333333 0.328125 0.0046875 0.011458333333333333 
4 0.6619791666666667 0.35182291666666665 0.004166666666666667 0.008854166666666666 
4 0.7927083333333333 0.35494791666666664 0.005208333333333333 0.013020833333333334 
4 0.7825520833333334 0.35625 0.0046875 0.010416666666666666 
4 0.7723958333333333 0.35520833333333335 0.005208333333333333 0.0125 
4 0.76640625 0.35572916666666665 0.005729166666666666 0.010416666666666666 
4 0.7513020833333334 0.35546875 0.0046875 0.009895833333333333 
4 0.74609375 0.35390625 0.005729166666666666 0.011979166666666667 
4 0.7348958333333333 0.353125 0.004166666666666667 0.009375 
4 0.6776041666666667 0.35078125 0.005208333333333333 0.011979166666666667 
4 0.6825520833333333 0.36276041666666664 0.0046875 0.009895833333333333 
4 0.6721354166666667 0.36354166666666665 0.0036458333333333334 0.009375 
4 0.7872395833333333 0.5848958333333333 0.0036458333333333334 0.009375 
5 0.6638020833333333 0.5838541666666667 0.0046875 0.008333333333333333 
4 0.24192708333333332 0.3958333333333333 0.0109375 0.005208333333333333 
5 0.3684895833333333 0.7315104166666667 0.0046875 0.011979166666666667 
5 0.84765625 0.5997395833333333 0.008854166666666666 0.005729166666666666 
4 0.9520833333333333 0.7489583333333333 0.005208333333333333 0.010416666666666666 
5 0.8291666666666667 0.5111979166666667 0.005208333333333333 0.0109375 
4 0.7403645833333333 0.57578125 0.0109375 0.005729166666666666 
4 0.5151041666666667 0.603125 0.010416666666666666 0.005208333333333333 
4 0.665625 0.73984375 0.005208333333333333 0.0109375 
4 0.81171875 0.7442708333333333 0.0046875 0.010416666666666666 
4 0.7864583333333334 0.7453125 0.004166666666666667 0.010416666666666666 
4 0.78046875 0.74375 0.0046875 0.009375 
4 0.6341145833333334 0.7395833333333334 0.0046875 0.011458333333333333 
4 0.62890625 0.7388020833333333 0.0046875 0.011979166666666667 
4 0.9322916666666666 0.74765625 0.005208333333333333 0.011979166666666667 
5 0.37838541666666664 0.7315104166666667 0.0046875 0.0109375 
5 0.36953125 0.45703125 0.0067708333333333336 0.0140625 
4 0.37083333333333335 0.4869791666666667 0.004166666666666667 0.009375 
4 0.37135416666666665 0.5041666666666667 0.004166666666666667 0.010416666666666666 
4 0.37057291666666664 0.53203125 0.0046875 0.009895833333333333 
4 0.37161458333333336 0.5627604166666667 0.0109375 0.0067708333333333336 
4 0.08359375 0.72421875 0.0046875 0.011979166666666667 
4 0.22630208333333332 0.7283854166666667 0.0046875 0.009895833333333333 
5 0.22083333333333333 0.7268229166666667 0.004166666666666667 0.008854166666666666 
4 0.21614583333333334 0.7283854166666667 0.005208333333333333 0.009895833333333333 
