4 0.08333333333333333 0.05546875 0.010416666666666666 0.011979166666666667 
4 0.2046875 0.12005208333333334 0.0125 0.0109375 
4 0.3268229166666667 0.17864583333333334 0.0109375 0.011458333333333333 
4 0.15598958333333332 0.25234375 0.011979166666666667 0.0067708333333333336 
4 0.19791666666666666 0.30833333333333335 0.009375 0.0125 
4 0.19114583333333332 0.31171875 0.008333333333333333 0.011979166666666667 
4 0.24322916666666666 0.33489583333333334 0.011458333333333333 0.011458333333333333 
4 0.23802083333333332 0.33958333333333335 0.009375 0.010416666666666666 
4 0.22734375 0.3489583333333333 0.009895833333333333 0.011458333333333333 
4 0.21145833333333333 0.34088541666666666 0.013541666666666667 0.013020833333333334 
4 0.23020833333333332 0.32578125 0.011458333333333333 0.011979166666666667 
4 0.21875 0.33541666666666664 0.011458333333333333 0.011458333333333333 
4 0.21614583333333334 0.35963541666666665 0.011458333333333333 0.0109375 
4 0.16380208333333332 0.3645833333333333 0.011979166666666667 0.008333333333333333 
4 0.16692708333333334 0.37552083333333336 0.013020833333333334 0.00625 
4 0.24192708333333332 0.31692708333333336 0.009895833333333333 0.0109375 
4 0.25078125 0.3302083333333333 0.0109375 0.0125 
4 0.24557291666666667 0.3111979166666667 0.0109375 0.011979166666666667 
4 0.20546875 0.34869791666666666 0.013020833333333334 0.013020833333333334 
4 0.15546875 0.2796875 0.011979166666666667 0.00625 
4 0.15416666666666667 0.2942708333333333 0.010416666666666666 0.005208333333333333 
4 0.15546875 0.30078125 0.009895833333333333 0.0046875 
4 0.16770833333333332 0.28463541666666664 0.00625 0.0109375 
4 0.07682291666666667 0.035416666666666666 0.009895833333333333 0.0125 
4 0.18359375 0.3143229166666667 0.008854166666666666 0.013020833333333334 
12 0.5372395833333333 0.6479166666666667 0.0140625 0.04895833333333333 
12 0.5971354166666667 0.6661458333333333 0.025520833333333333 0.090625 
12 0.6520833333333333 0.6041666666666666 0.01875 0.036458333333333336 
12 0.7552083333333334 0.5231770833333333 0.015625 0.025520833333333333 
12 0.8864583333333333 0.41822916666666665 0.007291666666666667 0.025 
12 0.92109375 0.39296875 0.019270833333333334 0.0234375 
12 0.9578125 0.35520833333333335 0.025 0.036458333333333336 
4 0.1890625 0.29192708333333334 0.013541666666666667 0.0140625 
4 0.26276041666666666 0.2984375 0.011979166666666667 0.014583333333333334 
4 0.27317708333333335 0.31302083333333336 0.009895833333333333 0.011458333333333333 
4 0.2671875 0.31692708333333336 0.010416666666666666 0.011979166666666667 
4 0.2609375 0.32057291666666665 0.010416666666666666 0.0109375 
4 0.2552083333333333 0.3263020833333333 0.011458333333333333 0.011979166666666667 
4 0.23255208333333333 0.34322916666666664 0.009895833333333333 0.011458333333333333 
4 0.22447916666666667 0.33098958333333334 0.010416666666666666 0.009895833333333333 
4 0.2015625 0.3536458333333333 0.011458333333333333 0.011458333333333333 
4 0.9984375 0.16432291666666668 0.005208333333333333 0.009895833333333333 
4 0.9138020833333333 0.20963541666666666 0.011979166666666667 0.009895833333333333 
5 0.9151041666666667 0.23776041666666667 0.0125 0.0067708333333333336 
5 0.7794270833333333 0.1078125 0.011979166666666667 0.008333333333333333 
4 0.8046875 0.22552083333333334 0.011458333333333333 0.005208333333333333 
4 0.8020833333333334 0.29401041666666666 0.009375 0.005729166666666666 
4 0.8026041666666667 0.2875 0.010416666666666666 0.00625 
4 0.8510416666666667 0.29635416666666664 0.010416666666666666 0.005208333333333333 
4 0.44895833333333335 0.04348958333333333 0.010416666666666666 0.0067708333333333336 
4 0.47682291666666665 0.03463541666666667 0.013020833333333334 0.005729166666666666 
4 0.13932291666666666 0.4591145833333333 0.005729166666666666 0.011979166666666667 
4 0.10625 0.5903645833333333 0.008333333333333333 0.011979166666666667 
12 1.0028645833333334 0.28854166666666664 0.0140625 0.019791666666666666 
6 0.8494791666666667 0.4296875 0.00625 0.008333333333333333 
4 0.8114583333333333 0.3143229166666667 0.005208333333333333 0.011979166666666667 
4 0.81015625 0.34375 0.0067708333333333336 0.015625 
4 0.78671875 0.3997395833333333 0.011979166666666667 0.005729166666666666 
6 0.8015625 0.3658854166666667 0.015625 0.0078125 
4 0.65234375 0.22083333333333333 0.013020833333333334 0.005208333333333333 
4 0.6515625 0.23125 0.010416666666666666 0.005208333333333333 
4 0.6510416666666666 0.23776041666666667 0.010416666666666666 0.0046875 
5 0.61875 0.4328125 0.0125 0.00625 
4 0.6736979166666667 0.10677083333333333 0.0067708333333333336 0.014583333333333334 
4 0.7893229166666667 0.08307291666666666 0.009895833333333333 0.013020833333333334 
4 0.7419270833333333 0.08359375 0.011979166666666667 0.0067708333333333336 
4 0.7427083333333333 0.09270833333333334 0.013541666666666667 0.007291666666666667 
4 0.6515625 0.18203125 0.011458333333333333 0.0067708333333333336 
4 0.7372395833333333 0.48932291666666666 0.0046875 0.011979166666666667 
4 0.4479166666666667 0.037760416666666664 0.013541666666666667 0.0067708333333333336 
4 0.47552083333333334 0.025260416666666667 0.013541666666666667 0.008854166666666666 
12 0.4895833333333333 0.6815104166666667 0.0375 0.06614583333333333 
