4 0.94140625 0.6098958333333333 0.0140625 0.005208333333333333 
4 0.3234375 0.8216145833333334 0.011458333333333333 0.0067708333333333336 
4 0.18723958333333332 0.7760416666666666 0.005729166666666666 0.010416666666666666 
4 0.20651041666666667 0.778125 0.011979166666666667 0.008333333333333333 
4 0.18125 0.8513020833333333 0.0125 0.0067708333333333336 
4 0.18072916666666666 0.8583333333333333 0.011458333333333333 0.005208333333333333 
4 0.23072916666666668 0.8192708333333333 0.011458333333333333 0.005208333333333333 
4 0.24791666666666667 0.8786458333333333 0.005208333333333333 0.0125 
4 0.2546875 0.8791666666666667 0.00625 0.013541666666666667 
4 0.2596354166666667 0.8794270833333333 0.0046875 0.011979166666666667 
4 0.35390625 0.8903645833333333 0.011979166666666667 0.005729166666666666 
4 0.35494791666666664 0.86875 0.011979166666666667 0.00625 
4 0.35651041666666666 0.8018229166666667 0.011979166666666667 0.0067708333333333336 
4 0.28203125 0.7869791666666667 0.005729166666666666 0.011458333333333333 
4 0.6802083333333333 0.51171875 0.013541666666666667 0.009895833333333333 
4 0.28802083333333334 0.7872395833333333 0.00625 0.011979166666666667 
4 0.27578125 0.7760416666666666 0.005729166666666666 0.010416666666666666 
4 0.26875 0.7888020833333333 0.00625 0.011979166666666667 
4 0.23619791666666667 0.8776041666666666 0.005729166666666666 0.0125 
4 0.18203125 0.8458333333333333 0.009895833333333333 0.00625 
4 0.19375 0.77734375 0.00625 0.011979166666666667 
4 0.2375 0.7786458333333334 0.011458333333333333 0.005208333333333333 
4 0.23671875 0.78515625 0.011979166666666667 0.0046875 
4 0.26171875 0.7893229166666667 0.005729166666666666 0.013020833333333334 
4 0.2747395833333333 0.7875 0.0046875 0.009375 
4 0.3416666666666667 0.80078125 0.011458333333333333 0.005729166666666666 
4 0.17604166666666668 0.7791666666666667 0.00625 0.0125 
4 0.12994791666666666 0.7963541666666667 0.011979166666666667 0.00625 
4 0.1078125 0.83671875 0.004166666666666667 0.0109375 
4 0.07369791666666667 0.8630208333333333 0.005729166666666666 0.011458333333333333 
4 0.010677083333333334 0.95625 0.011979166666666667 0.005208333333333333 
4 0.011458333333333333 0.9619791666666667 0.010416666666666666 0.005208333333333333 
4 0.09765625 0.9072916666666667 0.0067708333333333336 0.013541666666666667 
4 0.26901041666666664 0.8200520833333333 0.0140625 0.0067708333333333336 
4 0.25416666666666665 0.8197916666666667 0.010416666666666666 0.00625 
4 0.24192708333333332 0.8197916666666667 0.0109375 0.005208333333333333 
4 0.45260416666666664 0.7713541666666667 0.0125 0.00625 
4 0.76796875 0.62265625 0.005729166666666666 0.011979166666666667 
4 0.7622395833333333 0.6229166666666667 0.0036458333333333334 0.010416666666666666 
4 0.78046875 0.6236979166666666 0.0046875 0.0109375 
4 0.8541666666666666 0.62421875 0.005208333333333333 0.0109375 
4 0.8776041666666666 0.6265625 0.005208333333333333 0.0125 
4 0.8979166666666667 0.58671875 0.005208333333333333 0.0109375 
4 0.92421875 0.66015625 0.0046875 0.011979166666666667 
4 0.93046875 0.6606770833333333 0.005729166666666666 0.013020833333333334 
4 0.9182291666666667 0.6609375 0.005208333333333333 0.0125 
4 0.8942708333333333 0.6270833333333333 0.00625 0.0125 
4 0.8901041666666667 0.5875 0.005208333333333333 0.010416666666666666 
4 0.8841145833333334 0.58671875 0.0036458333333333334 0.009895833333333333 
4 0.8419270833333333 0.6247395833333333 0.0046875 0.0109375 
4 0.8421875 0.6578125 0.00625 0.0125 
4 0.8359375 0.6575520833333334 0.005208333333333333 0.011979166666666667 
4 0.7875 0.6567708333333333 0.005208333333333333 0.0125 
4 0.77265625 0.65625 0.005729166666666666 0.0125 
4 0.7552083333333334 0.65703125 0.005208333333333333 0.013020833333333334 
4 0.8669270833333333 0.5854166666666667 0.0046875 0.011458333333333333 
4 0.8549479166666667 0.5854166666666667 0.0046875 0.011458333333333333 
4 0.8484375 0.5864583333333333 0.00625 0.014583333333333334 
4 0.8434895833333333 0.5841145833333333 0.005729166666666666 0.0109375 
4 0.7231770833333333 0.53359375 0.009895833333333333 0.011979166666666667 
4 0.7502604166666667 0.6216145833333333 0.005729166666666666 0.0109375 
4 0.40989583333333335 0.7151041666666667 0.005208333333333333 0.010416666666666666 
4 0.18333333333333332 0.8395833333333333 0.011458333333333333 0.00625 
4 0.4359375 0.7190104166666667 0.005208333333333333 0.0109375 
4 0.17942708333333332 0.8872395833333333 0.0109375 0.005729166666666666 
4 0.3859375 0.9463541666666667 0.005208333333333333 0.011458333333333333 
4 0.35598958333333336 0.8565104166666667 0.009895833333333333 0.005729166666666666 
4 0.3536458333333333 0.8838541666666667 0.010416666666666666 0.005208333333333333 
4 0.4041666666666667 0.8041666666666667 0.0125 0.00625 
4 0.4244791666666667 0.80546875 0.011458333333333333 0.0067708333333333336 
4 0.4921875 0.8088541666666667 0.011458333333333333 0.00625 
4 0.5502604166666667 0.81171875 0.011979166666666667 0.005729166666666666 
4 0.5638020833333334 0.8127604166666667 0.011979166666666667 0.0067708333333333336 
4 0.46979166666666666 0.8348958333333333 0.005208333333333333 0.010416666666666666 
4 0.48463541666666665 0.83515625 0.008854166666666666 0.0140625 
4 0.49557291666666664 0.86015625 0.0046875 0.011979166666666667 
4 0.49557291666666664 0.87578125 0.005729166666666666 0.013020833333333334 
4 0.5510416666666667 0.85859375 0.005208333333333333 0.011979166666666667 
5 0.60703125 0.84921875 0.005729166666666666 0.013020833333333334 
4 0.621875 0.8416666666666667 0.005208333333333333 0.010416666666666666 
4 0.62734375 0.8424479166666666 0.0067708333333333336 0.011979166666666667 
4 0.640625 0.8434895833333333 0.00625 0.009895833333333333 
4 0.49973958333333335 0.9807291666666667 0.011979166666666667 0.00625 
4 0.6296875 0.7393229166666667 0.0125 0.0140625 
4 0.46848958333333335 0.7208333333333333 0.005729166666666666 0.011458333333333333 
4 0.4796875 0.7208333333333333 0.005208333333333333 0.011458333333333333 
4 0.46041666666666664 0.7208333333333333 0.005208333333333333 0.011458333333333333 
4 0.7174479166666666 0.5302083333333333 0.008854166666666666 0.011458333333333333 
4 0.63828125 0.5109375 0.011979166666666667 0.010416666666666666 
4 0.8700520833333333 0.3177083333333333 0.009895833333333333 0.010416666666666666 
4 0.6166666666666667 0.546875 0.014583333333333334 0.011458333333333333 
4 0.4786458333333333 0.0359375 0.007291666666666667 0.011458333333333333 
5 0.44296875 0.044270833333333336 0.016145833333333335 0.015625 
4 0.31979166666666664 0.7122395833333334 0.005208333333333333 0.0109375 
12 0.18958333333333333 0.16354166666666667 0.06666666666666667 0.06770833333333333 
4 0.45026041666666666 0.039322916666666666 0.0109375 0.013020833333333334 
4 0.22265625 0.278125 0.009895833333333333 0.010416666666666666 
4 0.18541666666666667 0.290625 0.008333333333333333 0.010416666666666666 
5 0.059375 0.5989583333333334 0.013541666666666667 0.00625 
5 0.0 0.5700520833333333 0.010416666666666666 0.013020833333333334 
5 0.023177083333333334 0.4705729166666667 0.0171875 0.008854166666666666 
4 0.03229166666666667 0.4908854166666667 0.011458333333333333 0.005729166666666666 
4 0.07135416666666666 0.47578125 0.011458333333333333 0.005729166666666666 
4 0.10833333333333334 0.653125 0.00625 0.011458333333333333 
4 0.16458333333333333 0.4713541666666667 0.005208333333333333 0.009375 
4 0.3216145833333333 0.40182291666666664 0.009895833333333333 0.009895833333333333 
4 0.36666666666666664 0.4002604166666667 0.011458333333333333 0.011979166666666667 
4 0.3106770833333333 0.4140625 0.011979166666666667 0.011458333333333333 
4 0.48020833333333335 0.36302083333333335 0.008333333333333333 0.010416666666666666 
4 0.3333333333333333 0.38776041666666666 0.0125 0.011979166666666667 
4 0.39140625 0.31015625 0.0109375 0.011979166666666667 
4 0.36822916666666666 0.29322916666666665 0.010416666666666666 0.0125 
4 0.36354166666666665 0.28880208333333335 0.009375 0.011979166666666667 
4 0.35989583333333336 0.2453125 0.010416666666666666 0.0125 
4 0.3125 0.35 0.010416666666666666 0.0125 
4 0.3072916666666667 0.34661458333333334 0.010416666666666666 0.011979166666666667 
4 0.3026041666666667 0.34375 0.010416666666666666 0.0125 
4 0.3463541666666667 0.25234375 0.0125 0.011979166666666667 
4 0.3966145833333333 0.31197916666666664 0.011979166666666667 0.0125 
4 0.36770833333333336 0.5354166666666667 0.011458333333333333 0.011458333333333333 
4 0.34140625 0.6098958333333333 0.0109375 0.011458333333333333 
4 0.45807291666666666 0.6416666666666667 0.011979166666666667 0.010416666666666666 
4 0.503125 0.21901041666666668 0.009375 0.008854166666666666 
4 0.4875 0.21041666666666667 0.011458333333333333 0.010416666666666666 
4 0.47291666666666665 0.20078125 0.0125 0.011979166666666667 
4 0.459375 0.19192708333333333 0.011458333333333333 0.0109375 
4 0.44947916666666665 0.16354166666666667 0.009375 0.011458333333333333 
4 0.45755208333333336 0.14947916666666666 0.009895833333333333 0.011458333333333333 
4 0.4661458333333333 0.1375 0.010416666666666666 0.011458333333333333 
4 0.35572916666666665 0.41328125 0.013541666666666667 0.0140625 
4 0.3372395833333333 0.3841145833333333 0.0109375 0.0109375 
4 0.48125 0.11588541666666667 0.009375 0.011979166666666667 
4 0.34036458333333336 0.43125 0.011979166666666667 0.011458333333333333 
4 0.60703125 0.5604166666666667 0.013020833333333334 0.010416666666666666 
4 0.5578125 0.5450520833333333 0.011458333333333333 0.0109375 
4 0.5630208333333333 0.5903645833333333 0.011458333333333333 0.0140625 
4 0.55703125 0.5875 0.0109375 0.0125 
4 0.6276041666666666 0.5911458333333334 0.011458333333333333 0.010416666666666666 
4 0.509375 0.4635416666666667 0.010416666666666666 0.011458333333333333 
4 0.49114583333333334 0.4510416666666667 0.009375 0.011458333333333333 
4 0.6325520833333333 0.5809895833333333 0.0109375 0.008854166666666666 
4 0.5955729166666667 0.5466145833333333 0.0140625 0.009895833333333333 
4 0.59296875 0.5520833333333334 0.013020833333333334 0.010416666666666666 
4 0.6078125 0.5544270833333333 0.011458333333333333 0.009895833333333333 
4 0.68046875 0.4828125 0.0078125 0.009375 
4 0.6609375 0.4708333333333333 0.010416666666666666 0.010416666666666666 
4 0.6356770833333333 0.45989583333333334 0.008854166666666666 0.011458333333333333 
4 0.54375 0.44453125 0.010416666666666666 0.0109375 
4 0.5341145833333333 0.43776041666666665 0.009895833333333333 0.0109375 
4 0.534375 0.4231770833333333 0.011458333333333333 0.011979166666666667 
4 0.525 0.41640625 0.010416666666666666 0.0109375 
4 0.5109375 0.4078125 0.009375 0.011458333333333333 
5 0.5161458333333333 0.3802083333333333 0.009375 0.013541666666666667 
4 0.3880208333333333 0.37864583333333335 0.011458333333333333 0.011458333333333333 
4 0.37526041666666665 0.3921875 0.011979166666666667 0.0125 
4 0.3611979166666667 0.4109375 0.011979166666666667 0.011458333333333333 
4 0.4744791666666667 0.12604166666666666 0.009375 0.0125 
4 0.725 0.3958333333333333 0.0125 0.011458333333333333 
4 0.8075520833333333 0.0921875 0.0067708333333333336 0.0125 
4 0.88984375 0.07265625 0.0140625 0.008854166666666666 
4 0.90625 0.07421875 0.011458333333333333 0.005729166666666666 
4 0.6979166666666666 0.3802083333333333 0.010416666666666666 0.0125 
4 0.8671875 0.06953125 0.008333333333333333 0.013020833333333334 
4 0.69296875 0.37838541666666664 0.009895833333333333 0.011979166666666667 
4 0.7859375 0.3776041666666667 0.009375 0.010416666666666666 
4 0.74921875 0.3484375 0.008854166666666666 0.011458333333333333 
4 0.7984375 0.4080729166666667 0.013541666666666667 0.0109375 
4 0.8106770833333333 0.4161458333333333 0.011979166666666667 0.011458333333333333 
4 0.8489583333333334 0.44036458333333334 0.014583333333333334 0.0109375 
4 0.8997395833333334 0.43723958333333335 0.013020833333333334 0.009895833333333333 
4 0.9033854166666667 0.43203125 0.0109375 0.009895833333333333 
4 0.9158854166666667 0.4119791666666667 0.0109375 0.010416666666666666 
4 0.9192708333333334 0.40703125 0.010416666666666666 0.008854166666666666 
4 0.9234375 0.40208333333333335 0.011458333333333333 0.010416666666666666 
4 0.9450520833333333 0.4236979166666667 0.0109375 0.008854166666666666 
4 0.94765625 0.41770833333333335 0.011979166666666667 0.009375 
4 0.9510416666666667 0.41302083333333334 0.011458333333333333 0.009375 
4 0.8958333333333334 0.3372395833333333 0.010416666666666666 0.011979166666666667 
4 0.87890625 0.3268229166666667 0.009895833333333333 0.011979166666666667 
4 0.91328125 0.309375 0.008854166666666666 0.0125 
4 0.9028645833333333 0.3028645833333333 0.0109375 0.013020833333333334 
4 0.8661458333333333 0.27890625 0.010416666666666666 0.013020833333333334 
4 0.8536458333333333 0.2721354166666667 0.009375 0.011979166666666667 
4 0.84765625 0.30546875 0.009895833333333333 0.011979166666666667 
4 0.8427083333333333 0.30104166666666665 0.011458333333333333 0.0125 
4 0.83203125 0.29661458333333335 0.009895833333333333 0.0109375 
