5 0.04348958333333333 0.11744791666666667 0.011979166666666667 0.013020833333333334 
4 0.053385416666666664 0.06927083333333334 0.0109375 0.0125 
4 0.3104166666666667 0.16614583333333333 0.011458333333333333 0.011458333333333333 
4 0.3059895833333333 0.16197916666666667 0.0109375 0.011458333333333333 
5 0.8927083333333333 0.9450520833333333 0.00625 0.0140625 
6 0.9354166666666667 0.8119791666666667 0.005208333333333333 0.011458333333333333 
4 0.9239583333333333 0.7971354166666667 0.00625 0.013020833333333334 
4 0.075 0.6697916666666667 0.005208333333333333 0.010416666666666666 
4 0.14244791666666667 0.64375 0.0109375 0.007291666666666667 
4 0.08177083333333333 0.5885416666666666 0.008333333333333333 0.011458333333333333 
4 0.08723958333333333 0.5921875 0.008854166666666666 0.0125 
4 0.09401041666666667 0.5927083333333333 0.0078125 0.011458333333333333 
4 0.10052083333333334 0.5934895833333333 0.008333333333333333 0.011979166666666667 
4 0.24114583333333334 0.23046875 0.0125 0.0109375 
4 0.07916666666666666 0.47682291666666665 0.008333333333333333 0.011979166666666667 
4 0.0859375 0.48098958333333336 0.009375 0.013020833333333334 
4 0.0921875 0.48125 0.008333333333333333 0.011458333333333333 
4 0.19713541666666667 0.31953125 0.0109375 0.011979166666666667 
12 0.4473958333333333 0.25755208333333335 0.041666666666666664 0.0515625 
6 0.775 0.5322916666666667 0.007291666666666667 0.016666666666666666 
4 0.046875 0.059895833333333336 0.0125 0.013541666666666667 
4 0.013020833333333334 0.09765625 0.010416666666666666 0.0109375 
4 0.2596354166666667 0.1671875 0.013020833333333334 0.015625 
4 0.9307291666666667 0.51328125 0.014583333333333334 0.008854166666666666 
4 0.9328125 0.5265625 0.0125 0.007291666666666667 
4 0.9322916666666666 0.596875 0.007291666666666667 0.013541666666666667 
4 0.8877604166666667 0.9796875 0.011979166666666667 0.005208333333333333 
4 0.019010416666666665 0.7515625 0.013020833333333334 0.00625 
4 0.058333333333333334 0.8377604166666667 0.014583333333333334 0.0067708333333333336 
4 0.11953125 0.946875 0.0140625 0.007291666666666667 
4 0.11953125 0.9869791666666666 0.009895833333333333 0.00625 
4 0.11744791666666667 0.9934895833333334 0.011979166666666667 0.0046875 
4 0.06796875 0.7927083333333333 0.0109375 0.00625 
4 0.54296875 0.07552083333333333 0.009895833333333333 0.014583333333333334 
4 0.47161458333333334 0.08645833333333333 0.009895833333333333 0.0125 
12 0.23697916666666666 0.99140625 0.029166666666666667 0.015104166666666667 
12 0.24479166666666666 0.9377604166666667 0.028125 0.015104166666666667 
12 0.24583333333333332 0.9140625 0.03333333333333333 0.015625 
12 0.23255208333333333 0.8486979166666667 0.0265625 0.0171875 
4 0.11354166666666667 0.8638020833333333 0.009375 0.005729166666666666 
12 0.7958333333333333 0.58359375 0.04791666666666667 0.016145833333333335 
12 0.7885416666666667 0.6291666666666667 0.023958333333333335 0.014583333333333334 
12 0.7955729166666666 0.6408854166666667 0.030729166666666665 0.016145833333333335 
12 0.7903645833333334 0.6783854166666666 0.04114583333333333 0.0234375 
4 0.9315104166666667 0.7971354166666667 0.0046875 0.011979166666666667 
12 0.7893229166666667 0.7557291666666667 0.024479166666666666 0.019791666666666666 
12 0.7723958333333333 0.89453125 0.05520833333333333 0.028645833333333332 
12 0.7768229166666667 0.9520833333333333 0.05260416666666667 0.020833333333333332 
12 0.78046875 0.98046875 0.04635416666666667 0.011979166666666667 
12 0.7955729166666666 0.5309895833333333 0.03802083333333333 0.013020833333333334 
12 0.8 0.50078125 0.025 0.0109375 
12 0.796875 0.4671875 0.03958333333333333 0.022916666666666665 
12 0.3484375 0.3143229166666667 0.04479166666666667 0.04635416666666667 
12 0.22760416666666666 0.76953125 0.034375 0.015104166666666667 
12 0.23359375 0.7072916666666667 0.030729166666666665 0.014583333333333334 
12 0.26171875 0.6302083333333334 0.03697916666666667 0.014583333333333334 
12 0.29244791666666664 0.5682291666666667 0.0359375 0.022916666666666665 
12 0.2994791666666667 0.4903645833333333 0.04375 0.0265625 
4 0.20572916666666666 0.3111979166666667 0.013541666666666667 0.0109375 
4 0.20130208333333333 0.315625 0.009895833333333333 0.009375 
6 0.3328125 0.39557291666666666 0.007291666666666667 0.008854166666666666 
12 0.32395833333333335 0.38671875 0.04895833333333333 0.03802083333333333 
12 0.3333333333333333 0.36354166666666665 0.05625 0.03854166666666667 
6 0.37734375 0.3 0.0078125 0.007291666666666667 
12 0.3619791666666667 0.2921875 0.040625 0.035416666666666666 
12 0.8247395833333333 0.39036458333333335 0.0484375 0.0265625 
12 0.38333333333333336 0.26901041666666664 0.030208333333333334 0.04114583333333333 
12 0.5208333333333334 0.1828125 0.016666666666666666 0.04583333333333333 
6 0.65390625 0.1515625 0.0067708333333333336 0.009375 
12 0.6026041666666667 0.2109375 0.05520833333333333 0.075 
12 0.6520833333333333 0.221875 0.03854166666666667 0.07291666666666667 
6 0.7723958333333333 0.19921875 0.009375 0.0109375 
12 0.7359375 0.246875 0.052083333333333336 0.06041666666666667 
12 0.8013020833333333 0.26145833333333335 0.0296875 0.022916666666666665 
12 0.80234375 0.2760416666666667 0.0390625 0.035416666666666666 
6 0.80625 0.33203125 0.008333333333333333 0.0067708333333333336 
12 0.8184895833333333 0.32317708333333334 0.06197916666666667 0.044270833333333336 
