10 0.6216145833333333 0.37057291666666664 0.35572916666666665 0.5401041666666667 
1 1.14375 0.5346354166666667 0.5114583333333333 0.5213541666666667 
3 0.6216145833333333 0.37421875 0.5276041666666667 0.8869791666666667 
7 0.4119791666666667 0.6877604166666667 0.052083333333333336 0.10885416666666667 
7 0.32890625 0.68671875 0.05364583333333333 0.1078125 
7 0.24609375 0.68515625 0.0515625 0.1078125 
7 0.3307291666666667 0.5190104166666667 0.051041666666666666 0.10885416666666667 
7 0.24739583333333334 0.51796875 0.052083333333333336 0.10885416666666667 
4 0.42578125 0.8265625 0.025520833333333333 0.0125 
4 0.5221354166666666 0.8283854166666667 0.024479166666666666 0.0109375 
4 0.49583333333333335 0.8283854166666667 0.023958333333333335 0.0109375 
4 0.7049479166666667 0.8747395833333333 0.0265625 0.011979166666666667 
4 0.9421875 0.8791666666666667 0.025 0.010416666666666666 
4 0.78828125 0.8364583333333333 0.024479166666666666 0.0125 
4 0.7216145833333333 0.834375 0.024479166666666666 0.0125 
4 0.66953125 0.8325520833333333 0.021354166666666667 0.0109375 
4 0.3268229166666667 0.8239583333333333 0.021354166666666667 0.010416666666666666 
4 0.35078125 0.82421875 0.021354166666666667 0.009895833333333333 
4 0.6963541666666667 0.8338541666666667 0.022916666666666665 0.0125 
4 0.2453125 0.8234375 0.025 0.010416666666666666 
4 0.08333333333333333 0.79921875 0.011458333333333333 0.0234375 
4 0.045572916666666664 0.8380208333333333 0.022395833333333334 0.010416666666666666 
4 0.07395833333333333 0.8388020833333333 0.022916666666666665 0.011979166666666667 
4 0.09348958333333333 0.010677083333333334 0.0109375 0.0234375 
4 0.6450520833333333 0.8315104166666667 0.024479166666666666 0.011979166666666667 
4 0.6533854166666667 0.8591145833333333 0.022395833333333334 0.0109375 
4 0.96875 0.8776041666666666 0.022916666666666665 0.011458333333333333 
4 0.8432291666666667 0.8947916666666667 0.011458333333333333 0.023958333333333335 
4 0.9104166666666667 0.8765625 0.025 0.0125 
4 0.9627604166666667 0.8411458333333334 0.03177083333333333 0.013541666666666667 
4 0.9307291666666667 0.8393229166666667 0.021875 0.009895833333333333 
4 0.9036458333333334 0.8390625 0.021875 0.011458333333333333 
4 0.8736979166666666 0.8385416666666666 0.025520833333333333 0.011458333333333333 
4 0.8463541666666666 0.8375 0.025 0.0125 
4 0.0203125 0.83984375 0.023958333333333335 0.0109375 
4 0.12083333333333333 0.8455729166666667 0.023958333333333335 0.027604166666666666 
4 0.2984375 0.8236979166666667 0.022916666666666665 0.0109375 
4 0.27447916666666666 0.8223958333333333 0.021875 0.010416666666666666 
4 0.2955729166666667 0.8671875 0.025520833333333333 0.013541666666666667 
4 0.059375 0.8630208333333333 0.03333333333333333 0.014583333333333334 
4 0.03697916666666667 0.5484375 0.010416666666666666 0.021875 
4 0.0328125 0.36223958333333334 0.025 0.0109375 
7 0.24973958333333332 0.35104166666666664 0.0515625 0.10833333333333334 
