4 0.5364583333333334 0.9497395833333333 0.009375 0.011979166666666667 
4 0.7067708333333333 0.9513020833333333 0.008333333333333333 0.011979166666666667 
4 0.6966145833333334 0.9567708333333333 0.008854166666666666 0.011458333333333333 
4 0.59375 0.9854166666666667 0.00625 0.0125 
12 0.32708333333333334 0.4317708333333333 0.10104166666666667 0.01875 
12 0.278125 0.575 0.06041666666666667 0.027083333333333334 
12 0.27760416666666665 0.5984375 0.04479166666666667 0.021875 
12 0.4296875 0.71171875 0.06145833333333333 0.049479166666666664 
12 0.51953125 0.81484375 0.027604166666666666 0.030729166666666665 
12 0.58984375 0.8635416666666667 0.0234375 0.022916666666666665 
12 0.4630208333333333 0.7614583333333333 0.03333333333333333 0.026041666666666668 
12 0.371875 0.6497395833333334 0.07708333333333334 0.06822916666666666 
12 0.34348958333333335 0.6416666666666667 0.06510416666666667 0.05 
12 0.30442708333333335 0.6270833333333333 0.043229166666666666 0.034375 
4 0.5989583333333334 0.98515625 0.005208333333333333 0.0140625 
4 0.6510416666666666 0.98046875 0.010416666666666666 0.0140625 
4 0.6052083333333333 0.98515625 0.005208333333333333 0.011979166666666667 
4 0.051041666666666666 0.6065104166666667 0.004166666666666667 0.011979166666666667 
4 0.11614583333333334 0.61171875 0.007291666666666667 0.011979166666666667 
4 0.16979166666666667 0.6354166666666666 0.010416666666666666 0.007291666666666667 
4 0.17291666666666666 0.64296875 0.0125 0.0078125 
4 0.115625 0.8122395833333333 0.00625 0.013020833333333334 
4 0.12369791666666667 0.809375 0.0046875 0.010416666666666666 
4 0.25729166666666664 0.7424479166666667 0.0125 0.0109375 
4 0.3020833333333333 0.7700520833333333 0.014583333333333334 0.013020833333333334 
4 0.32447916666666665 0.8091145833333333 0.013541666666666667 0.0109375 
4 0.35234375 0.8393229166666667 0.011979166666666667 0.0109375 
4 0.35546875 0.8447916666666667 0.0109375 0.010416666666666666 
4 0.3609375 0.8486979166666667 0.011458333333333333 0.0109375 
4 0.17890625 0.8791666666666667 0.0067708333333333336 0.013541666666666667 
4 0.19635416666666666 0.90625 0.00625 0.011458333333333333 
4 0.16223958333333333 0.8875 0.0046875 0.010416666666666666 
4 0.3268229166666667 0.8916666666666667 0.011979166666666667 0.007291666666666667 
12 0.48046875 0.80078125 0.0203125 0.0234375 
6 0.409375 0.74765625 0.008333333333333333 0.0078125 
