4 0.8458333333333333 0.8268229166666666 0.004166666666666667 0.008854166666666666 
4 0.9229166666666667 0.9966145833333333 0.005208333333333333 0.0109375 
4 0.9794270833333333 0.91640625 0.0109375 0.009895833333333333 
4 0.9888020833333333 0.9536458333333333 0.008854166666666666 0.008333333333333333 
4 0.9760416666666667 0.9903645833333333 0.011458333333333333 0.009895833333333333 
4 0.95390625 1.0015625 0.0109375 0.009375 
4 0.9783854166666667 0.92890625 0.013020833333333334 0.009895833333333333 
4 0.9885416666666667 0.92890625 0.011458333333333333 0.009895833333333333 
4 0.9877604166666667 0.93515625 0.0109375 0.008854166666666666 
4 0.91015625 0.8916666666666667 0.008854166666666666 0.005208333333333333 
4 0.9111979166666667 0.8544270833333333 0.009895833333333333 0.005729166666666666 
4 0.9213541666666667 0.87109375 0.010416666666666666 0.005729166666666666 
4 0.9205729166666666 0.8765625 0.0109375 0.005208333333333333 
4 0.9216145833333333 0.8869791666666667 0.0109375 0.005208333333333333 
4 0.9203125 0.8973958333333333 0.009375 0.005208333333333333 
4 0.9104166666666667 0.89765625 0.010416666666666666 0.005729166666666666 
4 0.9106770833333333 0.9127604166666666 0.0109375 0.005729166666666666 
4 0.94765625 0.87734375 0.009895833333333333 0.0046875 
4 0.9091145833333333 0.9182291666666667 0.0078125 0.005208333333333333 
4 0.9205729166666666 0.9341145833333333 0.009895833333333333 0.0046875 
4 0.9203125 0.92890625 0.009375 0.0046875 
4 0.9091145833333333 0.9497395833333333 0.0109375 0.005729166666666666 
4 0.9190104166666667 0.9552083333333333 0.011979166666666667 0.005208333333333333 
4 0.9447916666666667 0.96171875 0.0125 0.005729166666666666 
4 0.9559895833333333 0.940625 0.009895833333333333 0.007291666666666667 
4 0.9471354166666667 0.9291666666666667 0.009895833333333333 0.005208333333333333 
4 0.9578125 0.9278645833333333 0.010416666666666666 0.0078125 
4 0.9473958333333333 0.903125 0.009375 0.005208333333333333 
4 0.9864583333333333 0.9903645833333333 0.0125 0.0109375 
4 0.90078125 0.9963541666666667 0.005729166666666666 0.010416666666666666 
4 0.91171875 0.9955729166666667 0.005729166666666666 0.013020833333333334 
4 0.9067708333333333 0.99609375 0.004166666666666667 0.009895833333333333 
4 0.9169270833333333 0.9966145833333333 0.0046875 0.0109375 
4 0.9223958333333333 0.8546875 0.010416666666666666 0.005208333333333333 
4 0.9489583333333333 0.8549479166666667 0.009375 0.005729166666666666 
4 0.9223958333333333 0.8604166666666667 0.010416666666666666 0.004166666666666667 
4 0.9208333333333333 0.865625 0.009375 0.004166666666666667 
4 0.9098958333333333 0.86484375 0.009375 0.0046875 
4 0.9473958333333333 0.8606770833333334 0.009375 0.0046875 
4 0.94765625 0.8658854166666666 0.011979166666666667 0.0067708333333333336 
4 0.9479166666666666 0.8713541666666667 0.009375 0.005208333333333333 
4 0.9104166666666667 0.8708333333333333 0.010416666666666666 0.005208333333333333 
4 0.8388020833333333 0.40390625 0.009895833333333333 0.005729166666666666 
4 0.84375 0.36875 0.011458333333333333 0.00625 
4 0.9690104166666667 0.74609375 0.0046875 0.011979166666666667 
4 0.9604166666666667 0.7580729166666667 0.005208333333333333 0.013020833333333334 
4 0.9692708333333333 0.71484375 0.005208333333333333 0.0109375 
5 0.9669270833333333 0.7971354166666667 0.005729166666666666 0.0265625 
4 0.91015625 0.8755208333333333 0.009895833333333333 0.005208333333333333 
4 0.92109375 0.88125 0.009895833333333333 0.005208333333333333 
4 0.909375 0.8869791666666667 0.0125 0.005208333333333333 
4 0.9572916666666667 0.9583333333333334 0.0125 0.010416666666666666 
4 0.9794270833333333 0.9229166666666667 0.0109375 0.009375 
4 0.98046875 0.91171875 0.009895833333333333 0.009895833333333333 
4 0.9895833333333334 0.9169270833333333 0.009375 0.009895833333333333 
4 0.98828125 0.9223958333333333 0.008854166666666666 0.008333333333333333 
4 0.9484375 0.8825520833333333 0.010416666666666666 0.005729166666666666 
4 0.9466145833333334 0.91875 0.009895833333333333 0.005208333333333333 
4 0.9486979166666667 0.9138020833333333 0.008854166666666666 0.0046875 
4 0.9466145833333334 0.9083333333333333 0.011979166666666667 0.005208333333333333 
4 0.94765625 0.92421875 0.009895833333333333 0.005729166666666666 
4 0.9869791666666666 0.9591145833333333 0.011458333333333333 0.0109375 
4 0.9447916666666667 0.9502604166666667 0.0125 0.005729166666666666 
4 0.9770833333333333 0.9520833333333333 0.011458333333333333 0.009375 
4 0.9770833333333333 0.9591145833333333 0.010416666666666666 0.008854166666666666 
4 0.978125 0.9473958333333333 0.011458333333333333 0.010416666666666666 
4 0.9471354166666667 0.8872395833333333 0.013020833333333334 0.005729166666666666 
4 0.95703125 0.9515625 0.009895833333333333 0.008333333333333333 
4 0.9455729166666667 0.9401041666666666 0.011979166666666667 0.005208333333333333 
4 0.9197916666666667 0.9026041666666667 0.010416666666666666 0.005208333333333333 
4 0.90859375 0.9388020833333334 0.0109375 0.0046875 
4 0.9088541666666666 0.9013020833333333 0.011458333333333333 0.005729166666666666 
4 0.9088541666666666 0.9075520833333334 0.011458333333333333 0.005729166666666666 
4 0.9213541666666667 0.9078125 0.010416666666666666 0.005208333333333333 
4 0.9213541666666667 0.9130208333333333 0.010416666666666666 0.005208333333333333 
4 0.9197916666666667 0.9184895833333333 0.009375 0.0046875 
4 0.9083333333333333 0.9231770833333334 0.014583333333333334 0.005729166666666666 
4 0.9203125 0.9234375 0.009375 0.005208333333333333 
4 0.9083333333333333 0.9283854166666666 0.010416666666666666 0.005729166666666666 
4 0.90859375 0.9333333333333333 0.0109375 0.005208333333333333 
4 0.9190104166666667 0.9393229166666667 0.009895833333333333 0.0046875 
4 0.90859375 0.9447916666666667 0.0109375 0.005208333333333333 
4 0.9565104166666667 0.9341145833333333 0.013020833333333334 0.0109375 
4 0.9200520833333333 0.9494791666666667 0.009895833333333333 0.004166666666666667 
4 0.9067708333333333 0.9549479166666667 0.010416666666666666 0.0046875 
4 0.9190104166666667 0.9604166666666667 0.009895833333333333 0.005208333333333333 
4 0.9083333333333333 0.9609375 0.008333333333333333 0.004166666666666667 
4 0.9479166666666666 0.89296875 0.011458333333333333 0.005729166666666666 
4 0.946875 0.8979166666666667 0.009375 0.005208333333333333 
4 0.9580729166666667 0.8979166666666667 0.011979166666666667 0.010416666666666666 
4 0.9578125 0.9098958333333333 0.010416666666666666 0.009375 
4 0.9580729166666667 0.9153645833333334 0.009895833333333333 0.0078125 
4 0.9583333333333334 0.92109375 0.009375 0.008854166666666666 
4 0.8604166666666667 0.8916666666666667 0.004166666666666667 0.010416666666666666 
4 0.8765625 0.87265625 0.010416666666666666 0.005729166666666666 
4 0.8778645833333333 0.8791666666666667 0.009895833333333333 0.005208333333333333 
4 0.87421875 0.93359375 0.009895833333333333 0.005729166666666666 
4 0.8744791666666667 0.9393229166666667 0.011458333333333333 0.005729166666666666 
4 0.8739583333333333 0.9606770833333333 0.011458333333333333 0.005729166666666666 
4 0.8721354166666667 0.9658854166666667 0.009895833333333333 0.0046875 
4 0.87265625 0.97109375 0.009895833333333333 0.0046875 
4 0.8713541666666667 0.9763020833333333 0.008333333333333333 0.0036458333333333334 
4 0.8411458333333334 0.85859375 0.004166666666666667 0.009895833333333333 
4 0.84296875 0.9317708333333333 0.0109375 0.005208333333333333 
4 0.8421875 0.9528645833333333 0.013541666666666667 0.0067708333333333336 
4 0.8723958333333334 0.9549479166666667 0.011458333333333333 0.0067708333333333336 
4 0.840625 0.9924479166666667 0.011458333333333333 0.005729166666666666 
4 0.93671875 0.3692708333333333 0.0109375 0.00625 
4 0.6005208333333333 0.03567708333333333 0.011458333333333333 0.005729166666666666 
4 0.6002604166666666 0.020052083333333335 0.0109375 0.0046875 
4 0.60078125 0.025 0.0109375 0.004166666666666667 
4 0.6002604166666666 0.030208333333333334 0.009895833333333333 0.004166666666666667 
4 0.5997395833333333 0.05703125 0.009895833333333333 0.0046875 
4 0.5994791666666667 0.09869791666666666 0.008333333333333333 0.0046875 
4 0.5986979166666667 0.1140625 0.0078125 0.004166666666666667 
4 0.5997395833333333 0.11901041666666666 0.009895833333333333 0.0046875 
4 0.5997395833333333 0.13046875 0.009895833333333333 0.005729166666666666 
4 0.6010416666666667 0.1359375 0.011458333333333333 0.005208333333333333 
4 0.6 0.14739583333333334 0.010416666666666666 0.005208333333333333 
4 0.6276041666666666 0.030729166666666665 0.010416666666666666 0.004166666666666667 
4 0.6559895833333333 0.3015625 0.008854166666666666 0.009375 
4 0.6263020833333334 0.035416666666666666 0.009895833333333333 0.004166666666666667 
4 0.6270833333333333 0.04114583333333333 0.009375 0.005208333333333333 
4 0.6268229166666667 0.0515625 0.0109375 0.004166666666666667 
4 0.6268229166666667 0.08359375 0.009895833333333333 0.0046875 
4 0.6255208333333333 0.09401041666666667 0.011458333333333333 0.005729166666666666 
4 0.62578125 0.09921875 0.009895833333333333 0.005729166666666666 
4 0.6265625 0.10885416666666667 0.010416666666666666 0.005208333333333333 
4 0.6268229166666667 0.11432291666666666 0.009895833333333333 0.005729166666666666 
4 0.6263020833333334 0.1203125 0.008854166666666666 0.005208333333333333 
4 0.6268229166666667 0.12552083333333333 0.008854166666666666 0.005208333333333333 
4 0.6716145833333333 0.3098958333333333 0.008854166666666666 0.011458333333333333 
4 0.6302083333333334 0.2799479166666667 0.007291666666666667 0.008854166666666666 
4 0.62578125 0.1484375 0.0109375 0.005208333333333333 
4 0.60625 0.18489583333333334 0.009375 0.005208333333333333 
4 0.64921875 0.22552083333333334 0.009895833333333333 0.007291666666666667 
4 0.65078125 0.23072916666666668 0.0109375 0.009375 
4 0.6645833333333333 0.246875 0.011458333333333333 0.011458333333333333 
4 0.6309895833333333 0.24453125 0.0109375 0.008854166666666666 
4 0.62734375 0.24010416666666667 0.0109375 0.010416666666666666 
4 0.62421875 0.23515625 0.009895833333333333 0.008854166666666666 
4 0.6213541666666667 0.23098958333333333 0.009375 0.0078125 
4 0.6200520833333333 0.2265625 0.009895833333333333 0.007291666666666667 
4 0.6119791666666666 0.20546875 0.009375 0.0067708333333333336 
4 0.609375 0.20078125 0.010416666666666666 0.0067708333333333336 
4 0.6161458333333333 0.24036458333333333 0.008333333333333333 0.0078125 
4 0.6348958333333333 0.2828125 0.008333333333333333 0.009375 
4 0.6125 0.23776041666666667 0.010416666666666666 0.0109375 
4 0.6083333333333333 0.23333333333333334 0.009375 0.009375 
4 0.6046875 0.2296875 0.009375 0.009375 
4 0.59609375 0.22291666666666668 0.008854166666666666 0.008333333333333333 
4 0.55703125 0.2955729166666667 0.008854166666666666 0.008854166666666666 
4 0.5794270833333334 0.24609375 0.009895833333333333 0.009895833333333333 
4 0.584375 0.24869791666666666 0.009375 0.009895833333333333 
4 0.5888020833333333 0.25286458333333334 0.008854166666666666 0.009895833333333333 
4 0.6151041666666667 0.2716145833333333 0.009375 0.011979166666666667 
4 0.6197916666666666 0.27447916666666666 0.007291666666666667 0.009375 
4 0.6263020833333334 0.12994791666666666 0.0109375 0.005729166666666666 
4 0.6260416666666667 0.153125 0.010416666666666666 0.004166666666666667 
4 0.6434895833333333 0.215625 0.0078125 0.007291666666666667 
4 0.86328125 0.31979166666666664 0.0046875 0.010416666666666666 
4 0.6658854166666667 0.309375 0.0078125 0.010416666666666666 
4 0.7890625 0.29296875 0.005208333333333333 0.009895833333333333 
4 0.7950520833333333 0.2921875 0.005729166666666666 0.010416666666666666 
4 0.8002604166666667 0.2916666666666667 0.0046875 0.009375 
4 0.8317708333333333 0.29322916666666665 0.004166666666666667 0.010416666666666666 
4 0.8739583333333333 0.29270833333333335 0.005208333333333333 0.0125 
4 0.8895833333333333 0.29375 0.005208333333333333 0.0125 
4 0.90546875 0.31953125 0.0046875 0.009895833333333333 
4 0.8950520833333333 0.31927083333333334 0.0046875 0.010416666666666666 
4 0.8783854166666667 0.32083333333333336 0.0046875 0.011458333333333333 
4 0.8528645833333334 0.31875 0.0046875 0.009375 
4 0.6528645833333333 0.29791666666666666 0.0109375 0.011458333333333333 
4 0.8421875 0.3177083333333333 0.004166666666666667 0.009375 
4 0.8369791666666667 0.3184895833333333 0.004166666666666667 0.008854166666666666 
4 0.83203125 0.31927083333333334 0.0046875 0.009375 
4 0.8268229166666666 0.31927083333333334 0.0046875 0.010416666666666666 
4 0.9005208333333333 0.2942708333333333 0.004166666666666667 0.009375 
4 0.8947916666666667 0.29401041666666666 0.004166666666666667 0.009895833333333333 
4 0.884375 0.29375 0.005208333333333333 0.010416666666666666 
4 0.8794270833333333 0.29348958333333336 0.0046875 0.008854166666666666 
4 0.8684895833333334 0.2921875 0.0036458333333333334 0.009375 
4 0.8635416666666667 0.29348958333333336 0.005208333333333333 0.0109375 
4 0.659375 0.3065104166666667 0.007291666666666667 0.008854166666666666 
4 0.6486979166666667 0.29453125 0.009895833333333333 0.011979166666666667 
4 0.6026041666666667 0.17005208333333333 0.0125 0.005729166666666666 
4 0.6174479166666667 0.221875 0.009895833333333333 0.008333333333333333 
4 0.6049479166666667 0.17916666666666667 0.011979166666666667 0.007291666666666667 
4 0.62734375 0.159375 0.008854166666666666 0.00625 
4 0.6252604166666667 0.16484375 0.011979166666666667 0.005729166666666666 
4 0.6265625 0.062239583333333334 0.009375 0.0046875 
4 0.6268229166666667 0.06744791666666666 0.008854166666666666 0.0036458333333333334 
4 0.6067708333333334 0.19036458333333334 0.013541666666666667 0.0078125 
4 0.6091145833333333 0.19583333333333333 0.0109375 0.00625 
4 0.6125 0.21119791666666668 0.009375 0.0067708333333333336 
4 0.6005208333333333 0.15859375 0.0125 0.0067708333333333336 
4 0.6153645833333333 0.21614583333333334 0.013020833333333334 0.010416666666666666 
4 0.6546875 0.23489583333333333 0.009375 0.009375 
4 0.64453125 0.290625 0.008854166666666666 0.009375 
4 0.6588541666666666 0.23854166666666668 0.009375 0.010416666666666666 
4 0.6619791666666667 0.24192708333333332 0.008333333333333333 0.008854166666666666 
4 0.571875 0.2359375 0.009375 0.009375 
4 0.5755208333333334 0.24114583333333334 0.013541666666666667 0.011458333333333333 
4 0.5911458333333334 0.2591145833333333 0.009375 0.009895833333333333 
4 0.5966145833333333 0.2604166666666667 0.009895833333333333 0.011458333333333333 
4 0.6002604166666666 0.2638020833333333 0.009895833333333333 0.009895833333333333 
4 0.6057291666666667 0.26666666666666666 0.009375 0.010416666666666666 
4 0.6252604166666667 0.27786458333333336 0.0078125 0.0109375 
4 0.6408854166666667 0.2864583333333333 0.009895833333333333 0.009375 
4 0.6466145833333333 0.22057291666666667 0.009895833333333333 0.008854166666666666 
4 0.6411458333333333 0.21119791666666668 0.009375 0.0078125 
4 0.8528645833333334 0.29348958333333336 0.0046875 0.0109375 
4 0.40911458333333334 0.18880208333333334 0.008854166666666666 0.009895833333333333 
0 0.5098958333333333 1.0119791666666667 0.15104166666666666 0.12708333333333333 
0 0.7796875 0.18567708333333333 0.17395833333333333 0.16510416666666666 
0 0.5583333333333333 0.140625 0.0125 0.022916666666666665 
0 0.8213541666666667 0.5669270833333333 0.11875 0.12552083333333333 
5 0.53515625 0.30572916666666666 0.04010416666666667 0.034375 
5 0.7580729166666667 0.2578125 0.034895833333333334 0.015625 
4 0.24791666666666667 0.018229166666666668 0.010416666666666666 0.010416666666666666 
4 0.2747395833333333 0.06614583333333333 0.0109375 0.011458333333333333 
4 0.28567708333333336 0.027083333333333334 0.009895833333333333 0.011458333333333333 
4 0.38776041666666666 0.13125 0.0078125 0.009375 
4 0.43125 0.21145833333333333 0.0125 0.011458333333333333 
4 0.48072916666666665 0.26796875 0.011458333333333333 0.009895833333333333 
4 0.5247395833333334 0.3059895833333333 0.0109375 0.0109375 
4 0.4270833333333333 0.02734375 0.013541666666666667 0.0078125 
4 0.42578125 0.01640625 0.011979166666666667 0.0067708333333333336 
4 0.42578125 0.021354166666666667 0.009895833333333333 0.005208333333333333 
4 0.42994791666666665 0.03307291666666667 0.0109375 0.0078125 
4 0.45390625 0.0265625 0.0046875 0.010416666666666666 
4 0.46067708333333335 0.03046875 0.0046875 0.008854166666666666 
4 0.465625 0.03046875 0.004166666666666667 0.008854166666666666 
4 0.47604166666666664 0.029166666666666667 0.004166666666666667 0.009375 
4 0.4864583333333333 0.028125 0.003125 0.010416666666666666 
0 0.22369791666666666 0.6453125 0.11614583333333334 0.12291666666666666 
0 0.21901041666666668 0.7763020833333333 0.11822916666666666 0.1171875 
4 0.48151041666666666 0.02890625 0.0036458333333333334 0.008854166666666666 
4 0.49713541666666666 0.029166666666666667 0.0046875 0.008333333333333333 
4 0.6388020833333333 0.20651041666666667 0.009895833333333333 0.0067708333333333336 
4 0.6265625 0.0203125 0.011458333333333333 0.005208333333333333 
4 0.60078125 0.07239583333333334 0.008854166666666666 0.004166666666666667 
4 0.5997395833333333 0.062239583333333334 0.0078125 0.0046875 
4 0.6002604166666666 0.08776041666666666 0.0109375 0.005729166666666666 
4 0.5997395833333333 0.09348958333333333 0.0109375 0.0046875 
4 0.60078125 0.10364583333333334 0.011979166666666667 0.005208333333333333 
4 0.5986979166666667 0.109375 0.008854166666666666 0.005208333333333333 
4 0.6 0.125 0.010416666666666666 0.005208333333333333 
4 0.5989583333333334 0.140625 0.008333333333333333 0.004166666666666667 
4 0.6260416666666667 0.07734375 0.011458333333333333 0.0046875 
4 0.62734375 0.07265625 0.008854166666666666 0.0036458333333333334 
4 0.6265625 0.08854166666666667 0.009375 0.005208333333333333 
4 0.5997395833333333 0.08255208333333333 0.009895833333333333 0.0046875 
4 0.6260416666666667 0.1046875 0.009375 0.005208333333333333 
4 0.6244791666666667 0.13619791666666667 0.009375 0.005729166666666666 
4 0.6263020833333334 0.14114583333333333 0.0109375 0.005208333333333333 
4 0.6278645833333333 0.16953125 0.009895833333333333 0.0067708333333333336 
4 0.6283854166666667 0.17526041666666667 0.009895833333333333 0.0067708333333333336 
4 0.6299479166666667 0.17994791666666668 0.0109375 0.005729166666666666 
4 0.6328125 0.19166666666666668 0.007291666666666667 0.005208333333333333 
4 0.63125 0.18671875 0.010416666666666666 0.0067708333333333336 
4 0.6015625 0.1640625 0.009375 0.005208333333333333 
4 0.63671875 0.20130208333333333 0.009895833333333333 0.0078125 
4 0.5994791666666667 0.07708333333333334 0.009375 0.004166666666666667 
4 0.6 0.0671875 0.010416666666666666 0.005208333333333333 
4 0.5130208333333334 0.029947916666666668 0.004166666666666667 0.008854166666666666 
4 0.50703125 0.028645833333333332 0.005729166666666666 0.0125 
4 0.5182291666666666 0.0296875 0.003125 0.008333333333333333 
4 0.5231770833333333 0.030208333333333334 0.0046875 0.010416666666666666 
4 0.5286458333333334 0.0296875 0.004166666666666667 0.011458333333333333 
4 0.5705729166666667 0.02890625 0.0046875 0.013020833333333334 
4 0.565625 0.029427083333333333 0.004166666666666667 0.009895833333333333 
4 0.5604166666666667 0.030208333333333334 0.005208333333333333 0.010416666666666666 
4 0.5552083333333333 0.029427083333333333 0.004166666666666667 0.009895833333333333 
4 0.5442708333333334 0.029166666666666667 0.005208333333333333 0.011458333333333333 
4 0.5388020833333333 0.029166666666666667 0.0046875 0.010416666666666666 
4 0.5341145833333333 0.029166666666666667 0.005729166666666666 0.0125 
4 0.49192708333333335 0.028125 0.0046875 0.011458333333333333 
4 0.6260416666666667 0.05703125 0.010416666666666666 0.0046875 
4 0.4705729166666667 0.028385416666666666 0.005729166666666666 0.011979166666666667 
4 0.5705729166666667 0.04088541666666667 0.0046875 0.008854166666666666 
4 0.50234375 0.029427083333333333 0.0046875 0.009895833333333333 
4 0.5497395833333333 0.03125 0.0046875 0.010416666666666666 
4 0.5765625 0.029947916666666668 0.004166666666666667 0.009895833333333333 
4 0.6010416666666667 0.04088541666666667 0.011458333333333333 0.005729166666666666 
4 0.6026041666666667 0.04609375 0.010416666666666666 0.0036458333333333334 
4 0.6 0.050520833333333334 0.010416666666666666 0.004166666666666667 
4 0.6276041666666666 0.025260416666666667 0.008333333333333333 0.0036458333333333334 
4 0.6263020833333334 0.04609375 0.009895833333333333 0.0046875 
4 0.8588541666666667 0.29296875 0.004166666666666667 0.009895833333333333 
4 0.8473958333333333 0.29270833333333335 0.004166666666666667 0.009375 
4 0.8427083333333333 0.2921875 0.005208333333333333 0.0125 
4 0.9971354166666667 0.20807291666666666 0.009895833333333333 0.0046875 
5 0.9880208333333333 0.061197916666666664 0.010416666666666666 0.0067708333333333336 
4 0.9997395833333333 0.06067708333333333 0.0109375 0.0046875 
4 1.0005208333333333 0.065625 0.010416666666666666 0.005208333333333333 
4 1.0 0.07135416666666666 0.009375 0.005208333333333333 
4 0.9994791666666667 0.07630208333333334 0.009375 0.0046875 
4 0.9872395833333333 0.06666666666666667 0.009895833333333333 0.004166666666666667 
4 0.9888020833333333 0.07135416666666666 0.0109375 0.004166666666666667 
4 0.9877604166666667 0.07682291666666667 0.009895833333333333 0.0046875 
4 0.98828125 0.08203125 0.011979166666666667 0.005729166666666666 
4 0.98828125 0.0875 0.009895833333333333 0.005208333333333333 
4 0.9963541666666667 0.20260416666666667 0.009375 0.005208333333333333 
4 0.9921875 0.05364583333333333 0.004166666666666667 0.009375 
4 0.996875 0.19739583333333333 0.0125 0.005208333333333333 
4 0.9979166666666667 0.19166666666666668 0.009375 0.005208333333333333 
4 0.9966145833333333 0.18177083333333333 0.009895833333333333 0.005208333333333333 
4 0.9966145833333333 0.17604166666666668 0.009895833333333333 0.004166666666666667 
4 0.99609375 0.17083333333333334 0.011979166666666667 0.00625 
4 0.98828125 0.19192708333333333 0.0046875 0.008854166666666666 
4 0.9880208333333333 0.18072916666666666 0.004166666666666667 0.008333333333333333 
4 0.9875 0.20442708333333334 0.005208333333333333 0.011979166666666667 
5 0.9864583333333333 0.052083333333333336 0.00625 0.011458333333333333 
4 0.9966145833333333 0.053125 0.0046875 0.010416666666666666 
4 0.9002604166666667 0.32083333333333336 0.0046875 0.009375 
4 0.8369791666666667 0.29296875 0.004166666666666667 0.009895833333333333 
4 0.82734375 0.29270833333333335 0.0046875 0.010416666666666666 
4 0.821875 0.29270833333333335 0.004166666666666667 0.010416666666666666 
4 0.81640625 0.2921875 0.0046875 0.010416666666666666 
4 0.81171875 0.29244791666666664 0.0046875 0.009895833333333333 
4 0.8057291666666667 0.2921875 0.004166666666666667 0.010416666666666666 
4 0.9208333333333333 0.31953125 0.004166666666666667 0.0109375 
4 0.9153645833333334 0.31953125 0.0046875 0.0109375 
4 0.91015625 0.32083333333333336 0.0046875 0.010416666666666666 
4 0.88984375 0.32109375 0.0046875 0.009895833333333333 
4 0.8583333333333333 0.3190104166666667 0.005208333333333333 0.0109375 
4 0.86875 0.3190104166666667 0.004166666666666667 0.0109375 
4 0.8471354166666667 0.3177083333333333 0.0046875 0.010416666666666666 
4 0.8213541666666667 0.31953125 0.004166666666666667 0.009895833333333333 
4 0.8161458333333333 0.31953125 0.004166666666666667 0.009895833333333333 
4 0.8109375 0.31953125 0.004166666666666667 0.0109375 
4 0.8057291666666667 0.31979166666666664 0.004166666666666667 0.010416666666666666 
4 0.80078125 0.31927083333333334 0.005729166666666666 0.010416666666666666 
4 0.7942708333333334 0.31875 0.004166666666666667 0.010416666666666666 
4 0.7830729166666667 0.3171875 0.005729166666666666 0.011458333333333333 
4 0.7598958333333333 0.309375 0.0125 0.005208333333333333 
4 0.83515625 0.8276041666666667 0.0046875 0.009375 
4 0.6447916666666667 0.9192708333333334 0.010416666666666666 0.005208333333333333 
4 0.7533854166666667 0.66171875 0.0046875 0.009895833333333333 
4 0.7421875 0.6606770833333333 0.004166666666666667 0.009895833333333333 
5 0.7346354166666667 0.66171875 0.0046875 0.011979166666666667 
4 0.7401041666666667 0.7403645833333333 0.011458333333333333 0.008854166666666666 
4 0.7703125 0.7559895833333333 0.010416666666666666 0.0078125 
4 0.609375 0.8005208333333333 0.011458333333333333 0.005208333333333333 
4 0.6450520833333333 0.89296875 0.009895833333333333 0.0036458333333333334 
4 0.6442708333333333 0.9302083333333333 0.010416666666666666 0.005208333333333333 
4 0.6453125 0.88828125 0.009375 0.005729166666666666 
4 0.6434895833333333 0.9145833333333333 0.0109375 0.005208333333333333 
4 0.6434895833333333 0.925 0.009895833333333333 0.005208333333333333 
5 0.7794270833333333 0.48151041666666666 0.0067708333333333336 0.0140625 
4 0.6197916666666666 0.91640625 0.004166666666666667 0.008854166666666666 
4 0.6174479166666667 0.9716145833333333 0.0036458333333333334 0.009895833333333333 
4 0.6177083333333333 0.9859375 0.004166666666666667 0.0125 
4 0.6171875 0.9989583333333333 0.004166666666666667 0.0125 
5 0.7559895833333333 0.48020833333333335 0.0067708333333333336 0.014583333333333334 
5 0.7932291666666667 0.478125 0.00625 0.015625 
4 0.7403645833333333 0.39947916666666666 0.009895833333333333 0.005208333333333333 
4 0.68828125 0.390625 0.0109375 0.00625 
4 0.6182291666666667 0.9606770833333333 0.004166666666666667 0.011979166666666667 
4 0.2864583333333333 0.8721354166666667 0.009375 0.0046875 
4 0.2864583333333333 0.840625 0.009375 0.004166666666666667 
4 0.875 0.928125 0.009375 0.005208333333333333 
4 0.43671875 0.9700520833333334 0.0109375 0.005729166666666666 
4 0.43776041666666665 0.9283854166666666 0.011979166666666667 0.005729166666666666 
4 0.475 0.7190104166666667 0.008333333333333333 0.005729166666666666 
4 0.4640625 0.71640625 0.010416666666666666 0.005729166666666666 
5 0.35390625 0.7859375 0.0067708333333333336 0.014583333333333334 
4 0.2955729166666667 0.5880208333333333 0.0109375 0.00625 
4 0.2947916666666667 0.5768229166666666 0.011458333333333333 0.0067708333333333336 
5 0.3 0.55703125 0.00625 0.0140625 
4 0.2872395833333333 0.7200520833333334 0.009895833333333333 0.005729166666666666 
4 0.28671875 0.73125 0.0078125 0.004166666666666667 
0 0.22421875 0.28619791666666666 0.1734375 0.19114583333333332 
