6 0.6309895833333333 0.86015625 0.008854166666666666 0.0046875 
4 0.34036458333333336 0.046875 0.013020833333333334 0.00625 
4 0.38515625 0.04244791666666667 0.013020833333333334 0.005729166666666666 
4 0.41484375 0.06197916666666667 0.013020833333333334 0.007291666666666667 
4 0.41432291666666665 0.043229166666666666 0.0109375 0.005208333333333333 
4 -0.0010416666666666667 0.6864583333333333 0.011458333333333333 0.007291666666666667 
4 0.06328125 0.525 0.005729166666666666 0.010416666666666666 
4 0.0484375 0.5114583333333333 0.0125 0.00625 
4 0.004427083333333333 0.446875 0.013020833333333334 0.00625 
4 0.04375 0.43723958333333335 0.011458333333333333 0.0067708333333333336 
4 0.36822916666666666 0.053385416666666664 0.013541666666666667 0.0046875 
4 0.3028645833333333 0.06171875 0.005729166666666666 0.013020833333333334 
4 0.29609375 0.06171875 0.0046875 0.009895833333333333 
4 0.29713541666666665 0.9510416666666667 0.011979166666666667 0.007291666666666667 
4 0.23854166666666668 0.95078125 0.00625 0.0140625 
4 0.35052083333333334 0.9419270833333333 0.011458333333333333 0.0067708333333333336 
4 0.37213541666666666 0.95859375 0.013020833333333334 0.0078125 
5 0.4088541666666667 0.7161458333333334 0.00625 0.014583333333333334 
4 0.42916666666666664 0.6611979166666667 0.0125 0.005729166666666666 
4 0.4278645833333333 0.6692708333333334 0.0109375 0.007291666666666667 
4 0.44088541666666664 0.6453125 0.0109375 0.007291666666666667 
4 0.4390625 0.6106770833333334 0.011458333333333333 0.0067708333333333336 
4 0.28958333333333336 0.6239583333333333 0.00625 0.013541666666666667 
4 0.55625 0.43854166666666666 0.00625 0.014583333333333334 
4 0.4200520833333333 0.25 0.005729166666666666 0.013541666666666667 
4 0.46067708333333335 0.2911458333333333 0.008854166666666666 0.013541666666666667 
4 0.2911458333333333 0.40625 0.00625 0.013541666666666667 
4 0.2994791666666667 0.40651041666666665 0.005208333333333333 0.0109375 
4 0.22838541666666667 0.26145833333333335 0.0067708333333333336 0.010416666666666666 
5 0.16588541666666667 0.24401041666666667 0.0067708333333333336 0.0140625 
4 0.34739583333333335 0.23723958333333334 0.00625 0.0109375 
4 0.5458333333333333 0.15130208333333334 0.011458333333333333 0.008854166666666666 
4 0.3692708333333333 0.047135416666666666 0.0125 0.005729166666666666 
4 0.3575520833333333 0.09322916666666667 0.005729166666666666 0.010416666666666666 
4 0.35208333333333336 0.0921875 0.005208333333333333 0.011458333333333333 
4 0.3455729166666667 0.0921875 0.0046875 0.011458333333333333 
4 0.33880208333333334 0.09192708333333334 0.0046875 0.009895833333333333 
4 0.3106770833333333 0.09166666666666666 0.005729166666666666 0.010416666666666666 
4 0.2916666666666667 0.98984375 0.00625 0.011979166666666667 
4 0.32473958333333336 0.9677083333333333 0.011979166666666667 0.013541666666666667 
4 0.3390625 0.9890625 0.00625 0.010416666666666666 
6 0.6416666666666667 0.9104166666666667 0.00625 0.014583333333333334 
4 0.30364583333333334 0.9721354166666667 0.0125 0.0067708333333333336 
5 0.8768229166666667 0.11744791666666667 0.011979166666666667 0.013020833333333334 
4 0.6778645833333333 0.16145833333333334 0.0109375 0.0125 
4 0.6239583333333333 0.5122395833333333 0.0125 0.0067708333333333336 
4 0.6356770833333333 0.5135416666666667 0.013020833333333334 0.00625 
4 0.7010416666666667 0.5442708333333334 0.00625 0.010416666666666666 
4 0.7549479166666667 0.5203125 0.011979166666666667 0.008333333333333333 
4 0.7635416666666667 0.5591145833333333 0.005208333333333333 0.011979166666666667 
4 0.7580729166666667 0.88828125 0.011979166666666667 0.0067708333333333336 
4 0.8111979166666666 1.0015625 0.008854166666666666 0.0125 
4 0.7372395833333333 0.9908854166666666 0.011979166666666667 0.0078125 
4 0.7122395833333334 0.9611979166666667 0.009895833333333333 0.0109375 
4 0.7216145833333333 0.9611979166666667 0.009895833333333333 0.009895833333333333 
4 0.6182291666666667 0.9721354166666667 0.0125 0.005729166666666666 
4 0.16822916666666668 0.5213541666666667 0.009375 0.011458333333333333 
4 0.09557291666666666 0.8393229166666667 0.011979166666666667 0.005729166666666666 
5 0.50703125 0.93359375 0.015104166666666667 0.0078125 
4 0.5044270833333333 0.9640625 0.0067708333333333336 0.013541666666666667 
4 0.5354166666666667 0.9716145833333333 0.005208333333333333 0.009895833333333333 
4 0.5098958333333333 0.9645833333333333 0.005208333333333333 0.0125 
5 0.48723958333333334 0.96171875 0.005729166666666666 0.013020833333333334 
4 0.4796875 0.9609375 0.005208333333333333 0.011458333333333333 
4 0.44166666666666665 0.9609375 0.005208333333333333 0.011458333333333333 
4 0.4348958333333333 0.96796875 0.005208333333333333 0.009895833333333333 
4 0.88671875 0.06927083333333334 0.0109375 0.0125 
4 0.9083333333333333 0.6697916666666667 0.005208333333333333 0.010416666666666666 
4 0.97578125 0.64375 0.0109375 0.007291666666666667 
4 0.9151041666666667 0.5885416666666666 0.008333333333333333 0.011458333333333333 
4 0.9205729166666666 0.5921875 0.008854166666666666 0.0125 
4 0.92734375 0.5927083333333333 0.0078125 0.011458333333333333 
4 0.9338541666666667 0.5934895833333333 0.008333333333333333 0.011979166666666667 
4 0.9125 0.47682291666666665 0.008333333333333333 0.011979166666666667 
4 0.9192708333333334 0.48098958333333336 0.009375 0.013020833333333334 
4 0.9255208333333333 0.48125 0.008333333333333333 0.011458333333333333 
4 0.04010416666666667 0.13463541666666667 0.010416666666666666 0.013020833333333334 
4 0.20755208333333333 0.04296875 0.005729166666666666 0.0109375 
4 0.29322916666666665 0.090625 0.00625 0.011458333333333333 
4 0.3684895833333333 0.09453125 0.005729166666666666 0.0109375 
4 0.38359375 0.059895833333333336 0.009895833333333333 0.00625 
4 0.5174479166666667 0.08984375 0.011979166666666667 0.0109375 
4 0.8802083333333334 0.059895833333333336 0.0125 0.013541666666666667 
4 0.8463541666666666 0.09765625 0.010416666666666666 0.0109375 
4 0.8200520833333333 0.9973958333333334 0.0078125 0.0125 
4 0.8130208333333333 0.98828125 0.00625 0.011979166666666667 
4 0.6234375 0.9216145833333333 0.005208333333333333 0.013020833333333334 
4 0.5963541666666666 0.9192708333333334 0.005208333333333333 0.0125 
4 0.2484375 0.7088541666666667 0.005208333333333333 0.011458333333333333 
4 0.026041666666666668 0.64765625 0.007291666666666667 0.013020833333333334 
4 0.2721354166666667 0.6442708333333333 0.015104166666666667 0.007291666666666667 
4 0.31666666666666665 0.40260416666666665 0.010416666666666666 0.015625 
4 0.19296875 0.328125 0.008854166666666666 0.010416666666666666 
4 0.20989583333333334 0.359375 0.005208333333333333 0.011458333333333333 
4 0.21067708333333332 0.34427083333333336 0.005729166666666666 0.0125 
4 0.35390625 0.23723958333333334 0.0067708333333333336 0.011979166666666667 
4 0.20859375 0.2755208333333333 0.0067708333333333336 0.009375 
4 0.10755208333333334 0.27890625 0.0109375 0.0109375 
4 0.10963541666666667 0.34453125 0.009895833333333333 0.005729166666666666 
4 0.1078125 0.35078125 0.0125 0.0067708333333333336 
4 0.10494791666666667 0.3572916666666667 0.0140625 0.00625 
4 0.10625 0.3697916666666667 0.0125 0.00625 
4 0.075 0.3776041666666667 0.005208333333333333 0.011458333333333333 
4 0.13333333333333333 0.4984375 0.00625 0.014583333333333334 
4 0.1734375 0.51640625 0.010416666666666666 0.015104166666666667 
4 0.08854166666666667 0.5299479166666666 0.010416666666666666 0.005729166666666666 
4 0.69921875 0.9372395833333333 0.005729166666666666 0.011979166666666667 
4 0.44973958333333336 0.9231770833333334 0.0046875 0.0109375 
4 0.4791666666666667 0.8541666666666666 0.00625 0.0125 
4 0.47317708333333336 0.8520833333333333 0.0046875 0.010416666666666666 
4 0.46432291666666664 0.8526041666666667 0.0067708333333333336 0.013541666666666667 
4 0.471875 0.634375 0.00625 0.011458333333333333 
4 0.5130208333333334 0.30364583333333334 0.016666666666666666 0.011458333333333333 
4 0.4390625 0.4979166666666667 0.014583333333333334 0.008333333333333333 
4 0.5963541666666666 0.5299479166666666 0.00625 0.011979166666666667 
4 0.68828125 0.5408854166666667 0.0078125 0.013020833333333334 
4 0.6716145833333333 0.5385416666666667 0.005729166666666666 0.011458333333333333 
4 0.5606770833333333 0.5005208333333333 0.0109375 0.007291666666666667 
4 0.61015625 0.5088541666666667 0.0109375 0.00625 
4 0.7565104166666666 0.7 0.0109375 0.00625 
4 0.78828125 0.7283854166666667 0.0109375 0.0067708333333333336 
4 0.85234375 0.7515625 0.013020833333333334 0.00625 
4 0.8916666666666667 0.8377604166666667 0.014583333333333334 0.0067708333333333336 
4 0.9528645833333333 0.946875 0.0140625 0.007291666666666667 
4 0.9528645833333333 0.9869791666666666 0.009895833333333333 0.00625 
4 0.95078125 0.9934895833333334 0.011979166666666667 0.0046875 
4 0.06276041666666667 0.5395833333333333 0.0046875 0.0125 
4 0.0640625 0.5611979166666666 0.005208333333333333 0.0109375 
4 0.18489583333333334 0.7895833333333333 0.010416666666666666 0.005208333333333333 
4 0.17265625 0.7893229166666667 0.009895833333333333 0.005729166666666666 
4 0.18463541666666666 0.69453125 0.0109375 0.0046875 
4 0.14583333333333334 0.7106770833333333 0.004166666666666667 0.011979166666666667 
4 0.14635416666666667 0.7330729166666666 0.005208333333333333 0.011979166666666667 
4 0.103125 0.7643229166666666 0.0125 0.0046875 
4 0.11666666666666667 0.8119791666666667 0.005208333333333333 0.0125 
4 0.15 0.9078125 0.010416666666666666 0.005208333333333333 
4 0.0984375 0.8572916666666667 0.009375 0.005208333333333333 
4 0.09869791666666666 0.86484375 0.011979166666666667 0.0067708333333333336 
4 0.19869791666666667 0.30963541666666666 0.0078125 0.013020833333333334 
4 0.5661458333333333 0.72734375 0.005208333333333333 0.011979166666666667 
4 0.5723958333333333 0.7265625 0.005208333333333333 0.010416666666666666 
4 0.70234375 0.7265625 0.005729166666666666 0.013541666666666667 
4 0.8260416666666667 0.7546875 0.009375 0.00625 
4 0.9013020833333333 0.7927083333333333 0.0109375 0.00625 
4 0.946875 0.8638020833333333 0.009375 0.005729166666666666 
