0 0.359375 0.14114583333333333 0.096875 0.10625 
0 0.025260416666666667 0.8130208333333333 0.14010416666666667 0.153125 
0 0.16354166666666667 0.7893229166666667 0.09375 0.09635416666666667 
0 0.31640625 0.8234375 0.13072916666666667 0.14479166666666668 
0 0.46145833333333336 0.8205729166666667 0.12916666666666668 0.1484375 
0 0.6072916666666667 0.8333333333333334 0.13229166666666667 0.15 
0 0.75625 0.8286458333333333 0.13125 0.14895833333333333 
0 0.8078125 0.5263020833333333 0.13229166666666667 0.14947916666666666 
0 0.3609375 0.5049479166666667 0.13125 0.14739583333333334 
0 0.21380208333333334 0.4979166666666667 0.1328125 0.14895833333333333 
0 0.49166666666666664 0.13802083333333334 0.09791666666666667 0.11041666666666666 
4 0.39088541666666665 0.2828125 0.0046875 0.010416666666666666 
4 0.38359375 0.36171875 0.0036458333333333334 0.008854166666666666 
4 0.4046875 0.36171875 0.004166666666666667 0.008854166666666666 
4 0.41015625 0.36223958333333334 0.0036458333333333334 0.009895833333333333 
4 0.43125 0.36328125 0.004166666666666667 0.0109375 
4 0.44192708333333336 0.3619791666666667 0.0046875 0.009375 
4 0.43671875 0.353125 0.0046875 0.009375 
4 0.4427083333333333 0.35208333333333336 0.005208333333333333 0.008333333333333333 
4 0.42630208333333336 0.35130208333333335 0.0036458333333333334 0.008854166666666666 
4 0.39947916666666666 0.3609375 0.005208333333333333 0.010416666666666666 
4 0.42213541666666665 0.29348958333333336 0.0046875 0.008854166666666666 
4 0.4583333333333333 0.32916666666666666 0.005208333333333333 0.009375 
4 0.38385416666666666 0.35052083333333334 0.004166666666666667 0.010416666666666666 
4 0.5479166666666667 0.35651041666666666 0.005208333333333333 0.008854166666666666 
4 0.5046875 0.35572916666666665 0.004166666666666667 0.009375 
4 0.49947916666666664 0.35442708333333334 0.004166666666666667 0.009895833333333333 
4 0.48333333333333334 0.3541666666666667 0.005208333333333333 0.0125 
4 0.4734375 0.35390625 0.004166666666666667 0.008854166666666666 
4 0.46770833333333334 0.3533854166666667 0.004166666666666667 0.009895833333333333 
4 0.43671875 0.36354166666666665 0.0036458333333333334 0.009375 
4 0.36354166666666665 0.3846354166666667 0.005208333333333333 0.009895833333333333 
4 0.35833333333333334 0.384375 0.005208333333333333 0.010416666666666666 
4 0.37942708333333336 0.3859375 0.0046875 0.010416666666666666 
4 0.36223958333333334 0.3609375 0.0046875 0.010416666666666666 
4 0.37864583333333335 0.35104166666666664 0.004166666666666667 0.010416666666666666 
4 0.4002604166666667 0.3859375 0.0046875 0.010416666666666666 
4 0.39114583333333336 0.29375 0.004166666666666667 0.009375 
4 0.3567708333333333 0.25807291666666665 0.005208333333333333 0.013020833333333334 
4 0.5484375 0.29765625 0.004166666666666667 0.009895833333333333 
4 0.5328125 0.29713541666666665 0.005208333333333333 0.009895833333333333 
4 0.5013020833333334 0.29713541666666665 0.0046875 0.009895833333333333 
4 0.49635416666666665 0.29739583333333336 0.005208333333333333 0.008333333333333333 
4 0.5026041666666666 0.28567708333333336 0.005208333333333333 0.009895833333333333 
4 0.48020833333333335 0.29609375 0.005208333333333333 0.009895833333333333 
4 0.4752604166666667 0.28463541666666664 0.0046875 0.008854166666666666 
4 0.44869791666666664 0.29401041666666666 0.0046875 0.0109375 
4 0.41119791666666666 0.2942708333333333 0.005729166666666666 0.011458333333333333 
4 0.38515625 0.29322916666666665 0.0046875 0.010416666666666666 
4 0.3893229166666667 0.3502604166666667 0.0046875 0.009895833333333333 
4 0.36953125 0.29270833333333335 0.0046875 0.010416666666666666 
4 0.36380208333333336 0.28151041666666665 0.0046875 0.009895833333333333 
4 0.47760416666666666 0.2609375 0.004166666666666667 0.008333333333333333 
4 0.48385416666666664 0.3302083333333333 0.004166666666666667 0.010416666666666666 
4 0.46848958333333335 0.31979166666666664 0.0046875 0.009375 
4 0.453125 0.3299479166666667 0.004166666666666667 0.0109375 
4 0.44765625 0.3294270833333333 0.0046875 0.009895833333333333 
4 0.43697916666666664 0.31875 0.005208333333333333 0.010416666666666666 
4 0.42682291666666666 0.31796875 0.0046875 0.009895833333333333 
4 0.41640625 0.31640625 0.0046875 0.0109375 
4 0.39505208333333336 0.38515625 0.0046875 0.009895833333333333 
4 0.4153645833333333 0.38697916666666665 0.0046875 0.010416666666666666 
4 0.39348958333333334 0.2591145833333333 0.0046875 0.011979166666666667 
4 0.4 0.3171875 0.005208333333333333 0.009375 
4 0.53828125 0.29765625 0.0046875 0.0109375 
4 0.5434895833333333 0.2981770833333333 0.0046875 0.0109375 
4 0.5486979166666667 0.2875 0.0046875 0.010416666666666666 
4 0.5252604166666667 0.28515625 0.0067708333333333336 0.011979166666666667 
4 0.4640625 0.2947916666666667 0.005208333333333333 0.0125 
4 0.48541666666666666 0.29661458333333335 0.004166666666666667 0.009895833333333333 
4 0.4588541666666667 0.29583333333333334 0.004166666666666667 0.0125 
4 0.4427083333333333 0.29401041666666666 0.004166666666666667 0.011979166666666667 
4 0.39505208333333336 0.29322916666666665 0.0046875 0.011458333333333333 
4 0.37942708333333336 0.31640625 0.0046875 0.009895833333333333 
4 0.43125 0.3184895833333333 0.004166666666666667 0.008854166666666666 
4 0.49661458333333336 0.2869791666666667 0.0046875 0.009375 
4 0.44244791666666666 0.3184895833333333 0.0046875 0.0109375 
4 0.44765625 0.3177083333333333 0.0046875 0.010416666666666666 
4 0.42135416666666664 0.31666666666666665 0.005208333333333333 0.0125 
4 0.384375 0.31692708333333336 0.004166666666666667 0.009895833333333333 
4 0.453125 0.29401041666666666 0.005208333333333333 0.013020833333333334 
4 0.45807291666666666 0.31796875 0.0046875 0.008854166666666666 
4 0.4734375 0.32005208333333335 0.004166666666666667 0.008854166666666666 
4 0.4783854166666667 0.31953125 0.0046875 0.011979166666666667 
4 0.4895833333333333 0.3203125 0.004166666666666667 0.009375 
4 0.4947916666666667 0.3203125 0.004166666666666667 0.009375 
4 0.490625 0.29739583333333336 0.005208333333333333 0.010416666666666666 
4 0.4859375 0.2859375 0.005208333333333333 0.009375 
4 0.4205729166666667 0.3875 0.0046875 0.009375 
4 0.4981770833333333 0.26328125 0.0036458333333333334 0.009895833333333333 
4 0.4265625 0.38697916666666665 0.004166666666666667 0.009375 
4 0.4005208333333333 0.32786458333333335 0.004166666666666667 0.009895833333333333 
4 0.4627604166666667 0.35390625 0.0046875 0.009895833333333333 
4 0.5419270833333333 0.35625 0.005729166666666666 0.010416666666666666 
4 0.4153645833333333 0.35130208333333335 0.0046875 0.011979166666666667 
4 0.5346354166666667 0.2635416666666667 0.0046875 0.011458333333333333 
4 0.5299479166666666 0.2635416666666667 0.0046875 0.009375 
4 0.5247395833333334 0.26223958333333336 0.0046875 0.008854166666666666 
4 0.5091145833333334 0.2630208333333333 0.0046875 0.009375 
4 0.5036458333333333 0.2630208333333333 0.005208333333333333 0.011458333333333333 
4 0.4934895833333333 0.2630208333333333 0.0046875 0.010416666666666666 
4 0.46979166666666666 0.28463541666666664 0.004166666666666667 0.008854166666666666 
4 0.4825520833333333 0.2625 0.0046875 0.010416666666666666 
4 0.47213541666666664 0.26223958333333336 0.005729166666666666 0.013020833333333334 
4 0.44088541666666664 0.26171875 0.0046875 0.009895833333333333 
4 0.42994791666666665 0.2604166666666667 0.005729166666666666 0.0125 
4 0.41458333333333336 0.26119791666666664 0.005208333333333333 0.0109375 
4 0.3729166666666667 0.25885416666666666 0.005208333333333333 0.0125 
4 0.40078125 0.2828125 0.0036458333333333334 0.009375 
4 0.36953125 0.28072916666666664 0.005729166666666666 0.0125 
4 0.43203125 0.2955729166666667 0.005729166666666666 0.009895833333333333 
4 0.46484375 0.284375 0.0036458333333333334 0.009375 
4 0.38776041666666666 0.25885416666666666 0.0046875 0.0125 
4 0.4671875 0.2604166666666667 0.004166666666666667 0.010416666666666666 
4 0.5317708333333333 0.32135416666666666 0.004166666666666667 0.010416666666666666 
5 0.43515625 0.0578125 0.0421875 0.008333333333333333 
4 0.5143229166666666 0.2630208333333333 0.0046875 0.011458333333333333 
4 0.5515625 0.2638020833333333 0.005208333333333333 0.0109375 
4 0.5002604166666667 0.32083333333333336 0.0046875 0.009375 
4 0.5484375 0.33307291666666666 0.004166666666666667 0.0109375 
4 0.12578125 0.1109375 0.005729166666666666 0.011458333333333333 
4 0.13828125 0.3421875 0.011979166666666667 0.005208333333333333 
5 0.11223958333333334 0.30078125 0.0046875 0.009895833333333333 
5 0.1546875 0.11770833333333333 0.005208333333333333 0.0125 
4 0.15494791666666666 0.10520833333333333 0.0036458333333333334 0.010416666666666666 
4 0.30885416666666665 0.04192708333333333 0.010416666666666666 0.0046875 
4 0.5609375 0.7442708333333333 0.00625 0.011458333333333333 
4 0.5421875 0.33255208333333336 0.004166666666666667 0.009895833333333333 
4 0.4869791666666667 0.4356770833333333 0.010416666666666666 0.0046875 
4 0.4315104166666667 0.38671875 0.0046875 0.008854166666666666 
4 0.43671875 0.38671875 0.0046875 0.009895833333333333 
4 0.44765625 0.38619791666666664 0.0036458333333333334 0.009895833333333333 
5 0.41041666666666665 0.384375 0.005208333333333333 0.0125 
4 0.40520833333333334 0.3846354166666667 0.005208333333333333 0.0109375 
5 0.43333333333333335 0.5859375 0.005208333333333333 0.011458333333333333 
4 0.4265625 0.584375 0.005208333333333333 0.010416666666666666 
4 0.42109375 0.584375 0.0046875 0.009375 
4 0.4546875 0.5861979166666667 0.004166666666666667 0.008854166666666666 
4 0.48723958333333334 0.41953125 0.0109375 0.0046875 
4 0.484375 0.4466145833333333 0.010416666666666666 0.0046875 
4 0.36796875 0.35 0.0046875 0.009375 
5 0.48098958333333336 0.5065104166666666 0.009895833333333333 0.0046875 
5 0.48098958333333336 0.5158854166666667 0.009895833333333333 0.005729166666666666 
5 0.48125 0.5268229166666667 0.010416666666666666 0.0046875 
5 0.41458333333333336 0.5841145833333333 0.004166666666666667 0.009895833333333333 
5 0.315625 0.5830729166666667 0.004166666666666667 0.009895833333333333 
5 0.3098958333333333 0.584375 0.004166666666666667 0.010416666666666666 
5 0.28541666666666665 0.584375 0.005208333333333333 0.011458333333333333 
5 0.4864583333333333 0.53828125 0.011458333333333333 0.005729166666666666 
5 0.48541666666666666 0.5497395833333333 0.011458333333333333 0.0046875 
4 0.484375 0.5692708333333333 0.009375 0.005208333333333333 
4 0.3572916666666667 0.35078125 0.004166666666666667 0.009895833333333333 
4 0.3729166666666667 0.3614583333333333 0.005208333333333333 0.0125 
4 0.525 0.58515625 0.004166666666666667 0.009895833333333333 
4 0.38385416666666666 0.32786458333333335 0.004166666666666667 0.009895833333333333 
4 0.5369791666666667 0.33229166666666665 0.005208333333333333 0.010416666666666666 
4 0.5255208333333333 0.33125 0.004166666666666667 0.009375 
4 0.4947916666666667 0.33177083333333335 0.005208333333333333 0.009375 
4 0.4786458333333333 0.33177083333333335 0.004166666666666667 0.009375 
4 0.4630208333333333 0.32890625 0.004166666666666667 0.009895833333333333 
4 0.43671875 0.32838541666666665 0.0046875 0.009895833333333333 
4 0.43125 0.32864583333333336 0.004166666666666667 0.010416666666666666 
4 0.41067708333333336 0.32916666666666666 0.0046875 0.011458333333333333 
4 0.40546875 0.32786458333333335 0.0046875 0.011979166666666667 
4 0.3893229166666667 0.32734375 0.0046875 0.0109375 
4 0.37890625 0.328125 0.0046875 0.011458333333333333 
4 0.40520833333333334 0.35182291666666665 0.004166666666666667 0.008854166666666666 
4 0.5359375 0.35494791666666664 0.005208333333333333 0.013020833333333334 
4 0.52578125 0.35625 0.0046875 0.010416666666666666 
4 0.515625 0.35520833333333335 0.005208333333333333 0.0125 
4 0.5096354166666667 0.35572916666666665 0.005729166666666666 0.010416666666666666 
4 0.49453125 0.35546875 0.0046875 0.009895833333333333 
4 0.48932291666666666 0.35390625 0.005729166666666666 0.011979166666666667 
4 0.478125 0.353125 0.004166666666666667 0.009375 
4 0.42083333333333334 0.35078125 0.005208333333333333 0.011979166666666667 
4 0.42578125 0.36276041666666664 0.0046875 0.009895833333333333 
4 0.4153645833333333 0.36354166666666665 0.0036458333333333334 0.009375 
4 0.53046875 0.5848958333333333 0.0036458333333333334 0.009375 
5 0.40703125 0.5838541666666667 0.0046875 0.008333333333333333 
5 0.11171875 0.7315104166666667 0.0046875 0.011979166666666667 
5 0.5908854166666667 0.5997395833333333 0.008854166666666666 0.005729166666666666 
4 0.6953125 0.7489583333333333 0.005208333333333333 0.010416666666666666 
5 0.5723958333333333 0.5111979166666667 0.005208333333333333 0.0109375 
4 0.48359375 0.57578125 0.0109375 0.005729166666666666 
4 0.25833333333333336 0.603125 0.010416666666666666 0.005208333333333333 
4 0.4088541666666667 0.73984375 0.005208333333333333 0.0109375 
4 0.5549479166666667 0.7442708333333333 0.0046875 0.010416666666666666 
4 0.5296875 0.7453125 0.004166666666666667 0.010416666666666666 
4 0.5236979166666667 0.74375 0.0046875 0.009375 
4 0.37734375 0.7395833333333334 0.0046875 0.011458333333333333 
4 0.37213541666666666 0.7388020833333333 0.0046875 0.011979166666666667 
4 0.6755208333333333 0.74765625 0.005208333333333333 0.011979166666666667 
4 0.74921875 0.5927083333333333 0.0046875 0.010416666666666666 
5 0.12161458333333333 0.7315104166666667 0.0046875 0.0109375 
4 0.7549479166666667 0.59375 0.0046875 0.0125 
5 0.11276041666666667 0.45703125 0.0067708333333333336 0.0140625 
4 0.1140625 0.4869791666666667 0.004166666666666667 0.009375 
4 0.11458333333333333 0.5041666666666667 0.004166666666666667 0.010416666666666666 
4 0.11380208333333333 0.53203125 0.0046875 0.009895833333333333 
4 0.11484375 0.5627604166666667 0.0109375 0.0067708333333333336 
