4 0.32369791666666664 0.7557291666666667 0.0109375 0.005208333333333333 
4 0.32526041666666666 0.7489583333333333 0.0109375 0.00625 
13 0.23567708333333334 0.8203125 0.028645833333333332 0.014583333333333334 
5 0.07916666666666666 0.65234375 0.014583333333333334 0.0078125 
4 0.06901041666666667 0.6557291666666667 0.0046875 0.011458333333333333 
4 0.275 0.7432291666666667 0.0125 0.00625 
4 0.38177083333333334 0.81875 0.00625 0.011458333333333333 
4 0.375 0.8184895833333333 0.005208333333333333 0.0109375 
4 0.38359375 0.83046875 0.0078125 0.0109375 
4 0.3033854166666667 0.8622395833333333 0.013020833333333334 0.005729166666666666 
4 0.0796875 0.8697916666666666 0.0125 0.007291666666666667 
4 0.18177083333333333 0.9559895833333333 0.00625 0.011979166666666667 
4 0.2591145833333333 0.9440104166666666 0.0109375 0.009895833333333333 
4 0.19765625 0.9369791666666667 0.0109375 0.00625 
4 0.19713541666666667 0.9299479166666667 0.009895833333333333 0.0046875 
4 0.4734375 0.9768229166666667 0.0125 0.0109375 
4 0.5033854166666667 0.9700520833333334 0.013020833333333334 0.013020833333333334 
4 0.5184895833333333 0.9770833333333333 0.013020833333333334 0.0125 
4 0.5317708333333333 0.95390625 0.0125 0.011979166666666667 
4 0.5526041666666667 0.9234375 0.0125 0.011458333333333333 
4 0.5997395833333333 0.8755208333333333 0.011979166666666667 0.0125 
4 0.7419270833333333 0.8833333333333333 0.011979166666666667 0.0125 
4 0.7247395833333333 0.87734375 0.013020833333333334 0.013020833333333334 
4 0.7953125 0.8489583333333334 0.0125 0.011458333333333333 
4 0.8036458333333333 0.8270833333333333 0.010416666666666666 0.0125 
4 0.8377604166666667 0.8072916666666666 0.011979166666666667 0.011458333333333333 
4 0.6546875 0.8111979166666666 0.010416666666666666 0.009895833333333333 
4 0.6747395833333333 0.80390625 0.0109375 0.011979166666666667 
4 0.7479166666666667 0.7432291666666667 0.0125 0.011458333333333333 
4 0.8692708333333333 0.7692708333333333 0.013541666666666667 0.013541666666666667 
4 0.9010416666666666 0.7294270833333333 0.010416666666666666 0.0109375 
4 0.9057291666666667 0.71328125 0.010416666666666666 0.0109375 
4 0.6786458333333333 0.6286458333333333 0.011458333333333333 0.010416666666666666 
4 0.7229166666666667 0.57109375 0.011458333333333333 0.0109375 
5 0.9049479166666666 0.5778645833333333 0.013020833333333334 0.0140625 
4 0.9125 0.07916666666666666 0.011458333333333333 0.005208333333333333 
5 0.8315104166666667 0.63984375 0.043229166666666666 0.043229166666666666 
4 0.08125 0.6598958333333333 0.0125 0.007291666666666667 
4 0.32890625 0.6411458333333333 0.011979166666666667 0.007291666666666667 
4 0.5825520833333333 0.6708333333333333 0.0078125 0.014583333333333334 
4 0.7638020833333333 0.6921875 0.0109375 0.010416666666666666 
4 0.6572916666666667 0.9643229166666667 0.010416666666666666 0.009895833333333333 
5 0.6713541666666667 0.9260416666666667 0.017708333333333333 0.015625 
4 0.771875 0.8338541666666667 0.011458333333333333 0.010416666666666666 
4 0.5520833333333334 0.9002604166666667 0.011458333333333333 0.009895833333333333 
4 0.6234375 0.9786458333333333 0.0125 0.011458333333333333 
4 0.6721354166666667 0.93515625 0.009895833333333333 0.008854166666666666 
4 0.6388020833333333 0.6291666666666667 0.011979166666666667 0.00625 
4 0.4661458333333333 0.6473958333333333 0.011458333333333333 0.004166666666666667 
4 0.46536458333333336 0.6552083333333333 0.011979166666666667 0.005208333333333333 
4 0.2752604166666667 0.74921875 0.013020833333333334 0.005729166666666666 
4 0.2859375 0.7489583333333333 0.011458333333333333 0.005208333333333333 
4 0.23463541666666668 0.7984375 0.0140625 0.00625 
4 0.045572916666666664 0.6421875 0.0109375 0.005208333333333333 
4 0.13802083333333334 0.6549479166666666 0.0125 0.0067708333333333336 
4 0.00390625 0.7270833333333333 0.0067708333333333336 0.013541666666666667 
4 0.13723958333333333 0.79296875 0.013020833333333334 0.005729166666666666 
4 0.140625 0.8098958333333334 0.011458333333333333 0.009375 
4 0.3546875 0.7479166666666667 0.0125 0.00625 
4 0.73203125 0.578125 0.013020833333333334 0.0125 
4 0.78984375 0.496875 0.0109375 0.009375 
4 0.8994791666666667 0.4088541666666667 0.011458333333333333 0.0125 
4 0.8395833333333333 0.42942708333333335 0.013541666666666667 0.008854166666666666 
4 0.7885416666666667 0.515625 0.0125 0.008333333333333333 
4 0.8028645833333333 0.5041666666666667 0.008854166666666666 0.009375 
4 0.44921875 0.6354166666666666 0.011979166666666667 0.00625 
6 0.31614583333333335 0.4864583333333333 0.004166666666666667 0.00625 
12 0.3997395833333333 0.4328125 0.011979166666666667 0.03854166666666667 
12 0.35390625 0.4552083333333333 0.013020833333333334 0.05 
12 0.32473958333333336 0.45546875 0.013020833333333334 0.05260416666666667 
12 0.29921875 0.4518229166666667 0.0171875 0.05364583333333333 
12 0.24427083333333333 0.4591145833333333 0.013541666666666667 0.04114583333333333 
12 0.18671875 0.4513020833333333 0.009895833333333333 0.05260416666666667 
12 0.17135416666666667 0.4510416666666667 0.015625 0.052083333333333336 
12 0.13723958333333333 0.44973958333333336 0.011979166666666667 0.05677083333333333 
6 0.22239583333333332 0.49322916666666666 0.009375 0.005208333333333333 
6 0.13723958333333333 0.45338541666666665 0.0036458333333333334 0.008854166666666666 
6 0.0359375 0.49296875 0.00625 0.016145833333333335 
12 0.1 0.45651041666666664 0.0125 0.04635416666666667 
12 0.065625 0.4661458333333333 0.013541666666666667 0.029166666666666667 
12 0.043229166666666666 0.48020833333333335 0.0125 0.040625 
12 0.01796875 0.4864583333333333 0.009895833333333333 0.052083333333333336 
6 0.22552083333333334 0.4895833333333333 0.00625 0.005208333333333333 
6 0.36041666666666666 0.484375 0.004166666666666667 0.007291666666666667 
6 0.32421875 0.4375 0.0046875 0.007291666666666667 
12 0.7859375 0.16953125 0.036458333333333336 0.0109375 
12 0.76875 0.20859375 0.058333333333333334 0.018229166666666668 
12 0.7604166666666666 0.24244791666666668 0.040625 0.018229166666666668 
12 0.7518229166666667 0.26901041666666664 0.0359375 0.018229166666666668 
12 0.696875 0.3875 0.036458333333333336 0.019791666666666666 
6 0.6669270833333333 0.42083333333333334 0.009895833333333333 0.016666666666666666 
12 0.6846354166666667 0.42473958333333334 0.0328125 0.018229166666666668 
12 0.6783854166666666 0.4635416666666667 0.03177083333333333 0.023958333333333335 
12 0.6544270833333333 0.48723958333333334 0.0328125 0.027604166666666666 
12 0.6286458333333333 0.5138020833333333 0.03229166666666667 0.04010416666666667 
12 0.590625 0.521875 0.014583333333333334 0.042708333333333334 
12 0.5330729166666667 0.50546875 0.0109375 0.06197916666666667 
12 0.49505208333333334 0.4783854166666667 0.0140625 0.03697916666666667 
12 0.44557291666666665 0.43697916666666664 0.013020833333333334 0.06145833333333333 
6 0.6174479166666667 0.5033854166666667 0.0109375 0.013020833333333334 
6 0.5846354166666666 0.5065104166666666 0.0036458333333333334 0.009895833333333333 
6 0.5986979166666667 0.51796875 0.009895833333333333 0.0036458333333333334 
6 0.62578125 0.5122395833333333 0.005729166666666666 0.0078125 
6 0.6947916666666667 0.38177083333333334 0.00625 0.00625 
6 0.675 0.425 0.005208333333333333 0.007291666666666667 
6 0.6682291666666667 0.50234375 0.007291666666666667 0.0078125 
6 0.5963541666666666 0.5299479166666666 0.00625 0.0078125 
6 0.47682291666666665 0.49375 0.0046875 0.009375 
6 0.4739583333333333 0.49192708333333335 0.007291666666666667 0.0078125 
6 0.315625 0.43645833333333334 0.007291666666666667 0.014583333333333334 
4 0.46432291666666664 0.6630208333333333 0.013020833333333334 0.008333333333333333 
4 0.45338541666666665 0.653125 0.0067708333333333336 0.013541666666666667 
4 0.44609375 0.62890625 0.011979166666666667 0.0067708333333333336 
12 0.7921875 0.1 0.035416666666666666 0.014583333333333334 
12 0.7799479166666666 0.05234375 0.03177083333333333 0.013020833333333334 
12 0.7934895833333333 0.019791666666666666 0.0390625 0.013541666666666667 
12 0.7942708333333334 0.0828125 0.035416666666666666 0.011458333333333333 
6 0.8119791666666667 0.05755208333333333 0.008333333333333333 0.0067708333333333336 
6 0.7901041666666667 0.0125 0.009375 0.003125 
6 0.8203125 0.06067708333333333 0.010416666666666666 0.0046875 
6 0.7838541666666666 0.05260416666666667 0.009375 0.004166666666666667 
