4 0.44947916666666665 0.9143229166666667 0.026041666666666668 0.025520833333333333 
5 0.021614583333333333 0.85703125 0.034895833333333334 0.033854166666666664 
0 0.3299479166666667 0.08984375 0.2078125 0.2015625 
0 0.5278645833333333 0.40598958333333335 0.21822916666666667 0.2015625 
0 0.7192708333333333 0.7583333333333333 0.21770833333333334 0.20208333333333334 
4 0.8208333333333333 0.9846354166666667 0.028125 0.022395833333333334 
5 0.5028645833333333 0.8971354166666666 0.027604166666666666 0.050520833333333334 
4 0.428125 0.9317708333333333 0.021875 0.019791666666666666 
4 0.41380208333333335 0.95 0.021354166666666667 0.01875 
4 0.45729166666666665 0.903125 0.026041666666666668 0.023958333333333335 
4 0.396875 0.9690104166666667 0.021875 0.0203125 
4 0.265625 0.20598958333333334 0.017708333333333333 0.0234375 
4 0.19869791666666667 0.030989583333333334 0.0171875 0.021354166666666667 
4 0.43802083333333336 0.92265625 0.023958333333333335 0.022395833333333334 
4 0.421875 0.940625 0.026041666666666668 0.019791666666666666 
4 0.021354166666666667 0.85625 0.036458333333333336 0.034375 
