4 0.6713541666666667 0.9143229166666667 0.026041666666666668 0.025520833333333333 
5 0.24348958333333334 0.85703125 0.034895833333333334 0.033854166666666664 
0 0.5518229166666667 0.08984375 0.2078125 0.2015625 
0 0.7497395833333333 0.40598958333333335 0.21822916666666667 0.2015625 
0 0.9411458333333333 0.7583333333333333 0.21770833333333334 0.20208333333333334 
0 0.03619791666666667 0.07239583333333334 0.20260416666666667 0.19791666666666666 
5 0.7247395833333333 0.8971354166666666 0.027604166666666666 0.050520833333333334 
4 0.65 0.9317708333333333 0.021875 0.019791666666666666 
4 0.6356770833333333 0.95 0.021354166666666667 0.01875 
4 0.6791666666666667 0.903125 0.026041666666666668 0.023958333333333335 
4 0.61875 0.9690104166666667 0.021875 0.0203125 
4 0.4875 0.20598958333333334 0.017708333333333333 0.0234375 
4 0.4205729166666667 0.030989583333333334 0.0171875 0.021354166666666667 
4 0.08880208333333334 0.9635416666666666 0.015104166666666667 0.010416666666666666 
4 0.146875 0.63125 0.019791666666666666 0.021875 
4 0.125 0.6067708333333334 0.017708333333333333 0.01875 
4 0.10520833333333333 0.5903645833333333 0.01875 0.0203125 
4 0.029166666666666667 0.5111979166666667 0.016666666666666666 0.021354166666666667 
4 0.015104166666666667 0.48072916666666665 0.01875 0.022916666666666665 
4 0.6598958333333333 0.92265625 0.023958333333333335 0.022395833333333334 
4 0.64375 0.940625 0.026041666666666668 0.019791666666666666 
0 0.11171875 0.24192708333333332 0.2203125 0.2015625 
0 -0.04479166666666667 -0.09635416666666667 0.209375 0.2 
4 0.04192708333333333 0.7458333333333333 0.030729166666666665 0.029166666666666667 
4 0.044270833333333336 0.5338541666666666 0.020833333333333332 0.027083333333333334 
4 -0.0005208333333333333 0.45416666666666666 0.020833333333333332 0.026041666666666668 
4 0.11458333333333333 0.5958333333333333 0.019791666666666666 0.020833333333333332 
4 0.04192708333333333 0.9244791666666666 0.019270833333333334 0.019791666666666666 
4 0.07239583333333334 0.9544270833333334 0.022916666666666665 0.0234375 
4 0.05703125 0.9424479166666667 0.022395833333333334 0.024479166666666666 
4 0.04973958333333333 0.9328125 0.0203125 0.020833333333333332 
4 0.027604166666666666 0.9125 0.01875 0.019791666666666666 
4 -0.0046875 0.88515625 0.020833333333333332 0.022395833333333334 
4 0.24322916666666666 0.85625 0.036458333333333336 0.034375 
