4 0.25286458333333334 0.6 0.021354166666666667 0.021875 
4 0.228125 0.5390625 0.03229166666666667 0.035416666666666666 
4 0.23645833333333333 0.5502604166666667 0.019791666666666666 0.021354166666666667 
4 0.18958333333333333 0.7036458333333333 0.01875 0.020833333333333332 
4 0.09505208333333333 0.72109375 0.021354166666666667 0.0203125 
4 0.06145833333333333 0.5861979166666667 0.020833333333333332 0.0234375 
4 0.08359375 0.60859375 0.0203125 0.0203125 
4 0.19140625 0.63671875 0.0203125 0.022395833333333334 
4 0.14088541666666668 0.6591145833333333 0.0203125 0.021354166666666667 
4 0.11536458333333334 0.6377604166666667 0.016145833333333335 0.0171875 
4 0.175 0.62109375 0.019791666666666666 0.0203125 
4 0.21041666666666667 0.6174479166666667 0.022916666666666665 0.0234375 
4 0.1 0.621875 0.022916666666666665 0.022916666666666665 
4 0.38307291666666665 0.6010416666666667 0.0203125 0.021875 
4 0.12239583333333333 0.64375 0.021875 0.022916666666666665 
4 0.16276041666666666 0.6822916666666666 0.0203125 0.021875 
4 0.18177083333333333 0.6291666666666667 0.020833333333333332 0.021875 
4 0.2046875 0.6518229166666667 0.022916666666666665 0.0234375 
4 0.16822916666666668 0.6125 0.019791666666666666 0.019791666666666666 
4 0.22994791666666667 0.5721354166666667 0.021354166666666667 0.021354166666666667 
4 0.275 0.578125 0.017708333333333333 0.01875 
4 0.25286458333333334 0.5643229166666667 0.022395833333333334 0.0234375 
4 0.35572916666666665 0.6442708333333333 0.017708333333333333 0.01875 
4 0.36276041666666664 0.6536458333333334 0.019270833333333334 0.020833333333333332 
4 0.45755208333333336 0.6700520833333333 0.021354166666666667 0.0234375 
4 0.11927083333333334 0.5377604166666666 0.020833333333333332 0.0234375 
4 0.08854166666666667 0.5388020833333333 0.01875 0.021354166666666667 
4 0.32083333333333336 0.41744791666666664 0.022916666666666665 0.018229166666666668 
4 0.3294270833333333 0.4265625 0.0203125 0.017708333333333333 
4 0.03229166666666667 0.8856770833333333 0.011458333333333333 0.022395833333333334 
4 0.03359375 0.8471354166666667 0.009895833333333333 0.0203125 
4 0.034895833333333334 0.8151041666666666 0.011458333333333333 0.023958333333333335 
4 0.5083333333333333 0.7041666666666667 0.022916666666666665 0.022916666666666665 
4 0.39765625 0.6846354166666667 0.0203125 0.0203125 
4 0.41354166666666664 0.7010416666666667 0.01875 0.020833333333333332 
4 0.34661458333333334 0.6395833333333333 0.0203125 0.020833333333333332 
4 0.3375 0.6302083333333334 0.025 0.026041666666666668 
4 0.371875 0.6622395833333333 0.022916666666666665 0.024479166666666666 
4 0.38203125 0.6700520833333333 0.019270833333333334 0.021354166666666667 
4 0.46588541666666666 0.6791666666666667 0.022395833333333334 0.023958333333333335 
4 0.39921875 0.615625 0.0234375 0.025 
4 0.37473958333333335 0.5927083333333333 0.021354166666666667 0.021875 
4 0.3653645833333333 0.5859375 0.021354166666666667 0.021875 
4 0.3567708333333333 0.5783854166666667 0.01875 0.019270833333333334 
4 0.3463541666666667 0.44427083333333334 0.020833333333333332 0.016666666666666666 
4 0.340625 0.4348958333333333 0.026041666666666668 0.021875 
4 0.40520833333333334 0.6921875 0.020833333333333332 0.020833333333333332 
4 0.415625 0.6315104166666666 0.027083333333333334 0.027604166666666666 
5 0.41848958333333336 0.340625 0.06302083333333333 0.040625 
4 0.1078125 0.115625 0.020833333333333332 0.019791666666666666 
4 0.18020833333333333 0.03723958333333333 0.021875 0.019270833333333334 
4 0.1875 0.028645833333333332 0.021875 0.020833333333333332 
4 0.20234375 0.0125 0.0203125 0.01875 
4 0.21067708333333332 0.003125 0.0203125 0.019791666666666666 
5 0.35598958333333336 0.2265625 0.03177083333333333 0.035416666666666666 
4 0.4671875 0.6432291666666666 0.01875 0.019791666666666666 
5 0.3453125 0.1984375 0.04375 0.053125 
5 0.2872395833333333 0.09322916666666667 0.044270833333333336 0.058333333333333334 
0 0.86953125 0.8083333333333333 0.20260416666666667 0.19791666666666666 
0 0.5216145833333333 0.15885416666666666 0.2046875 0.20104166666666667 
0 0.44114583333333335 0.007552083333333333 0.20625 0.19947916666666668 
4 0.10026041666666667 0.1234375 0.022395833333333334 0.020833333333333332 
4 0.08255208333333333 0.13802083333333334 0.022395833333333334 0.022916666666666665 
4 0.06145833333333333 0.16484375 0.021875 0.021354166666666667 
4 0.05390625 0.17057291666666666 0.018229166666666668 0.0234375 
4 0.45234375 0.6278645833333333 0.019270833333333334 0.021354166666666667 
4 0.42083333333333334 0.5955729166666667 0.025 0.025520833333333333 
4 0.3421875 0.5317708333333333 0.020833333333333332 0.020833333333333332 
4 0.33307291666666666 0.521875 0.0203125 0.020833333333333332 
4 0.3015625 0.5276041666666667 0.025 0.026041666666666668 
4 0.2830729166666667 0.4752604166666667 0.025520833333333333 0.024479166666666666 
4 0.2559895833333333 0.453125 0.022395833333333334 0.022916666666666665 
4 0.24817708333333333 0.4440104166666667 0.0234375 0.024479166666666666 
4 0.23411458333333332 0.42604166666666665 0.0234375 0.027083333333333334 
4 0.22213541666666667 0.42135416666666664 0.0171875 0.01875 
4 0.21302083333333333 0.4127604166666667 0.019791666666666666 0.022395833333333334 
4 0.06796875 0.415625 0.021354166666666667 0.022916666666666665 
4 0.058854166666666666 0.41041666666666665 0.021875 0.021875 
4 0.12083333333333333 0.4393229166666667 0.020833333333333332 0.022395833333333334 
4 0.10677083333333333 0.42265625 0.021875 0.0234375 
4 0.09765625 0.4161458333333333 0.019270833333333334 0.021875 
4 0.05026041666666667 0.40286458333333336 0.0203125 0.021354166666666667 
4 0.06666666666666667 0.38619791666666664 0.020833333333333332 0.021354166666666667 
4 0.05755208333333333 0.37994791666666666 0.019270833333333334 0.019270833333333334 
4 0.049479166666666664 0.3703125 0.01875 0.020833333333333332 
4 0.04401041666666667 0.46458333333333335 0.015104166666666667 0.023958333333333335 
4 0.04479166666666667 0.3619791666666667 0.010416666666666666 0.016666666666666666 
4 0.05182291666666667 0.18333333333333332 0.015104166666666667 0.01875 
5 0.41796875 0.34088541666666666 0.06614583333333333 0.043229166666666666 
4 0.3736979166666667 0.26145833333333335 0.027604166666666666 0.020833333333333332 
5 0.34453125 0.19791666666666666 0.0453125 0.053125 
5 0.2869791666666667 0.09348958333333333 0.04479166666666667 0.058854166666666666 
4 0.6567708333333333 0.18385416666666668 0.016666666666666666 0.022916666666666665 
4 0.9669270833333333 0.28229166666666666 0.0171875 0.023958333333333335 
4 0.6328125 0.12578125 0.021875 0.0203125 
5 0.72578125 0.3729166666666667 0.0203125 0.017708333333333333 
5 0.7174479166666666 0.38723958333333336 0.0203125 0.0203125 
4 0.52421875 0.7184895833333333 0.021354166666666667 0.022395833333333334 
4 0.64375 0.9229166666666667 0.015625 0.022916666666666665 
4 0.41953125 0.39348958333333334 0.028645833333333332 0.0203125 
4 0.43463541666666666 0.4231770833333333 0.019270833333333334 0.016145833333333335 
4 0.42552083333333335 0.40338541666666666 0.019791666666666666 0.016145833333333335 
0 0.9450520833333333 0.9778645833333334 0.2203125 0.2015625 
0 0.7885416666666667 0.6395833333333333 0.209375 0.2 
4 0.6559895833333333 0.9479166666666666 0.018229166666666668 0.022916666666666665 
4 0.575 1.0065104166666667 0.023958333333333335 0.019270833333333334 
4 0.41067708333333336 1.0049479166666666 0.025520833333333333 0.0234375 
4 0.5661458333333333 0.9872395833333333 0.022916666666666665 0.018229166666666668 
4 0.5625 0.9770833333333333 0.022916666666666665 0.01875 
4 0.5434895833333333 0.9481770833333333 0.0234375 0.019270833333333334 
4 0.6932291666666667 0.9341145833333333 0.020833333333333332 0.025520833333333333 
4 0.6359375 0.9971354166666667 0.021875 0.0171875 
4 0.5885416666666666 0.9104166666666667 0.022916666666666665 0.019791666666666666 
4 0.5346354166666667 0.9265625 0.022395833333333334 0.019791666666666666 
4 0.5125 0.8911458333333333 0.020833333333333332 0.01875 
4 0.5072916666666667 0.88203125 0.020833333333333332 0.018229166666666668 
4 0.503125 0.871875 0.022916666666666665 0.01875 
4 0.4986979166666667 0.8611979166666667 0.021354166666666667 0.0171875 
4 0.375 0.8091145833333333 0.022916666666666665 0.016145833333333335 
4 0.38125 0.7997395833333333 0.022916666666666665 0.0140625 
4 0.68359375 0.9994791666666667 0.019270833333333334 0.025 
4 0.6205729166666667 0.9690104166666667 0.021354166666666667 0.0171875 
4 0.63125 0.9877604166666667 0.021875 0.018229166666666668 
4 0.6255208333333333 0.97890625 0.020833333333333332 0.0171875 
