12 0.43125 0.91015625 0.10520833333333333 0.0578125 
12 0.40703125 1.0026041666666667 0.0390625 0.027083333333333334 
4 0.9484375 0.29453125 0.011458333333333333 0.0109375 
5 0.98828125 0.346875 0.016145833333333335 0.015625 
12 0.7348958333333333 0.4661458333333333 0.06666666666666667 0.06770833333333333 
4 0.9955729166666667 0.3419270833333333 0.0109375 0.013020833333333334 
4 0.76796875 0.5807291666666666 0.009895833333333333 0.010416666666666666 
4 0.7307291666666667 0.5932291666666667 0.008333333333333333 0.010416666666666666 
5 0.6046875 0.9015625 0.013541666666666667 0.00625 
5 0.5453125 0.87265625 0.010416666666666666 0.013020833333333334 
5 0.5684895833333333 0.7731770833333333 0.0171875 0.008854166666666666 
4 0.5776041666666667 0.7934895833333333 0.011458333333333333 0.005729166666666666 
4 0.6166666666666667 0.7783854166666667 0.011458333333333333 0.005729166666666666 
4 0.6536458333333334 0.9557291666666666 0.00625 0.011458333333333333 
4 0.7098958333333333 0.7739583333333333 0.005208333333333333 0.009375 
4 0.8669270833333333 0.7044270833333334 0.009895833333333333 0.009895833333333333 
4 0.9119791666666667 0.7028645833333333 0.011458333333333333 0.011979166666666667 
4 0.8559895833333333 0.7166666666666667 0.011979166666666667 0.011458333333333333 
4 0.8786458333333333 0.6903645833333333 0.0125 0.011979166666666667 
4 0.93671875 0.6127604166666667 0.0109375 0.011979166666666667 
4 0.9135416666666667 0.5958333333333333 0.010416666666666666 0.0125 
4 0.9088541666666666 0.59140625 0.009375 0.011979166666666667 
4 0.9052083333333333 0.5479166666666667 0.010416666666666666 0.0125 
4 0.8578125 0.6526041666666667 0.010416666666666666 0.0125 
4 0.8526041666666667 0.64921875 0.010416666666666666 0.011979166666666667 
4 0.8479166666666667 0.6463541666666667 0.010416666666666666 0.0125 
4 0.8916666666666667 0.5549479166666667 0.0125 0.011979166666666667 
4 0.9419270833333333 0.6145833333333334 0.011979166666666667 0.0125 
4 0.9130208333333333 0.8380208333333333 0.011458333333333333 0.011458333333333333 
4 0.88671875 0.9125 0.0109375 0.011458333333333333 
4 0.9947916666666666 0.4661458333333333 0.009375 0.011458333333333333 
4 0.9010416666666666 0.7158854166666667 0.013541666666666667 0.0140625 
4 0.8825520833333333 0.68671875 0.0109375 0.0109375 
4 0.8856770833333333 0.7338541666666667 0.011979166666666667 0.011458333333333333 
4 0.9333333333333333 0.68125 0.011458333333333333 0.011458333333333333 
4 0.9205729166666666 0.6947916666666667 0.011979166666666667 0.0125 
4 0.9065104166666667 0.7135416666666666 0.011979166666666667 0.011458333333333333 
