4 0.5364583333333334 0.6471354166666666 0.009375 0.011979166666666667 
4 0.7067708333333333 0.6486979166666667 0.008333333333333333 0.011979166666666667 
4 0.6966145833333334 0.6541666666666667 0.008854166666666666 0.011458333333333333 
4 0.59375 0.6828125 0.00625 0.0125 
12 0.32708333333333334 0.12916666666666668 0.10104166666666667 0.01875 
12 0.278125 0.27239583333333334 0.06041666666666667 0.027083333333333334 
12 0.27760416666666665 0.29583333333333334 0.04479166666666667 0.021875 
12 0.4296875 0.40911458333333334 0.06145833333333333 0.049479166666666664 
12 0.51953125 0.5122395833333333 0.027604166666666666 0.030729166666666665 
12 0.58984375 0.5609375 0.0234375 0.022916666666666665 
12 0.4630208333333333 0.4588541666666667 0.03333333333333333 0.026041666666666668 
12 0.371875 0.34713541666666664 0.07708333333333334 0.06822916666666666 
12 0.34348958333333335 0.3390625 0.06510416666666667 0.05 
12 0.30442708333333335 0.32447916666666665 0.043229166666666666 0.034375 
4 0.5989583333333334 0.6825520833333333 0.005208333333333333 0.0140625 
4 0.2078125 0.8026041666666667 0.010416666666666666 0.0125 
4 0.37526041666666665 0.8567708333333334 0.0109375 0.011458333333333333 
4 0.6591145833333333 0.9130208333333333 0.011979166666666667 0.008333333333333333 
4 0.6591145833333333 0.9192708333333334 0.011979166666666667 0.008333333333333333 
4 0.7541666666666667 0.91328125 0.0125 0.005729166666666666 
4 0.7533854166666667 0.9067708333333333 0.0109375 0.005208333333333333 
4 0.6479166666666667 0.8427083333333333 0.013541666666666667 0.008333333333333333 
4 0.7231770833333333 0.8614583333333333 0.013020833333333334 0.00625 
4 0.7559895833333333 0.8361979166666667 0.0109375 0.0046875 
4 0.7544270833333333 0.875 0.011979166666666667 0.005208333333333333 
4 0.7552083333333334 0.8697916666666666 0.011458333333333333 0.005208333333333333 
4 0.75390625 0.8640625 0.0109375 0.005208333333333333 
4 0.75546875 0.8484375 0.0109375 0.00625 
4 0.65 0.8364583333333333 0.013541666666666667 0.009375 
4 0.7546875 0.8234375 0.010416666666666666 0.00625 
4 0.6427083333333333 0.7971354166666667 0.011458333333333333 0.008854166666666666 
4 0.6046875 0.7739583333333333 0.011458333333333333 0.007291666666666667 
4 0.6315104166666666 0.7489583333333333 0.0109375 0.007291666666666667 
4 0.63046875 0.7421875 0.011979166666666667 0.008333333333333333 
4 0.6263020833333334 0.73203125 0.0109375 0.0078125 
4 0.6510416666666666 0.6778645833333333 0.010416666666666666 0.0140625 
4 0.7552083333333334 0.7239583333333334 0.011458333333333333 0.005208333333333333 
4 0.7059895833333333 0.74375 0.008854166666666666 0.0125 
4 0.6052083333333333 0.6825520833333333 0.005208333333333333 0.011979166666666667 
4 0.3580729166666667 0.78671875 0.0109375 0.005729166666666666 
4 0.1921875 0.76171875 0.011458333333333333 0.005729166666666666 
4 0.4205729166666667 0.7565104166666666 0.0109375 0.005729166666666666 
4 0.051041666666666666 0.30390625 0.004166666666666667 0.011979166666666667 
4 0.11614583333333334 0.30911458333333336 0.007291666666666667 0.011979166666666667 
4 0.16979166666666667 0.3328125 0.010416666666666666 0.007291666666666667 
4 0.17291666666666666 0.34036458333333336 0.0125 0.0078125 
4 0.115625 0.5096354166666667 0.00625 0.013020833333333334 
4 0.12369791666666667 0.5067708333333333 0.0046875 0.010416666666666666 
4 0.25729166666666664 0.43984375 0.0125 0.0109375 
4 0.3020833333333333 0.4674479166666667 0.014583333333333334 0.013020833333333334 
4 0.32447916666666665 0.5065104166666666 0.013541666666666667 0.0109375 
4 0.35234375 0.53671875 0.011979166666666667 0.0109375 
4 0.35546875 0.5421875 0.0109375 0.010416666666666666 
4 0.3609375 0.54609375 0.011458333333333333 0.0109375 
4 0.17890625 0.5765625 0.0067708333333333336 0.013541666666666667 
4 0.19635416666666666 0.6036458333333333 0.00625 0.011458333333333333 
4 0.16223958333333333 0.5848958333333333 0.0046875 0.010416666666666666 
4 0.3268229166666667 0.5890625 0.011979166666666667 0.007291666666666667 
4 0.40390625 0.7229166666666667 0.0067708333333333336 0.0125 
12 0.48046875 0.4981770833333333 0.0203125 0.0234375 
6 0.409375 0.44505208333333335 0.008333333333333333 0.0078125 
4 0.26119791666666664 0.89296875 0.011979166666666667 0.009895833333333333 
