4 0.7916666666666666 0.221875 0.011458333333333333 0.022916666666666665 
7 0.2755208333333333 0.14192708333333334 0.053125 0.1046875 
7 0.3497395833333333 0.14375 0.05260416666666667 0.10416666666666667 
7 0.19713541666666667 0.29661458333333335 0.050520833333333334 0.10260416666666666 
7 0.27109375 0.2994791666666667 0.0515625 0.10520833333333333 
7 0.3455729166666667 0.30104166666666665 0.05260416666666667 0.10416666666666667 
10 1.04765625 1.0520833333333333 0.4005208333333333 0.25104166666666666 
1 0.34713541666666664 0.6127604166666667 0.2765625 0.26614583333333336 
4 0.7721354166666666 0.18880208333333334 0.011979166666666667 0.022395833333333334 
4 0.7830729166666667 0.13359375 0.0109375 0.024479166666666666 
4 0.6442708333333333 0.06354166666666666 0.03333333333333333 0.016666666666666666 
4 0.6143229166666667 0.38203125 0.013020833333333334 0.025520833333333333 
4 0.6393229166666666 0.38515625 0.015104166666666667 0.028645833333333332 
4 0.66796875 0.378125 0.025520833333333333 0.0125 
4 0.6401041666666667 0.43020833333333336 0.022916666666666665 0.010416666666666666 
4 0.64140625 0.43984375 0.021354166666666667 0.0109375 
4 0.6174479166666667 0.42994791666666665 0.024479166666666666 0.013020833333333334 
4 0.5736979166666667 0.42890625 0.022395833333333334 0.0109375 
4 0.5721354166666667 0.44140625 0.0234375 0.011979166666666667 
7 0.20078125 0.1390625 0.05364583333333333 0.10416666666666667 
