4 0.6661458333333333 0.16328125 0.005208333333333333 0.0109375 
4 0.72265625 0.08307291666666666 0.0109375 0.009895833333333333 
4 0.73203125 0.1203125 0.008854166666666666 0.008333333333333333 
4 0.7528645833333333 0.10755208333333334 0.009895833333333333 0.0078125 
4 0.7192708333333333 0.15703125 0.011458333333333333 0.009895833333333333 
4 0.6971354166666667 0.16822916666666668 0.0109375 0.009375 
4 0.7302083333333333 0.18255208333333334 0.009375 0.008854166666666666 
4 0.6973958333333333 0.17447916666666666 0.009375 0.007291666666666667 
4 0.696875 0.19375 0.009375 0.008333333333333333 
4 0.6966145833333334 0.20546875 0.0109375 0.009895833333333333 
4 0.6971354166666667 0.21770833333333334 0.009895833333333333 0.008333333333333333 
4 0.6869791666666667 0.17786458333333333 0.005208333333333333 0.009895833333333333 
4 0.7216145833333333 0.09557291666666666 0.013020833333333334 0.009895833333333333 
4 0.6859375 0.18984375 0.005208333333333333 0.009895833333333333 
4 0.6854166666666667 0.20286458333333332 0.005208333333333333 0.0109375 
4 0.6838541666666667 0.22630208333333332 0.005208333333333333 0.008854166666666666 
4 0.68203125 0.23984375 0.0046875 0.009895833333333333 
4 0.6809895833333334 0.2520833333333333 0.0046875 0.010416666666666666 
4 0.68125 0.26484375 0.004166666666666667 0.009895833333333333 
4 0.7174479166666666 0.20546875 0.0109375 0.009895833333333333 
4 0.72734375 0.21796875 0.0109375 0.008854166666666666 
4 0.71796875 0.21875 0.009895833333333333 0.008333333333333333 
4 0.7182291666666667 0.22473958333333333 0.010416666666666666 0.008854166666666666 
4 0.7317708333333334 0.09557291666666666 0.011458333333333333 0.009895833333333333 
4 0.7309895833333333 0.10182291666666667 0.0109375 0.008854166666666666 
4 0.76171875 0.159375 0.0109375 0.008333333333333333 
4 0.6533854166666667 0.058333333333333334 0.008854166666666666 0.005208333333333333 
4 0.7614583333333333 0.16484375 0.009375 0.008854166666666666 
4 0.7513020833333334 0.17005208333333333 0.009895833333333333 0.008854166666666666 
4 0.7291666666666666 0.20052083333333334 0.008333333333333333 0.008333333333333333 
4 0.728125 0.21223958333333334 0.011458333333333333 0.008854166666666666 
4 0.6544270833333333 0.02109375 0.009895833333333333 0.005729166666666666 
4 0.6645833333333333 0.037760416666666664 0.010416666666666666 0.005729166666666666 
4 0.6638020833333333 0.043229166666666666 0.0109375 0.005208333333333333 
4 0.66484375 0.05364583333333333 0.0109375 0.005208333333333333 
4 0.6635416666666667 0.0640625 0.009375 0.005208333333333333 
4 0.6536458333333334 0.06432291666666666 0.010416666666666666 0.005729166666666666 
4 0.65390625 0.07942708333333333 0.0109375 0.005729166666666666 
4 0.6908854166666667 0.04401041666666667 0.009895833333333333 0.0046875 
4 0.65234375 0.08489583333333334 0.0078125 0.005208333333333333 
4 0.6638020833333333 0.10078125 0.009895833333333333 0.0046875 
4 0.6635416666666667 0.09557291666666666 0.009375 0.0046875 
4 0.65234375 0.11640625 0.0109375 0.005729166666666666 
4 0.6622395833333333 0.121875 0.011979166666666667 0.005208333333333333 
4 0.6880208333333333 0.12838541666666667 0.0125 0.005729166666666666 
4 0.69921875 0.10729166666666666 0.009895833333333333 0.007291666666666667 
4 0.6903645833333333 0.09583333333333334 0.009895833333333333 0.005208333333333333 
4 0.7010416666666667 0.09453125 0.010416666666666666 0.0078125 
4 0.690625 0.06979166666666667 0.009375 0.005208333333333333 
4 0.7268229166666667 0.23645833333333333 0.008854166666666666 0.008333333333333333 
4 0.7578125 0.20833333333333334 0.0125 0.009375 
4 0.7296875 0.15703125 0.0125 0.0109375 
4 0.7270833333333333 0.24869791666666666 0.009375 0.009895833333333333 
4 0.6440104166666667 0.16302083333333334 0.005729166666666666 0.010416666666666666 
4 0.6848958333333334 0.21458333333333332 0.005208333333333333 0.010416666666666666 
4 0.7291666666666666 0.20651041666666667 0.010416666666666666 0.009895833333333333 
4 0.7278645833333334 0.22473958333333333 0.0109375 0.009895833333333333 
4 0.7278645833333334 0.23020833333333332 0.009895833333333333 0.008333333333333333 
4 0.7182291666666667 0.23072916666666668 0.009375 0.009375 
4 0.72734375 0.24270833333333333 0.008854166666666666 0.008333333333333333 
4 0.7174479166666666 0.23645833333333333 0.011979166666666667 0.010416666666666666 
4 0.7174479166666666 0.24322916666666666 0.0109375 0.009375 
4 0.71640625 0.24817708333333333 0.0109375 0.009895833333333333 
4 0.7166666666666667 0.25546875 0.010416666666666666 0.009895833333333333 
4 0.6549479166666666 0.16223958333333333 0.005729166666666666 0.013020833333333334 
4 0.6955729166666667 0.23567708333333334 0.009895833333333333 0.008854166666666666 
4 0.6947916666666667 0.24817708333333333 0.010416666666666666 0.0078125 
4 0.6947916666666667 0.26588541666666665 0.009375 0.008854166666666666 
4 0.7815104166666667 0.18411458333333333 0.0109375 0.0109375 
4 0.7817708333333333 0.190625 0.0125 0.010416666666666666 
4 0.7822916666666667 0.203125 0.011458333333333333 0.010416666666666666 
4 0.7794270833333333 0.2078125 0.013020833333333334 0.011458333333333333 
4 0.7799479166666666 0.22083333333333333 0.011979166666666667 0.011458333333333333 
4 0.7807291666666667 0.22682291666666668 0.009375 0.008854166666666666 
4 0.78046875 0.23307291666666666 0.011979166666666667 0.009895833333333333 
4 0.65 0.16276041666666666 0.004166666666666667 0.009895833333333333 
4 0.66015625 0.16328125 0.0046875 0.0109375 
4 0.7502604166666667 0.20026041666666666 0.008854166666666666 0.008854166666666666 
4 0.9270833333333334 0.24010416666666667 0.005208333333333333 0.0125 
4 0.78203125 0.16744791666666667 0.011979166666666667 0.009895833333333333 
4 0.8046875 0.13385416666666666 0.007291666666666667 0.009375 
4 0.7291666666666666 0.19427083333333334 0.010416666666666666 0.009375 
4 0.7494791666666667 0.21848958333333332 0.010416666666666666 0.0078125 
4 0.746875 0.23307291666666666 0.011458333333333333 0.009895833333333333 
4 0.7473958333333334 0.23880208333333333 0.011458333333333333 0.008854166666666666 
4 0.7575520833333333 0.23203125 0.0109375 0.008854166666666666 
4 0.7799479166666666 0.21536458333333333 0.011979166666666667 0.0109375 
4 0.8502604166666666 0.20052083333333334 0.0109375 0.011458333333333333 
4 0.8572916666666667 0.215625 0.009375 0.010416666666666666 
4 0.9213541666666667 0.2421875 0.004166666666666667 0.010416666666666666 
4 0.6971354166666667 0.18802083333333333 0.008854166666666666 0.008333333333333333 
4 0.9166666666666666 0.24114583333333334 0.004166666666666667 0.010416666666666666 
4 0.9106770833333333 0.24010416666666667 0.0046875 0.0125 
4 0.9026041666666667 0.2747395833333333 0.009375 0.0046875 
4 0.9083333333333333 0.28880208333333335 0.0125 0.0067708333333333336 
4 0.96328125 0.2109375 0.011979166666666667 0.00625 
4 0.9455729166666667 0.203125 0.0109375 0.00625 
4 0.9390625 0.19661458333333334 0.010416666666666666 0.005729166666666666 
4 0.8830729166666667 0.23802083333333332 0.0067708333333333336 0.009375 
4 0.8653645833333333 0.22421875 0.0109375 0.0109375 
4 0.6981770833333333 0.18151041666666667 0.009895833333333333 0.008854166666666666 
4 0.7510416666666667 0.15729166666666666 0.011458333333333333 0.008333333333333333 
4 0.7182291666666667 0.18098958333333334 0.013541666666666667 0.011979166666666667 
4 0.759375 0.21953125 0.011458333333333333 0.009895833333333333 
4 0.7942708333333334 0.0703125 0.008333333333333333 0.009375 
4 0.7591145833333334 0.030989583333333334 0.008854166666666666 0.0078125 
4 0.7486979166666666 0.0046875 0.008854166666666666 0.007291666666666667 
4 0.7729166666666667 0.046614583333333334 0.009375 0.009895833333333333 
4 0.8161458333333333 0.03619791666666667 0.0125 0.005729166666666666 
4 0.8143229166666667 0.058854166666666666 0.011979166666666667 0.00625 
4 0.815625 0.053385416666666664 0.008333333333333333 0.0046875 
4 0.7794270833333333 0.0546875 0.009895833333333333 0.009375 
4 0.765625 0.06588541666666667 0.009375 0.0109375 
4 0.7614583333333333 0.07317708333333334 0.009375 0.009895833333333333 
4 0.8190104166666666 0.10598958333333333 0.013020833333333334 0.009895833333333333 
4 0.8005208333333333 0.07890625 0.010416666666666666 0.008854166666666666 
4 0.7536458333333333 0.021614583333333333 0.011458333333333333 0.008854166666666666 
4 0.8033854166666666 0.08359375 0.009895833333333333 0.009895833333333333 
4 0.8065104166666667 0.08723958333333333 0.009895833333333333 0.008854166666666666 
4 0.665625 0.021354166666666667 0.010416666666666666 0.005208333333333333 
4 0.6921875 0.021614583333333333 0.009375 0.005729166666666666 
4 0.665625 0.027083333333333334 0.010416666666666666 0.004166666666666667 
4 0.6640625 0.03229166666666667 0.009375 0.004166666666666667 
4 0.653125 0.031510416666666666 0.009375 0.0046875 
4 0.690625 0.02734375 0.009375 0.0046875 
4 0.6908854166666667 0.032552083333333336 0.011979166666666667 0.0067708333333333336 
4 0.6911458333333333 0.03802083333333333 0.009375 0.005208333333333333 
4 0.7565104166666666 0.025260416666666667 0.0109375 0.008854166666666666 
4 0.6536458333333334 0.0375 0.010416666666666666 0.005208333333333333 
4 0.6533854166666667 0.0421875 0.009895833333333333 0.005208333333333333 
4 0.6643229166666667 0.04791666666666667 0.009895833333333333 0.005208333333333333 
4 0.8244791666666667 0.11510416666666666 0.010416666666666666 0.008333333333333333 
4 0.6526041666666667 0.05364583333333333 0.0125 0.005208333333333333 
4 0.7005208333333334 0.125 0.0125 0.010416666666666666 
4 0.72265625 0.08958333333333333 0.0109375 0.009375 
4 0.7236979166666667 0.07838541666666667 0.009895833333333333 0.009895833333333333 
4 0.7328125 0.08359375 0.009375 0.009895833333333333 
4 0.7315104166666667 0.0890625 0.008854166666666666 0.008333333333333333 
4 0.6916666666666667 0.04921875 0.010416666666666666 0.005729166666666666 
4 0.68984375 0.08541666666666667 0.009895833333333333 0.005208333333333333 
4 0.6919270833333333 0.08046875 0.008854166666666666 0.0046875 
4 0.68984375 0.075 0.011979166666666667 0.005208333333333333 
4 0.6908854166666667 0.09088541666666666 0.009895833333333333 0.005729166666666666 
4 0.7302083333333333 0.12578125 0.011458333333333333 0.0109375 
4 0.6880208333333333 0.11692708333333333 0.0125 0.005729166666666666 
4 0.7203125 0.11875 0.011458333333333333 0.009375 
4 0.7203125 0.12578125 0.010416666666666666 0.008854166666666666 
4 0.7526041666666666 0.09921875 0.009375 0.008854166666666666 
4 0.7513020833333334 0.1125 0.009895833333333333 0.008333333333333333 
4 0.7515625 0.11927083333333334 0.010416666666666666 0.008333333333333333 
4 0.75234375 0.12708333333333333 0.009895833333333333 0.008333333333333333 
4 0.81328125 0.09609375 0.0109375 0.008854166666666666 
4 0.8096354166666667 0.09244791666666667 0.008854166666666666 0.008854166666666666 
4 0.7213541666666666 0.1140625 0.011458333333333333 0.010416666666666666 
4 0.6903645833333333 0.05390625 0.013020833333333334 0.005729166666666666 
4 0.7002604166666667 0.11822916666666666 0.009895833333333333 0.008333333333333333 
4 0.6888020833333334 0.10677083333333333 0.011979166666666667 0.005208333333333333 
4 0.6630208333333333 0.06927083333333334 0.010416666666666666 0.005208333333333333 
4 0.6518229166666667 0.10546875 0.0109375 0.0046875 
4 0.6520833333333333 0.06796875 0.011458333333333333 0.005729166666666666 
4 0.6520833333333333 0.07421875 0.011458333333333333 0.005729166666666666 
4 0.6645833333333333 0.07447916666666667 0.010416666666666666 0.005208333333333333 
4 0.6645833333333333 0.0796875 0.010416666666666666 0.005208333333333333 
4 0.6630208333333333 0.08515625 0.009375 0.0046875 
4 0.6515625 0.08984375 0.014583333333333334 0.005729166666666666 
4 0.6635416666666667 0.09010416666666667 0.009375 0.005208333333333333 
4 0.6515625 0.09505208333333333 0.010416666666666666 0.005729166666666666 
4 0.6518229166666667 0.1 0.0109375 0.005208333333333333 
4 0.6622395833333333 0.10598958333333333 0.009895833333333333 0.0046875 
4 0.6518229166666667 0.11145833333333334 0.0109375 0.005208333333333333 
4 0.6997395833333333 0.10078125 0.013020833333333334 0.0109375 
4 0.66328125 0.11614583333333334 0.009895833333333333 0.004166666666666667 
4 0.65 0.12161458333333333 0.010416666666666666 0.0046875 
4 0.6622395833333333 0.12708333333333333 0.009895833333333333 0.005208333333333333 
4 0.6515625 0.12760416666666666 0.008333333333333333 0.004166666666666667 
4 0.6911458333333333 0.05963541666666667 0.011458333333333333 0.005729166666666666 
4 0.6901041666666666 0.06458333333333334 0.009375 0.005208333333333333 
4 0.7013020833333333 0.06458333333333334 0.011979166666666667 0.010416666666666666 
4 0.7010416666666667 0.0765625 0.010416666666666666 0.009375 
4 0.7013020833333333 0.08203125 0.009895833333333333 0.0078125 
4 0.7015625 0.08776041666666666 0.009375 0.008854166666666666 
4 0.7588541666666667 0.21380208333333334 0.009375 0.008854166666666666 
4 0.7481770833333333 0.22473958333333333 0.008854166666666666 0.0078125 
4 0.9395833333333333 0.33958333333333335 0.008333333333333333 0.011458333333333333 
4 0.78828125 0.33489583333333334 0.008854166666666666 0.009375 
4 0.79453125 0.3341145833333333 0.0078125 0.009895833333333333 
4 0.7997395833333333 0.33515625 0.0078125 0.009895833333333333 
4 0.8486979166666667 0.33671875 0.009895833333333333 0.013020833333333334 
4 0.86640625 0.3372395833333333 0.009895833333333333 0.011979166666666667 
4 0.8739583333333333 0.33645833333333336 0.007291666666666667 0.008333333333333333 
4 0.88515625 0.3372395833333333 0.008854166666666666 0.009895833333333333 
4 0.9341145833333333 0.33880208333333334 0.0067708333333333336 0.009895833333333333 
4 0.9028645833333333 0.3385416666666667 0.008854166666666666 0.010416666666666666 
4 0.92734375 0.33958333333333335 0.0078125 0.009375 
4 0.7125 0.3515625 0.0125 0.007291666666666667 
4 0.8307291666666666 0.32578125 0.007291666666666667 0.008854166666666666 
4 0.7091145833333333 0.37083333333333335 0.008854166666666666 0.004166666666666667 
4 0.7091145833333333 0.38645833333333335 0.008854166666666666 0.004166666666666667 
4 0.70703125 0.3971354166666667 0.008854166666666666 0.0046875 
4 0.8205729166666667 0.37395833333333334 0.0036458333333333334 0.009375 
4 0.8044270833333333 0.3731770833333333 0.0046875 0.009895833333333333 
4 0.7989583333333333 0.3736979166666667 0.004166666666666667 0.009895833333333333 
4 0.7940104166666667 0.3734375 0.0036458333333333334 0.009375 
4 0.7515625 0.371875 0.004166666666666667 0.009375 
4 0.7411458333333333 0.37161458333333336 0.004166666666666667 0.008854166666666666 
4 0.7354166666666667 0.37161458333333336 0.004166666666666667 0.008854166666666666 
4 0.7817708333333333 0.3346354166666667 0.008333333333333333 0.009895833333333333 
4 0.8731770833333333 0.328125 0.008854166666666666 0.010416666666666666 
4 0.7627604166666667 0.36171875 0.0046875 0.0109375 
4 0.7697916666666667 0.3020833333333333 0.009375 0.011458333333333333 
4 0.634375 0.3463541666666667 0.011458333333333333 0.005208333333333333 
4 0.63125 0.43697916666666664 0.007291666666666667 0.011458333333333333 
4 0.9533854166666667 0.30703125 0.008854166666666666 0.011979166666666667 
4 0.90546875 0.3046875 0.0078125 0.009375 
4 0.8997395833333334 0.30572916666666666 0.0078125 0.009375 
4 0.8934895833333333 0.30546875 0.0078125 0.009895833333333333 
4 0.8755208333333333 0.30546875 0.008333333333333333 0.009895833333333333 
4 0.8265625 0.303125 0.009375 0.010416666666666666 
4 0.7973958333333333 0.30364583333333334 0.008333333333333333 0.011458333333333333 
4 0.77578125 0.3020833333333333 0.008854166666666666 0.010416666666666666 
4 0.7643229166666666 0.30364583333333334 0.008854166666666666 0.010416666666666666 
4 0.9036458333333334 0.32786458333333335 0.008333333333333333 0.0109375 
4 0.7575520833333333 0.30494791666666665 0.008854166666666666 0.011979166666666667 
4 0.7510416666666667 0.30703125 0.010416666666666666 0.009895833333333333 
4 0.7440104166666667 0.30963541666666666 0.009895833333333333 0.0078125 
4 0.728125 0.321875 0.010416666666666666 0.007291666666666667 
4 0.9638020833333333 0.3294270833333333 0.0078125 0.0109375 
4 0.9393229166666667 0.3294270833333333 0.0078125 0.009895833333333333 
4 0.9338541666666667 0.328125 0.010416666666666666 0.0125 
4 0.9268229166666667 0.3299479166666667 0.008854166666666666 0.009895833333333333 
4 0.9223958333333333 0.328125 0.009375 0.011458333333333333 
4 0.9161458333333333 0.32760416666666664 0.009375 0.0125 
4 0.77265625 0.3729166666666667 0.0046875 0.008333333333333333 
4 0.7580729166666667 0.3619791666666667 0.0046875 0.010416666666666666 
4 0.6338541666666667 0.4049479166666667 0.010416666666666666 0.0067708333333333336 
4 0.8260416666666667 0.32526041666666666 0.010416666666666666 0.011979166666666667 
4 0.7119791666666667 0.34661458333333334 0.009375 0.0046875 
4 0.7098958333333333 0.3580729166666667 0.010416666666666666 0.005729166666666666 
4 0.7072916666666667 0.3765625 0.009375 0.005208333333333333 
4 0.7078125 0.3815104166666667 0.010416666666666666 0.0046875 
4 0.709375 0.3924479166666667 0.013541666666666667 0.005729166666666666 
4 0.76875 0.32421875 0.008333333333333333 0.0109375 
4 0.7760416666666666 0.3234375 0.009375 0.014583333333333334 
4 0.7825520833333334 0.325 0.008854166666666666 0.010416666666666666 
4 0.7950520833333333 0.32421875 0.008854166666666666 0.009895833333333333 
4 0.8125 0.325 0.008333333333333333 0.010416666666666666 
4 0.84296875 0.32578125 0.0109375 0.0109375 
4 0.7229166666666667 0.32708333333333334 0.010416666666666666 0.005208333333333333 
4 0.8557291666666667 0.3260416666666667 0.009375 0.011458333333333333 
4 0.8619791666666666 0.3260416666666667 0.010416666666666666 0.010416666666666666 
4 0.8677083333333333 0.32708333333333334 0.009375 0.011458333333333333 
4 0.8791666666666667 0.32760416666666664 0.008333333333333333 0.010416666666666666 
4 0.896875 0.32838541666666665 0.008333333333333333 0.009895833333333333 
4 0.91015625 0.328125 0.008854166666666666 0.011458333333333333 
4 0.9458333333333333 0.3302083333333333 0.008333333333333333 0.011458333333333333 
4 0.9515625 0.33151041666666664 0.008333333333333333 0.009895833333333333 
4 0.9578125 0.3299479166666667 0.010416666666666666 0.013020833333333334 
4 0.9640625 0.33932291666666664 0.008333333333333333 0.009895833333333333 
4 0.7143229166666667 0.33984375 0.008854166666666666 0.005729166666666666 
4 0.7322916666666667 0.3171875 0.011458333333333333 0.008333333333333333 
4 0.8098958333333334 0.36302083333333335 0.004166666666666667 0.010416666666666666 
4 0.96015625 0.30911458333333336 0.0078125 0.0109375 
4 0.7838541666666666 0.36276041666666664 0.004166666666666667 0.009895833333333333 
4 0.8213541666666667 0.36302083333333335 0.004166666666666667 0.009375 
4 0.809375 0.4046875 0.004166666666666667 0.010416666666666666 
4 0.7981770833333334 0.40338541666666666 0.0046875 0.009895833333333333 
4 0.7830729166666667 0.4044270833333333 0.0046875 0.009895833333333333 
4 0.7671875 0.40338541666666666 0.005208333333333333 0.009895833333333333 
4 0.7619791666666667 0.403125 0.004166666666666667 0.009375 
4 0.7513020833333334 0.4036458333333333 0.0046875 0.009375 
4 0.7463541666666667 0.403125 0.005208333333333333 0.009375 
4 0.7408854166666666 0.41354166666666664 0.0046875 0.009375 
4 0.9361979166666666 0.30755208333333334 0.008854166666666666 0.009895833333333333 
4 0.7380208333333333 0.3125 0.011458333333333333 0.009375 
4 0.93046875 0.30755208333333334 0.009895833333333333 0.0109375 
4 0.92265625 0.3072916666666667 0.008854166666666666 0.011458333333333333 
4 0.9130208333333333 0.3067708333333333 0.009375 0.010416666666666666 
4 0.8885416666666667 0.3065104166666667 0.008333333333333333 0.0109375 
4 0.8825520833333333 0.3072916666666667 0.011979166666666667 0.013541666666666667 
4 0.8703125 0.30572916666666666 0.008333333333333333 0.011458333333333333 
4 0.8640625 0.30572916666666666 0.010416666666666666 0.0125 
4 0.8513020833333333 0.30546875 0.009895833333333333 0.011979166666666667 
4 0.8458333333333333 0.30520833333333336 0.009375 0.0125 
4 0.78125 0.3020833333333333 0.008333333333333333 0.011458333333333333 
4 0.63359375 0.3619791666666667 0.009895833333333333 0.005208333333333333 
4 0.6333333333333333 0.39947916666666666 0.009375 0.005208333333333333 
4 0.74921875 0.21380208333333334 0.008854166666666666 0.008854166666666666 
4 0.6479166666666667 0.27890625 0.011458333333333333 0.005729166666666666 
4 0.5817708333333333 0.22786458333333334 0.010416666666666666 0.005729166666666666 
4 0.5807291666666666 0.25026041666666665 0.009375 0.0046875 
4 0.5817708333333333 0.24453125 0.009375 0.005729166666666666 
4 0.5802083333333333 0.2557291666666667 0.009375 0.00625 
4 0.58046875 0.26458333333333334 0.009895833333333333 0.005208333333333333 
4 0.9010416666666666 0.23984375 0.004166666666666667 0.009895833333333333 
4 0.9059895833333333 0.240625 0.0036458333333333334 0.010416666666666666 
4 0.8953125 0.23958333333333334 0.005208333333333333 0.0125 
4 0.5815104166666667 0.2328125 0.0109375 0.005208333333333333 
4 0.6359375 0.27291666666666664 0.010416666666666666 0.004166666666666667 
4 0.6354166666666666 0.2830729166666667 0.011458333333333333 0.0046875 
4 0.5671875 0.21536458333333333 0.010416666666666666 0.0046875 
4 0.6348958333333333 0.29375 0.0125 0.005208333333333333 
4 0.671875 0.28984375 0.011458333333333333 0.005729166666666666 
4 0.6463541666666667 0.28880208333333335 0.008333333333333333 0.0046875 
4 0.646875 0.2833333333333333 0.008333333333333333 0.005208333333333333 
4 0.6328125 0.2877604166666667 0.008333333333333333 0.0046875 
4 0.646875 0.29921875 0.009375 0.0046875 
4 0.6361979166666667 0.2786458333333333 0.011979166666666667 0.005208333333333333 
4 0.6348958333333333 0.30963541666666666 0.009375 0.0046875 
4 0.6463541666666667 0.3104166666666667 0.009375 0.005208333333333333 
4 0.6466145833333333 0.31536458333333334 0.009895833333333333 0.005729166666666666 
4 0.5674479166666667 0.2203125 0.009895833333333333 0.005208333333333333 
4 0.5666666666666667 0.209375 0.010416666666666666 0.005208333333333333 
4 0.6471354166666666 0.3263020833333333 0.009895833333333333 0.0046875 
4 0.6036458333333333 0.058333333333333334 0.004166666666666667 0.010416666666666666 
4 0.7580729166666667 0.22578125 0.009895833333333333 0.0078125 
4 0.696875 0.22942708333333334 0.011458333333333333 0.009895833333333333 
4 0.6971354166666667 0.240625 0.011979166666666667 0.010416666666666666 
4 0.69453125 0.25494791666666666 0.009895833333333333 0.0078125 
4 0.6953125 0.259375 0.011458333333333333 0.010416666666666666 
4 0.6950520833333333 0.271875 0.013020833333333334 0.009375 
4 0.6953125 0.27760416666666665 0.009375 0.007291666666666667 
4 0.69375 0.29010416666666666 0.009375 0.007291666666666667 
4 0.6197916666666666 0.039322916666666666 0.010416666666666666 0.005729166666666666 
4 0.62109375 0.04583333333333333 0.009895833333333333 0.005208333333333333 
4 0.6174479166666667 0.10026041666666667 0.009895833333333333 0.005729166666666666 
4 0.5822916666666667 0.21692708333333333 0.0125 0.005729166666666666 
4 0.6177083333333333 0.10598958333333333 0.011458333333333333 0.005729166666666666 
4 0.6171875 0.12734375 0.011458333333333333 0.005729166666666666 
4 0.6153645833333333 0.13255208333333332 0.009895833333333333 0.0046875 
4 0.6158854166666666 0.13776041666666666 0.009895833333333333 0.0046875 
4 0.6145833333333334 0.14296875 0.008333333333333333 0.0036458333333333334 
4 0.584375 0.025260416666666667 0.004166666666666667 0.009895833333333333 
4 0.5861979166666667 0.0984375 0.0109375 0.005208333333333333 
4 0.5854166666666667 0.11953125 0.013541666666666667 0.0067708333333333336 
4 0.615625 0.12161458333333333 0.011458333333333333 0.0067708333333333336 
4 0.5838541666666667 0.15911458333333334 0.011458333333333333 0.005729166666666666 
4 0.6466145833333333 0.32057291666666665 0.009895833333333333 0.0046875 
4 0.634375 0.32526041666666666 0.011458333333333333 0.005729166666666666 
4 0.63515625 0.39348958333333334 0.011979166666666667 0.005729166666666666 
4 0.6640625 0.40572916666666664 0.0125 0.009375 
4 0.6713541666666667 0.33151041666666664 0.010416666666666666 0.005729166666666666 
4 0.671875 0.3416666666666667 0.011458333333333333 0.005208333333333333 
4 0.6705729166666666 0.346875 0.011979166666666667 0.00625 
4 0.6705729166666666 0.35260416666666666 0.009895833333333333 0.004166666666666667 
4 0.6703125 0.3580729166666667 0.010416666666666666 0.0046875 
4 0.6705729166666666 0.36328125 0.009895833333333333 0.0046875 
4 0.67109375 0.3736979166666667 0.009895833333333333 0.0046875 
4 0.6697916666666667 0.37890625 0.010416666666666666 0.0046875 
4 0.66875 0.38984375 0.009375 0.005729166666666666 
4 0.6682291666666667 0.3958333333333333 0.011458333333333333 0.00625 
4 0.6619791666666667 0.41171875 0.010416666666666666 0.008854166666666666 
4 0.6713541666666667 0.3216145833333333 0.009375 0.005729166666666666 
4 0.6609375 0.4171875 0.0125 0.010416666666666666 
4 0.65546875 0.42135416666666664 0.009895833333333333 0.010416666666666666 
4 0.65 0.42421875 0.010416666666666666 0.011979166666666667 
4 0.6361979166666667 0.43411458333333336 0.0078125 0.011979166666666667 
4 0.61015625 0.30625 0.008854166666666666 0.005208333333333333 
4 0.6096354166666667 0.32760416666666664 0.0109375 0.00625 
4 0.60859375 0.3463541666666667 0.011979166666666667 0.005208333333333333 
4 0.6078125 0.35703125 0.009375 0.005729166666666666 
4 0.6080729166666666 0.38307291666666665 0.009895833333333333 0.0046875 
4 0.60703125 0.3885416666666667 0.008854166666666666 0.005208333333333333 
4 0.6721354166666667 0.3109375 0.009895833333333333 0.005208333333333333 
4 0.6346354166666667 0.3307291666666667 0.009895833333333333 0.005208333333333333 
4 0.6463541666666667 0.33645833333333336 0.011458333333333333 0.005208333333333333 
4 0.6119791666666666 0.2986979166666667 0.008333333333333333 0.0046875 
4 0.6466145833333333 0.3424479166666667 0.0109375 0.005729166666666666 
4 0.6458333333333334 0.34713541666666664 0.011458333333333333 0.0046875 
4 0.6463541666666667 0.35234375 0.010416666666666666 0.0046875 
4 0.6453125 0.3578125 0.011458333333333333 0.005208333333333333 
4 0.64453125 0.36796875 0.0109375 0.005729166666666666 
4 0.634375 0.38359375 0.010416666666666666 0.005729166666666666 
4 0.6341145833333334 0.3731770833333333 0.009895833333333333 0.005729166666666666 
4 0.6333333333333333 0.3671875 0.011458333333333333 0.005208333333333333 
4 0.6098958333333333 0.3341145833333333 0.011458333333333333 0.0046875 
4 0.6088541666666667 0.34036458333333336 0.009375 0.0046875 
4 0.6080729166666666 0.35078125 0.009895833333333333 0.0046875 
4 0.6442708333333333 0.378125 0.009375 0.005208333333333333 
4 0.6080729166666666 0.3614583333333333 0.008854166666666666 0.005208333333333333 
4 0.6072916666666667 0.36692708333333335 0.008333333333333333 0.0046875 
4 0.60859375 0.37734375 0.0140625 0.005729166666666666 
4 0.6072916666666667 0.3932291666666667 0.008333333333333333 0.005208333333333333 
4 0.6072916666666667 0.4036458333333333 0.010416666666666666 0.005208333333333333 
4 0.6075520833333333 0.40911458333333334 0.008854166666666666 0.0046875 
4 0.6067708333333334 0.41510416666666666 0.010416666666666666 0.005208333333333333 
4 0.60703125 0.4244791666666667 0.013020833333333334 0.005208333333333333 
4 0.60625 0.43046875 0.010416666666666666 0.0046875 
4 0.60703125 0.41953125 0.009895833333333333 0.0046875 
4 0.92109375 0.33932291666666664 0.008854166666666666 0.0109375 
0 0.253125 0.17864583333333334 0.15104166666666666 0.12708333333333333 
0 0.56484375 0.6643229166666667 0.13802083333333334 0.15364583333333334 
0 0.24114583333333334 0.6575520833333334 0.153125 0.1328125 
0 0.41822916666666665 0.6588541666666666 0.13854166666666667 0.15208333333333332 
0 -0.051041666666666666 0.23567708333333334 0.12916666666666668 0.12135416666666667 
0 -0.061197916666666664 0.52578125 0.1296875 0.11822916666666666 
0 0.359375 0.9734375 0.096875 0.10625 
0 0.49166666666666664 0.9703125 0.09791666666666667 0.11041666666666666 
4 0.9572916666666667 0.34036458333333336 0.010416666666666666 0.013020833333333334 
4 0.9158854166666667 0.3377604166666667 0.008854166666666666 0.0109375 
4 0.3880208333333333 0.0859375 0.010416666666666666 0.005208333333333333 
4 0.38828125 0.05963541666666667 0.009895833333333333 0.0036458333333333334 
4 0.3875 0.096875 0.010416666666666666 0.005208333333333333 
4 0.3885416666666667 0.054947916666666666 0.009375 0.005729166666666666 
4 0.38671875 0.08125 0.0109375 0.005208333333333333 
4 0.38671875 0.09166666666666666 0.009895833333333333 0.005208333333333333 
4 0.5283854166666667 0.18515625 0.0036458333333333334 0.009895833333333333 
4 0.36302083333333335 0.08307291666666666 0.004166666666666667 0.008854166666666666 
4 0.3606770833333333 0.13828125 0.0036458333333333334 0.009895833333333333 
4 0.3609375 0.15260416666666668 0.004166666666666667 0.0125 
4 0.36041666666666666 0.165625 0.004166666666666667 0.0125 
4 0.36015625 0.17838541666666666 0.0046875 0.009895833333333333 
4 0.36041666666666666 0.19036458333333334 0.004166666666666667 0.009895833333333333 
4 0.35989583333333336 0.20833333333333334 0.004166666666666667 0.010416666666666666 
4 0.3580729166666667 0.2203125 0.0036458333333333334 0.011458333333333333 
4 0.3578125 0.23489583333333333 0.005208333333333333 0.013541666666666667 
5 0.36640625 0.22005208333333334 0.0046875 0.011979166666666667 
4 0.6236979166666666 0.79765625 0.0109375 0.005729166666666666 
4 0.61796875 0.5598958333333334 0.0046875 0.008333333333333333 
4 0.6515625 0.6138020833333333 0.013541666666666667 0.005729166666666666 
4 0.6494791666666667 0.63515625 0.0125 0.005729166666666666 
4 0.6505208333333333 0.6515625 0.009375 0.005208333333333333 
4 0.6484375 0.6565104166666667 0.007291666666666667 0.0046875 
4 0.6494791666666667 0.66171875 0.011458333333333333 0.0046875 
4 0.6489583333333333 0.6778645833333333 0.011458333333333333 0.0046875 
4 0.6484375 0.6885416666666667 0.011458333333333333 0.005208333333333333 
4 0.6497395833333334 0.6830729166666667 0.011979166666666667 0.0046875 
4 0.6481770833333333 0.6934895833333333 0.011979166666666667 0.0046875 
4 0.475 0.7473958333333334 0.005208333333333333 0.010416666666666666 
4 0.49765625 0.7502604166666667 0.0046875 0.009895833333333333 
4 0.5033854166666667 0.7518229166666667 0.0046875 0.013020833333333334 
4 0.49192708333333335 0.7520833333333333 0.0046875 0.010416666666666666 
4 0.4861979166666667 0.7502604166666667 0.005729166666666666 0.011979166666666667 
4 0.46770833333333334 0.7479166666666667 0.00625 0.011458333333333333 
4 0.37526041666666665 0.7471354166666667 0.0046875 0.009895833333333333 
4 0.36953125 0.74609375 0.0046875 0.009895833333333333 
4 0.34322916666666664 0.7455729166666667 0.005208333333333333 0.009895833333333333 
5 0.43515625 0.8901041666666667 0.0421875 0.008333333333333333 
4 0.3575520833333333 0.2484375 0.0046875 0.009375 
5 0.4609375 0.26328125 0.004166666666666667 0.009895833333333333 
4 0.5075520833333333 0.428125 0.0046875 0.010416666666666666 
4 0.5552083333333333 0.4041666666666667 0.005208333333333333 0.010416666666666666 
4 0.5494791666666666 0.40546875 0.005208333333333333 0.011979166666666667 
4 0.5338541666666666 0.40390625 0.005208333333333333 0.011979166666666667 
4 0.57265625 0.42942708333333335 0.0046875 0.0109375 
4 0.5677083333333334 0.42890625 0.005208333333333333 0.0109375 
4 0.5408854166666667 0.42916666666666664 0.0046875 0.009375 
4 0.5239583333333333 0.42942708333333335 0.004166666666666667 0.0078125 
4 0.5346354166666667 0.4283854166666667 0.005729166666666666 0.011979166666666667 
4 0.54609375 0.4278645833333333 0.0046875 0.009895833333333333 
4 0.51328125 0.42916666666666664 0.0046875 0.008333333333333333 
4 0.5026041666666666 0.428125 0.004166666666666667 0.010416666666666666 
4 0.5653645833333333 0.40520833333333334 0.0046875 0.011458333333333333 
4 0.49765625 0.4276041666666667 0.0046875 0.010416666666666666 
4 0.48125 0.42578125 0.005208333333333333 0.0109375 
4 0.4744791666666667 0.4265625 0.004166666666666667 0.009375 
4 0.46380208333333334 0.4265625 0.0046875 0.010416666666666666 
4 0.4427083333333333 0.42526041666666664 0.005208333333333333 0.009895833333333333 
4 0.4127604166666667 0.42526041666666664 0.0046875 0.009895833333333333 
4 0.43255208333333334 0.44036458333333334 0.0046875 0.009895833333333333 
4 0.43828125 0.4401041666666667 0.0046875 0.008333333333333333 
4 0.42526041666666664 0.4401041666666667 0.0046875 0.009375 
4 0.5598958333333334 0.4049479166666667 0.005208333333333333 0.009895833333333333 
4 0.5708333333333333 0.403125 0.004166666666666667 0.010416666666666666 
5 0.45625 0.2630208333333333 0.003125 0.010416666666666666 
4 0.3372395833333333 0.33567708333333335 0.009895833333333333 0.0046875 
5 0.45078125 0.26276041666666666 0.0046875 0.0109375 
5 0.440625 0.26197916666666665 0.005208333333333333 0.010416666666666666 
5 0.4354166666666667 0.26197916666666665 0.005208333333333333 0.010416666666666666 
4 0.3614583333333333 0.12734375 0.004166666666666667 0.011979166666666667 
4 0.33828125 0.2875 0.0109375 0.005208333333333333 
4 0.33880208333333334 0.29791666666666666 0.009895833333333333 0.005208333333333333 
4 0.33880208333333334 0.3033854166666667 0.009895833333333333 0.0046875 
4 0.33828125 0.31875 0.0109375 0.005208333333333333 
4 0.3385416666666667 0.32395833333333335 0.010416666666666666 0.005208333333333333 
4 0.3385416666666667 0.3294270833333333 0.010416666666666666 0.0046875 
4 0.38385416666666666 0.29140625 0.010416666666666666 0.005729166666666666 
5 0.55625 0.4283854166666667 0.005208333333333333 0.011979166666666667 
4 0.3890625 0.3296875 0.011458333333333333 0.00625 
4 0.38567708333333334 0.35208333333333336 0.0109375 0.005208333333333333 
4 0.3854166666666667 0.36744791666666665 0.011458333333333333 0.0067708333333333336 
4 0.38697916666666665 0.3736979166666667 0.0125 0.0046875 
4 0.45807291666666666 0.28177083333333336 0.009895833333333333 0.005208333333333333 
4 0.4328125 0.4010416666666667 0.00625 0.011458333333333333 
4 0.4002604166666667 0.39947916666666666 0.005729166666666666 0.010416666666666666 
4 0.39401041666666664 0.39921875 0.0046875 0.009895833333333333 
4 0.3859375 0.39947916666666666 0.005208333333333333 0.010416666666666666 
5 0.46770833333333334 0.4036458333333333 0.009375 0.011458333333333333 
4 0.61171875 0.5713541666666667 0.0046875 0.009375 
4 0.3221354166666667 0.7447916666666666 0.0046875 0.009375 
4 0.5283854166666667 0.48541666666666666 0.0046875 0.009375 
4 0.5393229166666667 0.4864583333333333 0.0046875 0.009375 
4 0.5705729166666667 0.4869791666666667 0.0046875 0.009375 
4 0.4705729166666667 0.48411458333333335 0.0046875 0.009895833333333333 
4 0.44973958333333336 0.48385416666666664 0.0036458333333333334 0.010416666666666666 
4 0.4609375 0.46822916666666664 0.005208333333333333 0.009375 
4 0.4552083333333333 0.4674479166666667 0.005208333333333333 0.009895833333333333 
5 0.5184895833333333 0.46927083333333336 0.0046875 0.010416666666666666 
5 0.5221354166666666 0.5036458333333333 0.016145833333333335 0.00625 
4 0.33307291666666666 0.7453125 0.0046875 0.010416666666666666 
4 0.32760416666666664 0.7447916666666666 0.004166666666666667 0.009375 
4 0.49270833333333336 0.46848958333333335 0.005208333333333333 0.009895833333333333 
4 0.31744791666666666 0.74453125 0.0046875 0.0109375 
4 0.3067708333333333 0.7450520833333333 0.004166666666666667 0.0109375 
4 0.30130208333333336 0.7434895833333334 0.0036458333333333334 0.008854166666666666 
4 0.29635416666666664 0.7442708333333333 0.004166666666666667 0.010416666666666666 
4 0.28541666666666665 0.74453125 0.004166666666666667 0.008854166666666666 
4 0.28046875 0.7432291666666667 0.0036458333333333334 0.009375 
4 0.27447916666666666 0.7434895833333334 0.005208333333333333 0.011979166666666667 
4 0.25494791666666666 0.7361979166666667 0.0046875 0.009895833333333333 
4 0.24869791666666666 0.7369791666666666 0.005729166666666666 0.0125 
4 0.24296875 0.7359375 0.0046875 0.010416666666666666 
4 0.5013020833333334 0.48541666666666666 0.0046875 0.009375 
4 0.4981770833333333 0.46901041666666665 0.005729166666666666 0.009895833333333333 
4 0.22682291666666668 0.7341145833333333 0.0046875 0.008854166666666666 
5 0.5255208333333333 0.44427083333333334 0.005208333333333333 0.0125 
4 0.4122395833333333 0.43984375 0.0046875 0.008854166666666666 
5 0.49140625 0.42604166666666665 0.005729166666666666 0.0125 
4 0.45338541666666665 0.42630208333333336 0.0046875 0.008854166666666666 
4 0.46901041666666665 0.42578125 0.0046875 0.0109375 
4 0.4375 0.42526041666666664 0.004166666666666667 0.009895833333333333 
4 0.43203125 0.425 0.0046875 0.010416666666666666 
4 0.40651041666666665 0.42578125 0.0046875 0.008854166666666666 
4 0.46640625 0.44192708333333336 0.0046875 0.009895833333333333 
4 0.4875 0.44192708333333336 0.004166666666666667 0.009895833333333333 
4 0.5145833333333333 0.4434895833333333 0.005208333333333333 0.009895833333333333 
4 0.5346354166666667 0.4440104166666667 0.0046875 0.009895833333333333 
4 0.5036458333333333 0.46953125 0.004166666666666667 0.008854166666666666 
4 0.5403645833333334 0.44375 0.0046875 0.009375 
4 0.5502604166666667 0.4440104166666667 0.0046875 0.009895833333333333 
4 0.5557291666666667 0.44427083333333334 0.004166666666666667 0.009375 
4 0.5611979166666666 0.4440104166666667 0.0036458333333333334 0.008854166666666666 
4 0.5716145833333334 0.44427083333333334 0.0046875 0.009375 
4 0.55546875 0.4708333333333333 0.0046875 0.009375 
4 0.53984375 0.46979166666666666 0.005729166666666666 0.011458333333333333 
4 0.5346354166666667 0.4703125 0.0046875 0.009375 
4 0.5294270833333333 0.4705729166666667 0.0046875 0.008854166666666666 
4 0.5083333333333333 0.46979166666666666 0.005208333333333333 0.009375 
4 0.23776041666666667 0.7348958333333333 0.0036458333333333334 0.010416666666666666 
5 0.28463541666666664 0.4127604166666667 0.0046875 0.0109375 
4 0.47682291666666665 0.44192708333333336 0.0046875 0.009895833333333333 
4 0.12578125 0.9432291666666667 0.005729166666666666 0.011458333333333333 
5 0.008854166666666666 0.5901041666666667 0.011458333333333333 0.005208333333333333 
4 0.007552083333333333 0.596875 0.008854166666666666 0.005208333333333333 
4 0.004166666666666667 0.7744791666666667 0.010416666666666666 0.004166666666666667 
4 0.0036458333333333334 0.7692708333333333 0.009375 0.005208333333333333 
5 0.1546875 0.95 0.005208333333333333 0.0125 
4 0.15494791666666666 0.9375 0.0036458333333333334 0.010416666666666666 
4 0.30885416666666665 0.87421875 0.010416666666666666 0.0046875 
4 0.011979166666666667 0.47942708333333334 0.010416666666666666 0.0046875 
4 0.0296875 0.038802083333333334 0.009375 0.0046875 
4 0.0296875 0.007291666666666667 0.009375 0.004166666666666667 
4 0.012239583333333333 0.44557291666666665 0.011979166666666667 0.005729166666666666 
4 0.0033854166666666668 0.7424479166666667 0.008854166666666666 0.0046875 
4 0.39817708333333335 0.19713541666666667 0.0078125 0.0140625 
4 0.6182291666666667 0.09479166666666666 0.009375 0.005208333333333333 
4 0.17604166666666668 0.27109375 0.011458333333333333 0.0046875 
4 0.17552083333333332 0.24192708333333332 0.011458333333333333 0.005729166666666666 
4 0.17552083333333332 0.23541666666666666 0.008333333333333333 0.004166666666666667 
4 0.011197916666666667 0.48541666666666666 0.009895833333333333 0.005208333333333333 
4 0.01328125 0.45234375 0.009895833333333333 0.0046875 
4 0.27890625 0.41171875 0.0036458333333333334 0.008854166666666666 
4 0.17578125 0.27708333333333335 0.0109375 0.005208333333333333 
4 0.246875 0.4119791666666667 0.004166666666666667 0.010416666666666666 
4 0.23671875 0.4127604166666667 0.0046875 0.0109375 
4 0.26328125 0.4125 0.0036458333333333334 0.010416666666666666 
4 0.2578125 0.4127604166666667 0.005208333333333333 0.0109375 
4 0.25286458333333334 0.4127604166666667 0.0046875 0.0109375 
4 0.22630208333333332 0.4125 0.0046875 0.011458333333333333 
4 0.1875 0.41171875 0.010416666666666666 0.005729166666666666 
4 0.17213541666666668 0.37526041666666665 0.009895833333333333 0.0046875 
4 0.3609375 0.40260416666666665 0.009375 0.011458333333333333 
4 0.18984375 0.28229166666666666 0.009895833333333333 0.007291666666666667 
4 0.17994791666666668 0.13671875 0.0109375 0.005729166666666666 
4 0.019270833333333334 0.33229166666666665 0.009375 0.005208333333333333 
4 0.18098958333333334 0.09505208333333333 0.011979166666666667 0.005729166666666666 
4 0.020833333333333332 0.30442708333333335 0.009375 0.005729166666666666 
4 0.47109375 0.44192708333333336 0.0046875 0.009895833333333333 
4 0.4825520833333333 0.44244791666666666 0.0046875 0.008854166666666666 
4 0.4934895833333333 0.44296875 0.0036458333333333334 0.008854166666666666 
4 0.4552083333333333 0.48385416666666664 0.004166666666666667 0.009375 
4 0.5674479166666667 0.5479166666666667 0.011979166666666667 0.00625 
4 0.5682291666666667 0.5356770833333333 0.008333333333333333 0.0046875 
4 0.5692708333333333 0.5283854166666667 0.009375 0.0046875 
4 0.56015625 0.4864583333333333 0.0046875 0.009375 
4 0.5651041666666666 0.4869791666666667 0.004166666666666667 0.010416666666666666 
4 0.5544270833333333 0.4864583333333333 0.0046875 0.009375 
4 0.5494791666666666 0.4864583333333333 0.004166666666666667 0.009375 
4 0.4861979166666667 0.48411458333333335 0.0046875 0.009895833333333333 
4 0.48098958333333336 0.484375 0.0046875 0.008333333333333333 
4 0.47604166666666664 0.48385416666666664 0.004166666666666667 0.009375 
4 0.471875 0.46770833333333334 0.004166666666666667 0.009375 
4 0.4661458333333333 0.46796875 0.004166666666666667 0.008854166666666666 
4 0.44973958333333336 0.4674479166666667 0.0046875 0.008854166666666666 
4 0.48151041666666666 0.46796875 0.0046875 0.008854166666666666 
4 0.48723958333333334 0.46796875 0.0046875 0.0109375 
4 0.5135416666666667 0.46927083333333336 0.004166666666666667 0.009375 
4 0.55 0.47109375 0.004166666666666667 0.009895833333333333 
4 0.5604166666666667 0.471875 0.004166666666666667 0.009375 
4 0.565625 0.4705729166666667 0.004166666666666667 0.009895833333333333 
4 0.5708333333333333 0.47161458333333334 0.004166666666666667 0.009895833333333333 
4 0.5033854166666667 0.44244791666666666 0.0046875 0.008854166666666666 
4 0.5677083333333334 0.5627604166666667 0.010416666666666666 0.0046875 
4 0.6276041666666666 0.5604166666666667 0.005208333333333333 0.010416666666666666 
4 0.6208333333333333 0.5942708333333333 0.005208333333333333 0.011458333333333333 
4 0.909375 0.3380208333333333 0.009375 0.010416666666666666 
4 0.8088541666666667 0.4908854166666667 0.005208333333333333 0.009895833333333333 
4 0.81796875 0.4421875 0.0046875 0.010416666666666666 
4 0.7494791666666667 0.440625 0.005208333333333333 0.010416666666666666 
4 0.8778645833333333 0.4934895833333333 0.0036458333333333334 0.009895833333333333 
4 0.8671875 0.49296875 0.004166666666666667 0.0109375 
4 0.85625 0.49296875 0.005208333333333333 0.011979166666666667 
4 0.8513020833333333 0.49244791666666665 0.0046875 0.009895833333333333 
4 0.8458333333333333 0.49192708333333335 0.005208333333333333 0.0109375 
4 0.8401041666666667 0.49270833333333336 0.005208333333333333 0.0125 
4 0.8252604166666667 0.4908854166666667 0.0046875 0.009895833333333333 
4 0.8140625 0.48984375 0.005208333333333333 0.009895833333333333 
4 0.79296875 0.48984375 0.0046875 0.009895833333333333 
4 0.8119791666666667 0.45338541666666665 0.004166666666666667 0.008854166666666666 
4 0.7875 0.4895833333333333 0.004166666666666667 0.009375 
4 0.803125 0.4901041666666667 0.004166666666666667 0.009375 
4 0.7979166666666667 0.4903645833333333 0.004166666666666667 0.009895833333333333 
4 0.7859375 0.45208333333333334 0.004166666666666667 0.009375 
4 0.7700520833333333 0.45234375 0.0046875 0.009895833333333333 
4 0.7653645833333333 0.4518229166666667 0.0046875 0.0109375 
4 0.7442708333333333 0.440625 0.004166666666666667 0.009375 
4 0.7388020833333333 0.440625 0.0046875 0.010416666666666666 
4 0.7333333333333333 0.4388020833333333 0.005208333333333333 0.011979166666666667 
4 0.7067708333333333 0.4036458333333333 0.009375 0.004166666666666667 
4 0.8231770833333333 0.44375 0.005729166666666666 0.010416666666666666 
4 0.8169270833333333 0.45390625 0.0046875 0.009895833333333333 
4 0.77734375 0.490625 0.0046875 0.010416666666666666 
4 0.884375 0.4934895833333333 0.005208333333333333 0.0109375 
4 0.7299479166666667 0.47708333333333336 0.0046875 0.010416666666666666 
4 0.7252604166666666 0.47708333333333336 0.005729166666666666 0.010416666666666666 
4 0.7197916666666667 0.47708333333333336 0.00625 0.010416666666666666 
4 0.7140625 0.47708333333333336 0.005208333333333333 0.009375 
4 0.709375 0.47760416666666666 0.005208333333333333 0.010416666666666666 
4 0.7190104166666667 0.48723958333333334 0.0046875 0.0109375 
4 0.7135416666666666 0.48776041666666664 0.004166666666666667 0.009895833333333333 
4 0.8192708333333333 0.490625 0.005208333333333333 0.010416666666666666 
4 0.8348958333333333 0.49166666666666664 0.005208333333333333 0.010416666666666666 
4 0.8716145833333333 0.49296875 0.0046875 0.009895833333333333 
4 0.8614583333333333 0.49244791666666665 0.004166666666666667 0.009895833333333333 
4 0.8247395833333333 0.48072916666666665 0.0046875 0.010416666666666666 
4 0.8296875 0.4901041666666667 0.005208333333333333 0.008333333333333333 
4 0.7705729166666667 0.44114583333333335 0.0046875 0.010416666666666666 
4 0.7651041666666667 0.44088541666666664 0.004166666666666667 0.0109375 
4 0.7549479166666667 0.440625 0.0046875 0.011458333333333333 
4 0.77265625 0.4786458333333333 0.0046875 0.009375 
4 0.7783854166666667 0.47890625 0.0036458333333333334 0.009895833333333333 
4 0.78828125 0.47942708333333334 0.0046875 0.009895833333333333 
4 0.8036458333333333 0.47994791666666664 0.004166666666666667 0.009895833333333333 
4 0.8140625 0.47890625 0.004166666666666667 0.009895833333333333 
4 0.8190104166666666 0.4796875 0.0046875 0.010416666666666666 
4 0.7828125 0.48984375 0.005208333333333333 0.011979166666666667 
4 0.7721354166666666 0.48932291666666666 0.0046875 0.008854166666666666 
4 0.7453125 0.47734375 0.005208333333333333 0.0109375 
4 0.74453125 0.5244791666666667 0.0046875 0.010416666666666666 
4 0.73984375 0.51328125 0.0036458333333333334 0.009895833333333333 
4 0.7291666666666666 0.51328125 0.004166666666666667 0.0109375 
4 0.71875 0.5114583333333333 0.005208333333333333 0.010416666666666666 
4 0.7135416666666666 0.5127604166666667 0.005208333333333333 0.0109375 
4 0.6924479166666667 0.5229166666666667 0.0046875 0.009375 
4 0.696875 0.5223958333333333 0.004166666666666667 0.009375 
4 0.7028645833333333 0.5223958333333333 0.0046875 0.009375 
4 0.7080729166666667 0.5239583333333333 0.0036458333333333334 0.011458333333333333 
4 0.7341145833333333 0.5244791666666667 0.0046875 0.009375 
4 0.7393229166666667 0.5239583333333333 0.0036458333333333334 0.009375 
4 0.7559895833333333 0.52578125 0.0046875 0.009895833333333333 
4 0.83984375 0.515625 0.0046875 0.010416666666666666 
4 0.7765625 0.525 0.004166666666666667 0.009375 
4 0.7815104166666667 0.52421875 0.0046875 0.009895833333333333 
4 0.7869791666666667 0.52578125 0.004166666666666667 0.009895833333333333 
4 0.8078125 0.5263020833333333 0.005208333333333333 0.008854166666666666 
4 0.8776041666666666 0.52890625 0.005208333333333333 0.009895833333333333 
4 0.8286458333333333 0.5549479166666667 0.005208333333333333 0.009895833333333333 
4 0.8122395833333333 0.5526041666666667 0.0046875 0.011458333333333333 
4 0.7963541666666667 0.5513020833333333 0.004166666666666667 0.009895833333333333 
4 0.7809895833333333 0.5505208333333333 0.0046875 0.010416666666666666 
4 0.80234375 0.5255208333333333 0.0036458333333333334 0.009375 
4 0.8346354166666666 0.5166666666666667 0.0046875 0.010416666666666666 
4 0.84453125 0.5174479166666667 0.0036458333333333334 0.008854166666666666 
4 0.7666666666666667 0.4895833333333333 0.004166666666666667 0.008333333333333333 
4 0.6708333333333333 0.4752604166666667 0.008333333333333333 0.0078125 
4 0.7619791666666667 0.4890625 0.005208333333333333 0.009375 
4 0.75078125 0.48880208333333336 0.0036458333333333334 0.009895833333333333 
4 0.7458333333333333 0.48802083333333335 0.004166666666666667 0.010416666666666666 
4 0.7403645833333333 0.48802083333333335 0.0046875 0.010416666666666666 
4 0.73515625 0.48723958333333334 0.0036458333333333334 0.009895833333333333 
4 0.7299479166666667 0.48776041666666664 0.0036458333333333334 0.009895833333333333 
4 0.725 0.4875 0.005208333333333333 0.010416666666666666 
4 0.7088541666666667 0.48671875 0.004166666666666667 0.0078125 
4 0.7036458333333333 0.4869791666666667 0.004166666666666667 0.0125 
4 0.7567708333333333 0.48828125 0.005208333333333333 0.0078125 
4 0.6627604166666666 0.48932291666666666 0.008854166666666666 0.0078125 
4 0.8604166666666667 0.5174479166666667 0.004166666666666667 0.0109375 
4 0.6609375 0.4940104166666667 0.010416666666666666 0.008854166666666666 
4 0.6580729166666667 0.49895833333333334 0.0109375 0.009375 
4 0.6520833333333333 0.5080729166666667 0.009375 0.0067708333333333336 
4 0.72421875 0.51328125 0.0046875 0.009895833333333333 
4 0.7028645833333333 0.5122395833333333 0.0046875 0.008854166666666666 
4 0.7346354166666667 0.5130208333333334 0.0046875 0.010416666666666666 
4 0.8822916666666667 0.51875 0.004166666666666667 0.011458333333333333 
4 0.8770833333333333 0.5190104166666667 0.004166666666666667 0.008854166666666666 
4 0.871875 0.5184895833333333 0.004166666666666667 0.0109375 
4 0.86640625 0.5192708333333333 0.0036458333333333334 0.010416666666666666 
4 0.7408854166666666 0.47734375 0.0046875 0.0109375 
4 0.7510416666666667 0.47682291666666665 0.005208333333333333 0.011979166666666667 
4 0.7703125 0.5518229166666667 0.004166666666666667 0.0109375 
4 0.7403645833333333 0.4010416666666667 0.005729166666666666 0.0125 
4 0.7354166666666667 0.35963541666666665 0.004166666666666667 0.009895833333333333 
4 0.8260416666666667 0.37447916666666664 0.005208333333333333 0.009375 
4 0.8151041666666666 0.37526041666666665 0.004166666666666667 0.009895833333333333 
4 0.8098958333333334 0.3734375 0.004166666666666667 0.009375 
4 0.7890625 0.37395833333333334 0.005208333333333333 0.008333333333333333 
4 0.7841145833333333 0.3736979166666667 0.0046875 0.009895833333333333 
4 0.7783854166666667 0.3729166666666667 0.0046875 0.009375 
4 0.7684895833333333 0.37473958333333335 0.0046875 0.009895833333333333 
4 0.7625 0.3729166666666667 0.004166666666666667 0.010416666666666666 
4 0.7572916666666667 0.371875 0.005208333333333333 0.009375 
4 0.7565104166666666 0.40390625 0.0046875 0.0109375 
4 0.7473958333333334 0.3625 0.004166666666666667 0.009375 
4 0.77265625 0.4036458333333333 0.005729166666666666 0.010416666666666666 
4 0.7776041666666667 0.4041666666666667 0.005208333333333333 0.010416666666666666 
4 0.7880208333333333 0.4049479166666667 0.004166666666666667 0.009895833333333333 
4 0.7934895833333333 0.4049479166666667 0.0046875 0.0109375 
4 0.8041666666666667 0.4044270833333333 0.005208333333333333 0.011979166666666667 
4 0.8143229166666667 0.4049479166666667 0.0046875 0.0109375 
4 0.8197916666666667 0.40520833333333334 0.004166666666666667 0.010416666666666666 
4 0.8252604166666667 0.40546875 0.0046875 0.009895833333333333 
4 0.8244791666666667 0.41692708333333334 0.005208333333333333 0.011979166666666667 
4 0.8192708333333333 0.41692708333333334 0.004166666666666667 0.008854166666666666 
4 0.7419270833333333 0.36223958333333334 0.0036458333333333334 0.009895833333333333 
4 0.75234375 0.36223958333333334 0.0046875 0.0078125 
4 0.8091145833333333 0.4161458333333333 0.0046875 0.009375 
4 0.7453125 0.33307291666666666 0.010416666666666666 0.013020833333333334 
4 0.8973958333333333 0.33697916666666666 0.007291666666666667 0.010416666666666666 
4 0.8916666666666667 0.3380208333333333 0.008333333333333333 0.009375 
4 0.8369791666666667 0.33619791666666665 0.008333333333333333 0.0109375 
4 0.8114583333333333 0.33671875 0.008333333333333333 0.009895833333333333 
4 0.8046875 0.33645833333333336 0.009375 0.0125 
4 0.7765625 0.3341145833333333 0.008333333333333333 0.009895833333333333 
4 0.7697916666666667 0.334375 0.010416666666666666 0.011458333333333333 
4 0.7640625 0.33307291666666666 0.009375 0.0109375 
4 0.75859375 0.33203125 0.008854166666666666 0.0109375 
4 0.7513020833333334 0.33255208333333336 0.009895833333333333 0.011979166666666667 
4 0.8544270833333333 0.3375 0.0078125 0.009375 
4 0.7682291666666666 0.36302083333333335 0.005208333333333333 0.010416666666666666 
4 0.8614583333333333 0.33645833333333336 0.009375 0.010416666666666666 
4 0.8315104166666667 0.3651041666666667 0.0046875 0.009375 
4 0.8255208333333334 0.36432291666666666 0.004166666666666667 0.009895833333333333 
4 0.815625 0.3645833333333333 0.004166666666666667 0.010416666666666666 
4 0.80546875 0.3625 0.0046875 0.010416666666666666 
4 0.7994791666666666 0.36302083333333335 0.003125 0.010416666666666666 
4 0.7942708333333334 0.36354166666666665 0.004166666666666667 0.009375 
4 0.7888020833333333 0.36380208333333336 0.0036458333333333334 0.009895833333333333 
4 0.77890625 0.36171875 0.005729166666666666 0.0109375 
4 0.7729166666666667 0.3625 0.004166666666666667 0.009375 
4 0.8140625 0.41770833333333335 0.005208333333333333 0.011458333333333333 
4 0.8033854166666666 0.4171875 0.005729166666666666 0.011458333333333333 
4 0.7565104166666666 0.4778645833333333 0.0046875 0.009895833333333333 
4 0.7388020833333333 0.4515625 0.0046875 0.010416666666666666 
4 0.7966145833333333 0.44192708333333336 0.0046875 0.011979166666666667 
4 0.7911458333333333 0.44296875 0.004166666666666667 0.009895833333333333 
4 0.7911458333333333 0.453125 0.004166666666666667 0.011458333333333333 
4 0.78046875 0.45208333333333334 0.0046875 0.009375 
4 0.7752604166666667 0.45286458333333335 0.0046875 0.009895833333333333 
4 0.7596354166666667 0.45208333333333334 0.0046875 0.010416666666666666 
4 0.7598958333333333 0.44140625 0.005208333333333333 0.009895833333333333 
4 0.7541666666666667 0.45078125 0.004166666666666667 0.008854166666666666 
4 0.7486979166666666 0.45078125 0.0046875 0.008854166666666666 
4 0.7440104166666667 0.4510416666666667 0.0046875 0.009375 
4 0.73359375 0.45 0.0046875 0.009375 
4 0.8020833333333334 0.44244791666666666 0.005208333333333333 0.009895833333333333 
4 0.7278645833333334 0.44921875 0.0046875 0.009895833333333333 
4 0.72265625 0.45026041666666666 0.0046875 0.008854166666666666 
4 0.7752604166666667 0.4421875 0.0046875 0.010416666666666666 
4 0.7278645833333334 0.4395833333333333 0.0046875 0.011458333333333333 
4 0.8299479166666667 0.48046875 0.0046875 0.0109375 
4 0.80859375 0.47942708333333334 0.0046875 0.009895833333333333 
4 0.7986979166666667 0.4796875 0.0046875 0.010416666666666666 
4 0.7932291666666667 0.4791666666666667 0.005208333333333333 0.010416666666666666 
4 0.7669270833333334 0.47890625 0.0046875 0.0109375 
4 0.76171875 0.47890625 0.0046875 0.009895833333333333 
4 0.8018229166666667 0.45338541666666665 0.0036458333333333334 0.008854166666666666 
4 0.8122395833333333 0.4421875 0.005729166666666666 0.0125 
4 0.7979166666666667 0.4153645833333333 0.004166666666666667 0.009895833333333333 
4 0.73515625 0.41354166666666664 0.0046875 0.010416666666666666 
4 0.7932291666666667 0.4153645833333333 0.005208333333333333 0.009895833333333333 
4 0.7872395833333333 0.4153645833333333 0.0036458333333333334 0.009895833333333333 
4 0.7822916666666667 0.41510416666666666 0.004166666666666667 0.010416666666666666 
4 0.7776041666666667 0.41484375 0.005208333333333333 0.009895833333333333 
4 0.7716145833333333 0.4153645833333333 0.0046875 0.011979166666666667 
4 0.7671875 0.41432291666666665 0.005208333333333333 0.009895833333333333 
4 0.76171875 0.4140625 0.005729166666666666 0.009375 
4 0.75625 0.4140625 0.004166666666666667 0.009375 
4 0.75078125 0.4140625 0.0046875 0.009375 
4 0.7458333333333333 0.4140625 0.005208333333333333 0.009375 
4 0.8697916666666666 0.4440104166666667 0.005208333333333333 0.0109375 
4 0.80703125 0.4432291666666667 0.0046875 0.010416666666666666 
4 0.86484375 0.44244791666666666 0.0046875 0.013020833333333334 
4 0.8591145833333333 0.44166666666666665 0.005729166666666666 0.009375 
4 0.8541666666666666 0.4440104166666667 0.005208333333333333 0.009895833333333333 
4 0.8494791666666667 0.4434895833333333 0.005208333333333333 0.0109375 
4 0.84375 0.4427083333333333 0.005208333333333333 0.011458333333333333 
4 0.8385416666666666 0.4432291666666667 0.004166666666666667 0.009375 
4 0.8333333333333334 0.44244791666666666 0.005208333333333333 0.009895833333333333 
4 0.8278645833333333 0.45390625 0.0046875 0.0109375 
4 0.82265625 0.45338541666666665 0.0036458333333333334 0.008854166666666666 
4 0.80703125 0.45286458333333335 0.0046875 0.009895833333333333 
4 0.84453125 0.5661458333333333 0.0046875 0.010416666666666666 
4 0.7651041666666667 0.5518229166666667 0.004166666666666667 0.009895833333333333 
4 0.61015625 0.5953125 0.0046875 0.009375 
4 0.7747395833333334 0.625 0.005729166666666666 0.009375 
4 0.6786458333333333 0.5958333333333333 0.005208333333333333 0.009375 
5 0.7372395833333333 0.5984375 0.0067708333333333336 0.0125 
4 0.7856770833333333 0.6359375 0.0046875 0.009375 
4 0.7830729166666667 0.6236979166666666 0.0046875 0.009895833333333333 
4 0.7903645833333334 0.6247395833333333 0.0046875 0.009895833333333333 
4 0.7158854166666667 0.634375 0.005729166666666666 0.013541666666666667 
4 0.6947916666666667 0.6205729166666667 0.005208333333333333 0.0109375 
5 0.6895833333333333 0.6322916666666667 0.005208333333333333 0.014583333333333334 
4 0.678125 0.6317708333333333 0.005208333333333333 0.009375 
4 0.7627604166666667 0.6364583333333333 0.0046875 0.011458333333333333 
4 0.7309895833333333 0.6346354166666667 0.005729166666666666 0.0109375 
4 0.68515625 0.584375 0.0046875 0.010416666666666666 
4 0.75625 0.6622395833333333 0.004166666666666667 0.009895833333333333 
4 0.7776041666666667 0.6651041666666667 0.005208333333333333 0.010416666666666666 
4 0.7622395833333333 0.6723958333333333 0.005729166666666666 0.011458333333333333 
4 0.740625 0.66015625 0.005208333333333333 0.0109375 
4 0.73515625 0.6606770833333333 0.0046875 0.009895833333333333 
4 0.70859375 0.66171875 0.0046875 0.009895833333333333 
4 0.7028645833333333 0.66015625 0.0046875 0.009895833333333333 
4 0.6986979166666667 0.6596354166666667 0.0046875 0.009895833333333333 
4 0.6932291666666667 0.6598958333333333 0.004166666666666667 0.011458333333333333 
4 0.6981770833333333 0.6703125 0.0046875 0.010416666666666666 
4 0.6794270833333333 0.5838541666666667 0.0046875 0.009375 
4 0.6903645833333333 0.5846354166666666 0.0046875 0.0109375 
4 0.6875 0.6697916666666667 0.004166666666666667 0.009375 
4 0.7908854166666667 0.5630208333333333 0.0046875 0.009375 
4 0.7174479166666666 0.5606770833333333 0.0036458333333333334 0.008854166666666666 
4 0.72265625 0.5611979166666666 0.0046875 0.009895833333333333 
4 0.7278645833333334 0.5606770833333333 0.0046875 0.0109375 
4 0.7330729166666666 0.56171875 0.005729166666666666 0.0109375 
4 0.7388020833333333 0.5609375 0.0046875 0.009375 
4 0.74375 0.5627604166666667 0.004166666666666667 0.009895833333333333 
5 0.75390625 0.5622395833333333 0.0046875 0.0109375 
5 0.7645833333333333 0.5625 0.005208333333333333 0.010416666666666666 
4 0.7703125 0.5619791666666667 0.004166666666666667 0.009375 
5 0.7802083333333333 0.5627604166666667 0.005208333333333333 0.011979166666666667 
4 0.8171875 0.5890625 0.004166666666666667 0.009375 
4 0.7005208333333334 0.5854166666666667 0.005208333333333333 0.0125 
5 0.8393229166666667 0.5911458333333334 0.005729166666666666 0.009375 
4 0.82734375 0.6002604166666666 0.0046875 0.009895833333333333 
4 0.75859375 0.5986979166666667 0.0046875 0.009895833333333333 
4 0.7536458333333333 0.5877604166666667 0.004166666666666667 0.013020833333333334 
4 0.73828125 0.5864583333333333 0.005729166666666666 0.010416666666666666 
4 0.7328125 0.5869791666666667 0.005208333333333333 0.010416666666666666 
4 0.7221354166666667 0.5872395833333334 0.0046875 0.009895833333333333 
4 0.7169270833333333 0.5872395833333334 0.005729166666666666 0.009895833333333333 
4 0.7114583333333333 0.5846354166666666 0.005208333333333333 0.011979166666666667 
4 0.70625 0.5854166666666667 0.004166666666666667 0.010416666666666666 
4 0.6927083333333334 0.67109375 0.004166666666666667 0.009895833333333333 
4 0.7083333333333334 0.6716145833333333 0.004166666666666667 0.008854166666666666 
4 0.70703125 0.5604166666666667 0.0046875 0.009375 
4 0.62265625 0.559375 0.0046875 0.010416666666666666 
4 0.6236979166666666 0.52734375 0.0046875 0.009895833333333333 
4 0.6291666666666667 0.5278645833333333 0.005208333333333333 0.009895833333333333 
4 0.61796875 0.5268229166666667 0.0046875 0.009895833333333333 
4 0.6122395833333333 0.5263020833333333 0.0046875 0.009895833333333333 
4 0.60703125 0.5265625 0.0046875 0.008333333333333333 
4 0.6015625 0.5265625 0.004166666666666667 0.009375 
4 0.6385416666666667 0.5611979166666666 0.004166666666666667 0.009895833333333333 
4 0.6330729166666667 0.5596354166666667 0.0046875 0.009895833333333333 
4 0.6122395833333333 0.5591145833333333 0.0046875 0.008854166666666666 
4 0.60703125 0.5588541666666667 0.0046875 0.009375 
4 0.6010416666666667 0.55859375 0.005208333333333333 0.0109375 
4 0.6393229166666666 0.52890625 0.005729166666666666 0.0109375 
4 0.6328125 0.571875 0.004166666666666667 0.009375 
4 0.6171875 0.5705729166666667 0.004166666666666667 0.008854166666666666 
4 0.6057291666666667 0.5708333333333333 0.005208333333333333 0.010416666666666666 
4 0.6528645833333333 0.5716145833333334 0.009895833333333333 0.0046875 
4 0.6520833333333333 0.57734375 0.0125 0.005729166666666666 
4 0.6510416666666666 0.5830729166666667 0.009375 0.0046875 
4 0.65234375 0.5877604166666667 0.009895833333333333 0.0046875 
4 0.6510416666666666 0.59296875 0.009375 0.0046875 
4 0.6513020833333333 0.6033854166666667 0.013020833333333334 0.005729166666666666 
4 0.60390625 0.5947916666666667 0.0046875 0.009375 
4 0.6338541666666667 0.5278645833333333 0.004166666666666667 0.009895833333333333 
4 0.6526041666666667 0.56171875 0.011458333333333333 0.005729166666666666 
4 0.7455729166666667 0.6611979166666667 0.005729166666666666 0.0109375 
4 0.6953125 0.434375 0.0125 0.009375 
4 0.67734375 0.6703125 0.005729166666666666 0.010416666666666666 
4 0.6765625 0.6591145833333333 0.004166666666666667 0.008854166666666666 
4 0.7723958333333333 0.6635416666666667 0.005208333333333333 0.011458333333333333 
5 0.7828125 0.6638020833333333 0.005208333333333333 0.015104166666666667 
5 0.7096354166666666 0.3645833333333333 0.013020833333333334 0.007291666666666667 
5 0.7057291666666666 0.4080729166666667 0.0125 0.008854166666666666 
4 0.7033854166666667 0.4140625 0.0109375 0.007291666666666667 
4 0.7020833333333333 0.4200520833333333 0.010416666666666666 0.0067708333333333336 
5 0.7002604166666667 0.4239583333333333 0.013020833333333334 0.009375 
4 0.6973958333333333 0.42916666666666664 0.009375 0.007291666666666667 
4 0.6932291666666667 0.43854166666666666 0.010416666666666666 0.008333333333333333 
5 0.6518229166666667 0.5567708333333333 0.011979166666666667 0.005208333333333333 
4 0.6908854166666667 0.4432291666666667 0.0109375 0.009375 
4 0.6734375 0.471875 0.010416666666666666 0.009375 
4 0.6682291666666667 0.48046875 0.011458333333333333 0.009895833333333333 
4 0.6658854166666667 0.48515625 0.011979166666666667 0.009895833333333333 
5 0.6567708333333333 0.5041666666666667 0.014583333333333334 0.010416666666666666 
4 0.6520833333333333 0.52578125 0.008333333333333333 0.0036458333333333334 
5 0.6536458333333334 0.53046875 0.013541666666666667 0.005729166666666666 
4 0.6526041666666667 0.5408854166666667 0.010416666666666666 0.0046875 
4 0.6528645833333333 0.54609375 0.009895833333333333 0.0046875 
4 0.6515625 0.55078125 0.009375 0.0046875 
4 0.7125 0.5609375 0.005208333333333333 0.010416666666666666 
4 0.6859375 0.5598958333333334 0.004166666666666667 0.009375 
4 0.7549479166666667 0.5515625 0.0036458333333333334 0.009375 
4 0.7244791666666667 0.6721354166666667 0.005208333333333333 0.013020833333333334 
4 0.70078125 0.6328125 0.0046875 0.009375 
4 0.7669270833333334 0.66171875 0.0046875 0.0109375 
4 0.7565104166666666 0.6736979166666667 0.0046875 0.0109375 
4 0.7458333333333333 0.6716145833333333 0.004166666666666667 0.009895833333333333 
4 0.740625 0.6721354166666667 0.004166666666666667 0.009895833333333333 
4 0.73515625 0.67265625 0.0046875 0.009895833333333333 
4 0.7302083333333333 0.6609375 0.005208333333333333 0.010416666666666666 
4 0.7247395833333333 0.6598958333333333 0.0046875 0.009375 
4 0.7192708333333333 0.6606770833333333 0.005208333333333333 0.011979166666666667 
4 0.7145833333333333 0.6604166666666667 0.004166666666666667 0.009375 
4 0.7192708333333333 0.6713541666666667 0.005208333333333333 0.010416666666666666 
4 0.7002604166666667 0.621875 0.0036458333333333334 0.010416666666666666 
4 0.7033854166666667 0.6716145833333333 0.0046875 0.009895833333333333 
4 0.6822916666666666 0.6705729166666666 0.004166666666666667 0.009895833333333333 
4 0.6822916666666666 0.6604166666666667 0.004166666666666667 0.010416666666666666 
4 0.6486979166666667 0.7 0.009895833333333333 0.005208333333333333 
4 0.6486979166666667 0.6723958333333333 0.009895833333333333 0.005208333333333333 
4 0.6489583333333333 0.6671875 0.009375 0.004166666666666667 
4 0.65 0.6463541666666667 0.010416666666666666 0.005208333333333333 
4 0.6515625 0.6247395833333333 0.009375 0.0046875 
4 0.6510416666666666 0.5671875 0.009375 0.005208333333333333 
4 0.6526041666666667 0.5361979166666667 0.010416666666666666 0.0046875 
4 0.6838541666666667 0.6322916666666667 0.004166666666666667 0.009375 
4 0.7104166666666667 0.63515625 0.004166666666666667 0.0109375 
4 0.6546875 0.5145833333333333 0.009375 0.005208333333333333 
4 0.7013020833333333 0.5971354166666667 0.0046875 0.009895833333333333 
4 0.73359375 0.5513020833333333 0.0046875 0.009895833333333333 
4 0.72265625 0.55 0.0046875 0.010416666666666666 
4 0.7075520833333333 0.5502604166666667 0.0046875 0.009895833333333333 
4 0.70234375 0.5502604166666667 0.0046875 0.009895833333333333 
4 0.6916666666666667 0.5494791666666666 0.005208333333333333 0.010416666666666666 
4 0.7018229166666666 0.5604166666666667 0.0036458333333333334 0.010416666666666666 
4 0.74921875 0.5614583333333333 0.0046875 0.009375 
4 0.7598958333333333 0.5518229166666667 0.004166666666666667 0.0109375 
4 0.7486979166666666 0.5989583333333334 0.0046875 0.010416666666666666 
4 0.74375 0.5989583333333334 0.005208333333333333 0.010416666666666666 
4 0.6903645833333333 0.59609375 0.0046875 0.008854166666666666 
4 0.7268229166666667 0.6356770833333333 0.0046875 0.0109375 
4 0.6848958333333334 0.5955729166666667 0.005208333333333333 0.009895833333333333 
4 0.7166666666666667 0.5973958333333333 0.004166666666666667 0.009375 
4 0.70625 0.5971354166666667 0.004166666666666667 0.009895833333333333 
4 0.6955729166666667 0.59609375 0.0036458333333333334 0.0109375 
4 0.69609375 0.5859375 0.0046875 0.009375 
4 0.790625 0.5888020833333333 0.005208333333333333 0.0140625 
4 0.7432291666666667 0.58671875 0.005208333333333333 0.013020833333333334 
4 0.7111979166666667 0.596875 0.0046875 0.009375 
4 0.7682291666666666 0.63515625 0.004166666666666667 0.009895833333333333 
4 0.7419270833333333 0.6361979166666667 0.005729166666666666 0.009895833333333333 
4 0.6528645833333333 0.51953125 0.0109375 0.005729166666666666 
4 0.81875 0.52734375 0.005208333333333333 0.009895833333333333 
4 0.6791666666666667 0.5598958333333334 0.00625 0.0125 
4 0.7817708333333333 0.5145833333333333 0.004166666666666667 0.010416666666666666 
4 0.7453125 0.5135416666666667 0.004166666666666667 0.010416666666666666 
5 0.82890625 0.5166666666666667 0.005729166666666666 0.011458333333333333 
4 0.8236979166666667 0.5153645833333333 0.0036458333333333334 0.008854166666666666 
4 0.8184895833333333 0.5151041666666667 0.0046875 0.010416666666666666 
5 0.8130208333333333 0.515625 0.005208333333333333 0.0125 
4 0.8078125 0.5153645833333333 0.004166666666666667 0.009895833333333333 
4 0.8026041666666667 0.515625 0.004166666666666667 0.009375 
4 0.7971354166666667 0.5153645833333333 0.0036458333333333334 0.009895833333333333 
4 0.7921875 0.5145833333333333 0.004166666666666667 0.010416666666666666 
4 0.7869791666666667 0.5145833333333333 0.004166666666666667 0.010416666666666666 
4 0.7768229166666667 0.5145833333333333 0.0046875 0.010416666666666666 
4 0.7557291666666667 0.51484375 0.004166666666666667 0.008854166666666666 
4 0.7497395833333333 0.5236979166666667 0.0046875 0.008854166666666666 
4 0.74921875 0.5497395833333333 0.0067708333333333336 0.011979166666666667 
4 0.74375 0.55078125 0.005208333333333333 0.009895833333333333 
5 0.7388020833333333 0.5494791666666666 0.005729166666666666 0.013541666666666667 
4 0.728125 0.5494791666666666 0.004166666666666667 0.010416666666666666 
4 0.7177083333333333 0.55 0.005208333333333333 0.009375 
4 0.7127604166666667 0.55 0.0046875 0.009375 
4 0.6966145833333334 0.5481770833333334 0.0046875 0.013020833333333334 
4 0.6859375 0.5486979166666667 0.005208333333333333 0.011979166666666667 
4 0.6791666666666667 0.5484375 0.005208333333333333 0.011458333333333333 
4 0.75078125 0.5143229166666666 0.0046875 0.009895833333333333 
5 0.7604166666666666 0.5140625 0.005208333333333333 0.011458333333333333 
4 0.7916666666666666 0.5244791666666667 0.004166666666666667 0.009375 
4 0.7078125 0.5119791666666667 0.005208333333333333 0.010416666666666666 
4 0.7604166666666666 0.5244791666666667 0.004166666666666667 0.009375 
4 0.69765625 0.5114583333333333 0.0036458333333333334 0.009375 
4 0.6919270833333333 0.5119791666666667 0.0036458333333333334 0.010416666666666666 
4 0.6869791666666667 0.5213541666666667 0.004166666666666667 0.010416666666666666 
4 0.8708333333333333 0.5294270833333333 0.004166666666666667 0.009895833333333333 
4 0.8658854166666666 0.5296875 0.0046875 0.009375 
4 0.86015625 0.52890625 0.0046875 0.0109375 
4 0.8450520833333334 0.5286458333333334 0.0046875 0.010416666666666666 
4 0.8341145833333333 0.5276041666666667 0.0046875 0.009375 
4 0.7661458333333333 0.525 0.004166666666666667 0.009375 
4 0.71875 0.5239583333333333 0.005208333333333333 0.0125 
5 0.76640625 0.51328125 0.0046875 0.013020833333333334 
4 0.7135416666666666 0.5229166666666667 0.005208333333333333 0.010416666666666666 
4 0.7236979166666667 0.5234375 0.0046875 0.009375 
4 0.7708333333333334 0.52421875 0.004166666666666667 0.009895833333333333 
4 0.796875 0.5252604166666667 0.005208333333333333 0.008854166666666666 
4 0.8502604166666666 0.5552083333333333 0.0046875 0.009375 
4 0.8174479166666667 0.55078125 0.0046875 0.009895833333333333 
4 0.80703125 0.5643229166666667 0.0046875 0.0109375 
4 0.8388020833333333 0.5640625 0.0046875 0.008333333333333333 
4 0.8328125 0.5643229166666667 0.005208333333333333 0.0109375 
4 0.8010416666666667 0.5518229166666667 0.005208333333333333 0.011979166666666667 
