4 0.94140625 0.9125 0.0140625 0.005208333333333333 
4 0.6802083333333333 0.8143229166666667 0.013541666666666667 0.009895833333333333 
4 0.76796875 0.9252604166666667 0.005729166666666666 0.011979166666666667 
4 0.7622395833333333 0.9255208333333333 0.0036458333333333334 0.010416666666666666 
4 0.78046875 0.9263020833333333 0.0046875 0.0109375 
4 0.8541666666666666 0.9268229166666667 0.005208333333333333 0.0109375 
4 0.8776041666666666 0.9291666666666667 0.005208333333333333 0.0125 
4 0.8979166666666667 0.8893229166666666 0.005208333333333333 0.0109375 
4 0.92421875 0.9627604166666667 0.0046875 0.011979166666666667 
4 0.93046875 0.96328125 0.005729166666666666 0.013020833333333334 
4 0.9182291666666667 0.9635416666666666 0.005208333333333333 0.0125 
4 0.8942708333333333 0.9296875 0.00625 0.0125 
4 0.8901041666666667 0.8901041666666667 0.005208333333333333 0.010416666666666666 
4 0.8841145833333334 0.8893229166666666 0.0036458333333333334 0.009895833333333333 
4 0.8419270833333333 0.92734375 0.0046875 0.0109375 
4 0.8421875 0.9604166666666667 0.00625 0.0125 
4 0.8359375 0.96015625 0.005208333333333333 0.011979166666666667 
4 0.7875 0.959375 0.005208333333333333 0.0125 
4 0.77265625 0.9588541666666667 0.005729166666666666 0.0125 
4 0.7552083333333334 0.9596354166666666 0.005208333333333333 0.013020833333333334 
4 0.8669270833333333 0.8880208333333334 0.0046875 0.011458333333333333 
4 0.8549479166666667 0.8880208333333334 0.0046875 0.011458333333333333 
4 0.8484375 0.8890625 0.00625 0.014583333333333334 
4 0.8434895833333333 0.88671875 0.005729166666666666 0.0109375 
4 0.7231770833333333 0.8361979166666667 0.009895833333333333 0.011979166666666667 
4 0.7502604166666667 0.92421875 0.005729166666666666 0.0109375 
12 0.49765625 0.10338541666666666 0.034895833333333334 0.043229166666666666 
4 0.7174479166666666 0.8328125 0.008854166666666666 0.011458333333333333 
4 0.63828125 0.8135416666666667 0.011979166666666667 0.010416666666666666 
4 0.8700520833333333 0.6203125 0.009895833333333333 0.010416666666666666 
4 0.6166666666666667 0.8494791666666667 0.014583333333333334 0.011458333333333333 
4 0.403125 0.29453125 0.011458333333333333 0.0109375 
4 0.4786458333333333 0.3385416666666667 0.007291666666666667 0.011458333333333333 
5 0.44296875 0.346875 0.016145833333333335 0.015625 
4 0.6231770833333333 0.1140625 0.011979166666666667 0.011458333333333333 
4 0.5375 0.16588541666666667 0.010416666666666666 0.0109375 
12 0.18958333333333333 0.4661458333333333 0.06666666666666667 0.06770833333333333 
4 0.76484375 0.096875 0.005729166666666666 0.013541666666666667 
4 0.7541666666666667 0.09583333333333334 0.005208333333333333 0.011458333333333333 
4 0.74765625 0.09479166666666666 0.005729166666666666 0.010416666666666666 
4 0.7377604166666667 0.09401041666666667 0.005729166666666666 0.0140625 
4 0.45026041666666666 0.3419270833333333 0.0109375 0.013020833333333334 
4 0.22265625 0.5807291666666666 0.009895833333333333 0.010416666666666666 
4 0.18541666666666667 0.5932291666666667 0.008333333333333333 0.010416666666666666 
5 0.059375 0.9015625 0.013541666666666667 0.00625 
5 0.0 0.87265625 0.010416666666666666 0.013020833333333334 
5 0.023177083333333334 0.7731770833333333 0.0171875 0.008854166666666666 
4 0.03229166666666667 0.7934895833333333 0.011458333333333333 0.005729166666666666 
4 0.07135416666666666 0.7783854166666667 0.011458333333333333 0.005729166666666666 
4 0.10833333333333334 0.9557291666666666 0.00625 0.011458333333333333 
4 0.16458333333333333 0.7739583333333333 0.005208333333333333 0.009375 
4 0.3216145833333333 0.7044270833333334 0.009895833333333333 0.009895833333333333 
4 0.36666666666666664 0.7028645833333333 0.011458333333333333 0.011979166666666667 
4 0.3106770833333333 0.7166666666666667 0.011979166666666667 0.011458333333333333 
4 0.48020833333333335 0.665625 0.008333333333333333 0.010416666666666666 
4 0.3333333333333333 0.6903645833333333 0.0125 0.011979166666666667 
4 0.39140625 0.6127604166666667 0.0109375 0.011979166666666667 
4 0.36822916666666666 0.5958333333333333 0.010416666666666666 0.0125 
4 0.36354166666666665 0.59140625 0.009375 0.011979166666666667 
4 0.35989583333333336 0.5479166666666667 0.010416666666666666 0.0125 
4 0.3125 0.6526041666666667 0.010416666666666666 0.0125 
4 0.3072916666666667 0.64921875 0.010416666666666666 0.011979166666666667 
4 0.3026041666666667 0.6463541666666667 0.010416666666666666 0.0125 
4 0.3463541666666667 0.5549479166666667 0.0125 0.011979166666666667 
4 0.3966145833333333 0.6145833333333334 0.011979166666666667 0.0125 
4 0.36770833333333336 0.8380208333333333 0.011458333333333333 0.011458333333333333 
4 0.34140625 0.9125 0.0109375 0.011458333333333333 
4 0.45807291666666666 0.9442708333333333 0.011979166666666667 0.010416666666666666 
4 0.503125 0.5216145833333333 0.009375 0.008854166666666666 
4 0.4875 0.5130208333333334 0.011458333333333333 0.010416666666666666 
4 0.47291666666666665 0.5033854166666667 0.0125 0.011979166666666667 
4 0.459375 0.49453125 0.011458333333333333 0.0109375 
4 0.44947916666666665 0.4661458333333333 0.009375 0.011458333333333333 
4 0.45755208333333336 0.45208333333333334 0.009895833333333333 0.011458333333333333 
4 0.4661458333333333 0.4401041666666667 0.010416666666666666 0.011458333333333333 
4 0.35572916666666665 0.7158854166666667 0.013541666666666667 0.0140625 
4 0.3372395833333333 0.68671875 0.0109375 0.0109375 
4 0.48125 0.41848958333333336 0.009375 0.011979166666666667 
4 0.34036458333333336 0.7338541666666667 0.011979166666666667 0.011458333333333333 
4 0.60703125 0.8630208333333333 0.013020833333333334 0.010416666666666666 
4 0.5578125 0.84765625 0.011458333333333333 0.0109375 
4 0.5630208333333333 0.89296875 0.011458333333333333 0.0140625 
4 0.55703125 0.8901041666666667 0.0109375 0.0125 
4 0.6276041666666666 0.89375 0.011458333333333333 0.010416666666666666 
4 0.509375 0.7661458333333333 0.010416666666666666 0.011458333333333333 
4 0.49114583333333334 0.7536458333333333 0.009375 0.011458333333333333 
4 0.6325520833333333 0.88359375 0.0109375 0.008854166666666666 
4 0.5955729166666667 0.84921875 0.0140625 0.009895833333333333 
4 0.59296875 0.8546875 0.013020833333333334 0.010416666666666666 
4 0.6078125 0.85703125 0.011458333333333333 0.009895833333333333 
4 0.68046875 0.7854166666666667 0.0078125 0.009375 
4 0.6609375 0.7734375 0.010416666666666666 0.010416666666666666 
4 0.6356770833333333 0.7625 0.008854166666666666 0.011458333333333333 
4 0.54375 0.7471354166666667 0.010416666666666666 0.0109375 
4 0.5341145833333333 0.7403645833333333 0.009895833333333333 0.0109375 
4 0.534375 0.72578125 0.011458333333333333 0.011979166666666667 
4 0.525 0.7190104166666667 0.010416666666666666 0.0109375 
4 0.5109375 0.7104166666666667 0.009375 0.011458333333333333 
5 0.5161458333333333 0.6828125 0.009375 0.013541666666666667 
4 0.3880208333333333 0.68125 0.011458333333333333 0.011458333333333333 
4 0.37526041666666665 0.6947916666666667 0.011979166666666667 0.0125 
4 0.3611979166666667 0.7135416666666666 0.011979166666666667 0.011458333333333333 
4 0.4744791666666667 0.42864583333333334 0.009375 0.0125 
4 0.725 0.6984375 0.0125 0.011458333333333333 
4 0.8075520833333333 0.39479166666666665 0.0067708333333333336 0.0125 
4 0.7666666666666667 0.13828125 0.011458333333333333 0.005729166666666666 
4 0.7359375 0.12890625 0.0125 0.0067708333333333336 
4 0.7763020833333333 0.09713541666666667 0.0046875 0.0109375 
4 0.7268229166666667 0.09140625 0.0046875 0.008854166666666666 
4 0.6963541666666667 0.13802083333333334 0.011458333333333333 0.00625 
4 0.7057291666666666 0.09791666666666667 0.010416666666666666 0.009375 
4 0.6768229166666667 0.07005208333333333 0.011979166666666667 0.011979166666666667 
4 0.6591145833333333 0.07708333333333334 0.0109375 0.011458333333333333 
4 0.6739583333333333 0.05026041666666667 0.011458333333333333 0.011979166666666667 
4 0.6716145833333333 0.039322916666666666 0.0109375 0.0109375 
4 0.7192708333333333 0.019791666666666666 0.010416666666666666 0.0125 
5 0.7041666666666667 0.011979166666666667 0.010416666666666666 0.011458333333333333 
4 0.88984375 0.37526041666666665 0.0140625 0.008854166666666666 
4 0.90625 0.3768229166666667 0.011458333333333333 0.005729166666666666 
4 0.6979166666666666 0.6828125 0.010416666666666666 0.0125 
4 0.8671875 0.37213541666666666 0.008333333333333333 0.013020833333333334 
4 0.69296875 0.6809895833333334 0.009895833333333333 0.011979166666666667 
4 0.7859375 0.6802083333333333 0.009375 0.010416666666666666 
4 0.74921875 0.6510416666666666 0.008854166666666666 0.011458333333333333 
4 0.7984375 0.7106770833333333 0.013541666666666667 0.0109375 
4 0.8106770833333333 0.71875 0.011979166666666667 0.011458333333333333 
4 0.8489583333333334 0.74296875 0.014583333333333334 0.0109375 
4 0.8997395833333334 0.73984375 0.013020833333333334 0.009895833333333333 
4 0.9033854166666667 0.7346354166666667 0.0109375 0.009895833333333333 
4 0.9158854166666667 0.7145833333333333 0.0109375 0.010416666666666666 
4 0.9192708333333334 0.7096354166666666 0.010416666666666666 0.008854166666666666 
4 0.9234375 0.7046875 0.011458333333333333 0.010416666666666666 
4 0.9450520833333333 0.7263020833333333 0.0109375 0.008854166666666666 
4 0.94765625 0.7203125 0.011979166666666667 0.009375 
4 0.9510416666666667 0.715625 0.011458333333333333 0.009375 
4 0.8958333333333334 0.63984375 0.010416666666666666 0.011979166666666667 
4 0.87890625 0.6294270833333333 0.009895833333333333 0.011979166666666667 
4 0.91328125 0.6119791666666666 0.008854166666666666 0.0125 
4 0.9028645833333333 0.60546875 0.0109375 0.013020833333333334 
4 0.8661458333333333 0.5815104166666667 0.010416666666666666 0.013020833333333334 
4 0.8536458333333333 0.5747395833333333 0.009375 0.011979166666666667 
4 0.84765625 0.6080729166666666 0.009895833333333333 0.011979166666666667 
4 0.8427083333333333 0.6036458333333333 0.011458333333333333 0.0125 
4 0.83203125 0.59921875 0.009895833333333333 0.0109375 
