10 0.18463541666666666 0.62421875 0.35572916666666665 0.5401041666666667 
4 0.7653645833333333 0.1421875 0.009895833333333333 0.019791666666666666 
4 0.8447916666666667 0.12630208333333334 0.010416666666666666 0.019270833333333334 
4 0.8697916666666666 0.12604166666666666 0.011458333333333333 0.026041666666666668 
4 0.8557291666666667 0.16510416666666666 0.016666666666666666 0.023958333333333335 
4 0.8190104166666666 0.15442708333333333 0.015104166666666667 0.0234375 
4 0.83203125 0.15885416666666666 0.018229166666666668 0.026041666666666668 
4 0.77890625 0.14296875 0.0109375 0.024479166666666666 
4 0.7526041666666666 0.14479166666666668 0.010416666666666666 0.023958333333333335 
4 0.8239583333333333 0.0625 0.010416666666666666 0.023958333333333335 
4 0.7416666666666667 0.14375 0.010416666666666666 0.021875 
4 0.7143229166666667 0.140625 0.0109375 0.020833333333333332 
4 0.74140625 0.11953125 0.009895833333333333 0.021354166666666667 
4 0.72890625 0.11796875 0.011979166666666667 0.024479166666666666 
4 0.8614583333333333 0.0640625 0.010416666666666666 0.019791666666666666 
4 0.8471354166666667 0.062239583333333334 0.009895833333333333 0.0234375 
4 0.8067708333333333 0.12317708333333334 0.010416666666666666 0.021354166666666667 
4 0.8791666666666667 0.17526041666666667 0.016666666666666666 0.025520833333333333 
4 0.9481770833333333 0.12317708333333334 0.025520833333333333 0.0109375 
4 0.9453125 0.13671875 0.025 0.0109375 
4 0.9466145833333334 0.14895833333333333 0.025520833333333333 0.009375 
4 0.8825520833333333 0.12604166666666666 0.0109375 0.029166666666666667 
4 0.8703125 0.23723958333333334 0.017708333333333333 0.025520833333333333 
4 0.8578125 0.23385416666666667 0.017708333333333333 0.023958333333333335 
4 0.8455729166666667 0.22838541666666667 0.0203125 0.025520833333333333 
4 0.8239583333333333 0.21901041666666668 0.016666666666666666 0.025520833333333333 
4 0.82109375 0.12317708333333334 0.009895833333333333 0.021354166666666667 
4 0.7533854166666667 0.1203125 0.009895833333333333 0.022916666666666665 
4 0.7666666666666667 0.11770833333333333 0.011458333333333333 0.023958333333333335 
4 0.7161458333333334 0.11822916666666666 0.010416666666666666 0.020833333333333332 
4 0.7283854166666667 0.14088541666666668 0.0109375 0.021354166666666667 
4 0.7802083333333333 0.11953125 0.009375 0.0203125 
4 0.8322916666666667 0.1234375 0.010416666666666666 0.021875 
4 0.8356770833333333 0.06458333333333334 0.0109375 0.022916666666666665 
4 0.81015625 0.06276041666666667 0.009895833333333333 0.022395833333333334 
1 0.7067708333333333 0.78828125 0.5114583333333333 0.5213541666666667 
4 0.9833333333333333 0.31744791666666666 0.017708333333333333 0.009895833333333333 
4 0.94921875 0.045572916666666664 0.021354166666666667 0.0078125 
4 0.8828125 0.04244791666666667 0.021875 0.0067708333333333336 
4 0.06302083333333333 0.017708333333333333 0.020833333333333332 0.007291666666666667 
4 -0.0036458333333333334 0.015885416666666666 0.01875 0.0067708333333333336 
1 0.7919270833333333 0.35703125 0.3140625 0.32135416666666666 
4 0.9770833333333333 0.5796875 0.013541666666666667 0.010416666666666666 
3 0.18463541666666666 0.6278645833333333 0.5276041666666667 0.8869791666666667 
4 0.9825520833333333 0.33125 0.018229166666666668 0.009375 
4 0.9822916666666667 0.34296875 0.017708333333333333 0.008854166666666666 
4 0.98125 0.35494791666666664 0.01875 0.008854166666666666 
4 0.9833333333333333 0.37786458333333334 0.013541666666666667 0.008854166666666666 
4 0.9809895833333333 0.39088541666666665 0.018229166666666668 0.0109375 
4 0.9828125 0.4036458333333333 0.013541666666666667 0.007291666666666667 
4 0.98046875 0.4158854166666667 0.0171875 0.009895833333333333 
4 0.98046875 0.43984375 0.015104166666666667 0.008854166666666666 
4 0.9807291666666667 0.45 0.014583333333333334 0.009375 
4 0.9796875 0.46041666666666664 0.015625 0.010416666666666666 
4 0.9791666666666666 0.471875 0.016666666666666666 0.010416666666666666 
4 0.9796875 0.48359375 0.014583333333333334 0.0109375 
4 0.9796875 0.49375 0.014583333333333334 0.008333333333333333 
4 0.9799479166666667 0.5057291666666667 0.0140625 0.009375 
4 0.9786458333333333 0.5171875 0.015625 0.011458333333333333 
4 0.9809895833333333 0.5552083333333333 0.008854166666666666 0.008333333333333333 
4 0.978125 0.5666666666666667 0.0125 0.008333333333333333 
4 0.85625 0.12447916666666667 0.010416666666666666 0.022916666666666665 
4 0.8450520833333334 0.16145833333333334 0.015104166666666667 0.022916666666666665 
4 0.86953125 0.17057291666666666 0.018229166666666668 0.025520833333333333 
4 0.7885416666666667 0.20520833333333333 0.015625 0.020833333333333332 
4 0.04453125 0.17760416666666667 0.022395833333333334 0.010416666666666666 
4 0.07395833333333333 0.1765625 0.023958333333333335 0.0125 
4 0.10807291666666667 0.1734375 0.025520833333333333 0.0125 
4 0.9466145833333334 0.055989583333333336 0.0234375 0.011979166666666667 
4 0.95 0.06953125 0.022916666666666665 0.0109375 
4 -0.0036458333333333334 0.027604166666666666 0.022916666666666665 0.011458333333333333 
4 0.8 0.20989583333333334 0.015625 0.020833333333333332 
4 0.8122395833333333 0.21510416666666668 0.016145833333333335 0.021875 
4 0.8338541666666667 0.22239583333333332 0.017708333333333333 0.025 
4 0.8838541666666667 0.23854166666666668 0.016666666666666666 0.021875 
4 0.89375 0.24609375 0.015625 0.021354166666666667 
