4 0.5638020833333334 0.10494791666666667 0.0109375 0.008854166666666666 
4 0.7359375 0.07005208333333333 0.010416666666666666 0.008854166666666666 
4 0.009375 0.06796875 0.0125 0.009895833333333333 
4 0.05651041666666667 0.018489583333333334 0.0109375 0.013020833333333334 
4 0.018489583333333334 0.06536458333333334 0.011979166666666667 0.009895833333333333 
0 0.05286458333333333 0.29348958333333336 0.0921875 0.0796875 
0 0.16744791666666667 0.46145833333333336 0.08072916666666667 0.08854166666666667 
0 0.13411458333333334 0.15442708333333333 0.10989583333333333 0.09739583333333333 
4 0.030989583333333334 0.06328125 0.0109375 0.008854166666666666 
0 0.17213541666666668 0.08828125 0.11197916666666667 0.10260416666666666 
4 -0.0018229166666666667 0.11875 0.011979166666666667 0.009375 
4 0.553125 0.03125 0.010416666666666666 0.009375 
4 0.63125 0.0375 0.010416666666666666 0.010416666666666666 
4 0.634375 0.05364583333333333 0.010416666666666666 0.008333333333333333 
4 0.6375 0.0953125 0.010416666666666666 0.009375 
4 0.634375 0.10078125 0.0125 0.0109375 
4 0.6484375 0.07916666666666666 0.009375 0.009375 
4 0.6450520833333333 0.08307291666666666 0.0109375 0.008854166666666666 
4 0.61875 0.07994791666666666 0.011458333333333333 0.009895833333333333 
4 0.6114583333333333 0.07109375 0.010416666666666666 0.008854166666666666 
4 0.5578125 0.04453125 0.010416666666666666 0.008854166666666666 
4 0.5875 0.040625 0.010416666666666666 0.009375 
4 0.5794270833333334 0.05286458333333333 0.0109375 0.0109375 
4 0.5940104166666667 0.053125 0.0109375 0.009375 
4 0.5778645833333333 0.012239583333333333 0.011979166666666667 0.0109375 
4 0.5510416666666667 0.035416666666666666 0.010416666666666666 0.009375 
4 0.6984375 0.019270833333333334 0.011458333333333333 0.010416666666666666 
4 0.5432291666666667 0.04791666666666667 0.0125 0.010416666666666666 
4 0.64921875 0.03359375 0.009895833333333333 0.0078125 
4 0.6393229166666666 0.0234375 0.0109375 0.009375 
4 0.6166666666666667 0.062239583333333334 0.011458333333333333 0.008854166666666666 
4 0.6109375 0.0020833333333333333 0.010416666666666666 0.008333333333333333 
4 0.6856770833333333 0.01640625 0.0109375 0.008854166666666666 
4 0.5997395833333333 0.018489583333333334 0.0109375 0.009895833333333333 
4 0.6875 0.010677083333333334 0.010416666666666666 0.008854166666666666 
4 0.6559895833333333 0.016927083333333332 0.009895833333333333 0.008854166666666666 
4 0.75078125 0.04375 0.011979166666666667 0.009375 
4 0.7325520833333333 0.0067708333333333336 0.009895833333333333 0.009375 
4 0.65078125 0.07395833333333333 0.009895833333333333 0.007291666666666667 
4 0.6260416666666667 0.07109375 0.0125 0.009895833333333333 
4 0.6403645833333333 0.04505208333333333 0.013020833333333334 0.0109375 
4 0.6510416666666666 0.028645833333333332 0.011458333333333333 0.008333333333333333 
4 0.7309895833333333 0.01171875 0.009895833333333333 0.0078125 
4 0.6471354166666666 0.01015625 0.009895833333333333 0.008854166666666666 
4 0.6359375 0.027604166666666666 0.0125 0.010416666666666666 
4 0.6158854166666666 0.016666666666666666 0.011979166666666667 0.010416666666666666 
4 0.6119791666666666 0.0203125 0.009375 0.007291666666666667 
4 0.6049479166666667 0.009895833333333333 0.0109375 0.009375 
4 0.6528645833333333 0.0703125 0.0109375 0.009375 
4 0.6549479166666666 0.06380208333333333 0.0109375 0.009895833333333333 
4 0.6578125 0.06041666666666667 0.010416666666666666 0.008333333333333333 
4 0.6604166666666667 0.05703125 0.011458333333333333 0.0109375 
4 0.7229166666666667 0.023697916666666666 0.0125 0.0109375 
4 0.734375 0.028645833333333332 0.010416666666666666 0.010416666666666666 
4 0.7260416666666667 0.04192708333333333 0.010416666666666666 0.008854166666666666 
4 0.72109375 0.04973958333333333 0.009895833333333333 0.008854166666666666 
4 0.7166666666666667 0.05859375 0.010416666666666666 0.009895833333333333 
4 0.7059895833333333 0.054427083333333334 0.009895833333333333 0.008854166666666666 
4 0.7010416666666667 0.062239583333333334 0.009375 0.008854166666666666 
4 0.69921875 0.06692708333333333 0.0109375 0.009895833333333333 
4 0.6911458333333333 0.07447916666666667 0.013541666666666667 0.011458333333333333 
4 0.72890625 0.08177083333333333 0.009895833333333333 0.008333333333333333 
4 0.7333333333333333 0.07395833333333333 0.010416666666666666 0.009375 
4 0.71484375 0.09192708333333334 0.008854166666666666 0.011979166666666667 
4 0.7015625 0.08541666666666667 0.009375 0.0125 
4 0.6947916666666667 -0.0015625 0.009375 0.009375 
4 0.6934895833333333 0.00234375 0.009895833333333333 0.0078125 
4 0.690625 0.00625 0.009375 0.008333333333333333 
4 0.6645833333333333 0.02734375 0.008333333333333333 0.0109375 
4 0.6705729166666666 0.040625 0.0109375 0.010416666666666666 
4 0.6677083333333333 0.04505208333333333 0.011458333333333333 0.0109375 
4 0.6638020833333333 0.052083333333333336 0.011979166666666667 0.010416666666666666 
4 0.640625 0.08958333333333333 0.011458333333333333 0.010416666666666666 
4 0.6044270833333333 0.15416666666666667 0.009895833333333333 0.008333333333333333 
4 0.5091145833333334 0.008333333333333333 0.009895833333333333 0.0125 
4 0.36328125 0.25807291666666665 0.008854166666666666 0.0109375 
4 0.5802083333333333 0.14791666666666667 0.0125 0.011458333333333333 
4 0.5776041666666667 0.15260416666666668 0.0125 0.009375 
4 0.5755208333333334 0.15729166666666666 0.013541666666666667 0.010416666666666666 
4 0.5455729166666666 0.23541666666666666 0.0067708333333333336 0.010416666666666666 
4 0.5536458333333333 0.23645833333333333 0.00625 0.0125 
4 0.5625 0.22604166666666667 0.011458333333333333 0.009375 
4 0.56953125 0.21354166666666666 0.011979166666666667 0.010416666666666666 
4 0.5716145833333334 0.20989583333333334 0.009895833333333333 0.007291666666666667 
4 0.5734375 0.20520833333333333 0.010416666666666666 0.009375 
4 0.5890625 0.1796875 0.009375 0.008333333333333333 
4 0.7145833333333333 0.06302083333333333 0.009375 0.007291666666666667 
4 0.7869791666666667 0.04375 0.010416666666666666 0.011458333333333333 
5 0.010416666666666666 0.08671875 0.01875 0.011979166666666667 
5 0.018489583333333334 0.08151041666666667 0.011979166666666667 0.008854166666666666 
4 0.38723958333333336 0.7625 0.0067708333333333336 0.010416666666666666 
4 0.30494791666666665 0.7161458333333334 0.009895833333333333 0.00625 
4 0.2864583333333333 0.7291666666666666 0.010416666666666666 0.008333333333333333 
4 0.47708333333333336 0.6583333333333333 0.007291666666666667 0.009375 
4 0.4393229166666667 0.6622395833333333 0.0078125 0.009895833333333333 
4 0.3958333333333333 0.64453125 0.00625 0.009895833333333333 
5 0.33567708333333335 0.7330729166666666 0.0203125 0.0067708333333333336 
5 0.6111979166666667 0.45286458333333335 0.013020833333333334 0.016145833333333335 
5 0.6377604166666667 0.37604166666666666 0.009895833333333333 0.0125 
5 0.6921875 0.29375 0.010416666666666666 0.013541666666666667 
5 0.7158854166666667 0.24869791666666666 0.011979166666666667 0.015104166666666667 
5 0.7572916666666667 0.07708333333333334 0.010416666666666666 0.013541666666666667 
4 0.59296875 0.17526041666666667 0.009895833333333333 0.008854166666666666 
4 0.6072916666666667 0.14947916666666666 0.010416666666666666 0.009375 
4 0.5213541666666667 0.10546875 0.010416666666666666 0.0109375 
4 0.59609375 0.12213541666666666 0.0109375 0.009895833333333333 
4 0.6046875 0.10729166666666666 0.0125 0.010416666666666666 
4 0.5690104166666666 0.09453125 0.011979166666666667 0.008854166666666666 
4 0.5682291666666667 0.07291666666666667 0.013541666666666667 0.010416666666666666 
4 0.5518229166666667 0.10234375 0.0109375 0.009895833333333333 
4 0.4791666666666667 0.15729166666666666 0.009375 0.009375 
4 0.44557291666666665 0.16510416666666666 0.008854166666666666 0.008333333333333333 
4 0.44869791666666664 0.16041666666666668 0.0140625 0.010416666666666666 
4 0.4552083333333333 0.14817708333333332 0.011458333333333333 0.009895833333333333 
4 0.45989583333333334 0.13958333333333334 0.010416666666666666 0.009375 
4 0.4640625 0.13489583333333333 0.010416666666666666 0.010416666666666666 
4 0.4700520833333333 0.121875 0.008854166666666666 0.008333333333333333 
4 0.475 0.11380208333333333 0.010416666666666666 0.009895833333333333 
4 0.5046875 0.11302083333333333 0.0125 0.011458333333333333 
4 0.61328125 0.13802083333333334 0.009895833333333333 0.008333333333333333 
4 0.5151041666666667 0.096875 0.009375 0.008333333333333333 
4 0.5174479166666667 0.09166666666666666 0.009895833333333333 0.008333333333333333 
4 0.5395833333333333 0.055989583333333336 0.010416666666666666 0.0078125 
4 0.43046875 0.14427083333333332 0.009895833333333333 0.0125 
4 0.51875 0.04244791666666667 0.010416666666666666 0.008854166666666666 
4 0.765625 0.01953125 0.011458333333333333 0.009895833333333333 
4 0.7583333333333333 0.03359375 0.011458333333333333 0.009895833333333333 
4 0.678125 0.05364583333333333 0.010416666666666666 0.009375 
4 0.69609375 0.025 0.0109375 0.008333333333333333 
4 0.5846354166666666 0.13880208333333333 0.0109375 0.009895833333333333 
4 0.6291666666666667 0.11197916666666667 0.011458333333333333 0.009375 
4 0.6260416666666667 0.11640625 0.011458333333333333 0.008854166666666666 
4 0.5833333333333334 0.18776041666666668 0.014583333333333334 0.0109375 
4 0.6158854166666666 0.13255208333333332 0.013020833333333334 0.0109375 
4 0.6184895833333334 0.12734375 0.0109375 0.008854166666666666 
4 0.63125 0.10729166666666666 0.010416666666666666 0.009375 
4 0.5919270833333333 0.12578125 0.0109375 0.008854166666666666 
4 0.5645833333333333 0.15182291666666667 0.009375 0.008854166666666666 
4 0.5765625 0.13046875 0.009375 0.0078125 
4 0.57890625 0.1265625 0.0109375 0.009375 
4 0.5846354166666666 0.11770833333333333 0.0109375 0.008333333333333333 
4 0.5916666666666667 0.1046875 0.010416666666666666 0.009375 
4 0.5671875 0.09947916666666666 0.0125 0.009375 
4 0.5942708333333333 0.10078125 0.010416666666666666 0.009895833333333333 
4 0.59921875 0.09114583333333333 0.0109375 0.008333333333333333 
4 0.5794270833333334 0.07760416666666667 0.011979166666666667 0.009375 
4 0.5731770833333333 0.08880208333333334 0.009895833333333333 0.008854166666666666 
4 0.559375 0.08958333333333333 0.010416666666666666 0.009375 
4 0.55390625 0.09817708333333333 0.0109375 0.009895833333333333 
4 0.5447916666666667 0.115625 0.009375 0.008333333333333333 
4 0.5510416666666667 0.12552083333333333 0.010416666666666666 0.009375 
4 0.5380208333333333 0.146875 0.010416666666666666 0.009375 
4 0.5013020833333334 0.16067708333333333 0.0078125 0.011979166666666667 
4 0.5286458333333334 0.0921875 0.009375 0.007291666666666667 
4 0.53203125 0.08802083333333334 0.013020833333333334 0.011458333333333333 
4 0.5286458333333334 0.07213541666666666 0.011458333333333333 0.009895833333333333 
4 0.54609375 0.065625 0.009895833333333333 0.008333333333333333 
4 0.51640625 0.04635416666666667 0.0109375 0.008333333333333333 
4 0.54140625 0.23203125 0.009895833333333333 0.0140625 
4 0.5786458333333333 0.19661458333333334 0.011458333333333333 0.009895833333333333 
4 0.5986979166666667 0.022916666666666665 0.0109375 0.008333333333333333 
4 0.61484375 0.08984375 0.011979166666666667 0.009895833333333333 
4 0.6166666666666667 0.08515625 0.011458333333333333 0.008854166666666666 
4 0.6140625 0.06640625 0.011458333333333333 0.0109375 
4 0.5903645833333333 0.05859375 0.009895833333333333 0.008854166666666666 
4 0.5848958333333333 0.06744791666666666 0.010416666666666666 0.009895833333333333 
4 0.5822916666666667 0.07109375 0.009375 0.0078125 
4 0.5744791666666667 0.015625 0.010416666666666666 0.010416666666666666 
4 0.5625 0.013541666666666667 0.008333333333333333 0.007291666666666667 
4 0.5708333333333333 0.018489583333333334 0.009375 0.008854166666666666 
4 0.5546875 0.0484375 0.009375 0.008333333333333333 
4 0.5255208333333333 0.0296875 0.014583333333333334 0.0125 
4 0.53828125 0.008072916666666667 0.009895833333333333 0.008854166666666666 
