5 0.45729166666666665 0.11432291666666666 0.06145833333333333 0.043229166666666666 
4 0.5216145833333333 0.6375 0.0140625 0.01875 
4 0.5130208333333334 0.64296875 0.014583333333333334 0.015104166666666667 
4 0.5052083333333334 0.6466145833333333 0.014583333333333334 0.018229166666666668 
5 0.054427083333333334 0.3302083333333333 0.030729166666666665 0.04375 
4 0.1578125 0.26927083333333335 0.014583333333333334 0.017708333333333333 
5 0.10572916666666667 0.259375 0.030208333333333334 0.04375 
5 0.09140625 0.26015625 0.030729166666666665 0.0421875 
5 0.07708333333333334 0.26145833333333335 0.03125 0.042708333333333334 
5 0.06744791666666666 0.2721354166666667 0.030729166666666665 0.0421875 
5 0.078125 0.31640625 0.030208333333333334 0.04114583333333333 
5 0.020572916666666666 0.3020833333333333 0.0296875 0.040625 
4 0.22109375 0.8223958333333333 0.015104166666666667 0.017708333333333333 
5 0.0067708333333333336 0.30572916666666666 0.030208333333333334 0.040625 
5 -0.0036458333333333334 0.31666666666666665 0.030208333333333334 0.03958333333333333 
5 0.45755208333333336 0.1296875 0.0234375 0.019791666666666666 
5 0.45078125 0.1015625 0.0453125 0.03333333333333333 
5 0.029166666666666667 0.28854166666666664 0.019791666666666666 0.023958333333333335 
