4 0.8942708333333333 0.6625 0.0125 0.010416666666666666 
4 0.9231770833333334 0.6591145833333333 0.011979166666666667 0.009895833333333333 
4 0.9127604166666666 0.6776041666666667 0.009895833333333333 0.008333333333333333 
4 0.8828125 0.7309895833333333 0.010416666666666666 0.009895833333333333 
4 0.8880208333333334 0.7223958333333333 0.010416666666666666 0.010416666666666666 
4 0.8916666666666667 0.7125 0.0125 0.010416666666666666 
4 0.9 0.6997395833333333 0.0125 0.0109375 
4 0.8625 0.7166666666666667 0.010416666666666666 0.009375 
4 0.865625 0.7125 0.011458333333333333 0.010416666666666666 
4 0.87109375 0.7036458333333333 0.011979166666666667 0.010416666666666666 
4 0.8736979166666666 0.69921875 0.011979166666666667 0.009895833333333333 
4 0.8760416666666667 0.6950520833333333 0.010416666666666666 0.008854166666666666 
4 0.88046875 0.6856770833333333 0.009895833333333333 0.008854166666666666 
4 0.88671875 0.67578125 0.0109375 0.009895833333333333 
4 0.8986979166666667 0.65390625 0.009895833333333333 0.009895833333333333 
4 0.9307291666666667 0.646875 0.011458333333333333 0.011458333333333333 
4 0.9020833333333333 0.6486979166666667 0.010416666666666666 0.009895833333333333 
4 0.9046875 0.64375 0.009375 0.008333333333333333 
4 0.9072916666666667 0.6390625 0.010416666666666666 0.009375 
4 0.91640625 0.6263020833333334 0.0109375 0.008854166666666666 
4 0.9325520833333333 0.5981770833333333 0.009895833333333333 0.0078125 
4 0.9369791666666667 0.58828125 0.011458333333333333 0.009895833333333333 
4 0.9466145833333334 0.5713541666666667 0.008854166666666666 0.008333333333333333 
4 0.9489583333333333 0.5677083333333334 0.009375 0.008333333333333333 
4 0.9546875 0.5588541666666667 0.009375 0.008333333333333333 
4 0.8973958333333333 0.6354166666666666 0.008333333333333333 0.008333333333333333 
4 0.8408854166666667 0.6807291666666667 0.008854166666666666 0.007291666666666667 
4 0.8440104166666667 0.6765625 0.009895833333333333 0.009375 
4 0.88515625 0.7268229166666667 0.0109375 0.008854166666666666 
4 0.9255208333333333 0.6552083333333333 0.011458333333333333 0.010416666666666666 
4 0.9338541666666667 0.6432291666666666 0.010416666666666666 0.009375 
4 0.99453125 0.5369791666666667 0.0109375 0.010416666666666666 
4 0.9315104166666667 0.7203125 0.0109375 0.010416666666666666 
4 0.971875 0.7197916666666667 0.011458333333333333 0.010416666666666666 
4 0.9815104166666667 0.70234375 0.0109375 0.009895833333333333 
4 0.95546875 0.7018229166666666 0.0109375 0.009895833333333333 
4 0.9859375 0.65 0.011458333333333333 0.008333333333333333 
4 0.9848958333333333 0.62734375 0.009375 0.009895833333333333 
4 0.9947916666666666 0.6104166666666667 0.010416666666666666 0.010416666666666666 
4 0.9049479166666666 0.7158854166666667 0.0109375 0.009895833333333333 
4 0.9114583333333334 0.7057291666666666 0.010416666666666666 0.009375 
4 0.9578125 0.6276041666666666 0.010416666666666666 0.008333333333333333 
4 0.9604166666666667 0.6234375 0.011458333333333333 0.009375 
4 0.9947916666666666 0.56484375 0.010416666666666666 0.008854166666666666 
4 0.9848958333333333 0.58125 0.011458333333333333 0.010416666666666666 
4 0.9916666666666667 0.5447916666666667 0.010416666666666666 0.009375 
4 0.94140625 0.6307291666666667 0.009895833333333333 0.009375 
4 0.9880208333333333 0.5494791666666666 0.011458333333333333 0.011458333333333333 
4 0.98515625 0.5536458333333333 0.011979166666666667 0.010416666666666666 
4 0.9822916666666667 0.5583333333333333 0.010416666666666666 0.009375 
4 0.97890625 0.5671875 0.009895833333333333 0.008333333333333333 
4 0.9755208333333333 0.5708333333333333 0.011458333333333333 0.010416666666666666 
4 0.9731770833333333 0.5752604166666667 0.009895833333333333 0.008854166666666666 
4 0.9625 0.59140625 0.009375 0.0078125 
4 0.9609375 0.5958333333333333 0.010416666666666666 0.008333333333333333 
4 0.9583333333333334 0.60078125 0.009375 0.0078125 
4 0.9536458333333333 0.609375 0.010416666666666666 0.008333333333333333 
4 0.9510416666666667 0.6130208333333333 0.010416666666666666 0.009375 
4 0.9484375 0.6171875 0.009375 0.008333333333333333 
4 0.9455729166666667 0.6216145833333333 0.0109375 0.008854166666666666 
4 0.8893229166666666 0.7166666666666667 0.011979166666666667 0.008333333333333333 
4 0.8963541666666667 0.7041666666666667 0.010416666666666666 0.009375 
4 0.8841145833333334 0.6809895833333334 0.009895833333333333 0.008854166666666666 
4 0.9604166666666667 0.5494791666666666 0.009375 0.007291666666666667 
4 0.9135416666666667 0.63046875 0.009375 0.008854166666666666 
4 0.9049479166666666 0.6229166666666667 0.009895833333333333 0.008333333333333333 
4 0.9057291666666667 0.6184895833333334 0.0125 0.009895833333333333 
4 0.9125 0.60546875 0.009375 0.0078125 
4 0.915625 0.6020833333333333 0.011458333333333333 0.009375 
4 0.9182291666666667 0.596875 0.011458333333333333 0.009375 
4 0.92109375 0.59296875 0.0109375 0.008854166666666666 
4 0.9221354166666667 0.5888020833333333 0.009895833333333333 0.008854166666666666 
4 0.9255208333333333 0.5848958333333333 0.008333333333333333 0.008333333333333333 
4 0.93125 0.5760416666666667 0.010416666666666666 0.009375 
4 0.940625 0.56015625 0.011458333333333333 0.008854166666666666 
4 0.9427083333333334 0.55546875 0.010416666666666666 0.008854166666666666 
4 0.9583333333333334 0.5541666666666667 0.010416666666666666 0.009375 
4 0.9630208333333333 0.5447916666666667 0.011458333333333333 0.009375 
4 0.8375 0.59453125 0.011458333333333333 0.008854166666666666 
4 0.9658854166666667 0.5393229166666667 0.0109375 0.009895833333333333 
4 0.96796875 0.534375 0.011979166666666667 0.009375 
4 0.9505208333333334 0.5401041666666667 0.011458333333333333 0.010416666666666666 
4 0.8341145833333333 0.6942708333333333 0.0109375 0.008333333333333333 
4 0.8002604166666667 0.6809895833333334 0.0078125 0.0067708333333333336 
4 0.7916666666666666 0.6752604166666667 0.010416666666666666 0.008854166666666666 
4 0.8526041666666667 0.7104166666666667 0.010416666666666666 0.009375 
4 0.8552083333333333 0.70546875 0.009375 0.008854166666666666 
4 0.85859375 0.6958333333333333 0.011979166666666667 0.010416666666666666 
4 0.8674479166666667 0.6848958333333334 0.009895833333333333 0.009375 
4 0.8697916666666666 0.6799479166666667 0.010416666666666666 0.009895833333333333 
4 0.87265625 0.6752604166666667 0.009895833333333333 0.008854166666666666 
4 0.8984375 0.6307291666666667 0.010416666666666666 0.010416666666666666 
4 0.9192708333333334 0.6223958333333334 0.0125 0.010416666666666666 
4 0.9197916666666667 0.6169270833333333 0.011458333333333333 0.009895833333333333 
4 0.9231770833333334 0.6127604166666667 0.0109375 0.008854166666666666 
4 0.9270833333333334 0.6067708333333334 0.010416666666666666 0.009375 
4 0.9151041666666667 0.6734375 0.008333333333333333 0.007291666666666667 
4 0.91796875 0.6690104166666667 0.0109375 0.009895833333333333 
4 0.896875 0.6578125 0.009375 0.008333333333333333 
4 0.9377604166666667 0.6348958333333333 0.0109375 0.010416666666666666 
4 0.9359375 0.6393229166666666 0.010416666666666666 0.008854166666666666 
4 0.94375 0.6263020833333334 0.009375 0.0078125 
4 0.9549479166666667 0.6049479166666667 0.011979166666666667 0.009895833333333333 
4 0.9658854166666667 0.5877604166666667 0.009895833333333333 0.0078125 
4 0.9669270833333333 0.5833333333333334 0.011979166666666667 0.009375 
4 0.96953125 0.5794270833333334 0.0109375 0.008854166666666666 
4 0.9807291666666667 0.56328125 0.011458333333333333 0.008854166666666666 
4 0.9346354166666667 0.59375 0.009895833333333333 0.009375 
4 0.9424479166666667 0.5809895833333333 0.009895833333333333 0.008854166666666666 
4 0.9440104166666666 0.5760416666666667 0.0109375 0.009375 
4 0.95234375 0.5630208333333333 0.008854166666666666 0.008333333333333333 
4 0.8653645833333333 0.6390625 0.009895833333333333 0.007291666666666667 
4 0.8893229166666666 0.6473958333333333 0.008854166666666666 0.008333333333333333 
4 0.8778645833333333 0.690625 0.009895833333333333 0.007291666666666667 
4 0.8911458333333333 0.6674479166666667 0.010416666666666666 0.008854166666666666 
4 0.85 0.7145833333333333 0.009375 0.008333333333333333 
4 0.8575520833333333 0.7020833333333333 0.009895833333333333 0.008333333333333333 
4 0.8627604166666667 0.6942708333333333 0.008854166666666666 0.008333333333333333 
4 0.8645833333333334 0.68984375 0.010416666666666666 0.009895833333333333 
4 0.875 0.6721354166666667 0.009375 0.009895833333333333 
4 0.8815104166666666 0.6606770833333333 0.011979166666666667 0.0109375 
4 0.8846354166666667 0.6565104166666667 0.0109375 0.009895833333333333 
4 0.89296875 0.6434895833333333 0.0109375 0.009895833333333333 
4 0.9375 0.7333333333333333 0.010416666666666666 0.009375 
4 0.9231770833333334 0.7330729166666666 0.0109375 0.009895833333333333 
4 0.9213541666666667 0.7377604166666667 0.009375 0.008854166666666666 
4 0.8651041666666667 0.7591145833333334 0.010416666666666666 0.009895833333333333 
4 0.8234375 0.759375 0.011458333333333333 0.010416666666666666 
4 0.82578125 0.7541666666666667 0.0109375 0.010416666666666666 
4 0.8322916666666667 0.7671875 0.009375 0.008333333333333333 
4 0.8348958333333333 0.7619791666666667 0.009375 0.008333333333333333 
4 0.8385416666666666 0.75859375 0.010416666666666666 0.008854166666666666 
4 0.840625 0.7533854166666667 0.011458333333333333 0.009895833333333333 
4 0.8427083333333333 0.7489583333333333 0.009375 0.008333333333333333 
4 0.8489583333333334 0.7401041666666667 0.010416666666666666 0.008333333333333333 
4 0.85390625 0.7307291666666667 0.0109375 0.010416666666666666 
4 0.878125 0.7328125 0.011458333333333333 0.010416666666666666 
4 0.878125 0.73828125 0.010416666666666666 0.0078125 
4 0.8752604166666667 0.7424479166666667 0.0109375 0.009895833333333333 
4 0.8674479166666667 0.7552083333333334 0.009895833333333333 0.008333333333333333 
4 0.8630208333333333 0.7638020833333333 0.009375 0.0078125 
4 0.90859375 0.8270833333333333 0.0078125 0.007291666666666667 
4 0.8559895833333333 0.7776041666666667 0.0109375 0.009375 
4 0.82890625 0.8203125 0.0109375 0.010416666666666666 
4 0.8356770833333333 0.8119791666666667 0.009895833333333333 0.007291666666666667 
4 0.8380208333333333 0.8072916666666666 0.010416666666666666 0.008333333333333333 
4 0.8419270833333333 0.7984375 0.011979166666666667 0.010416666666666666 
4 0.859375 0.79609375 0.010416666666666666 0.008854166666666666 
4 0.8955729166666667 0.7794270833333333 0.011979166666666667 0.009895833333333333 
4 0.9072916666666667 0.7848958333333333 0.010416666666666666 0.009375 
4 0.90234375 0.7934895833333333 0.0109375 0.0078125 
4 0.8815104166666666 0.8049479166666667 0.011979166666666667 0.0109375 
4 0.8619791666666666 0.8395833333333333 0.010416666666666666 0.009375 
4 0.8713541666666667 0.8447916666666667 0.010416666666666666 0.009375 
4 0.89296875 0.8544270833333333 0.009895833333333333 0.008854166666666666 
4 0.8130208333333333 0.7786458333333334 0.010416666666666666 0.008333333333333333 
4 0.8190104166666666 0.7893229166666667 0.009895833333333333 0.009895833333333333 
4 0.8072916666666666 0.7864583333333334 0.010416666666666666 0.010416666666666666 
4 0.8044270833333333 0.7903645833333334 0.0109375 0.009895833333333333 
4 0.7690104166666667 0.71484375 0.009895833333333333 0.008854166666666666 
4 0.7669270833333334 0.7190104166666667 0.009895833333333333 0.008854166666666666 
4 0.76484375 0.7229166666666667 0.0109375 0.008333333333333333 
4 0.7526041666666666 0.73984375 0.010416666666666666 0.0078125 
4 0.7502604166666667 0.7442708333333333 0.009895833333333333 0.008333333333333333 
4 0.7604166666666666 0.75078125 0.010416666666666666 0.008854166666666666 
4 0.7572916666666667 0.7549479166666667 0.009375 0.008854166666666666 
4 0.7552083333333334 0.7591145833333334 0.011458333333333333 0.008854166666666666 
4 0.77421875 0.7723958333333333 0.009895833333333333 0.009375 
4 0.78125 0.7619791666666667 0.011458333333333333 0.010416666666666666 
4 0.7841145833333333 0.7575520833333333 0.009895833333333333 0.009895833333333333 
4 0.7861979166666667 0.7528645833333333 0.009895833333333333 0.008854166666666666 
4 0.7885416666666667 0.7473958333333334 0.009375 0.008333333333333333 
4 0.7942708333333334 0.73984375 0.011458333333333333 0.008854166666666666 
4 0.8177083333333334 0.7223958333333333 0.010416666666666666 0.008333333333333333 
4 0.8088541666666667 0.73671875 0.010416666666666666 0.008854166666666666 
4 0.8067708333333333 0.7401041666666667 0.009375 0.007291666666666667 
4 0.8020833333333334 0.7489583333333333 0.009375 0.008333333333333333 
4 0.79375 0.7635416666666667 0.009375 0.008333333333333333 
4 0.8453125 0.7221354166666667 0.0125 0.009895833333333333 
4 0.8440104166666667 0.7278645833333334 0.008854166666666666 0.0078125 
4 0.8411458333333334 0.73125 0.010416666666666666 0.009375 
4 0.8361979166666667 0.7403645833333333 0.009895833333333333 0.009895833333333333 
4 0.7997395833333333 0.8 0.0109375 0.010416666666666666 
4 0.8078125 0.8098958333333334 0.009375 0.008333333333333333 
4 0.8252604166666667 0.78125 0.009895833333333333 0.009375 
4 0.81640625 0.7955729166666666 0.0109375 0.009895833333333333 
4 0.9010416666666666 0.840625 0.010416666666666666 0.008333333333333333 
4 0.9169270833333333 0.815625 0.009895833333333333 0.009375 
4 0.9190104166666667 0.7424479166666667 0.0109375 0.009895833333333333 
4 0.90859375 0.7596354166666667 0.0109375 0.008854166666666666 
4 0.8458333333333333 0.7453125 0.010416666666666666 0.008333333333333333 
4 0.8151041666666666 0.7734375 0.011458333333333333 0.010416666666666666 
4 0.821875 0.7859375 0.009375 0.008333333333333333 
4 0.87578125 0.8145833333333333 0.009895833333333333 0.009375 
4 0.8317708333333333 0.81640625 0.010416666666666666 0.009895833333333333 
4 0.8684895833333334 0.7505208333333333 0.013020833333333334 0.010416666666666666 
4 0.8578125 0.7723958333333333 0.010416666666666666 0.009375 
4 0.86796875 0.7791666666666667 0.009895833333333333 0.008333333333333333 
4 0.8869791666666667 0.79765625 0.009375 0.0078125 
4 0.9291666666666667 0.7911458333333333 0.0125 0.010416666666666666 
4 0.92421875 0.8018229166666667 0.013020833333333334 0.0109375 
4 0.87265625 0.746875 0.0109375 0.009375 
4 0.884375 0.7552083333333334 0.010416666666666666 0.009375 
4 0.9244791666666666 0.7546875 0.010416666666666666 0.010416666666666666 
4 0.9184895833333333 0.809375 0.0109375 0.010416666666666666 
4 0.946875 0.76328125 0.0125 0.0109375 
4 0.9520833333333333 0.7544270833333333 0.010416666666666666 0.008854166666666666 
4 0.9908854166666666 0.6200520833333333 0.0109375 0.009895833333333333 
4 0.959375 0.74140625 0.011458333333333333 0.009895833333333333 
4 0.9627604166666667 0.73359375 0.011979166666666667 0.009895833333333333 
4 0.9442708333333333 0.7 0.010416666666666666 0.010416666666666666 
4 0.9861979166666667 0.6940104166666666 0.0109375 0.009895833333333333 
4 0.9638020833333333 0.665625 0.013020833333333334 0.011458333333333333 
4 0.9807291666666667 0.65859375 0.010416666666666666 0.009895833333333333 
4 0.9916666666666667 0.6416666666666667 0.011458333333333333 0.009375 
4 0.9765625 0.6450520833333333 0.010416666666666666 0.009895833333333333 
4 0.9361979166666666 0.7127604166666667 0.0109375 0.009895833333333333 
4 0.9575520833333333 0.74609375 0.0109375 0.008854166666666666 
4 0.8513020833333333 0.7346354166666667 0.009895833333333333 0.0078125 
4 0.8578125 0.72578125 0.0125 0.0109375 
4 0.8325520833333333 0.7447916666666666 0.0109375 0.010416666666666666 
4 0.8302083333333333 0.7489583333333333 0.010416666666666666 0.009375 
4 0.9361979166666666 0.7796875 0.011979166666666667 0.010416666666666666 
4 0.7609375 0.6786458333333333 0.011458333333333333 0.009375 
4 0.78671875 0.6833333333333333 0.011979166666666667 0.011458333333333333 
4 0.7963541666666667 0.6893229166666667 0.013541666666666667 0.0109375 
4 0.7924479166666667 0.69375 0.011979166666666667 0.009375 
4 0.7817708333333333 0.6927083333333334 0.009375 0.008333333333333333 
4 0.7786458333333334 0.6973958333333333 0.010416666666666666 0.009375 
4 0.784375 0.70703125 0.009375 0.008854166666666666 
4 0.7447916666666666 0.7536458333333333 0.011458333333333333 0.010416666666666666 
4 0.7479166666666667 0.7489583333333333 0.011458333333333333 0.009375 
4 0.7583333333333333 0.73203125 0.011458333333333333 0.008854166666666666 
4 0.7559895833333333 0.7369791666666666 0.0109375 0.009375 
4 0.765625 0.74296875 0.010416666666666666 0.009895833333333333 
4 0.7955729166666666 0.7359375 0.011979166666666667 0.010416666666666666 
4 0.80234375 0.7236979166666667 0.0109375 0.009895833333333333 
4 0.8057291666666667 0.7197916666666667 0.011458333333333333 0.009375 
4 0.8080729166666667 0.715625 0.0109375 0.008333333333333333 
4 0.809375 0.7098958333333333 0.010416666666666666 0.009375 
4 0.81484375 0.7020833333333333 0.013020833333333334 0.010416666666666666 
4 0.8197916666666667 0.7177083333333333 0.011458333333333333 0.009375 
4 0.81171875 0.7322916666666667 0.009895833333333333 0.008333333333333333 
4 0.7885416666666667 0.7734375 0.011458333333333333 0.009375 
4 0.79609375 0.75859375 0.009895833333333333 0.008854166666666666 
4 0.7994791666666666 0.7536458333333333 0.010416666666666666 0.009375 
4 0.7778645833333333 0.7674479166666667 0.009895833333333333 0.008854166666666666 
4 0.7697916666666667 0.7822916666666667 0.010416666666666666 0.010416666666666666 
4 0.7966145833333333 0.8046875 0.009895833333333333 0.008333333333333333 
4 0.9018229166666667 0.6268229166666667 0.0109375 0.009895833333333333 
4 0.9091145833333333 0.61484375 0.008854166666666666 0.0078125 
4 0.91171875 0.61015625 0.0109375 0.008854166666666666 
4 0.90390625 0.43463541666666666 0.008854166666666666 0.0078125 
4 0.9057291666666667 0.4296875 0.008333333333333333 0.007291666666666667 
4 0.9088541666666666 0.42526041666666664 0.010416666666666666 0.009895833333333333 
4 0.9127604166666666 0.4197916666666667 0.0078125 0.009375 
4 0.92109375 0.41875 0.0067708333333333336 0.010416666666666666 
4 0.92578125 0.421875 0.0078125 0.010416666666666666 
4 0.5479166666666667 0.22473958333333333 0.0125 0.009895833333333333 
4 0.4283854166666667 0.40677083333333336 0.0109375 0.008333333333333333 
4 0.2669270833333333 0.4197916666666667 0.008854166666666666 0.011458333333333333 
4 0.27109375 0.4739583333333333 0.011979166666666667 0.0125 
4 0.33229166666666665 0.59921875 0.011458333333333333 0.009895833333333333 
4 0.22682291666666668 0.671875 0.009895833333333333 0.009375 
4 0.11302083333333333 0.7622395833333333 0.011458333333333333 0.009895833333333333 
4 0.13020833333333334 0.94140625 0.010416666666666666 0.0078125 
4 0.12760416666666666 0.9463541666666667 0.0125 0.009375 
4 0.12421875 0.9513020833333333 0.008854166666666666 0.0078125 
4 0.9013020833333333 0.43854166666666666 0.009895833333333333 0.007291666666666667 
4 0.91796875 0.45703125 0.009895833333333333 0.008854166666666666 
4 0.8901041666666667 0.4544270833333333 0.010416666666666666 0.0078125 
4 0.9145833333333333 0.46588541666666666 0.008333333333333333 0.0109375 
4 0.8067708333333333 0.5981770833333333 0.009375 0.0078125 
4 0.8096354166666667 0.59375 0.008854166666666666 0.007291666666666667 
4 0.8130208333333333 0.5893229166666667 0.009375 0.0078125 
4 0.81484375 0.5841145833333333 0.009895833333333333 0.008854166666666666 
4 0.8216145833333334 0.5723958333333333 0.0109375 0.009375 
4 0.82890625 0.5596354166666667 0.008854166666666666 0.0078125 
4 0.8388020833333333 0.5432291666666667 0.009895833333333333 0.009375 
4 0.8421875 0.5395833333333333 0.010416666666666666 0.008333333333333333 
4 0.8458333333333333 0.53125 0.011458333333333333 0.009375 
4 0.8518229166666667 0.52265625 0.011979166666666667 0.009895833333333333 
4 0.8575520833333333 0.51484375 0.009895833333333333 0.0078125 
4 0.8591145833333333 0.5106770833333333 0.009895833333333333 0.0078125 
4 0.8841145833333334 0.5151041666666667 0.013020833333333334 0.010416666666666666 
4 0.8984375 0.51328125 0.010416666666666666 0.009895833333333333 
4 0.9010416666666666 0.5088541666666667 0.009375 0.007291666666666667 
4 0.9041666666666667 0.5046875 0.009375 0.008333333333333333 
4 0.90625 0.5005208333333333 0.010416666666666666 0.009375 
4 0.8963541666666667 0.49375 0.010416666666666666 0.010416666666666666 
4 0.9026041666666667 0.4856770833333333 0.011458333333333333 0.009895833333333333 
4 0.92109375 0.45286458333333335 0.009895833333333333 0.008854166666666666 
4 0.9182291666666667 0.46875 0.007291666666666667 0.009375 
4 0.8877604166666667 0.4588541666666667 0.009895833333333333 0.008333333333333333 
4 0.8932291666666666 0.44947916666666665 0.009375 0.007291666666666667 
4 0.8984375 0.44296875 0.010416666666666666 0.008854166666666666 
4 0.93046875 0.4765625 0.008854166666666666 0.011458333333333333 
4 0.9268229166666667 0.47317708333333336 0.0078125 0.009895833333333333 
4 0.9229166666666667 0.4705729166666667 0.008333333333333333 0.009895833333333333 
4 0.7994791666666666 0.6114583333333333 0.010416666666666666 0.008333333333333333 
0 0.6138020833333333 0.4161458333333333 0.08385416666666666 0.07604166666666666 
0 0.6369791666666667 0.35 0.090625 0.084375 
0 0.5322916666666667 0.12708333333333333 0.15625 0.15833333333333333 
0 0.46822916666666664 0.24192708333333332 0.13333333333333333 0.12135416666666667 
0 0.3921875 0.3572916666666667 0.16979166666666667 0.165625 
0 0.33515625 0.48125 0.12135416666666667 0.11458333333333333 
0 0.25729166666666664 0.5955729166666667 0.18854166666666666 0.17760416666666667 
0 0.11692708333333333 0.8294270833333334 0.19010416666666666 0.17760416666666667 
0 0.05260416666666667 0.95078125 0.15 0.14010416666666667 
0 0.07604166666666666 0.01796875 0.06770833333333333 0.06302083333333333 
4 0.80234375 0.6065104166666667 0.009895833333333333 0.008854166666666666 
4 0.7947916666666667 0.61875 0.010416666666666666 0.009375 
4 0.9296875 0.5802083333333333 0.009375 0.007291666666666667 
4 0.8182291666666667 0.58046875 0.010416666666666666 0.008854166666666666 
4 0.8208333333333333 0.6263020833333334 0.010416666666666666 0.0078125 
4 0.8174479166666667 0.6286458333333333 0.009895833333333333 0.007291666666666667 
4 0.8138020833333334 0.6377604166666667 0.009895833333333333 0.008854166666666666 
4 0.80546875 0.65 0.013020833333333334 0.009375 
4 0.80234375 0.65390625 0.009895833333333333 0.0078125 
4 0.7963541666666667 0.66640625 0.010416666666666666 0.008854166666666666 
4 0.7630208333333334 0.6734375 0.010416666666666666 0.008333333333333333 
4 0.7690104166666667 0.6658854166666667 0.009895833333333333 0.008854166666666666 
4 0.7705729166666667 0.66171875 0.009895833333333333 0.0078125 
4 0.7807291666666667 0.6434895833333333 0.010416666666666666 0.009895833333333333 
4 0.8044270833333333 0.6033854166666667 0.009895833333333333 0.0078125 
4 0.88671875 0.58125 0.0109375 0.009375 
4 0.8541666666666666 0.5880208333333333 0.011458333333333333 0.009375 
4 0.825 0.56796875 0.011458333333333333 0.0109375 
4 0.8278645833333333 0.68046875 0.0109375 0.009895833333333333 
4 0.8364583333333333 0.54765625 0.008333333333333333 0.0078125 
4 0.8966145833333333 0.5635416666666667 0.0109375 0.009375 
4 0.9114583333333334 0.5388020833333333 0.010416666666666666 0.008854166666666666 
4 0.9192708333333334 0.5268229166666667 0.010416666666666666 0.008854166666666666 
4 0.8963541666666667 0.5182291666666666 0.010416666666666666 0.009375 
4 0.8744791666666667 0.5325520833333334 0.009375 0.0078125 
4 0.87734375 0.528125 0.009895833333333333 0.009375 
4 0.8903645833333333 0.5078125 0.009895833333333333 0.008333333333333333 
4 0.8924479166666667 0.5036458333333333 0.009895833333333333 0.008333333333333333 
4 0.84375 0.5359375 0.009375 0.007291666666666667 
4 0.8604166666666667 0.50546875 0.010416666666666666 0.008854166666666666 
4 0.8666666666666667 0.49765625 0.010416666666666666 0.0078125 
4 0.8684895833333334 0.49322916666666666 0.0109375 0.009375 
4 0.8221354166666667 0.62109375 0.0109375 0.008854166666666666 
4 0.8299479166666667 0.6075520833333333 0.0109375 0.009895833333333333 
4 0.8421875 0.6088541666666667 0.010416666666666666 0.009375 
4 0.8380208333333333 0.6182291666666667 0.0125 0.010416666666666666 
4 0.934375 0.5729166666666666 0.009375 0.008333333333333333 
4 0.9354166666666667 0.5682291666666667 0.011458333333333333 0.009375 
4 0.81328125 0.65859375 0.0109375 0.009895833333333333 
4 0.859375 0.5802083333333333 0.010416666666666666 0.008333333333333333 
4 0.9388020833333334 0.5635416666666667 0.009895833333333333 0.008333333333333333 
4 0.9455729166666667 0.55 0.011979166666666667 0.011458333333333333 
4 0.8395833333333333 0.6598958333333333 0.010416666666666666 0.009375 
4 0.9859375 0.5125 0.007291666666666667 0.011458333333333333 
4 0.98046875 0.509375 0.009895833333333333 0.014583333333333334 
4 0.821875 0.6911458333333333 0.010416666666666666 0.008333333333333333 
4 0.8453125 0.65234375 0.010416666666666666 0.0078125 
4 0.84765625 0.6486979166666667 0.013020833333333334 0.009895833333333333 
4 0.85 0.64296875 0.0125 0.0109375 
4 0.8557291666666667 0.6359375 0.011458333333333333 0.009375 
4 0.8651041666666667 0.6184895833333334 0.011458333333333333 0.009895833333333333 
4 0.8783854166666667 0.6169270833333333 0.0109375 0.008854166666666666 
4 0.8809895833333333 0.61328125 0.0109375 0.008854166666666666 
4 0.8302083333333333 0.6307291666666667 0.011458333333333333 0.009375 
4 0.8921875 0.5942708333333333 0.009375 0.008333333333333333 
4 0.9028645833333333 0.57734375 0.009895833333333333 0.008854166666666666 
4 0.9046875 0.5734375 0.010416666666666666 0.008333333333333333 
4 0.9140625 0.5583333333333333 0.010416666666666666 0.008333333333333333 
4 0.9169270833333333 0.5541666666666667 0.009895833333333333 0.008333333333333333 
4 0.928125 0.53203125 0.010416666666666666 0.008854166666666666 
4 0.9236979166666667 0.5403645833333334 0.009895833333333333 0.0078125 
4 0.9130208333333333 0.49140625 0.011458333333333333 0.009895833333333333 
4 0.8354166666666667 0.62265625 0.011458333333333333 0.008854166666666666 
4 0.8247395833333333 0.7111979166666667 0.013020833333333334 0.0109375 
4 0.834375 0.6721354166666667 0.010416666666666666 0.008854166666666666 
4 0.7927083333333333 0.6234375 0.009375 0.009375 
4 0.8888020833333333 0.53046875 0.0109375 0.009895833333333333 
4 0.7940104166666667 0.6703125 0.009895833333333333 0.009375 
4 0.7989583333333333 0.6627604166666666 0.010416666666666666 0.009895833333333333 
4 0.8013020833333333 0.6578125 0.008854166666666666 0.008333333333333333 
4 0.8083333333333333 0.6455729166666667 0.010416666666666666 0.009895833333333333 
4 0.8106770833333333 0.6403645833333333 0.009895833333333333 0.008854166666666666 
4 0.8247395833333333 0.6161458333333333 0.009895833333333333 0.009375 
4 0.82734375 0.6109375 0.0109375 0.009375 
4 0.8348958333333333 0.5997395833333333 0.008333333333333333 0.0078125 
4 0.8434895833333333 0.58671875 0.009895833333333333 0.008854166666666666 
4 0.846875 0.5778645833333333 0.011458333333333333 0.0109375 
4 0.8625 0.5755208333333334 0.011458333333333333 0.011458333333333333 
4 0.8903645833333333 0.5255208333333333 0.009895833333333333 0.009375 
4 0.89375 0.5216145833333333 0.009375 0.008854166666666666 
4 0.88203125 0.54296875 0.011979166666666667 0.009895833333333333 
4 0.7916666666666666 0.6984375 0.010416666666666666 0.009375 
4 0.8697916666666666 0.5627604166666667 0.010416666666666666 0.009895833333333333 
4 0.8549479166666667 0.5653645833333333 0.009895833333333333 0.0078125 
4 0.8580729166666666 0.56171875 0.009895833333333333 0.008854166666666666 
4 0.8611979166666667 0.553125 0.0109375 0.009375 
4 0.8645833333333334 0.5486979166666667 0.009375 0.008854166666666666 
4 0.8684895833333334 0.5393229166666667 0.0109375 0.0109375 
4 0.8822916666666667 0.5200520833333333 0.009375 0.009895833333333333 
4 0.91015625 0.49661458333333336 0.008854166666666666 0.008854166666666666 
4 0.75078125 0.6966145833333334 0.008854166666666666 0.0078125 
4 0.7736979166666667 0.6565104166666667 0.0109375 0.009895833333333333 
4 0.7783854166666667 0.6481770833333333 0.0109375 0.008854166666666666 
4 0.7859375 0.6356770833333333 0.010416666666666666 0.0078125 
4 0.7880208333333333 0.63125 0.010416666666666666 0.009375 
4 0.8078125 0.66875 0.011458333333333333 0.009375 
4 0.8104166666666667 0.6627604166666666 0.009375 0.008854166666666666 
4 0.8252604166666667 0.6377604166666667 0.0109375 0.008854166666666666 
4 0.81796875 0.6510416666666666 0.009895833333333333 0.009375 
4 0.8018229166666667 0.67578125 0.009895833333333333 0.009895833333333333 
4 0.8325520833333333 0.6989583333333333 0.008854166666666666 0.008333333333333333 
4 0.8359375 0.6890625 0.010416666666666666 0.008333333333333333 
4 0.8458333333333333 0.6708333333333333 0.008333333333333333 0.00625 
4 0.8395833333333333 0.684375 0.010416666666666666 0.008333333333333333 
4 0.84921875 0.6674479166666667 0.0109375 0.008854166666666666 
4 0.8533854166666667 0.66171875 0.009895833333333333 0.008854166666666666 
4 0.8559895833333333 0.65625 0.009895833333333333 0.008333333333333333 
4 0.8635416666666667 0.64296875 0.010416666666666666 0.008854166666666666 
4 0.8684895833333334 0.6341145833333334 0.0109375 0.009895833333333333 
4 0.8567708333333334 0.6302083333333334 0.010416666666666666 0.010416666666666666 
4 0.8770833333333333 0.621875 0.011458333333333333 0.009375 
4 0.8841145833333334 0.6078125 0.011979166666666667 0.009375 
4 0.8861979166666667 0.60390625 0.009895833333333333 0.008854166666666666 
4 0.8893229166666666 0.5984375 0.009895833333333333 0.009375 
4 0.8950520833333333 0.5901041666666667 0.009895833333333333 0.009375 
4 0.89765625 0.5856770833333333 0.008854166666666666 0.008854166666666666 
4 0.9 0.5817708333333333 0.009375 0.008333333333333333 
4 0.8682291666666667 0.6083333333333333 0.0125 0.010416666666666666 
4 0.9067708333333333 0.56796875 0.011458333333333333 0.0109375 
4 0.8932291666666666 0.5682291666666667 0.010416666666666666 0.009375 
4 0.9104166666666667 0.5635416666666667 0.009375 0.007291666666666667 
4 0.921875 0.5440104166666667 0.010416666666666666 0.0078125 
4 0.9247395833333333 0.5359375 0.008854166666666666 0.008333333333333333 
4 0.9580729166666667 0.5302083333333333 0.009895833333333333 0.009375 
4 0.9552083333333333 0.5346354166666667 0.011458333333333333 0.0109375 
4 0.9328125 0.5268229166666667 0.0125 0.009895833333333333 
4 0.7716145833333333 0.71015625 0.0109375 0.008854166666666666 
4 0.77265625 0.70546875 0.009895833333333333 0.008854166666666666 
4 0.7763020833333333 0.7020833333333333 0.008854166666666666 0.009375 
4 0.5763020833333333 0.9934895833333334 0.0078125 0.0067708333333333336 
4 0.5796875 0.9895833333333334 0.010416666666666666 0.008333333333333333 
4 0.6432291666666666 0.94921875 0.008333333333333333 0.0067708333333333336 
4 0.6315104166666666 0.9481770833333333 0.011979166666666667 0.0109375 
4 0.6291666666666667 0.95234375 0.009375 0.0078125 
4 0.6216145833333333 0.9640625 0.011979166666666667 0.009375 
4 0.5955729166666667 0.959375 0.009895833333333333 0.008333333333333333 
4 0.6088541666666667 0.9393229166666667 0.011458333333333333 0.009895833333333333 
4 0.68359375 0.9997395833333333 0.011979166666666667 0.008854166666666666 
4 0.6934895833333333 0.98203125 0.011979166666666667 0.008854166666666666 
4 0.6763020833333333 0.9627604166666667 0.008854166666666666 0.0078125 
4 0.6716145833333333 0.971875 0.009895833333333333 0.008333333333333333 
4 0.66796875 0.9768229166666667 0.009895833333333333 0.008854166666666666 
4 0.66640625 0.9807291666666667 0.008854166666666666 0.008333333333333333 
4 0.6567708333333333 0.9755208333333333 0.011458333333333333 0.010416666666666666 
4 0.6526041666666667 0.9838541666666667 0.010416666666666666 0.010416666666666666 
4 0.6169270833333333 0.99609375 0.011979166666666667 0.009895833333333333 
4 0.70234375 0.9903645833333333 0.0109375 0.0078125 
4 0.6986979166666667 1.0 0.0109375 0.009375 
4 0.70078125 0.99453125 0.0109375 0.008854166666666666 
4 0.7080729166666667 0.9815104166666667 0.0109375 0.009895833333333333 
4 0.7059895833333333 0.9856770833333334 0.013020833333333334 0.0109375 
4 0.6859375 0.9950520833333333 0.0125 0.0109375 
4 0.66171875 0.9888020833333333 0.009895833333333333 0.0078125 
4 0.6640625 0.9611979166666667 0.0125 0.009895833333333333 
4 0.6135416666666667 0.9302083333333333 0.010416666666666666 0.009375 
4 0.7268229166666667 0.9950520833333333 0.008854166666666666 0.008854166666666666 
4 0.7255208333333333 1.0 0.010416666666666666 0.009375 
4 0.5588541666666667 0.9328125 0.008333333333333333 0.010416666666666666 
4 0.6911458333333333 0.7359375 0.008333333333333333 0.010416666666666666 
4 0.6388020833333333 0.8130208333333333 0.0078125 0.010416666666666666 
4 0.40703125 0.7020833333333333 0.009895833333333333 0.009375 
4 0.40338541666666666 0.7065104166666667 0.0109375 0.008854166666666666 
4 0.4002604166666667 0.7106770833333333 0.0109375 0.009895833333333333 
4 0.375 0.7544270833333333 0.009375 0.008854166666666666 
4 0.37864583333333335 0.7505208333333333 0.009375 0.008333333333333333 
4 0.5401041666666667 0.7755208333333333 0.008333333333333333 0.007291666666666667 
4 0.5364583333333334 0.78359375 0.011458333333333333 0.0078125 
4 0.59609375 0.8872395833333333 0.0078125 0.009895833333333333 
4 0.6216145833333333 0.8614583333333333 0.0078125 0.010416666666666666 
4 0.5872395833333334 0.8994791666666667 0.009895833333333333 0.0125 
4 0.5734375 0.9057291666666667 0.009375 0.0125 
4 0.54609375 0.9591145833333333 0.0078125 0.0109375 
4 0.5408854166666667 0.9713541666666666 0.0078125 0.011458333333333333 
4 0.7041666666666667 0.6971354166666667 0.008333333333333333 0.0109375 
4 0.7427083333333333 0.6494791666666667 0.008333333333333333 0.011458333333333333 
4 0.44583333333333336 0.6684895833333333 0.0125 0.008854166666666666 
4 0.5208333333333334 0.71328125 0.008333333333333333 0.0109375 
4 0.78828125 0.96640625 0.0109375 0.008854166666666666 
5 0.8802083333333334 0.9463541666666667 0.010416666666666666 0.013541666666666667 
5 0.9640625 0.8869791666666667 0.010416666666666666 0.014583333333333334 
4 0.9807291666666667 0.8546875 0.007291666666666667 0.009375 
4 0.9578125 0.8239583333333333 0.008333333333333333 0.011458333333333333 
4 0.8302083333333333 0.4671875 0.008333333333333333 0.010416666666666666 
4 0.7924479166666667 0.5619791666666667 0.008854166666666666 0.011458333333333333 
4 0.5088541666666667 0.70703125 0.007291666666666667 0.009895833333333333 
4 0.515625 0.7096354166666666 0.009375 0.009895833333333333 
4 0.7799479166666666 0.7169270833333333 0.011979166666666667 0.0109375 
4 0.7372395833333333 0.9080729166666667 0.0109375 0.008854166666666666 
4 0.7565104166666666 0.9447916666666667 0.009895833333333333 0.009375 
4 0.746875 0.9614583333333333 0.010416666666666666 0.010416666666666666 
4 0.7416666666666667 0.9713541666666666 0.010416666666666666 0.009375 
4 0.7455729166666667 0.9166666666666666 0.009895833333333333 0.010416666666666666 
4 0.7432291666666667 0.9213541666666667 0.010416666666666666 0.009375 
4 0.7348958333333333 0.9338541666666667 0.011458333333333333 0.008333333333333333 
4 0.7286458333333333 0.946875 0.010416666666666666 0.009375 
4 0.7255208333333333 0.9518229166666666 0.009375 0.009895833333333333 
4 0.71796875 0.9635416666666666 0.0109375 0.010416666666666666 
4 0.7161458333333334 0.9684895833333333 0.010416666666666666 0.009895833333333333 
4 0.7138020833333333 0.9731770833333333 0.011979166666666667 0.0109375 
4 0.73046875 0.9169270833333333 0.0109375 0.008854166666666666 
4 0.7338541666666667 0.9122395833333333 0.010416666666666666 0.0078125 
4 0.7333333333333333 0.8674479166666667 0.010416666666666666 0.009895833333333333 
4 0.7653645833333333 0.8802083333333334 0.008854166666666666 0.008333333333333333 
4 0.7283854166666667 0.8755208333333333 0.0109375 0.009375 
4 0.7255208333333333 0.8802083333333334 0.010416666666666666 0.008333333333333333 
4 0.6666666666666666 0.9544270833333334 0.011458333333333333 0.0109375 
4 0.7057291666666666 0.9143229166666667 0.010416666666666666 0.008854166666666666 
4 0.7026041666666667 0.9205729166666666 0.0125 0.0109375 
4 0.70703125 0.9598958333333333 0.009895833333333333 0.009375 
4 0.7052083333333333 0.9635416666666666 0.010416666666666666 0.009375 
4 0.6809895833333334 0.95703125 0.0109375 0.008854166666666666 
4 0.6768229166666667 0.940625 0.0109375 0.009375 
4 0.6833333333333333 0.9278645833333333 0.011458333333333333 0.008854166666666666 
4 0.6885416666666667 0.9190104166666667 0.010416666666666666 0.009895833333333333 
4 0.6984375 0.903125 0.010416666666666666 0.008333333333333333 
4 0.7419270833333333 0.89765625 0.0109375 0.009895833333333333 
4 0.7596354166666667 0.940625 0.009895833333333333 0.008333333333333333 
4 0.7619791666666667 0.9356770833333333 0.0125 0.0109375 
4 0.7739583333333333 0.9138020833333333 0.010416666666666666 0.008854166666666666 
4 0.7770833333333333 0.9096354166666667 0.009375 0.008854166666666666 
4 0.8203125 0.9791666666666666 0.010416666666666666 0.008333333333333333 
4 0.8174479166666667 0.9841145833333333 0.009895833333333333 0.0078125 
4 0.8109375 0.9921875 0.0125 0.010416666666666666 
4 0.809375 0.9966145833333333 0.011458333333333333 0.008854166666666666 
4 0.7796875 1.0010416666666666 0.010416666666666666 0.008333333333333333 
4 0.7424479166666667 0.9955729166666667 0.008854166666666666 0.008854166666666666 
4 0.7450520833333333 0.99140625 0.009895833333333333 0.008854166666666666 
4 0.7752604166666667 0.9421875 0.009895833333333333 0.008333333333333333 
4 0.8020833333333334 0.96328125 0.009375 0.0078125 
4 0.8046875 0.9369791666666667 0.009375 0.007291666666666667 
4 0.8356770833333333 0.9052083333333333 0.009895833333333333 0.009375 
4 0.85234375 0.8572916666666667 0.009895833333333333 0.009375 
4 0.8486979166666667 0.884375 0.011979166666666667 0.010416666666666666 
4 0.8861979166666667 0.8653645833333333 0.0109375 0.008854166666666666 
4 0.8575520833333333 0.8486979166666667 0.0109375 0.009895833333333333 
4 0.8247395833333333 0.8296875 0.009895833333333333 0.008333333333333333 
4 0.8213541666666667 0.8333333333333334 0.009375 0.008333333333333333 
4 0.8190104166666666 0.8375 0.0109375 0.010416666666666666 
4 0.8161458333333333 0.8421875 0.010416666666666666 0.008333333333333333 
4 0.8111979166666666 0.8502604166666666 0.011979166666666667 0.0109375 
4 0.8005208333333333 0.8700520833333333 0.013541666666666667 0.0109375 
4 0.7979166666666667 0.87578125 0.011458333333333333 0.0109375 
4 0.7869791666666667 0.8924479166666667 0.009375 0.0078125 
4 0.7861979166666667 0.8973958333333333 0.008854166666666666 0.007291666666666667 
4 0.7828125 0.90078125 0.009375 0.008854166666666666 
4 0.7796875 0.9046875 0.011458333333333333 0.010416666666666666 
4 0.7450520833333333 0.8934895833333333 0.009895833333333333 0.008854166666666666 
4 0.76484375 0.8854166666666666 0.011979166666666667 0.009375 
4 0.8330729166666667 0.9557291666666666 0.0109375 0.008333333333333333 
4 0.6317708333333333 0.9013020833333333 0.010416666666666666 0.009895833333333333 
4 0.6955729166666667 0.85859375 0.011979166666666667 0.009895833333333333 
4 0.6861979166666666 0.87578125 0.0109375 0.008854166666666666 
4 0.68984375 0.8716145833333333 0.011979166666666667 0.009895833333333333 
4 0.67421875 0.8744791666666667 0.009895833333333333 0.009375 
4 0.67265625 0.8791666666666667 0.008854166666666666 0.008333333333333333 
4 0.66875 0.8817708333333333 0.009375 0.010416666666666666 
4 0.67421875 0.8966145833333333 0.009895833333333333 0.008854166666666666 
4 0.6609375 0.89609375 0.011458333333333333 0.009895833333333333 
4 0.65625 0.9057291666666667 0.010416666666666666 0.009375 
4 0.64765625 0.921875 0.009895833333333333 0.008333333333333333 
4 0.65703125 0.928125 0.011979166666666667 0.009375 
4 0.6388020833333333 0.9348958333333334 0.009895833333333333 0.009375 
4 0.6205729166666667 0.91796875 0.011979166666666667 0.009895833333333333 
4 0.6627604166666666 0.8479166666666667 0.0109375 0.010416666666666666 
4 0.7385416666666667 0.8591145833333333 0.011458333333333333 0.009895833333333333 
4 0.6653645833333334 0.8424479166666666 0.008854166666666666 0.0078125 
4 0.6674479166666667 0.8380208333333333 0.009895833333333333 0.008333333333333333 
4 0.6703125 0.83515625 0.010416666666666666 0.0078125 
4 0.6716145833333333 0.8296875 0.009895833333333333 0.008333333333333333 
4 0.6817708333333333 0.8127604166666667 0.009375 0.0078125 
4 0.6848958333333334 0.81015625 0.010416666666666666 0.008854166666666666 
4 0.7015625 0.7802083333333333 0.011458333333333333 0.010416666666666666 
4 0.7119791666666667 0.7622395833333333 0.0125 0.0109375 
4 0.7190104166666667 0.75078125 0.009895833333333333 0.008854166666666666 
4 0.72265625 0.7450520833333333 0.011979166666666667 0.008854166666666666 
4 0.7309895833333333 0.7283854166666667 0.009895833333333333 0.008854166666666666 
4 0.74765625 0.7 0.008854166666666666 0.008333333333333333 
4 0.7833333333333333 0.7114583333333333 0.010416666666666666 0.009375 
4 0.6893229166666667 0.8494791666666667 0.011979166666666667 0.011458333333333333 
4 0.6940104166666666 0.84140625 0.009895833333333333 0.008854166666666666 
4 0.6986979166666667 0.8333333333333334 0.0109375 0.009375 
4 0.7033854166666667 0.8239583333333333 0.0109375 0.009375 
4 0.740625 0.8541666666666666 0.010416666666666666 0.009375 
4 0.7549479166666667 0.87578125 0.011979166666666667 0.0109375 
4 0.76328125 0.86484375 0.009895833333333333 0.008854166666666666 
4 0.7677083333333333 0.8567708333333334 0.009375 0.008333333333333333 
4 0.7700520833333333 0.8518229166666667 0.0109375 0.009895833333333333 
4 0.77265625 0.8466145833333333 0.0109375 0.009895833333333333 
4 0.784375 0.8268229166666666 0.009375 0.008854166666666666 
4 0.78671875 0.8229166666666666 0.0109375 0.008333333333333333 
4 0.7947916666666667 0.80859375 0.009375 0.0078125 
4 0.7807291666666667 0.8546875 0.010416666666666666 0.009375 
4 0.7940104166666667 0.83359375 0.0109375 0.0109375 
4 0.7997395833333333 0.8247395833333333 0.013020833333333334 0.009895833333333333 
4 0.8057291666666667 0.815625 0.0125 0.010416666666666666 
4 0.7270833333333333 0.85234375 0.010416666666666666 0.009895833333333333 
4 0.7401041666666667 0.8315104166666667 0.011458333333333333 0.009895833333333333 
4 0.7588541666666667 0.8234375 0.010416666666666666 0.009375 
4 0.7497395833333333 0.81484375 0.0109375 0.008854166666666666 
4 0.7591145833333334 0.7981770833333334 0.013020833333333334 0.0109375 
4 0.76484375 0.7903645833333334 0.009895833333333333 0.008854166666666666 
4 0.71640625 0.8033854166666666 0.008854166666666666 0.0078125 
4 0.7229166666666667 0.79140625 0.013541666666666667 0.011979166666666667 
4 0.7263020833333333 0.78671875 0.008854166666666666 0.0078125 
4 0.7395833333333334 0.7885416666666667 0.010416666666666666 0.008333333333333333 
4 0.7333333333333333 0.7963541666666667 0.009375 0.008333333333333333 
4 0.7255208333333333 0.81015625 0.011458333333333333 0.008854166666666666 
4 0.72109375 0.8171875 0.0109375 0.009375 
4 0.7169270833333333 0.8216145833333334 0.009895833333333333 0.008854166666666666 
4 0.8223958333333333 0.9747395833333333 0.010416666666666666 0.0078125 
4 0.8385416666666666 0.9481770833333333 0.011458333333333333 0.009895833333333333 
4 0.796875 0.82890625 0.011458333333333333 0.009895833333333333 
4 0.8044270833333333 0.86171875 0.0109375 0.009895833333333333 
4 0.8020833333333334 0.8661458333333333 0.010416666666666666 0.008333333333333333 
4 0.7950520833333333 0.8802083333333334 0.008854166666666666 0.007291666666666667 
4 0.7919270833333333 0.884375 0.0109375 0.010416666666666666 
4 0.7890625 0.8885416666666667 0.010416666666666666 0.009375 
4 0.75 0.98203125 0.010416666666666666 0.008854166666666666 
4 0.7536458333333333 0.9497395833333333 0.009375 0.0078125 
4 0.7513020833333334 0.953125 0.0109375 0.009375 
4 0.7489583333333333 0.9580729166666667 0.010416666666666666 0.008854166666666666 
4 0.7440104166666667 0.9661458333333334 0.0109375 0.009375 
4 0.7377604166666667 0.97890625 0.0109375 0.008854166666666666 
4 0.7356770833333334 0.9828125 0.011979166666666667 0.009375 
4 0.7325520833333333 0.9869791666666666 0.0109375 0.009375 
4 0.784375 0.8505208333333333 0.011458333333333333 0.009375 
4 0.7611979166666667 0.8690104166666667 0.009895833333333333 0.009895833333333333 
4 0.7911458333333333 0.8377604166666667 0.009375 0.008854166666666666 
4 0.7890625 0.8419270833333333 0.010416666666666666 0.008854166666666666 
4 0.7778645833333333 0.8390625 0.009895833333333333 0.008333333333333333 
4 0.7893229166666667 0.8177083333333334 0.011979166666666667 0.009375 
4 0.7916666666666666 0.8130208333333333 0.010416666666666666 0.009375 
4 0.8018229166666667 0.8203125 0.009895833333333333 0.009375 
4 0.7815104166666667 0.83125 0.0109375 0.009375 
4 0.7734375 0.7963541666666667 0.010416666666666666 0.009375 
4 0.7708333333333334 0.80078125 0.010416666666666666 0.008854166666666666 
4 0.76796875 0.8059895833333334 0.009895833333333333 0.0078125 
4 0.7658854166666667 0.8104166666666667 0.0109375 0.008333333333333333 
4 0.76328125 0.8153645833333333 0.009895833333333333 0.0078125 
4 0.7197916666666667 0.88828125 0.009375 0.008854166666666666 
4 0.8145833333333333 0.846875 0.011458333333333333 0.008333333333333333 
4 0.8395833333333333 0.8330729166666667 0.013541666666666667 0.0109375 
4 0.8255208333333334 0.8244791666666667 0.010416666666666666 0.010416666666666666 
4 0.8140625 0.8744791666666667 0.013541666666666667 0.011458333333333333 
4 0.64609375 0.9453125 0.0109375 0.009375 
4 0.6143229166666667 0.99921875 0.0109375 0.008854166666666666 
4 0.61171875 0.9809895833333333 0.0109375 0.008854166666666666 
4 0.5908854166666667 0.9666666666666667 0.0109375 0.008333333333333333 
4 0.6013020833333333 0.95078125 0.009895833333333333 0.008854166666666666 
4 0.8044270833333333 0.9541666666666667 0.008854166666666666 0.010416666666666666 
4 0.8083333333333333 0.95703125 0.008333333333333333 0.009895833333333333 
4 0.7856770833333333 0.9934895833333334 0.011979166666666667 0.0109375 
4 0.7815104166666667 0.9979166666666667 0.0109375 0.010416666666666666 
4 0.8463541666666666 0.8895833333333333 0.011458333333333333 0.009375 
4 0.7104166666666667 0.90625 0.010416666666666666 0.009375 
4 0.7752604166666667 0.86328125 0.011979166666666667 0.008854166666666666 
4 0.8408854166666667 0.9434895833333333 0.009895833333333333 0.0078125 
4 0.6598958333333333 0.85234375 0.0125 0.009895833333333333 
4 0.7057291666666666 0.8421875 0.010416666666666666 0.009375 
4 0.70859375 0.8385416666666666 0.008854166666666666 0.008333333333333333 
4 0.7015625 0.8302083333333333 0.011458333333333333 0.008333333333333333 
4 0.684375 0.8591145833333333 0.011458333333333333 0.009895833333333333 
4 0.6796875 0.8674479166666667 0.010416666666666666 0.008854166666666666 
4 0.67734375 0.8716145833333333 0.008854166666666666 0.0078125 
4 0.6666666666666666 0.8872395833333333 0.010416666666666666 0.008854166666666666 
4 0.6588541666666666 0.9020833333333333 0.011458333333333333 0.009375 
4 0.6440104166666667 0.9270833333333334 0.011979166666666667 0.011458333333333333 
4 0.6231770833333333 0.9138020833333333 0.009895833333333333 0.008854166666666666 
4 0.62578125 0.91015625 0.009895833333333333 0.009895833333333333 
4 0.6283854166666667 0.9052083333333333 0.009895833333333333 0.008333333333333333 
4 0.65703125 0.85703125 0.011979166666666667 0.009895833333333333 
4 0.6739583333333333 0.8255208333333334 0.011458333333333333 0.009375 
4 0.77421875 0.86875 0.0109375 0.009375 
4 0.6856770833333333 0.8049479166666667 0.009895833333333333 0.009895833333333333 
4 0.6893229166666667 0.8005208333333333 0.0109375 0.008333333333333333 
4 0.69375 0.7942708333333334 0.010416666666666666 0.009375 
4 0.696875 0.7880208333333333 0.011458333333333333 0.010416666666666666 
4 0.7044270833333334 0.7763020833333333 0.009895833333333333 0.009895833333333333 
4 0.7078125 0.771875 0.010416666666666666 0.009375 
4 0.8177083333333334 0.9359375 0.010416666666666666 0.009375 
4 0.8166666666666667 0.9161458333333333 0.009375 0.008333333333333333 
4 0.8192708333333333 0.9125 0.010416666666666666 0.009375 
4 0.8283854166666667 0.9190104166666667 0.011979166666666667 0.0109375 
4 0.8807291666666667 0.8760416666666667 0.011458333333333333 0.009375 
4 0.86875 0.896875 0.010416666666666666 0.008333333333333333 
4 0.7768229166666667 0.9830729166666666 0.009895833333333333 0.008854166666666666 
4 0.70859375 0.8166666666666667 0.0109375 0.008333333333333333 
4 0.7135416666666666 0.8080729166666667 0.010416666666666666 0.009895833333333333 
4 0.7192708333333333 0.8010416666666667 0.009375 0.008333333333333333 
4 0.7208333333333333 0.7966145833333333 0.011458333333333333 0.008854166666666666 
4 0.7705729166666667 0.87265625 0.0109375 0.008854166666666666 
4 0.7677083333333333 0.8770833333333333 0.009375 0.008333333333333333 
4 0.7403645833333333 0.9268229166666667 0.011979166666666667 0.009895833333333333 
4 0.73671875 0.9299479166666667 0.009895833333333333 0.0078125 
4 0.73125 0.9416666666666667 0.010416666666666666 0.009375 
4 0.7236979166666667 0.95625 0.009895833333333333 0.009375 
4 0.7205729166666667 0.9596354166666666 0.008854166666666666 0.008854166666666666 
4 0.7265625 0.9260416666666667 0.010416666666666666 0.010416666666666666 
4 0.7236979166666667 0.93125 0.0109375 0.010416666666666666 
4 0.7114583333333333 0.9505208333333334 0.010416666666666666 0.010416666666666666 
4 0.6950520833333333 0.9338541666666667 0.009895833333333333 0.010416666666666666 
4 0.6861979166666666 0.94765625 0.009895833333333333 0.009895833333333333 
4 0.7013020833333333 0.9 0.009895833333333333 0.009375 
4 0.7033854166666667 0.8950520833333333 0.0109375 0.009895833333333333 
4 0.7119791666666667 0.8786458333333333 0.010416666666666666 0.009375 
4 0.7325520833333333 0.8453125 0.011979166666666667 0.009375 
4 0.746875 0.8203125 0.011458333333333333 0.011458333333333333 
4 0.7526041666666666 0.8106770833333333 0.009375 0.0078125 
4 0.75546875 0.8072916666666666 0.009895833333333333 0.008333333333333333 
4 0.7578125 0.8033854166666666 0.010416666666666666 0.008854166666666666 
4 0.7619791666666667 0.7950520833333333 0.009375 0.0078125 
4 0.728125 0.8059895833333334 0.010416666666666666 0.008854166666666666 
4 0.7424479166666667 0.7799479166666666 0.013020833333333334 0.011979166666666667 
4 0.7419270833333333 0.78515625 0.0109375 0.008854166666666666 
4 0.7333333333333333 0.7736979166666667 0.011458333333333333 0.009895833333333333 
4 0.7315104166666667 0.77890625 0.0109375 0.008854166666666666 
4 0.7291666666666666 0.78359375 0.010416666666666666 0.008854166666666666 
