5 0.6216145833333333 0.9151041666666667 0.013020833333333334 0.015625 
5 0.6580729166666667 0.33359375 0.024479166666666666 0.019270833333333334 
0 0.33489583333333334 0.64375 0.09791666666666667 0.09479166666666666 
0 0.46510416666666665 0.5598958333333334 0.103125 0.10833333333333334 
0 0.5963541666666666 0.48776041666666664 0.09895833333333333 0.09947916666666666 
0 0.7200520833333334 0.41380208333333335 0.09739583333333333 0.09947916666666666 
0 0.9364583333333333 0.30104166666666665 0.09583333333333334 0.09895833333333333 
0 0.8515625 0.378125 0.10208333333333333 0.10104166666666667 
0 0.22578125 0.73359375 0.0921875 0.09427083333333333 
0 0.14322916666666666 0.7830729166666667 0.09166666666666666 0.0953125 
5 0.0734375 0.57578125 0.019791666666666666 0.025520833333333333 
4 0.054427083333333334 0.5002604166666667 0.0109375 0.0109375 
5 0.0609375 0.47421875 0.011458333333333333 0.0140625 
4 0.026302083333333334 0.4544270833333333 0.009895833333333333 0.009895833333333333 
4 0.027864583333333335 0.46197916666666666 0.011979166666666667 0.010416666666666666 
0 0.0734375 0.8286458333333333 0.1 0.10104166666666667 
