0 0.53203125 0.49973958333333335 0.1890625 0.18072916666666666 
4 0.4822916666666667 0.16145833333333334 0.010416666666666666 0.017708333333333333 
4 0.47317708333333336 0.15859375 0.011979166666666667 0.016145833333333335 
4 0.42994791666666665 0.29921875 0.0109375 0.0171875 
4 0.12473958333333333 0.78984375 0.019270833333333334 0.015104166666666667 
4 0.07786458333333333 0.8703125 0.022395833333333334 0.017708333333333333 
5 0.03515625 0.07395833333333333 0.0203125 0.04583333333333333 
0 0.3645833333333333 0.9830729166666666 0.2989583333333333 0.3046875 
0 1.0049479166666666 0.9447916666666667 0.2640625 0.275 
0 0.62890625 0.38359375 0.17552083333333332 0.1734375 
4 0.5690104166666666 0.03515625 0.0171875 0.0140625 
4 0.5869791666666667 0.05078125 0.017708333333333333 0.0140625 
4 0.5604166666666667 0.0421875 0.01875 0.016666666666666666 
4 0.5786458333333333 0.05520833333333333 0.019791666666666666 0.016666666666666666 
0 0.76171875 -0.017708333333333333 0.25677083333333334 0.253125 
