5 -0.034375 0.4578125 0.08020833333333334 0.053125 
5 0.026822916666666665 0.4083333333333333 0.0578125 0.041666666666666664 
4 0.39505208333333336 0.10598958333333333 0.016145833333333335 0.0109375 
4 0.5997395833333333 0.4440104166666667 0.016145833333333335 0.019270833333333334 
4 0.52578125 0.53203125 0.0171875 0.015104166666666667 
4 0.5005208333333333 0.4908854166666667 0.019791666666666666 0.0171875 
4 0.46380208333333334 0.42942708333333335 0.0203125 0.018229166666666668 
4 0.49140625 0.41041666666666665 0.015104166666666667 0.017708333333333333 
4 0.4544270833333333 0.41380208333333335 0.0203125 0.016145833333333335 
5 0.45729166666666665 1.0184895833333334 0.06145833333333333 0.043229166666666666 
4 0.33541666666666664 0.18567708333333333 0.017708333333333333 0.021354166666666667 
4 0.30390625 0.2078125 0.016145833333333335 0.019791666666666666 
4 0.3229166666666667 0.14427083333333332 0.022916666666666665 0.01875 
5 0.3421875 0.23098958333333333 0.026041666666666668 0.0359375 
5 0.17005208333333333 0.3299479166666667 0.08697916666666666 0.059895833333333336 
4 0.3971354166666667 0.11588541666666667 0.016145833333333335 0.011979166666666667 
4 0.4005208333333333 0.12473958333333333 0.015625 0.0140625 
4 0.42682291666666666 0.1578125 0.021354166666666667 0.015625 
4 0.4578125 0.17916666666666667 0.016666666666666666 0.0125 
4 0.4828125 0.17682291666666666 0.020833333333333332 0.015104166666666667 
4 0.4661458333333333 0.19713541666666667 0.017708333333333333 0.0140625 
4 0.4640625 0.18776041666666668 0.017708333333333333 0.0140625 
4 0.49244791666666665 0.15963541666666667 0.018229166666666668 0.0140625 
4 0.47421875 0.16927083333333334 0.0171875 0.013541666666666667 
4 0.4671875 0.16432291666666668 0.017708333333333333 0.0140625 
4 0.46510416666666665 0.15572916666666667 0.017708333333333333 0.014583333333333334 
4 0.45 0.17317708333333334 0.016666666666666666 0.0140625 
4 0.4276041666666667 0.16692708333333334 0.017708333333333333 0.013020833333333334 
4 0.4484375 0.16484375 0.016666666666666666 0.0140625 
4 0.44375 0.15729166666666666 0.015625 0.013541666666666667 
4 0.44921875 0.20546875 0.015104166666666667 0.011979166666666667 
4 0.44635416666666666 0.19739583333333333 0.017708333333333333 0.013541666666666667 
4 0.44192708333333336 0.190625 0.015104166666666667 0.013541666666666667 
4 0.4359375 0.18255208333333334 0.015625 0.013020833333333334 
4 0.4317708333333333 0.175 0.016666666666666666 0.0125 
4 0.1703125 0.278125 0.0125 0.014583333333333334 
5 0.278125 0.3502604166666667 0.042708333333333334 0.058854166666666666 
5 0.09869791666666666 0.46119791666666665 0.0390625 0.050520833333333334 
5 0.025 0.48359375 0.027083333333333334 0.03802083333333333 
5 0.012760416666666666 0.49609375 0.028645833333333332 0.043229166666666666 
4 0.4822916666666667 0.18854166666666666 0.017708333333333333 0.013541666666666667 
4 0.5 0.16692708333333334 0.015625 0.013020833333333334 
4 0.5135416666666667 0.16953125 0.015625 0.013020833333333334 
4 0.6533854166666667 0.5408854166666667 0.0109375 0.008854166666666666 
4 0.6411458333333333 0.5122395833333333 0.020833333333333332 0.008854166666666666 
4 0.7768229166666667 0.7294270833333333 0.0140625 0.013020833333333334 
4 0.7739583333333333 0.7192708333333333 0.01875 0.015625 
4 0.7651041666666667 0.7026041666666667 0.01875 0.014583333333333334 
4 0.75859375 0.6947916666666667 0.018229166666666668 0.014583333333333334 
4 0.7609375 0.7859375 0.019791666666666666 0.015625 
4 0.7565104166666666 0.77578125 0.0203125 0.016145833333333335 
4 0.7526041666666666 0.7677083333333333 0.017708333333333333 0.014583333333333334 
4 0.7408854166666666 0.7513020833333334 0.019270833333333334 0.0140625 
5 0.45078125 1.0057291666666666 0.0453125 0.03333333333333333 
4 0.7440104166666667 0.7609375 0.018229166666666668 0.014583333333333334 
4 0.7346354166666667 0.74296875 0.0171875 0.013020833333333334 
4 0.45598958333333334 0.21223958333333334 0.018229166666666668 0.013020833333333334 
4 0.5028645833333333 0.1859375 0.0171875 0.014583333333333334 
4 0.46927083333333336 0.2328125 0.017708333333333333 0.013541666666666667 
4 0.4856770833333333 0.22395833333333334 0.016145833333333335 0.0125 
4 0.5018229166666667 0.21432291666666667 0.018229166666666668 0.0140625 
4 0.49583333333333335 0.20859375 0.017708333333333333 0.015104166666666667 
4 0.5263020833333333 0.18177083333333333 0.016145833333333335 0.014583333333333334 
4 0.5184895833333333 0.17682291666666666 0.016145833333333335 0.013020833333333334 
4 0.509375 0.19192708333333333 0.016666666666666666 0.013020833333333334 
4 0.4973958333333333 0.178125 0.015625 0.014583333333333334 
4 0.4901041666666667 0.2296875 0.01875 0.015625 
4 0.49375 0.20130208333333333 0.015625 0.0140625 
4 0.48802083333333335 0.19557291666666668 0.015625 0.011979166666666667 
4 0.47994791666666664 0.2171875 0.0171875 0.013541666666666667 
4 0.47682291666666665 0.21015625 0.0171875 0.0140625 
4 0.47161458333333334 0.20338541666666668 0.018229166666666668 0.015104166666666667 
4 0.46458333333333335 0.22552083333333334 0.01875 0.014583333333333334 
4 0.4609375 0.21927083333333333 0.017708333333333333 0.013541666666666667 
4 0.4739583333333333 0.23958333333333334 0.01875 0.016666666666666666 
4 0.47708333333333336 0.24921875 0.016666666666666666 0.016145833333333335 
4 0.71953125 0.7190104166666667 0.019270833333333334 0.016145833333333335 
4 0.5221354166666666 0.2421875 0.0171875 0.013541666666666667 
4 0.5221354166666666 0.28489583333333335 0.019270833333333334 0.016666666666666666 
4 0.509375 0.3046875 0.015625 0.013541666666666667 
4 0.5166666666666667 0.31171875 0.015625 0.015104166666666667 
4 0.50546875 0.29739583333333336 0.0171875 0.013541666666666667 
4 0.4986979166666667 0.28020833333333334 0.016145833333333335 0.014583333333333334 
4 0.50234375 0.28854166666666664 0.015104166666666667 0.013541666666666667 
4 0.50234375 0.25364583333333335 0.016145833333333335 0.013541666666666667 
4 0.49244791666666665 0.2721354166666667 0.016145833333333335 0.015104166666666667 
4 0.4934895833333333 0.24010416666666667 0.0171875 0.013541666666666667 
4 0.4864583333333333 0.2643229166666667 0.017708333333333333 0.016145833333333335 
4 0.5151041666666667 0.2359375 0.019791666666666666 0.015625 
4 0.5231770833333333 0.21067708333333332 0.019270833333333334 0.015104166666666667 
4 0.4817708333333333 0.25677083333333334 0.015625 0.013541666666666667 
4 0.4984375 0.24661458333333333 0.017708333333333333 0.015104166666666667 
4 0.50625 0.22135416666666666 0.015625 0.013541666666666667 
4 0.5109375 0.22838541666666667 0.019791666666666666 0.016145833333333335 
