5 -0.014322916666666666 0.4083333333333333 0.0578125 0.041666666666666664 
4 0.35390625 0.10598958333333333 0.016145833333333335 0.0109375 
4 0.55859375 0.4440104166666667 0.016145833333333335 0.019270833333333334 
4 0.48463541666666665 0.53203125 0.0171875 0.015104166666666667 
4 0.459375 0.4908854166666667 0.019791666666666666 0.0171875 
4 0.42265625 0.42942708333333335 0.0203125 0.018229166666666668 
4 0.45026041666666666 0.41041666666666665 0.015104166666666667 0.017708333333333333 
4 0.41328125 0.41380208333333335 0.0203125 0.016145833333333335 
5 0.4161458333333333 1.0184895833333334 0.06145833333333333 0.043229166666666666 
4 0.2942708333333333 0.18567708333333333 0.017708333333333333 0.021354166666666667 
4 0.26276041666666666 0.2078125 0.016145833333333335 0.019791666666666666 
4 0.28177083333333336 0.14427083333333332 0.022916666666666665 0.01875 
5 0.30104166666666665 0.23098958333333333 0.026041666666666668 0.0359375 
5 0.12890625 0.3299479166666667 0.08697916666666666 0.059895833333333336 
4 0.35598958333333336 0.11588541666666667 0.016145833333333335 0.011979166666666667 
4 0.359375 0.12473958333333333 0.015625 0.0140625 
4 0.38567708333333334 0.1578125 0.021354166666666667 0.015625 
4 0.4166666666666667 0.17916666666666667 0.016666666666666666 0.0125 
4 0.44166666666666665 0.17682291666666666 0.020833333333333332 0.015104166666666667 
4 0.425 0.19713541666666667 0.017708333333333333 0.0140625 
4 0.42291666666666666 0.18776041666666668 0.017708333333333333 0.0140625 
4 0.4513020833333333 0.15963541666666667 0.018229166666666668 0.0140625 
4 0.43307291666666664 0.16927083333333334 0.0171875 0.013541666666666667 
4 0.42604166666666665 0.16432291666666668 0.017708333333333333 0.0140625 
4 0.4239583333333333 0.15572916666666667 0.017708333333333333 0.014583333333333334 
4 0.4088541666666667 0.17317708333333334 0.016666666666666666 0.0140625 
4 0.38645833333333335 0.16692708333333334 0.017708333333333333 0.013020833333333334 
4 0.40729166666666666 0.16484375 0.016666666666666666 0.0140625 
4 0.40260416666666665 0.15729166666666666 0.015625 0.013541666666666667 
4 0.4080729166666667 0.20546875 0.015104166666666667 0.011979166666666667 
4 0.40520833333333334 0.19739583333333333 0.017708333333333333 0.013541666666666667 
4 0.40078125 0.190625 0.015104166666666667 0.013541666666666667 
4 0.39479166666666665 0.18255208333333334 0.015625 0.013020833333333334 
4 0.390625 0.175 0.016666666666666666 0.0125 
4 0.12916666666666668 0.278125 0.0125 0.014583333333333334 
5 0.23697916666666666 0.3502604166666667 0.042708333333333334 0.058854166666666666 
5 0.05755208333333333 0.46119791666666665 0.0390625 0.050520833333333334 
4 0.44114583333333335 0.18854166666666666 0.017708333333333333 0.013541666666666667 
4 0.4588541666666667 0.16692708333333334 0.015625 0.013020833333333334 
4 0.47239583333333335 0.16953125 0.015625 0.013020833333333334 
4 0.6122395833333333 0.5408854166666667 0.0109375 0.008854166666666666 
4 0.6 0.5122395833333333 0.020833333333333332 0.008854166666666666 
4 0.7356770833333334 0.7294270833333333 0.0140625 0.013020833333333334 
4 0.7328125 0.7192708333333333 0.01875 0.015625 
4 0.7239583333333334 0.7026041666666667 0.01875 0.014583333333333334 
4 0.7174479166666666 0.6947916666666667 0.018229166666666668 0.014583333333333334 
4 0.7197916666666667 0.7859375 0.019791666666666666 0.015625 
4 0.7153645833333333 0.77578125 0.0203125 0.016145833333333335 
4 0.7114583333333333 0.7677083333333333 0.017708333333333333 0.014583333333333334 
4 0.6997395833333333 0.7513020833333334 0.019270833333333334 0.0140625 
5 0.40963541666666664 1.0057291666666666 0.0453125 0.03333333333333333 
4 0.7028645833333333 0.7609375 0.018229166666666668 0.014583333333333334 
4 0.6934895833333333 0.74296875 0.0171875 0.013020833333333334 
4 0.41484375 0.21223958333333334 0.018229166666666668 0.013020833333333334 
4 0.46171875 0.1859375 0.0171875 0.014583333333333334 
4 0.428125 0.2328125 0.017708333333333333 0.013541666666666667 
4 0.44453125 0.22395833333333334 0.016145833333333335 0.0125 
4 0.46067708333333335 0.21432291666666667 0.018229166666666668 0.0140625 
4 0.4546875 0.20859375 0.017708333333333333 0.015104166666666667 
4 0.48515625 0.18177083333333333 0.016145833333333335 0.014583333333333334 
4 0.47734375 0.17682291666666666 0.016145833333333335 0.013020833333333334 
4 0.46822916666666664 0.19192708333333333 0.016666666666666666 0.013020833333333334 
4 0.45625 0.178125 0.015625 0.014583333333333334 
4 0.44895833333333335 0.2296875 0.01875 0.015625 
4 0.45260416666666664 0.20130208333333333 0.015625 0.0140625 
4 0.446875 0.19557291666666668 0.015625 0.011979166666666667 
4 0.4388020833333333 0.2171875 0.0171875 0.013541666666666667 
4 0.4356770833333333 0.21015625 0.0171875 0.0140625 
4 0.43046875 0.20338541666666668 0.018229166666666668 0.015104166666666667 
4 0.4234375 0.22552083333333334 0.01875 0.014583333333333334 
4 0.4197916666666667 0.21927083333333333 0.017708333333333333 0.013541666666666667 
4 0.4328125 0.23958333333333334 0.01875 0.016666666666666666 
4 0.4359375 0.24921875 0.016666666666666666 0.016145833333333335 
4 0.6783854166666666 0.7190104166666667 0.019270833333333334 0.016145833333333335 
4 0.48098958333333336 0.2421875 0.0171875 0.013541666666666667 
4 0.48098958333333336 0.28489583333333335 0.019270833333333334 0.016666666666666666 
4 0.46822916666666664 0.3046875 0.015625 0.013541666666666667 
4 0.47552083333333334 0.31171875 0.015625 0.015104166666666667 
4 0.46432291666666664 0.29739583333333336 0.0171875 0.013541666666666667 
4 0.45755208333333336 0.28020833333333334 0.016145833333333335 0.014583333333333334 
4 0.46119791666666665 0.28854166666666664 0.015104166666666667 0.013541666666666667 
4 0.46119791666666665 0.25364583333333335 0.016145833333333335 0.013541666666666667 
4 0.4513020833333333 0.2721354166666667 0.016145833333333335 0.015104166666666667 
4 0.45234375 0.24010416666666667 0.0171875 0.013541666666666667 
4 0.4453125 0.2643229166666667 0.017708333333333333 0.016145833333333335 
4 0.4739583333333333 0.2359375 0.019791666666666666 0.015625 
4 0.48203125 0.21067708333333332 0.019270833333333334 0.015104166666666667 
4 0.440625 0.25677083333333334 0.015625 0.013541666666666667 
4 0.45729166666666665 0.24661458333333333 0.017708333333333333 0.015104166666666667 
4 0.46510416666666665 0.22135416666666666 0.015625 0.013541666666666667 
4 0.46979166666666666 0.22838541666666667 0.019791666666666666 0.016145833333333335 
