5 0.6216145833333333 0.7947916666666667 0.013020833333333334 0.015625 
5 0.6580729166666667 0.21328125 0.024479166666666666 0.019270833333333334 
0 0.33489583333333334 0.5234375 0.09791666666666667 0.09479166666666666 
0 0.46510416666666665 0.4395833333333333 0.103125 0.10833333333333334 
0 0.5963541666666666 0.36744791666666665 0.09895833333333333 0.09947916666666666 
0 0.7200520833333334 0.29348958333333336 0.09739583333333333 0.09947916666666666 
0 0.9364583333333333 0.18072916666666666 0.09583333333333334 0.09895833333333333 
0 0.8515625 0.2578125 0.10208333333333333 0.10104166666666667 
0 0.22578125 0.61328125 0.0921875 0.09427083333333333 
0 0.14322916666666666 0.6627604166666666 0.09166666666666666 0.0953125 
5 0.0734375 0.45546875 0.019791666666666666 0.025520833333333333 
4 0.054427083333333334 0.37994791666666666 0.0109375 0.0109375 
5 0.0609375 0.35390625 0.011458333333333333 0.0140625 
4 0.026302083333333334 0.3341145833333333 0.009895833333333333 0.009895833333333333 
4 0.027864583333333335 0.3416666666666667 0.011979166666666667 0.010416666666666666 
0 0.0734375 0.7083333333333334 0.1 0.10104166666666667 
