4 0.5638020833333334 0.32369791666666664 0.0109375 0.008854166666666666 
4 0.7359375 0.28880208333333335 0.010416666666666666 0.008854166666666666 
4 0.8619791666666666 0.00625 0.010416666666666666 0.009375 
4 0.8713541666666667 0.011458333333333333 0.010416666666666666 0.009375 
4 0.89296875 0.02109375 0.009895833333333333 0.008854166666666666 
4 0.9010416666666666 0.007291666666666667 0.010416666666666666 0.008333333333333333 
4 0.009375 0.28671875 0.0125 0.009895833333333333 
4 0.13020833333333334 0.10807291666666667 0.010416666666666666 0.0078125 
4 0.12760416666666666 0.11302083333333333 0.0125 0.009375 
4 0.12421875 0.11796875 0.008854166666666666 0.0078125 
4 0.05651041666666667 0.23723958333333334 0.0109375 0.013020833333333334 
4 0.018489583333333334 0.28411458333333334 0.011979166666666667 0.009895833333333333 
0 0.05286458333333333 0.5122395833333333 0.0921875 0.0796875 
0 0.11692708333333333 -0.00390625 0.19010416666666666 0.17760416666666667 
0 0.05260416666666667 0.11744791666666667 0.15 0.14010416666666667 
0 0.16744791666666667 0.6802083333333333 0.08072916666666667 0.08854166666666667 
0 0.13411458333333334 0.3731770833333333 0.10989583333333333 0.09739583333333333 
4 0.030989583333333334 0.28203125 0.0109375 0.008854166666666666 
0 0.17213541666666668 0.30703125 0.11197916666666667 0.10260416666666666 
4 -0.0018229166666666667 0.3375 0.011979166666666667 0.009375 
4 0.553125 0.25 0.010416666666666666 0.009375 
4 0.63125 0.25625 0.010416666666666666 0.010416666666666666 
4 0.634375 0.27239583333333334 0.010416666666666666 0.008333333333333333 
4 0.6375 0.3140625 0.010416666666666666 0.009375 
4 0.634375 0.31953125 0.0125 0.0109375 
4 0.6484375 0.29791666666666666 0.009375 0.009375 
4 0.6450520833333333 0.30182291666666666 0.0109375 0.008854166666666666 
4 0.61875 0.2986979166666667 0.011458333333333333 0.009895833333333333 
4 0.6114583333333333 0.28984375 0.010416666666666666 0.008854166666666666 
4 0.5578125 0.26328125 0.010416666666666666 0.008854166666666666 
4 0.5875 0.259375 0.010416666666666666 0.009375 
4 0.5794270833333334 0.2716145833333333 0.0109375 0.0109375 
4 0.5940104166666667 0.271875 0.0109375 0.009375 
4 0.5778645833333333 0.23098958333333333 0.011979166666666667 0.0109375 
4 0.5510416666666667 0.25416666666666665 0.010416666666666666 0.009375 
4 0.6984375 0.23802083333333332 0.011458333333333333 0.010416666666666666 
4 0.5432291666666667 0.26666666666666666 0.0125 0.010416666666666666 
4 0.5671875 0.17708333333333334 0.009375 0.007291666666666667 
4 0.5700520833333333 0.17213541666666668 0.011979166666666667 0.009895833333333333 
4 0.5763020833333333 0.16015625 0.0078125 0.0067708333333333336 
4 0.5796875 0.15625 0.010416666666666666 0.008333333333333333 
4 0.6432291666666666 0.11588541666666667 0.008333333333333333 0.0067708333333333336 
4 0.6315104166666666 0.11484375 0.011979166666666667 0.0109375 
4 0.6291666666666667 0.11901041666666666 0.009375 0.0078125 
4 0.6216145833333333 0.13072916666666667 0.011979166666666667 0.009375 
4 0.5955729166666667 0.12604166666666666 0.009895833333333333 0.008333333333333333 
4 0.6088541666666667 0.10598958333333333 0.011458333333333333 0.009895833333333333 
4 0.7830729166666667 0.20859375 0.0109375 0.0109375 
4 0.7799479166666666 0.21302083333333333 0.011979166666666667 0.010416666666666666 
4 0.64921875 0.25234375 0.009895833333333333 0.0078125 
4 0.6393229166666666 0.2421875 0.0109375 0.009375 
4 0.6166666666666667 0.28098958333333335 0.011458333333333333 0.008854166666666666 
4 0.6109375 0.22083333333333333 0.010416666666666666 0.008333333333333333 
4 0.6856770833333333 0.23515625 0.0109375 0.008854166666666666 
4 0.6744791666666666 0.20494791666666667 0.009375 0.0067708333333333336 
4 0.68515625 0.18723958333333332 0.0109375 0.008854166666666666 
4 0.6877604166666667 0.18333333333333332 0.009895833333333333 0.008333333333333333 
4 0.690625 0.17916666666666667 0.010416666666666666 0.008333333333333333 
4 0.6921875 0.17421875 0.010416666666666666 0.0078125 
4 0.69453125 0.17005208333333333 0.0109375 0.008854166666666666 
4 0.6434895833333333 0.18645833333333334 0.008854166666666666 0.007291666666666667 
4 0.64609375 0.18203125 0.0109375 0.008854166666666666 
4 0.65 0.178125 0.010416666666666666 0.008333333333333333 
4 0.65390625 0.16901041666666666 0.009895833333333333 0.008854166666666666 
4 0.68359375 0.16640625 0.011979166666666667 0.008854166666666666 
4 0.6934895833333333 0.14869791666666668 0.011979166666666667 0.008854166666666666 
4 0.6763020833333333 0.12942708333333333 0.008854166666666666 0.0078125 
4 0.6716145833333333 0.13854166666666667 0.009895833333333333 0.008333333333333333 
4 0.66796875 0.14348958333333334 0.009895833333333333 0.008854166666666666 
4 0.66640625 0.14739583333333334 0.008854166666666666 0.008333333333333333 
4 0.6567708333333333 0.1421875 0.011458333333333333 0.010416666666666666 
4 0.6526041666666667 0.15052083333333333 0.010416666666666666 0.010416666666666666 
4 0.63828125 0.19375 0.009895833333333333 0.009375 
4 0.6169270833333333 0.16276041666666666 0.011979166666666667 0.009895833333333333 
4 0.6057291666666667 0.17760416666666667 0.0125 0.010416666666666666 
4 0.5997395833333333 0.23723958333333334 0.0109375 0.009895833333333333 
4 0.6875 0.22942708333333334 0.010416666666666666 0.008854166666666666 
4 0.6559895833333333 0.23567708333333334 0.009895833333333333 0.008854166666666666 
4 0.6544270833333333 0.21666666666666667 0.009895833333333333 0.008333333333333333 
4 0.6330729166666667 0.203125 0.009895833333333333 0.009375 
4 0.75078125 0.2625 0.011979166666666667 0.009375 
4 0.7325520833333333 0.22552083333333334 0.009895833333333333 0.009375 
4 0.70546875 0.20104166666666667 0.0109375 0.008333333333333333 
4 0.70234375 0.15703125 0.0109375 0.0078125 
4 0.65078125 0.29270833333333335 0.009895833333333333 0.007291666666666667 
4 0.6260416666666667 0.28984375 0.0125 0.009895833333333333 
4 0.6403645833333333 0.2638020833333333 0.013020833333333334 0.0109375 
4 0.6510416666666666 0.24739583333333334 0.011458333333333333 0.008333333333333333 
4 0.6630208333333333 0.19869791666666667 0.010416666666666666 0.009895833333333333 
4 0.66875 0.19036458333333334 0.0125 0.0109375 
4 0.6692708333333334 0.21354166666666666 0.009375 0.008333333333333333 
4 0.6729166666666667 0.20859375 0.0125 0.011979166666666667 
4 0.6770833333333334 0.20026041666666666 0.010416666666666666 0.009895833333333333 
4 0.6809895833333334 0.19479166666666667 0.008854166666666666 0.008333333333333333 
4 0.6833333333333333 0.19088541666666667 0.009375 0.0078125 
4 0.6986979166666667 0.16666666666666666 0.0109375 0.009375 
4 0.70078125 0.16119791666666666 0.0109375 0.008854166666666666 
4 0.7080729166666667 0.14817708333333332 0.0109375 0.009895833333333333 
4 0.7309895833333333 0.23046875 0.009895833333333333 0.0078125 
4 0.7059895833333333 0.15234375 0.013020833333333334 0.0109375 
4 0.6859375 0.16171875 0.0125 0.0109375 
4 0.6510416666666666 0.17239583333333333 0.010416666666666666 0.008333333333333333 
4 0.66171875 0.15546875 0.009895833333333333 0.0078125 
4 0.6640625 0.12786458333333334 0.0125 0.009895833333333333 
4 0.6135416666666667 0.096875 0.010416666666666666 0.009375 
4 0.6377604166666667 0.17552083333333332 0.0109375 0.009375 
4 0.62421875 0.19505208333333332 0.009895833333333333 0.008854166666666666 
4 0.6471354166666666 0.22890625 0.009895833333333333 0.008854166666666666 
4 0.6359375 0.24635416666666668 0.0125 0.010416666666666666 
4 0.6158854166666666 0.23541666666666666 0.011979166666666667 0.010416666666666666 
4 0.6119791666666666 0.2390625 0.009375 0.007291666666666667 
4 0.6049479166666667 0.22864583333333333 0.0109375 0.009375 
4 0.6528645833333333 0.2890625 0.0109375 0.009375 
4 0.6549479166666666 0.2825520833333333 0.0109375 0.009895833333333333 
4 0.6578125 0.2791666666666667 0.010416666666666666 0.008333333333333333 
4 0.6604166666666667 0.27578125 0.011458333333333333 0.0109375 
4 0.7229166666666667 0.24244791666666668 0.0125 0.0109375 
4 0.734375 0.24739583333333334 0.010416666666666666 0.010416666666666666 
4 0.7260416666666667 0.26067708333333334 0.010416666666666666 0.008854166666666666 
4 0.72109375 0.26848958333333334 0.009895833333333333 0.008854166666666666 
4 0.7166666666666667 0.27734375 0.010416666666666666 0.009895833333333333 
4 0.7059895833333333 0.27317708333333335 0.009895833333333333 0.008854166666666666 
4 0.7010416666666667 0.28098958333333335 0.009375 0.008854166666666666 
4 0.69921875 0.28567708333333336 0.0109375 0.009895833333333333 
4 0.6911458333333333 0.29322916666666665 0.013541666666666667 0.011458333333333333 
4 0.72890625 0.30052083333333335 0.009895833333333333 0.008333333333333333 
4 0.7333333333333333 0.29270833333333335 0.010416666666666666 0.009375 
4 0.71484375 0.3106770833333333 0.008854166666666666 0.011979166666666667 
4 0.7015625 0.30416666666666664 0.009375 0.0125 
4 0.7268229166666667 0.16171875 0.008854166666666666 0.008854166666666666 
4 0.7255208333333333 0.16666666666666666 0.010416666666666666 0.009375 
4 0.7143229166666667 0.18307291666666667 0.009895833333333333 0.008854166666666666 
4 0.7119791666666667 0.18697916666666667 0.011458333333333333 0.009375 
4 0.7091145833333333 0.19140625 0.008854166666666666 0.0078125 
4 0.7018229166666666 0.20390625 0.011979166666666667 0.0109375 
4 0.6994791666666667 0.20911458333333333 0.010416666666666666 0.008854166666666666 
4 0.6947916666666667 0.2171875 0.009375 0.009375 
4 0.6934895833333333 0.22109375 0.009895833333333333 0.0078125 
4 0.690625 0.225 0.009375 0.008333333333333333 
4 0.6645833333333333 0.24609375 0.008333333333333333 0.0109375 
4 0.6705729166666666 0.259375 0.0109375 0.010416666666666666 
4 0.6677083333333333 0.2638020833333333 0.011458333333333333 0.0109375 
4 0.6638020833333333 0.2708333333333333 0.011979166666666667 0.010416666666666666 
4 0.6973958333333333 0.21276041666666667 0.009375 0.0078125 
4 0.7223958333333333 0.19583333333333333 0.011458333333333333 0.009375 
4 0.640625 0.30833333333333335 0.011458333333333333 0.010416666666666666 
4 0.5588541666666667 0.09947916666666666 0.008333333333333333 0.010416666666666666 
4 0.59609375 0.05390625 0.0078125 0.009895833333333333 
4 0.6216145833333333 0.028125 0.0078125 0.010416666666666666 
4 0.5872395833333334 0.06614583333333333 0.009895833333333333 0.0125 
4 0.5734375 0.07239583333333334 0.009375 0.0125 
4 0.54609375 0.12578125 0.0078125 0.0109375 
4 0.6044270833333333 0.3729166666666667 0.009895833333333333 0.008333333333333333 
4 0.5408854166666667 0.13802083333333334 0.0078125 0.011458333333333333 
4 0.5091145833333334 0.22708333333333333 0.009895833333333333 0.0125 
4 0.36328125 0.47682291666666665 0.008854166666666666 0.0109375 
4 0.5802083333333333 0.36666666666666664 0.0125 0.011458333333333333 
4 0.5776041666666667 0.37135416666666665 0.0125 0.009375 
4 0.5755208333333334 0.37604166666666666 0.013541666666666667 0.010416666666666666 
4 0.5455729166666666 0.45416666666666666 0.0067708333333333336 0.010416666666666666 
4 0.5536458333333333 0.4552083333333333 0.00625 0.0125 
4 0.5625 0.44479166666666664 0.011458333333333333 0.009375 
4 0.56953125 0.4322916666666667 0.011979166666666667 0.010416666666666666 
4 0.5716145833333334 0.42864583333333334 0.009895833333333333 0.007291666666666667 
4 0.5734375 0.4239583333333333 0.010416666666666666 0.009375 
4 0.5890625 0.3984375 0.009375 0.008333333333333333 
4 0.7145833333333333 0.28177083333333336 0.009375 0.007291666666666667 
4 0.78828125 0.13307291666666668 0.0109375 0.008854166666666666 
4 0.7869791666666667 0.2625 0.010416666666666666 0.011458333333333333 
5 0.010416666666666666 0.30546875 0.01875 0.011979166666666667 
5 0.018489583333333334 0.30026041666666664 0.011979166666666667 0.008854166666666666 
4 0.38723958333333336 0.98125 0.0067708333333333336 0.010416666666666666 
4 0.30494791666666665 0.9348958333333334 0.009895833333333333 0.00625 
4 0.2864583333333333 0.9479166666666666 0.010416666666666666 0.008333333333333333 
4 0.47708333333333336 0.8770833333333333 0.007291666666666667 0.009375 
4 0.4393229166666667 0.8809895833333333 0.0078125 0.009895833333333333 
4 0.3958333333333333 0.86328125 0.00625 0.009895833333333333 
5 0.33567708333333335 0.9518229166666666 0.0203125 0.0067708333333333336 
5 0.6111979166666667 0.6716145833333333 0.013020833333333334 0.016145833333333335 
5 0.6377604166666667 0.5947916666666667 0.009895833333333333 0.0125 
5 0.6921875 0.5125 0.010416666666666666 0.013541666666666667 
5 0.7158854166666667 0.4674479166666667 0.011979166666666667 0.015104166666666667 
5 0.7572916666666667 0.29583333333333334 0.010416666666666666 0.013541666666666667 
5 0.8802083333333334 0.11302083333333333 0.010416666666666666 0.013541666666666667 
5 0.9640625 0.05364583333333333 0.010416666666666666 0.014583333333333334 
4 0.9807291666666667 0.021354166666666667 0.007291666666666667 0.009375 
4 0.59296875 0.39401041666666664 0.009895833333333333 0.008854166666666666 
4 0.6072916666666667 0.36822916666666666 0.010416666666666666 0.009375 
4 0.7169270833333333 0.1796875 0.011979166666666667 0.010416666666666666 
4 0.5213541666666667 0.32421875 0.010416666666666666 0.0109375 
4 0.59609375 0.34088541666666666 0.0109375 0.009895833333333333 
4 0.6046875 0.3260416666666667 0.0125 0.010416666666666666 
4 0.5690104166666666 0.31328125 0.011979166666666667 0.008854166666666666 
4 0.5682291666666667 0.2916666666666667 0.013541666666666667 0.010416666666666666 
4 0.5518229166666667 0.32109375 0.0109375 0.009895833333333333 
4 0.4791666666666667 0.37604166666666666 0.009375 0.009375 
4 0.44557291666666665 0.38385416666666666 0.008854166666666666 0.008333333333333333 
4 0.44869791666666664 0.37916666666666665 0.0140625 0.010416666666666666 
4 0.4552083333333333 0.36692708333333335 0.011458333333333333 0.009895833333333333 
4 0.45989583333333334 0.35833333333333334 0.010416666666666666 0.009375 
4 0.4640625 0.3536458333333333 0.010416666666666666 0.010416666666666666 
4 0.4700520833333333 0.340625 0.008854166666666666 0.008333333333333333 
4 0.475 0.33255208333333336 0.010416666666666666 0.009895833333333333 
4 0.5046875 0.33177083333333335 0.0125 0.011458333333333333 
4 0.61328125 0.3567708333333333 0.009895833333333333 0.008333333333333333 
4 0.5151041666666667 0.315625 0.009375 0.008333333333333333 
4 0.5174479166666667 0.3104166666666667 0.009895833333333333 0.008333333333333333 
4 0.5395833333333333 0.2747395833333333 0.010416666666666666 0.0078125 
4 0.43046875 0.36302083333333335 0.009895833333333333 0.0125 
4 0.51875 0.26119791666666664 0.010416666666666666 0.008854166666666666 
4 0.753125 0.21458333333333332 0.011458333333333333 0.009375 
4 0.765625 0.23828125 0.011458333333333333 0.009895833333333333 
4 0.7583333333333333 0.25234375 0.011458333333333333 0.009895833333333333 
4 0.678125 0.27239583333333334 0.010416666666666666 0.009375 
4 0.69609375 0.24375 0.0109375 0.008333333333333333 
4 0.71640625 0.20911458333333333 0.013020833333333334 0.009895833333333333 
4 0.7229166666666667 0.17135416666666667 0.010416666666666666 0.009375 
4 0.71953125 0.17473958333333334 0.011979166666666667 0.009895833333333333 
4 0.5846354166666666 0.3575520833333333 0.0109375 0.009895833333333333 
4 0.6291666666666667 0.3307291666666667 0.011458333333333333 0.009375 
4 0.6260416666666667 0.33515625 0.011458333333333333 0.008854166666666666 
4 0.5833333333333334 0.40651041666666665 0.014583333333333334 0.0109375 
4 0.6158854166666666 0.35130208333333335 0.013020833333333334 0.0109375 
4 0.6184895833333334 0.34609375 0.0109375 0.008854166666666666 
4 0.63125 0.3260416666666667 0.010416666666666666 0.009375 
4 0.5919270833333333 0.34453125 0.0109375 0.008854166666666666 
4 0.5645833333333333 0.37057291666666664 0.009375 0.008854166666666666 
4 0.5765625 0.34921875 0.009375 0.0078125 
4 0.57890625 0.3453125 0.0109375 0.009375 
4 0.5846354166666666 0.33645833333333336 0.0109375 0.008333333333333333 
4 0.5916666666666667 0.3234375 0.010416666666666666 0.009375 
4 0.5671875 0.3182291666666667 0.0125 0.009375 
4 0.5942708333333333 0.31953125 0.010416666666666666 0.009895833333333333 
4 0.59921875 0.3098958333333333 0.0109375 0.008333333333333333 
4 0.5794270833333334 0.29635416666666664 0.011979166666666667 0.009375 
4 0.5731770833333333 0.30755208333333334 0.009895833333333333 0.008854166666666666 
4 0.559375 0.30833333333333335 0.010416666666666666 0.009375 
4 0.55390625 0.31692708333333336 0.0109375 0.009895833333333333 
4 0.5447916666666667 0.334375 0.009375 0.008333333333333333 
4 0.5510416666666667 0.34427083333333336 0.010416666666666666 0.009375 
4 0.5380208333333333 0.365625 0.010416666666666666 0.009375 
4 0.5013020833333334 0.37942708333333336 0.0078125 0.011979166666666667 
4 0.5286458333333334 0.3109375 0.009375 0.007291666666666667 
4 0.53203125 0.3067708333333333 0.013020833333333334 0.011458333333333333 
4 0.5286458333333334 0.2908854166666667 0.011458333333333333 0.009895833333333333 
4 0.54609375 0.284375 0.009895833333333333 0.008333333333333333 
4 0.51640625 0.26510416666666664 0.0109375 0.008333333333333333 
4 0.54140625 0.45078125 0.009895833333333333 0.0140625 
4 0.5786458333333333 0.4153645833333333 0.011458333333333333 0.009895833333333333 
4 0.5986979166666667 0.24166666666666667 0.0109375 0.008333333333333333 
4 0.61484375 0.30859375 0.011979166666666667 0.009895833333333333 
4 0.7372395833333333 0.07473958333333333 0.0109375 0.008854166666666666 
4 0.7565104166666666 0.11145833333333334 0.009895833333333333 0.009375 
4 0.746875 0.128125 0.010416666666666666 0.010416666666666666 
4 0.7416666666666667 0.13802083333333334 0.010416666666666666 0.009375 
4 0.7455729166666667 0.08333333333333333 0.009895833333333333 0.010416666666666666 
4 0.7432291666666667 0.08802083333333334 0.010416666666666666 0.009375 
4 0.7348958333333333 0.10052083333333334 0.011458333333333333 0.008333333333333333 
4 0.7286458333333333 0.11354166666666667 0.010416666666666666 0.009375 
4 0.7255208333333333 0.11848958333333333 0.009375 0.009895833333333333 
4 0.71796875 0.13020833333333334 0.0109375 0.010416666666666666 
4 0.7161458333333334 0.13515625 0.010416666666666666 0.009895833333333333 
4 0.7138020833333333 0.13984375 0.011979166666666667 0.0109375 
4 0.73046875 0.08359375 0.0109375 0.008854166666666666 
4 0.7338541666666667 0.07890625 0.010416666666666666 0.0078125 
4 0.7333333333333333 0.03411458333333333 0.010416666666666666 0.009895833333333333 
4 0.7653645833333333 0.046875 0.008854166666666666 0.008333333333333333 
4 0.7283854166666667 0.0421875 0.0109375 0.009375 
4 0.7255208333333333 0.046875 0.010416666666666666 0.008333333333333333 
4 0.6666666666666666 0.12109375 0.011458333333333333 0.0109375 
4 0.7057291666666666 0.08098958333333334 0.010416666666666666 0.008854166666666666 
4 0.7026041666666667 0.08723958333333333 0.0125 0.0109375 
4 0.70703125 0.1265625 0.009895833333333333 0.009375 
4 0.7052083333333333 0.13020833333333334 0.010416666666666666 0.009375 
4 0.6809895833333334 0.12369791666666667 0.0109375 0.008854166666666666 
4 0.6768229166666667 0.10729166666666666 0.0109375 0.009375 
4 0.6833333333333333 0.09453125 0.011458333333333333 0.008854166666666666 
4 0.6885416666666667 0.08567708333333333 0.010416666666666666 0.009895833333333333 
4 0.6984375 0.06979166666666667 0.010416666666666666 0.008333333333333333 
4 0.7419270833333333 0.06432291666666666 0.0109375 0.009895833333333333 
4 0.7596354166666667 0.10729166666666666 0.009895833333333333 0.008333333333333333 
4 0.7619791666666667 0.10234375 0.0125 0.0109375 
4 0.7739583333333333 0.08046875 0.010416666666666666 0.008854166666666666 
4 0.7770833333333333 0.07630208333333334 0.009375 0.008854166666666666 
4 0.8203125 0.14583333333333334 0.010416666666666666 0.008333333333333333 
4 0.8174479166666667 0.15078125 0.009895833333333333 0.0078125 
4 0.8109375 0.15885416666666666 0.0125 0.010416666666666666 
4 0.809375 0.16328125 0.011458333333333333 0.008854166666666666 
4 0.7796875 0.16770833333333332 0.010416666666666666 0.008333333333333333 
4 0.76171875 0.175 0.0109375 0.009375 
4 0.7424479166666667 0.16223958333333333 0.008854166666666666 0.008854166666666666 
4 0.7450520833333333 0.15807291666666667 0.009895833333333333 0.008854166666666666 
4 0.7752604166666667 0.10885416666666667 0.009895833333333333 0.008333333333333333 
4 0.8020833333333334 0.12994791666666666 0.009375 0.0078125 
4 0.8046875 0.10364583333333334 0.009375 0.007291666666666667 
4 0.8356770833333333 0.071875 0.009895833333333333 0.009375 
4 0.85234375 0.023958333333333335 0.009895833333333333 0.009375 
4 0.8486979166666667 0.051041666666666666 0.011979166666666667 0.010416666666666666 
4 0.8861979166666667 0.03203125 0.0109375 0.008854166666666666 
4 0.8575520833333333 0.015364583333333333 0.0109375 0.009895833333333333 
4 0.8213541666666667 0.0 0.009375 0.008333333333333333 
4 0.8190104166666666 0.004166666666666667 0.0109375 0.010416666666666666 
4 0.8161458333333333 0.008854166666666666 0.010416666666666666 0.008333333333333333 
4 0.8111979166666666 0.016927083333333332 0.011979166666666667 0.0109375 
4 0.8005208333333333 0.03671875 0.013541666666666667 0.0109375 
4 0.7979166666666667 0.04244791666666667 0.011458333333333333 0.0109375 
4 0.7869791666666667 0.05911458333333333 0.009375 0.0078125 
4 0.7861979166666667 0.0640625 0.008854166666666666 0.007291666666666667 
4 0.7828125 0.06744791666666666 0.009375 0.008854166666666666 
4 0.7796875 0.07135416666666666 0.011458333333333333 0.010416666666666666 
4 0.7450520833333333 0.06015625 0.009895833333333333 0.008854166666666666 
4 0.76484375 0.052083333333333336 0.011979166666666667 0.009375 
4 0.8330729166666667 0.12239583333333333 0.0109375 0.008333333333333333 
4 0.6317708333333333 0.06796875 0.010416666666666666 0.009895833333333333 
4 0.6955729166666667 0.025260416666666667 0.011979166666666667 0.009895833333333333 
4 0.6861979166666666 0.04244791666666667 0.0109375 0.008854166666666666 
4 0.68984375 0.03828125 0.011979166666666667 0.009895833333333333 
4 0.67421875 0.04114583333333333 0.009895833333333333 0.009375 
4 0.67265625 0.04583333333333333 0.008854166666666666 0.008333333333333333 
4 0.66875 0.0484375 0.009375 0.010416666666666666 
4 0.67421875 0.06328125 0.009895833333333333 0.008854166666666666 
4 0.6609375 0.06276041666666667 0.011458333333333333 0.009895833333333333 
4 0.65625 0.07239583333333334 0.010416666666666666 0.009375 
4 0.64765625 0.08854166666666667 0.009895833333333333 0.008333333333333333 
4 0.65703125 0.09479166666666666 0.011979166666666667 0.009375 
4 0.6388020833333333 0.1015625 0.009895833333333333 0.009375 
4 0.6205729166666667 0.08463541666666667 0.011979166666666667 0.009895833333333333 
4 0.6627604166666666 0.014583333333333334 0.0109375 0.010416666666666666 
4 0.7385416666666667 0.02578125 0.011458333333333333 0.009895833333333333 
4 0.6653645833333334 0.009114583333333334 0.008854166666666666 0.0078125 
4 0.6674479166666667 0.0046875 0.009895833333333333 0.008333333333333333 
4 0.6703125 0.0018229166666666667 0.010416666666666666 0.0078125 
4 0.6893229166666667 0.016145833333333335 0.011979166666666667 0.011458333333333333 
4 0.6940104166666666 0.008072916666666667 0.009895833333333333 0.008854166666666666 
4 0.6986979166666667 0.0 0.0109375 0.009375 
4 0.740625 0.020833333333333332 0.010416666666666666 0.009375 
4 0.7549479166666667 0.04244791666666667 0.011979166666666667 0.0109375 
4 0.76328125 0.031510416666666666 0.009895833333333333 0.008854166666666666 
4 0.7677083333333333 0.0234375 0.009375 0.008333333333333333 
4 0.7700520833333333 0.018489583333333334 0.0109375 0.009895833333333333 
4 0.77265625 0.01328125 0.0109375 0.009895833333333333 
4 0.7807291666666667 0.021354166666666667 0.010416666666666666 0.009375 
4 0.7940104166666667 0.00026041666666666666 0.0109375 0.0109375 
4 0.7270833333333333 0.019010416666666665 0.010416666666666666 0.009895833333333333 
4 0.7401041666666667 -0.0018229166666666667 0.011458333333333333 0.009895833333333333 
4 0.8223958333333333 0.14140625 0.010416666666666666 0.0078125 
4 0.8385416666666666 0.11484375 0.011458333333333333 0.009895833333333333 
4 0.6166666666666667 0.30390625 0.011458333333333333 0.008854166666666666 
4 0.8044270833333333 0.028385416666666666 0.0109375 0.009895833333333333 
4 0.8020833333333334 0.0328125 0.010416666666666666 0.008333333333333333 
4 0.7950520833333333 0.046875 0.008854166666666666 0.007291666666666667 
4 0.7919270833333333 0.051041666666666666 0.0109375 0.010416666666666666 
4 0.7890625 0.05520833333333333 0.010416666666666666 0.009375 
4 0.75 0.14869791666666668 0.010416666666666666 0.008854166666666666 
4 0.7536458333333333 0.11640625 0.009375 0.0078125 
4 0.7513020833333334 0.11979166666666667 0.0109375 0.009375 
4 0.7489583333333333 0.12473958333333333 0.010416666666666666 0.008854166666666666 
4 0.7440104166666667 0.1328125 0.0109375 0.009375 
4 0.7377604166666667 0.14557291666666666 0.0109375 0.008854166666666666 
4 0.7356770833333334 0.14947916666666666 0.011979166666666667 0.009375 
4 0.7325520833333333 0.15364583333333334 0.0109375 0.009375 
4 0.784375 0.0171875 0.011458333333333333 0.009375 
4 0.7611979166666667 0.03567708333333333 0.009895833333333333 0.009895833333333333 
4 0.7911458333333333 0.004427083333333333 0.009375 0.008854166666666666 
4 0.7890625 0.00859375 0.010416666666666666 0.008854166666666666 
4 0.7778645833333333 0.005729166666666666 0.009895833333333333 0.008333333333333333 
4 0.7197916666666667 0.054947916666666666 0.009375 0.008854166666666666 
4 0.8145833333333333 0.013541666666666667 0.011458333333333333 0.008333333333333333 
4 0.8395833333333333 -0.00026041666666666666 0.013541666666666667 0.0109375 
4 0.8140625 0.04114583333333333 0.013541666666666667 0.011458333333333333 
4 0.6140625 0.28515625 0.011458333333333333 0.0109375 
4 0.5903645833333333 0.27734375 0.009895833333333333 0.008854166666666666 
4 0.5848958333333333 0.28619791666666666 0.010416666666666666 0.009895833333333333 
4 0.5822916666666667 0.28984375 0.009375 0.0078125 
4 0.5744791666666667 0.234375 0.010416666666666666 0.010416666666666666 
4 0.5625 0.23229166666666667 0.008333333333333333 0.007291666666666667 
4 0.5708333333333333 0.23723958333333334 0.009375 0.008854166666666666 
4 0.5546875 0.2671875 0.009375 0.008333333333333333 
4 0.5255208333333333 0.2484375 0.014583333333333334 0.0125 
4 0.53828125 0.22682291666666668 0.009895833333333333 0.008854166666666666 
4 0.5518229166666667 0.20598958333333334 0.0109375 0.008854166666666666 
4 0.5546875 0.19713541666666667 0.010416666666666666 0.009895833333333333 
4 0.64609375 0.11197916666666667 0.0109375 0.009375 
4 0.5901041666666667 0.20755208333333333 0.010416666666666666 0.0078125 
4 0.58515625 0.19401041666666666 0.008854166666666666 0.0078125 
4 0.5885416666666666 0.19036458333333334 0.0125 0.0109375 
4 0.5994791666666667 0.19088541666666667 0.010416666666666666 0.008854166666666666 
4 0.6143229166666667 0.16588541666666667 0.0109375 0.008854166666666666 
4 0.61171875 0.14765625 0.0109375 0.008854166666666666 
4 0.5908854166666667 0.13333333333333333 0.0109375 0.008333333333333333 
4 0.6013020833333333 0.11744791666666667 0.009895833333333333 0.008854166666666666 
4 0.77265625 0.18151041666666667 0.011979166666666667 0.008854166666666666 
4 0.8044270833333333 0.12083333333333333 0.008854166666666666 0.010416666666666666 
4 0.8083333333333333 0.12369791666666667 0.008333333333333333 0.009895833333333333 
4 0.7856770833333333 0.16015625 0.011979166666666667 0.0109375 
4 0.7815104166666667 0.16458333333333333 0.0109375 0.010416666666666666 
4 0.8463541666666666 0.05625 0.011458333333333333 0.009375 
4 0.7104166666666667 0.07291666666666667 0.010416666666666666 0.009375 
4 0.7752604166666667 0.029947916666666668 0.011979166666666667 0.008854166666666666 
4 0.8408854166666667 0.11015625 0.009895833333333333 0.0078125 
4 0.6598958333333333 0.019010416666666665 0.0125 0.009895833333333333 
4 0.7057291666666666 0.008854166666666666 0.010416666666666666 0.009375 
4 0.70859375 0.005208333333333333 0.008854166666666666 0.008333333333333333 
4 0.684375 0.02578125 0.011458333333333333 0.009895833333333333 
4 0.6796875 0.03411458333333333 0.010416666666666666 0.008854166666666666 
4 0.67734375 0.03828125 0.008854166666666666 0.0078125 
4 0.6666666666666666 0.05390625 0.010416666666666666 0.008854166666666666 
4 0.6588541666666666 0.06875 0.011458333333333333 0.009375 
4 0.6440104166666667 0.09375 0.011979166666666667 0.011458333333333333 
4 0.6231770833333333 0.08046875 0.009895833333333333 0.008854166666666666 
4 0.62578125 0.07682291666666667 0.009895833333333333 0.009895833333333333 
4 0.6283854166666667 0.071875 0.009895833333333333 0.008333333333333333 
4 0.65703125 0.023697916666666666 0.011979166666666667 0.009895833333333333 
4 0.77421875 0.035416666666666666 0.0109375 0.009375 
4 0.8177083333333334 0.10260416666666666 0.010416666666666666 0.009375 
4 0.8166666666666667 0.0828125 0.009375 0.008333333333333333 
4 0.8192708333333333 0.07916666666666666 0.010416666666666666 0.009375 
4 0.8283854166666667 0.08567708333333333 0.011979166666666667 0.0109375 
4 0.8807291666666667 0.042708333333333334 0.011458333333333333 0.009375 
4 0.86875 0.06354166666666666 0.010416666666666666 0.008333333333333333 
4 0.7768229166666667 0.14973958333333334 0.009895833333333333 0.008854166666666666 
4 0.7705729166666667 0.039322916666666666 0.0109375 0.008854166666666666 
4 0.7677083333333333 0.04375 0.009375 0.008333333333333333 
4 0.7403645833333333 0.09348958333333333 0.011979166666666667 0.009895833333333333 
4 0.73671875 0.09661458333333334 0.009895833333333333 0.0078125 
4 0.73125 0.10833333333333334 0.010416666666666666 0.009375 
4 0.7236979166666667 0.12291666666666666 0.009895833333333333 0.009375 
4 0.7205729166666667 0.12630208333333334 0.008854166666666666 0.008854166666666666 
4 0.7265625 0.09270833333333334 0.010416666666666666 0.010416666666666666 
4 0.7236979166666667 0.09791666666666667 0.0109375 0.010416666666666666 
4 0.7114583333333333 0.1171875 0.010416666666666666 0.010416666666666666 
4 0.6950520833333333 0.10052083333333334 0.009895833333333333 0.010416666666666666 
4 0.6861979166666666 0.11432291666666666 0.009895833333333333 0.009895833333333333 
4 0.7013020833333333 0.06666666666666667 0.009895833333333333 0.009375 
4 0.7033854166666667 0.06171875 0.0109375 0.009895833333333333 
4 0.7119791666666667 0.0453125 0.010416666666666666 0.009375 
4 0.7325520833333333 0.011979166666666667 0.011979166666666667 0.009375 
