5 0.7989583333333333 0.4578125 0.08020833333333334 0.053125 
5 0.86015625 0.4083333333333333 0.0578125 0.041666666666666664 
4 0.7549479166666667 0.3528645833333333 0.0203125 0.0171875 
5 1.0033854166666667 0.3299479166666667 0.08697916666666666 0.059895833333333336 
5 0.93203125 0.46119791666666665 0.0390625 0.050520833333333334 
5 0.6294270833333333 0.6489583333333333 0.0296875 0.021875 
5 0.6171875 0.6421875 0.036458333333333336 0.027083333333333334 
5 0.6044270833333333 0.6213541666666667 0.0421875 0.03125 
5 0.6109375 0.6317708333333333 0.036458333333333336 0.027083333333333334 
4 0.49947916666666664 0.6875 0.029166666666666667 0.021875 
5 0.5036458333333333 0.6989583333333333 0.025 0.020833333333333332 
5 0.47630208333333335 0.5388020833333333 0.019270833333333334 0.024479166666666666 
5 0.6341145833333334 0.6591145833333333 0.028645833333333332 0.022395833333333334 
5 0.490625 0.5395833333333333 0.021875 0.028125 
5 0.8583333333333333 0.48359375 0.027083333333333334 0.03802083333333333 
5 0.84609375 0.49609375 0.028645833333333332 0.043229166666666666 
5 0.24192708333333332 0.790625 0.0359375 0.04895833333333333 
5 0.225 0.9971354166666667 0.025 0.028645833333333332 
5 0.20729166666666668 0.9692708333333333 0.023958333333333335 0.028125 
5 0.2838541666666667 0.97578125 0.042708333333333334 0.06302083333333333 
5 0.18854166666666666 0.93828125 0.022916666666666665 0.028645833333333332 
5 0.3046875 0.7559895833333333 0.035416666666666666 0.049479166666666664 
5 0.2640625 0.7807291666666667 0.036458333333333336 0.051041666666666666 
5 0.31744791666666666 0.7489583333333333 0.0359375 0.04895833333333333 
5 0.7119791666666667 0.5919270833333333 0.029166666666666667 0.0390625 
5 0.20416666666666666 0.9401041666666666 0.03854166666666667 0.053125 
5 0.6786458333333333 0.61171875 0.03229166666666667 0.0421875 
5 0.6653645833333334 0.61953125 0.033854166666666664 0.044270833333333336 
5 0.6510416666666666 0.6260416666666667 0.034375 0.04479166666666667 
5 0.7721354166666666 0.5544270833333333 0.0328125 0.044270833333333336 
5 0.7588541666666667 0.5622395833333333 0.030208333333333334 0.043229166666666666 
5 0.7442708333333333 0.5734375 0.030208333333333334 0.03854166666666667 
5 0.5044270833333333 0.6692708333333334 0.049479166666666664 0.035416666666666666 
5 0.3375 0.7375 0.034375 0.051041666666666666 
5 0.49505208333333334 0.64765625 0.0515625 0.03697916666666667 
5 0.4934895833333333 0.6348958333333333 0.049479166666666664 0.035416666666666666 
5 0.48203125 0.6260416666666667 0.050520833333333334 0.035416666666666666 
