5 0.4161458333333333 0.11432291666666666 0.06145833333333333 0.043229166666666666 
4 0.48046875 0.6375 0.0140625 0.01875 
4 0.471875 0.64296875 0.014583333333333334 0.015104166666666667 
4 0.4640625 0.6466145833333333 0.014583333333333334 0.018229166666666668 
5 0.01328125 0.3302083333333333 0.030729166666666665 0.04375 
4 0.11666666666666667 0.26927083333333335 0.014583333333333334 0.017708333333333333 
5 0.06458333333333334 0.259375 0.030208333333333334 0.04375 
5 0.05026041666666667 0.26015625 0.030729166666666665 0.0421875 
5 0.0359375 0.26145833333333335 0.03125 0.042708333333333334 
5 0.026302083333333334 0.2721354166666667 0.030729166666666665 0.0421875 
5 0.03697916666666667 0.31640625 0.030208333333333334 0.04114583333333333 
4 0.17994791666666668 0.8223958333333333 0.015104166666666667 0.017708333333333333 
5 0.41640625 0.1296875 0.0234375 0.019791666666666666 
5 0.40963541666666664 0.1015625 0.0453125 0.03333333333333333 
