10 0.703125 0.7723958333333333 0.2375 0.5072916666666667 
4 0.25104166666666666 0.4119791666666667 0.010416666666666666 0.020833333333333332 
4 0.23046875 0.41015625 0.008854166666666666 0.021354166666666667 
4 0.01796875 0.403125 0.0109375 0.022916666666666665 
4 0.41744791666666664 0.38255208333333335 0.009895833333333333 0.0234375 
4 0.4434895833333333 0.32317708333333334 0.0109375 0.025520833333333333 
4 0.30885416666666665 0.32421875 0.010416666666666666 0.024479166666666666 
4 0.2989583333333333 0.32395833333333335 0.009375 0.021875 
4 0.28880208333333335 0.32447916666666665 0.009895833333333333 0.022916666666666665 
4 0.25546875 0.32135416666666666 0.009895833333333333 0.021875 
4 0.24583333333333332 0.3221354166666667 0.009375 0.022395833333333334 
4 0.23411458333333332 0.3216145833333333 0.008854166666666666 0.022395833333333334 
4 0.22239583333333332 0.32005208333333335 0.009375 0.021354166666666667 
4 0.21197916666666666 0.31953125 0.010416666666666666 0.022395833333333334 
4 0.18697916666666667 0.31588541666666664 0.022916666666666665 0.0109375 
4 0.12864583333333332 0.3151041666666667 0.022916666666666665 0.011458333333333333 
4 0.10364583333333334 0.3143229166666667 0.022916666666666665 0.011979166666666667 
4 0.052083333333333336 0.31328125 0.022916666666666665 0.011979166666666667 
4 0.021614583333333333 0.3125 0.022395833333333334 0.011458333333333333 
4 -0.0046875 0.31145833333333334 0.021875 0.011458333333333333 
4 0.09661458333333334 0.4046875 0.0109375 0.022916666666666665 
4 0.20885416666666667 0.40989583333333335 0.010416666666666666 0.021875 
1 0.29765625 1.0403645833333333 0.1328125 0.13489583333333333 
4 0.15364583333333334 0.4080729166666667 0.010416666666666666 0.024479166666666666 
10 0.15885416666666666 0.7078125 0.465625 0.284375 
10 -0.00703125 0.9856770833333334 0.4640625 0.2838541666666667 
3 0.7010416666666667 0.775 0.41354166666666664 0.825 
7 0.3380208333333333 0.22057291666666667 0.053125 0.10989583333333333 
7 0.271875 0.21822916666666667 0.053125 0.109375 
7 0.16640625 0.21484375 0.05572916666666667 0.10989583333333333 
7 0.09947916666666666 0.21354166666666666 0.05416666666666667 0.109375 
7 0.03359375 0.21145833333333333 0.05364583333333333 0.109375 
4 0.14270833333333333 0.40729166666666666 0.011458333333333333 0.020833333333333332 
4 0.13125 0.40651041666666665 0.011458333333333333 0.0234375 
4 0.11953125 0.40546875 0.0109375 0.022395833333333334 
4 0.159375 0.3697916666666667 0.011458333333333333 0.027083333333333334 
4 0.13515625 0.37161458333333336 0.011979166666666667 0.024479166666666666 
4 0.10052083333333334 0.3671875 0.009375 0.020833333333333332 
4 0.38177083333333334 0.325 0.009375 0.021875 
4 0.3703125 0.32421875 0.010416666666666666 0.021354166666666667 
4 0.3606770833333333 0.32421875 0.008854166666666666 0.021354166666666667 
4 0.35 0.32265625 0.010416666666666666 0.019270833333333334 
4 0.33958333333333335 0.32395833333333335 0.009375 0.021875 
4 0.3302083333333333 0.32526041666666666 0.010416666666666666 0.0234375 
4 0.31953125 0.32473958333333336 0.009895833333333333 0.022395833333333334 
4 0.27760416666666665 0.32317708333333334 0.010416666666666666 0.022395833333333334 
4 0.2674479166666667 0.32317708333333334 0.009895833333333333 0.022395833333333334 
4 0.15546875 0.3151041666666667 0.021354166666666667 0.010416666666666666 
4 0.07682291666666667 0.3138020833333333 0.021354166666666667 0.011979166666666667 
4 0.42864583333333334 0.38177083333333334 0.009375 0.022916666666666665 
4 0.4395833333333333 0.3815104166666667 0.009375 0.022395833333333334 
4 0.45026041666666666 0.3809895833333333 0.009895833333333333 0.0234375 
4 0.4622395833333333 0.38359375 0.009895833333333333 0.024479166666666666 
4 0.30859375 0.41067708333333336 0.011979166666666667 0.0234375 
4 0.0067708333333333336 0.40338541666666666 0.009375 0.0234375 
4 0.019010416666666665 0.36484375 0.0109375 0.0234375 
4 0.0067708333333333336 0.36484375 0.011458333333333333 0.022395833333333334 
4 0.29661458333333335 0.4119791666666667 0.0109375 0.026041666666666668 
4 0.28567708333333336 0.4122395833333333 0.009895833333333333 0.022395833333333334 
4 0.275 0.41119791666666666 0.010416666666666666 0.0234375 
4 0.14713541666666666 0.37109375 0.009895833333333333 0.0234375 
4 0.11276041666666667 0.3703125 0.009895833333333333 0.023958333333333335 
4 0.4734375 0.3846354166666667 0.010416666666666666 0.024479166666666666 
4 0.48411458333333335 0.3846354166666667 0.009895833333333333 0.022395833333333334 
4 0.49583333333333335 0.3854166666666667 0.010416666666666666 0.023958333333333335 
4 0.50625 0.38333333333333336 0.010416666666666666 0.019791666666666666 
4 0.52890625 0.38515625 0.009895833333333333 0.022395833333333334 
4 0.5411458333333333 0.38645833333333335 0.010416666666666666 0.022916666666666665 
4 0.5515625 0.3885416666666667 0.010416666666666666 0.023958333333333335 
4 0.4973958333333333 0.32265625 0.0125 0.025520833333333333 
4 0.5541666666666667 0.32317708333333334 0.010416666666666666 0.0265625 
4 0.5442708333333334 0.32395833333333335 0.009375 0.023958333333333335 
4 0.5330729166666667 0.32421875 0.0109375 0.0234375 
4 0.5208333333333334 0.3229166666666667 0.011458333333333333 0.022916666666666665 
4 0.565625 0.321875 0.011458333333333333 0.021875 
4 0.509375 0.3229166666666667 0.011458333333333333 0.022916666666666665 
4 0.48541666666666666 0.32083333333333336 0.010416666666666666 0.020833333333333332 
4 0.51796875 0.38645833333333335 0.009895833333333333 0.022916666666666665 
4 0.12369791666666667 0.37265625 0.009895833333333333 0.022395833333333334 
4 0.17057291666666666 0.3729166666666667 0.008854166666666666 0.020833333333333332 
4 0.2638020833333333 0.41328125 0.009895833333333333 0.0234375 
4 0.18307291666666667 0.371875 0.009895833333333333 0.020833333333333332 
4 0.24088541666666666 0.41041666666666665 0.0109375 0.023958333333333335 
4 0.21979166666666666 0.4088541666666667 0.010416666666666666 0.022916666666666665 
4 0.18671875 0.4119791666666667 0.0109375 0.023958333333333335 
4 0.17604166666666668 0.40651041666666665 0.009375 0.021354166666666667 
4 0.16458333333333333 0.40729166666666666 0.010416666666666666 0.023958333333333335 
4 0.10885416666666667 0.4075520833333333 0.010416666666666666 0.024479166666666666 
4 0.3072916666666667 0.37578125 0.010416666666666666 0.0234375 
4 0.296875 0.37447916666666664 0.009375 0.021875 
4 0.28671875 0.37473958333333335 0.009895833333333333 0.022395833333333334 
4 0.2752604166666667 0.375 0.009895833333333333 0.022916666666666665 
4 0.26458333333333334 0.37552083333333336 0.009375 0.023958333333333335 
4 0.25390625 0.37552083333333336 0.008854166666666666 0.023958333333333335 
4 0.24453125 0.37421875 0.011979166666666667 0.0265625 
4 0.23411458333333332 0.37265625 0.0109375 0.022395833333333334 
4 0.22395833333333334 0.3736979166666667 0.010416666666666666 0.021354166666666667 
4 0.21276041666666667 0.3731770833333333 0.009895833333333333 0.0234375 
4 0.20234375 0.3703125 0.011979166666666667 0.023958333333333335 
