10 0.703125 0.5192708333333333 0.2375 0.5072916666666667 
4 0.8213541666666667 0.9854166666666667 0.023958333333333335 0.011458333333333333 
4 0.04869791666666667 0.9588541666666667 0.024479166666666666 0.0125 
4 0.2453125 0.9666666666666667 0.022916666666666665 0.011458333333333333 
4 0.25104166666666666 0.15885416666666666 0.010416666666666666 0.020833333333333332 
4 0.23046875 0.15703125 0.008854166666666666 0.021354166666666667 
4 0.01796875 0.15 0.0109375 0.022916666666666665 
4 0.6815104166666667 0.9807291666666667 0.025520833333333333 0.0125 
4 0.41744791666666664 0.12942708333333333 0.009895833333333333 0.0234375 
4 0.4434895833333333 0.07005208333333333 0.0109375 0.025520833333333333 
4 0.30885416666666665 0.07109375 0.010416666666666666 0.024479166666666666 
4 0.2989583333333333 0.07083333333333333 0.009375 0.021875 
4 0.28880208333333335 0.07135416666666666 0.009895833333333333 0.022916666666666665 
4 0.25546875 0.06822916666666666 0.009895833333333333 0.021875 
4 0.24583333333333332 0.06901041666666667 0.009375 0.022395833333333334 
4 0.23411458333333332 0.06848958333333334 0.008854166666666666 0.022395833333333334 
4 0.22239583333333332 0.06692708333333333 0.009375 0.021354166666666667 
4 0.21197916666666666 0.06640625 0.010416666666666666 0.022395833333333334 
4 0.18697916666666667 0.06276041666666667 0.022916666666666665 0.0109375 
4 0.12864583333333332 0.06197916666666667 0.022916666666666665 0.011458333333333333 
4 0.10364583333333334 0.061197916666666664 0.022916666666666665 0.011979166666666667 
4 0.052083333333333336 0.06015625 0.022916666666666665 0.011979166666666667 
4 0.021614583333333333 0.059375 0.022395833333333334 0.011458333333333333 
4 -0.0046875 0.058333333333333334 0.021875 0.011458333333333333 
4 0.09661458333333334 0.1515625 0.0109375 0.022916666666666665 
4 0.20885416666666667 0.15677083333333333 0.010416666666666666 0.021875 
1 0.29765625 0.7872395833333333 0.1328125 0.13489583333333333 
4 0.15364583333333334 0.15494791666666666 0.010416666666666666 0.024479166666666666 
10 0.15885416666666666 0.4546875 0.465625 0.284375 
10 -0.00703125 0.7325520833333333 0.4640625 0.2838541666666667 
3 0.7010416666666667 0.521875 0.41354166666666664 0.825 
7 0.3380208333333333 -0.032552083333333336 0.053125 0.10989583333333333 
7 0.271875 -0.034895833333333334 0.053125 0.109375 
7 0.16640625 -0.03828125 0.05572916666666667 0.10989583333333333 
7 0.09947916666666666 -0.03958333333333333 0.05416666666666667 0.109375 
7 0.03359375 -0.041666666666666664 0.05364583333333333 0.109375 
4 0.14270833333333333 0.15416666666666667 0.011458333333333333 0.020833333333333332 
4 0.13125 0.15338541666666666 0.011458333333333333 0.0234375 
4 0.11953125 0.15234375 0.0109375 0.022395833333333334 
4 0.159375 0.11666666666666667 0.011458333333333333 0.027083333333333334 
4 0.13515625 0.11848958333333333 0.011979166666666667 0.024479166666666666 
4 0.10052083333333334 0.1140625 0.009375 0.020833333333333332 
4 0.38177083333333334 0.071875 0.009375 0.021875 
4 0.3703125 0.07109375 0.010416666666666666 0.021354166666666667 
4 0.3606770833333333 0.07109375 0.008854166666666666 0.021354166666666667 
4 0.35 0.06953125 0.010416666666666666 0.019270833333333334 
4 0.33958333333333335 0.07083333333333333 0.009375 0.021875 
4 0.3302083333333333 0.07213541666666666 0.010416666666666666 0.0234375 
4 0.31953125 0.07161458333333333 0.009895833333333333 0.022395833333333334 
4 0.27760416666666665 0.07005208333333333 0.010416666666666666 0.022395833333333334 
4 0.2674479166666667 0.07005208333333333 0.009895833333333333 0.022395833333333334 
4 0.15546875 0.06197916666666667 0.021354166666666667 0.010416666666666666 
4 0.07682291666666667 0.06067708333333333 0.021354166666666667 0.011979166666666667 
4 0.42864583333333334 0.12864583333333332 0.009375 0.022916666666666665 
4 0.4395833333333333 0.12838541666666667 0.009375 0.022395833333333334 
4 0.45026041666666666 0.12786458333333334 0.009895833333333333 0.0234375 
4 0.4622395833333333 0.13046875 0.009895833333333333 0.024479166666666666 
4 0.30859375 0.15755208333333334 0.011979166666666667 0.0234375 
4 0.0067708333333333336 0.15026041666666667 0.009375 0.0234375 
4 0.019010416666666665 0.11171875 0.0109375 0.0234375 
4 0.0067708333333333336 0.11171875 0.011458333333333333 0.022395833333333334 
4 0.29661458333333335 0.15885416666666666 0.0109375 0.026041666666666668 
4 0.28567708333333336 0.15911458333333334 0.009895833333333333 0.022395833333333334 
4 0.275 0.15807291666666667 0.010416666666666666 0.0234375 
4 0.14713541666666666 0.11796875 0.009895833333333333 0.0234375 
4 0.11276041666666667 0.1171875 0.009895833333333333 0.023958333333333335 
4 0.4734375 0.13151041666666666 0.010416666666666666 0.024479166666666666 
4 0.48411458333333335 0.13151041666666666 0.009895833333333333 0.022395833333333334 
4 0.49583333333333335 0.13229166666666667 0.010416666666666666 0.023958333333333335 
4 0.50625 0.13020833333333334 0.010416666666666666 0.019791666666666666 
4 0.52890625 0.13203125 0.009895833333333333 0.022395833333333334 
4 0.5411458333333333 0.13333333333333333 0.010416666666666666 0.022916666666666665 
4 0.5515625 0.13541666666666666 0.010416666666666666 0.023958333333333335 
4 0.4973958333333333 0.06953125 0.0125 0.025520833333333333 
4 0.5541666666666667 0.07005208333333333 0.010416666666666666 0.0265625 
4 0.5442708333333334 0.07083333333333333 0.009375 0.023958333333333335 
4 0.5330729166666667 0.07109375 0.0109375 0.0234375 
4 0.5208333333333334 0.06979166666666667 0.011458333333333333 0.022916666666666665 
4 0.565625 0.06875 0.011458333333333333 0.021875 
4 0.509375 0.06979166666666667 0.011458333333333333 0.022916666666666665 
4 0.48541666666666666 0.06770833333333333 0.010416666666666666 0.020833333333333332 
4 0.51796875 0.13333333333333333 0.009895833333333333 0.022916666666666665 
4 0.12369791666666667 0.11953125 0.009895833333333333 0.022395833333333334 
4 0.17057291666666666 0.11979166666666667 0.008854166666666666 0.020833333333333332 
4 0.2638020833333333 0.16015625 0.009895833333333333 0.0234375 
4 0.18307291666666667 0.11875 0.009895833333333333 0.020833333333333332 
4 0.24088541666666666 0.15729166666666666 0.0109375 0.023958333333333335 
4 0.21979166666666666 0.15572916666666667 0.010416666666666666 0.022916666666666665 
4 0.18671875 0.15885416666666666 0.0109375 0.023958333333333335 
4 0.17604166666666668 0.15338541666666666 0.009375 0.021354166666666667 
4 0.16458333333333333 0.15416666666666667 0.010416666666666666 0.023958333333333335 
4 0.10885416666666667 0.15442708333333333 0.010416666666666666 0.024479166666666666 
4 0.3072916666666667 0.12265625 0.010416666666666666 0.0234375 
4 0.296875 0.12135416666666667 0.009375 0.021875 
4 0.28671875 0.12161458333333333 0.009895833333333333 0.022395833333333334 
4 0.2752604166666667 0.121875 0.009895833333333333 0.022916666666666665 
4 0.26458333333333334 0.12239583333333333 0.009375 0.023958333333333335 
4 0.25390625 0.12239583333333333 0.008854166666666666 0.023958333333333335 
4 0.24453125 0.12109375 0.011979166666666667 0.0265625 
4 0.23411458333333332 0.11953125 0.0109375 0.022395833333333334 
4 0.22395833333333334 0.12057291666666667 0.010416666666666666 0.021354166666666667 
4 0.21276041666666667 0.12005208333333334 0.009895833333333333 0.0234375 
4 0.20234375 0.1171875 0.011979166666666667 0.023958333333333335 
