5 0.8846354166666667 0.9151041666666667 0.013020833333333334 0.015625 
5 0.92109375 0.33359375 0.024479166666666666 0.019270833333333334 
4 0.17317708333333334 0.16276041666666666 0.0067708333333333336 0.0078125 
4 0.17630208333333333 0.15755208333333334 0.008854166666666666 0.009895833333333333 
4 0.18567708333333333 0.15208333333333332 0.009895833333333333 0.011458333333333333 
4 0.19557291666666668 0.14739583333333334 0.0109375 0.011458333333333333 
4 0.1171875 0.1796875 0.009375 0.008333333333333333 
4 0.08177083333333333 0.16953125 0.010416666666666666 0.013020833333333334 
4 0.11822916666666666 0.16979166666666667 0.009375 0.011458333333333333 
4 0.14166666666666666 0.1859375 0.008333333333333333 0.010416666666666666 
4 0.15703125 0.184375 0.009895833333333333 0.009375 
4 0.13359375 0.15859375 0.009895833333333333 0.011979166666666667 
4 0.13958333333333334 0.15703125 0.008333333333333333 0.0109375 
4 0.14401041666666667 0.15364583333333334 0.008854166666666666 0.010416666666666666 
4 0.15182291666666667 0.1484375 0.008854166666666666 0.010416666666666666 
4 0.15703125 0.14609375 0.0078125 0.009895833333333333 
4 0.16510416666666666 0.13932291666666666 0.009375 0.0109375 
0 0.5979166666666667 0.64375 0.09791666666666667 0.09479166666666666 
0 0.728125 0.5598958333333334 0.103125 0.10833333333333334 
0 0.859375 0.48776041666666664 0.09895833333333333 0.09947916666666666 
0 0.9830729166666666 0.41380208333333335 0.09739583333333333 0.09947916666666666 
0 0.0546875 0.9270833333333334 0.10208333333333333 0.103125 
0 0.48880208333333336 0.73359375 0.0921875 0.09427083333333333 
0 0.40625 0.7830729166666667 0.09166666666666666 0.0953125 
0 0.196875 0.9140625 0.09375 0.09583333333333334 
4 0.1375 0.215625 0.010416666666666666 0.009375 
4 0.14322916666666666 0.22265625 0.011458333333333333 0.009895833333333333 
4 0.14739583333333334 0.23255208333333333 0.011458333333333333 0.009895833333333333 
5 0.33645833333333336 0.57578125 0.019791666666666666 0.025520833333333333 
4 0.25104166666666666 0.39453125 0.013541666666666667 0.0109375 
4 0.31744791666666666 0.5002604166666667 0.0109375 0.0109375 
5 0.32395833333333335 0.47421875 0.011458333333333333 0.0140625 
5 0.24453125 0.3807291666666667 0.019270833333333334 0.014583333333333334 
4 0.28932291666666665 0.4544270833333333 0.009895833333333333 0.009895833333333333 
4 0.2908854166666667 0.46197916666666666 0.011979166666666667 0.010416666666666666 
5 0.09427083333333333 0.8666666666666667 0.020833333333333332 0.026041666666666668 
5 0.11458333333333333 0.8916666666666667 0.020833333333333332 0.027083333333333334 
5 0.20364583333333333 0.81640625 0.028125 0.021354166666666667 
5 0.16145833333333334 0.7716145833333333 0.027083333333333334 0.0140625 
5 0.15911458333333334 0.571875 0.028645833333333332 0.020833333333333332 
5 0.17604166666666668 0.54375 0.020833333333333332 0.025 
4 0.15546875 0.24479166666666666 0.0109375 0.008333333333333333 
4 0.22005208333333334 0.1328125 0.008854166666666666 0.011458333333333333 
4 0.20989583333333334 0.1375 0.008333333333333333 0.011458333333333333 
4 0.21171875 0.29140625 0.005729166666666666 0.0109375 
4 0.1890625 0.3020833333333333 0.008333333333333333 0.008333333333333333 
4 0.18567708333333333 0.29791666666666666 0.009895833333333333 0.008333333333333333 
4 0.18098958333333334 0.28854166666666664 0.008854166666666666 0.008333333333333333 
4 0.17630208333333333 0.28098958333333335 0.009895833333333333 0.009895833333333333 
4 0.16979166666666667 0.2721354166666667 0.008333333333333333 0.0078125 
4 0.16354166666666667 0.25885416666666666 0.009375 0.008333333333333333 
4 0.15989583333333332 0.25390625 0.009375 0.0078125 
4 0.15286458333333333 0.240625 0.009895833333333333 0.008333333333333333 
0 0.33645833333333336 0.8286458333333333 0.1 0.10104166666666667 
