4 0.07057291666666667 0.4622395833333333 0.0140625 0.0171875 
4 0.09010416666666667 0.51328125 0.008333333333333333 0.015104166666666667 
4 0.4822916666666667 0.9947916666666666 0.010416666666666666 0.017708333333333333 
4 0.47317708333333336 0.9919270833333333 0.011979166666666667 0.016145833333333335 
5 0.03515625 0.9072916666666667 0.0203125 0.04583333333333333 
5 0.06458333333333334 0.7833333333333333 0.01875 0.046875 
4 0.03333333333333333 0.753125 0.013541666666666667 0.020833333333333332 
4 0.07057291666666667 0.5979166666666667 0.0109375 0.015625 
4 0.06692708333333333 0.5731770833333333 0.015104166666666667 0.0203125 
4 0.020572916666666666 0.49713541666666666 0.011979166666666667 0.018229166666666668 
4 0.0078125 0.41041666666666665 0.011458333333333333 0.015625 
4 0.03411458333333333 0.3854166666666667 0.0171875 0.016666666666666666 
4 0.06145833333333333 0.41328125 0.016666666666666666 0.015104166666666667 
4 0.11744791666666667 0.37526041666666665 0.019270833333333334 0.018229166666666668 
4 0.12552083333333333 0.36744791666666665 0.017708333333333333 0.0171875 
4 0.03046875 0.24895833333333334 0.016145833333333335 0.014583333333333334 
4 0.03619791666666667 0.23932291666666666 0.0171875 0.0171875 
4 0.05182291666666667 0.2234375 0.015104166666666667 0.014583333333333334 
4 0.26067708333333334 0.2713541666666667 0.018229166666666668 0.01875 
4 0.2559895833333333 0.26067708333333334 0.018229166666666668 0.018229166666666668 
4 0.24088541666666666 0.24661458333333333 0.018229166666666668 0.0203125 
4 0.0875 0.46640625 0.013541666666666667 0.019270833333333334 
4 0.07682291666666667 0.44140625 0.0140625 0.0171875 
4 0.20989583333333334 0.46796875 0.020833333333333332 0.019270833333333334 
0 0.7611979166666667 0.58828125 0.26927083333333335 0.24739583333333334 
0 0.6375 0.4 0.196875 0.19270833333333334 
0 0.3421875 0.21484375 0.14375 0.1640625 
0 0.22083333333333333 0.12630208333333334 0.12916666666666668 0.15572916666666667 
4 0.5690104166666666 0.8684895833333334 0.0171875 0.0140625 
4 0.5869791666666667 0.8841145833333334 0.017708333333333333 0.0140625 
4 0.5604166666666667 0.8755208333333333 0.01875 0.016666666666666666 
4 0.5786458333333333 0.8885416666666667 0.019791666666666666 0.016666666666666666 
4 0.41796875 0.3893229166666667 0.015104166666666667 0.016145833333333335 
4 0.40677083333333336 0.36953125 0.016666666666666666 0.018229166666666668 
4 0.35859375 0.33515625 0.019270833333333334 0.0203125 
4 0.1609375 0.35833333333333334 0.019791666666666666 0.019791666666666666 
4 0.16796875 0.35052083333333334 0.019270833333333334 0.01875 
4 0.17473958333333334 0.3455729166666667 0.019270833333333334 0.0171875 
4 0.19817708333333334 0.3265625 0.0140625 0.015625 
4 0.20416666666666666 0.33255208333333336 0.015625 0.0171875 
4 0.2109375 0.3390625 0.015625 0.016666666666666666 
4 0.21744791666666666 0.34401041666666665 0.015104166666666667 0.015104166666666667 
4 0.26848958333333334 0.39401041666666664 0.016145833333333335 0.0171875 
4 0.26223958333333336 0.38723958333333336 0.0171875 0.016145833333333335 
4 0.26927083333333335 0.41770833333333335 0.015625 0.017708333333333333 
4 0.26588541666666665 0.4276041666666667 0.0171875 0.017708333333333333 
4 0.26145833333333335 0.4356770833333333 0.015625 0.015104166666666667 
4 0.25364583333333335 0.4518229166666667 0.015625 0.016145833333333335 
4 0.22057291666666667 0.4432291666666667 0.018229166666666668 0.016666666666666666 
4 0.22890625 0.4515625 0.021354166666666667 0.021875 
4 0.20052083333333334 0.46145833333333336 0.01875 0.017708333333333333 
0 0.76171875 0.815625 0.25677083333333334 0.253125 
