4 0.6723958333333333 0.28671875 0.0125 0.009895833333333333 
4 0.7932291666666667 0.10807291666666667 0.010416666666666666 0.0078125 
4 0.790625 0.11302083333333333 0.0125 0.009375 
4 0.7872395833333333 0.11796875 0.008854166666666666 0.0078125 
4 0.71953125 0.23723958333333334 0.0109375 0.013020833333333334 
4 0.6815104166666667 0.28411458333333334 0.011979166666666667 0.009895833333333333 
0 0.7158854166666667 0.5122395833333333 0.0921875 0.0796875 
0 0.7799479166666666 -0.00390625 0.19010416666666666 0.17760416666666667 
0 0.715625 0.11744791666666667 0.15 0.14010416666666667 
0 0.60234375 0.7096354166666666 0.0859375 0.08072916666666667 
0 0.83046875 0.6802083333333333 0.08072916666666667 0.08854166666666667 
0 0.7971354166666667 0.3731770833333333 0.10989583333333333 0.09739583333333333 
4 0.6940104166666666 0.28203125 0.0109375 0.008854166666666666 
0 0.83515625 0.30703125 0.11197916666666667 0.10260416666666666 
0 0.58046875 0.3536458333333333 0.09947916666666666 0.09479166666666666 
0 0.36484375 0.7106770833333333 0.12447916666666667 0.1140625 
4 0.6611979166666667 0.3375 0.011979166666666667 0.009375 
4 0.6580729166666667 0.34270833333333334 0.009895833333333333 0.008333333333333333 
4 0.65390625 0.346875 0.0109375 0.009375 
4 0.6473958333333333 0.36223958333333334 0.009375 0.008854166666666666 
4 0.5825520833333333 0.3927083333333333 0.013020833333333334 0.010416666666666666 
4 0.60546875 0.390625 0.013020833333333334 0.00625 
5 0.5466145833333333 0.7002604166666667 0.009895833333333333 0.013020833333333334 
5 0.15729166666666666 0.9377604166666667 0.008333333333333333 0.013020833333333334 
5 0.16770833333333332 0.23671875 0.014583333333333334 0.019270833333333334 
5 0.016145833333333335 0.05625 0.0125 0.016666666666666666 
4 0.09557291666666666 0.1875 0.009895833333333333 0.0125 
5 0.171875 0.128125 0.015625 0.019791666666666666 
5 0.17421875 0.14401041666666667 0.011979166666666667 0.0140625 
5 0.19765625 0.1859375 0.013020833333333334 0.01875 
5 0.2109375 0.16953125 0.010416666666666666 0.011979166666666667 
5 0.2578125 0.05807291666666667 0.011458333333333333 0.015104166666666667 
5 0.23541666666666666 0.04401041666666667 0.011458333333333333 0.0140625 
5 0.22760416666666666 0.03828125 0.010416666666666666 0.0140625 
5 0.221875 0.034375 0.009375 0.0125 
4 0.12291666666666666 -0.0010416666666666667 0.010416666666666666 0.008333333333333333 
5 0.01875 0.24036458333333333 0.007291666666666667 0.011979166666666667 
5 0.6734375 0.30546875 0.01875 0.011979166666666667 
5 0.6815104166666667 0.30026041666666664 0.011979166666666667 0.008854166666666666 
4 0.96796875 0.9348958333333334 0.009895833333333333 0.00625 
4 0.9494791666666667 0.9479166666666666 0.010416666666666666 0.008333333333333333 
5 0.9986979166666666 0.9518229166666666 0.0203125 0.0067708333333333336 
