4 0.6723958333333333 0.06796875 0.0125 0.009895833333333333 
4 0.71953125 0.018489583333333334 0.0109375 0.013020833333333334 
4 0.6815104166666667 0.06536458333333334 0.011979166666666667 0.009895833333333333 
0 0.7158854166666667 0.29348958333333336 0.0921875 0.0796875 
0 0.60234375 0.4908854166666667 0.0859375 0.08072916666666667 
0 0.83046875 0.46145833333333336 0.08072916666666667 0.08854166666666667 
0 0.7971354166666667 0.15442708333333333 0.10989583333333333 0.09739583333333333 
4 0.6940104166666666 0.06328125 0.0109375 0.008854166666666666 
0 0.83515625 0.08828125 0.11197916666666667 0.10260416666666666 
0 0.58046875 0.13489583333333333 0.09947916666666666 0.09479166666666666 
0 0.032552083333333336 0.8395833333333333 0.0640625 0.071875 
0 0.36484375 0.49192708333333335 0.12447916666666667 0.1140625 
4 0.6611979166666667 0.11875 0.011979166666666667 0.009375 
4 0.6580729166666667 0.12395833333333334 0.009895833333333333 0.008333333333333333 
4 0.65390625 0.128125 0.0109375 0.009375 
4 0.6473958333333333 0.14348958333333334 0.009375 0.008854166666666666 
4 0.5825520833333333 0.17395833333333333 0.013020833333333334 0.010416666666666666 
4 0.60546875 0.171875 0.013020833333333334 0.00625 
5 0.5466145833333333 0.48151041666666666 0.009895833333333333 0.013020833333333334 
5 0.15729166666666666 0.7190104166666667 0.008333333333333333 0.013020833333333334 
5 0.16770833333333332 0.01796875 0.014583333333333334 0.019270833333333334 
5 0.01875 0.021614583333333333 0.007291666666666667 0.011979166666666667 
5 0.6734375 0.08671875 0.01875 0.011979166666666667 
5 0.6815104166666667 0.08151041666666667 0.011979166666666667 0.008854166666666666 
4 0.96796875 0.7161458333333334 0.009895833333333333 0.00625 
4 0.9494791666666667 0.7291666666666666 0.010416666666666666 0.008333333333333333 
5 0.9986979166666666 0.7330729166666666 0.0203125 0.0067708333333333336 
