4 0.9299479166666667 0.4197916666666667 0.008854166666666666 0.011458333333333333 
4 0.9341145833333333 0.4739583333333333 0.011979166666666667 0.0125 
4 0.9953125 0.59921875 0.011458333333333333 0.009895833333333333 
4 0.88984375 0.671875 0.009895833333333333 0.009375 
4 0.7760416666666666 0.7622395833333333 0.011458333333333333 0.009895833333333333 
4 0.7932291666666667 0.94140625 0.010416666666666666 0.0078125 
4 0.790625 0.9463541666666667 0.0125 0.009375 
4 0.7872395833333333 0.9513020833333333 0.008854166666666666 0.0078125 
0 1.0552083333333333 0.3572916666666667 0.16979166666666667 0.165625 
0 0.9981770833333333 0.48125 0.12135416666666667 0.11458333333333333 
0 0.9203125 0.5955729166666667 0.18854166666666666 0.17760416666666667 
0 0.7799479166666666 0.8294270833333334 0.19010416666666666 0.17760416666666667 
0 0.715625 0.95078125 0.15 0.14010416666666667 
0 0.1328125 0.74296875 0.05625 0.044270833333333336 
0 0.36223958333333334 0.6776041666666667 0.08489583333333334 0.07708333333333334 
0 0.6127604166666667 0.39453125 0.0671875 0.06197916666666667 
0 0.40859375 0.2786458333333333 0.07239583333333334 0.0625 
0 0.45416666666666666 0.17838541666666666 0.06354166666666666 0.0703125 
0 0.7390625 0.01796875 0.06770833333333333 0.06302083333333333 
5 0.016145833333333335 0.8895833333333333 0.0125 0.016666666666666666 
5 0.16979166666666667 0.8283854166666667 0.010416666666666666 0.013020833333333334 
5 0.171875 0.9614583333333333 0.015625 0.019791666666666666 
5 0.17421875 0.97734375 0.011979166666666667 0.0140625 
5 0.2109375 1.0028645833333334 0.010416666666666666 0.011979166666666667 
5 0.2578125 0.89140625 0.011458333333333333 0.015104166666666667 
5 0.23541666666666666 0.87734375 0.011458333333333333 0.0140625 
5 0.22760416666666666 0.8716145833333333 0.010416666666666666 0.0140625 
5 0.221875 0.8677083333333333 0.009375 0.0125 
4 0.3020833333333333 0.75 0.00625 0.011458333333333333 
4 0.12291666666666666 0.8322916666666667 0.010416666666666666 0.008333333333333333 
5 0.3497395833333333 0.43645833333333334 0.0109375 0.009375 
4 0.49973958333333335 0.3854166666666667 0.009895833333333333 0.009375 
5 0.45078125 0.43984375 0.011979166666666667 0.009895833333333333 
4 0.5520833333333334 0.30833333333333335 0.010416666666666666 0.0125 
4 0.5442708333333334 0.3106770833333333 0.007291666666666667 0.008854166666666666 
