4 0.25807291666666665 0.3971354166666667 0.009895833333333333 0.0203125 
4 0.6880208333333333 0.4119791666666667 0.010416666666666666 0.020833333333333332 
4 0.4075520833333333 0.36432291666666666 0.0109375 0.0234375 
4 0.43307291666666664 0.40260416666666665 0.009895833333333333 0.021875 
4 0.31979166666666664 0.4 0.011458333333333333 0.022916666666666665 
4 0.29322916666666665 0.46067708333333335 0.010416666666666666 0.021354166666666667 
4 0.6674479166666667 0.41015625 0.008854166666666666 0.021354166666666667 
4 0.4109375 0.4640625 0.0125 0.026041666666666668 
4 0.3609375 0.36171875 0.010416666666666666 0.022395833333333334 
4 0.3255208333333333 0.36354166666666665 0.010416666666666666 0.01875 
4 0.35130208333333335 0.39947916666666666 0.009895833333333333 0.020833333333333332 
4 0.36171875 0.39947916666666666 0.009895833333333333 0.020833333333333332 
4 0.37265625 0.3611979166666667 0.009895833333333333 0.019270833333333334 
4 0.4127604166666667 0.40338541666666666 0.009895833333333333 0.0203125 
4 0.4549479166666667 0.403125 0.0109375 0.022916666666666665 
4 0.28489583333333335 0.3067708333333333 0.023958333333333335 0.0125 
4 0.30364583333333334 0.3260416666666667 0.023958333333333335 0.011458333333333333 
4 0.8544270833333333 0.38255208333333335 0.009895833333333333 0.0234375 
4 0.88046875 0.32317708333333334 0.0109375 0.025520833333333333 
4 0.7458333333333333 0.32421875 0.010416666666666666 0.024479166666666666 
4 0.7359375 0.32395833333333335 0.009375 0.021875 
4 0.72578125 0.32447916666666665 0.009895833333333333 0.022916666666666665 
4 0.6924479166666667 0.32135416666666666 0.009895833333333333 0.021875 
4 0.6828125 0.3221354166666667 0.009375 0.022395833333333334 
4 0.67109375 0.3216145833333333 0.008854166666666666 0.022395833333333334 
4 0.659375 0.32005208333333335 0.009375 0.021354166666666667 
4 0.6489583333333333 0.31953125 0.010416666666666666 0.022395833333333334 
4 0.6239583333333333 0.31588541666666664 0.022916666666666665 0.0109375 
4 0.565625 0.3151041666666667 0.022916666666666665 0.011458333333333333 
4 0.540625 0.3143229166666667 0.022916666666666665 0.011979166666666667 
4 0.4890625 0.31328125 0.022916666666666665 0.011979166666666667 
4 0.45859375 0.3125 0.022395833333333334 0.011458333333333333 
4 0.4322916666666667 0.31145833333333334 0.021875 0.011458333333333333 
4 0.36822916666666666 0.30911458333333336 0.023958333333333335 0.011979166666666667 
4 0.53359375 0.4046875 0.0109375 0.022916666666666665 
4 0.6458333333333334 0.40989583333333335 0.010416666666666666 0.021875 
4 0.4036458333333333 0.403125 0.010416666666666666 0.025 
1 0.7346354166666667 1.0403645833333333 0.1328125 0.13489583333333333 
4 0.3067708333333333 0.228125 0.028125 0.0125 
4 0.11588541666666667 0.15520833333333334 0.024479166666666666 0.011458333333333333 
4 0.11614583333333334 0.14375 0.023958333333333335 0.011458333333333333 
4 0.15078125 0.0640625 0.04010416666666667 0.03229166666666667 
4 0.11276041666666667 0.12916666666666668 0.021354166666666667 0.011458333333333333 
4 0.11432291666666666 0.046875 0.0203125 0.009375 
4 0.13463541666666667 0.033854166666666664 0.0234375 0.009375 
4 0.1234375 0.008854166666666666 0.009375 0.0125 
1 0.2635416666666667 0.6963541666666667 0.203125 0.203125 
4 0.590625 0.4080729166666667 0.010416666666666666 0.024479166666666666 
10 0.5958333333333333 0.7078125 0.465625 0.284375 
10 0.42994791666666665 0.9856770833333334 0.4640625 0.2838541666666667 
3 1.1380208333333333 0.775 0.41354166666666664 0.825 
7 0.775 0.22057291666666667 0.053125 0.10989583333333333 
7 0.7088541666666667 0.21822916666666667 0.053125 0.109375 
7 0.6033854166666667 0.21484375 0.05572916666666667 0.10989583333333333 
7 0.5364583333333334 0.21354166666666666 0.05416666666666667 0.109375 
7 0.4705729166666667 0.21145833333333333 0.05364583333333333 0.109375 
4 0.2609375 0.3033854166666667 0.020833333333333332 0.0109375 
4 0.31197916666666664 0.3065104166666667 0.026041666666666668 0.0109375 
4 0.40078125 0.309375 0.024479166666666666 0.011458333333333333 
4 0.34140625 0.3078125 0.024479166666666666 0.010416666666666666 
4 0.5796875 0.40729166666666666 0.011458333333333333 0.020833333333333332 
4 0.5682291666666667 0.40651041666666665 0.011458333333333333 0.0234375 
4 0.5565104166666667 0.40546875 0.0109375 0.022395833333333334 
4 0.5963541666666666 0.3697916666666667 0.011458333333333333 0.027083333333333334 
4 0.5721354166666667 0.37161458333333336 0.011979166666666667 0.024479166666666666 
4 0.5375 0.3671875 0.009375 0.020833333333333332 
4 0.81875 0.325 0.009375 0.021875 
4 0.8072916666666666 0.32421875 0.010416666666666666 0.021354166666666667 
4 0.79765625 0.32421875 0.008854166666666666 0.021354166666666667 
4 0.7869791666666667 0.32265625 0.010416666666666666 0.019270833333333334 
4 0.7765625 0.32395833333333335 0.009375 0.021875 
4 0.7671875 0.32526041666666666 0.010416666666666666 0.0234375 
4 0.7565104166666666 0.32473958333333336 0.009895833333333333 0.022395833333333334 
4 0.7145833333333333 0.32317708333333334 0.010416666666666666 0.022395833333333334 
4 0.7044270833333334 0.32317708333333334 0.009895833333333333 0.022395833333333334 
4 0.5924479166666666 0.3151041666666667 0.021354166666666667 0.010416666666666666 
4 0.5138020833333333 0.3138020833333333 0.021354166666666667 0.011979166666666667 
4 0.865625 0.38177083333333334 0.009375 0.022916666666666665 
4 0.8765625 0.3815104166666667 0.009375 0.022395833333333334 
4 0.8872395833333333 0.3809895833333333 0.009895833333333333 0.0234375 
4 0.26796875 0.3984375 0.009895833333333333 0.021875 
4 0.3828125 0.3997395833333333 0.010416666666666666 0.022395833333333334 
4 0.37161458333333336 0.4 0.009895833333333333 0.022916666666666665 
4 0.34036458333333336 0.4005208333333333 0.009895833333333333 0.021875 
4 0.3307291666666667 0.40208333333333335 0.010416666666666666 0.023958333333333335 
4 0.31015625 0.39869791666666665 0.0109375 0.022395833333333334 
4 0.29973958333333334 0.4 0.0109375 0.025 
4 0.2890625 0.39921875 0.011458333333333333 0.0234375 
4 0.27838541666666666 0.39739583333333334 0.009895833333333333 0.021875 
4 0.24713541666666666 0.39765625 0.009895833333333333 0.024479166666666666 
4 0.89921875 0.38359375 0.009895833333333333 0.024479166666666666 
4 0.3489583333333333 0.36276041666666664 0.010416666666666666 0.022395833333333334 
4 0.3375 0.3625 0.011458333333333333 0.023958333333333335 
4 0.3138020833333333 0.35911458333333335 0.011979166666666667 0.022395833333333334 
4 0.30104166666666665 0.35989583333333336 0.010416666666666666 0.021875 
4 0.28984375 0.3611979166666667 0.009895833333333333 0.021354166666666667 
4 0.27708333333333335 0.36223958333333334 0.010416666666666666 0.0234375 
4 0.265625 0.35833333333333334 0.010416666666666666 0.021875 
4 0.7455729166666667 0.41067708333333336 0.011979166666666667 0.0234375 
4 0.39296875 0.4010416666666667 0.0109375 0.022916666666666665 
4 0.38385416666666666 0.3611979166666667 0.011458333333333333 0.022395833333333334 
4 0.39479166666666665 0.36223958333333334 0.010416666666666666 0.022395833333333334 
4 0.4200520833333333 0.36484375 0.009895833333333333 0.022395833333333334 
4 0.39765625 0.46171875 0.0109375 0.025520833333333333 
4 0.3768229166666667 0.4609375 0.011979166666666667 0.025 
4 0.3645833333333333 0.4625 0.010416666666666666 0.025 
4 0.35260416666666666 0.4625 0.010416666666666666 0.022916666666666665 
4 0.340625 0.4588541666666667 0.010416666666666666 0.023958333333333335 
4 0.32916666666666666 0.46119791666666665 0.010416666666666666 0.025520833333333333 
4 0.31614583333333335 0.46015625 0.011458333333333333 0.024479166666666666 
4 0.3046875 0.45989583333333334 0.010416666666666666 0.023958333333333335 
4 0.28151041666666665 0.459375 0.009895833333333333 0.022916666666666665 
4 0.26979166666666665 0.4622395833333333 0.009375 0.0234375 
4 0.25807291666666665 0.4578125 0.009895833333333333 0.022916666666666665 
4 0.24557291666666667 0.45859375 0.009895833333333333 0.022395833333333334 
4 0.4231770833333333 0.403125 0.009895833333333333 0.023958333333333335 
4 0.44375 0.40338541666666666 0.009375 0.0234375 
4 0.45598958333333334 0.36484375 0.0109375 0.0234375 
4 0.44375 0.36484375 0.011458333333333333 0.022395833333333334 
4 0.4317708333333333 0.3653645833333333 0.010416666666666666 0.021354166666666667 
4 0.73359375 0.4119791666666667 0.0109375 0.026041666666666668 
4 0.72265625 0.4122395833333333 0.009895833333333333 0.022395833333333334 
4 0.7119791666666667 0.41119791666666666 0.010416666666666666 0.0234375 
4 0.5841145833333333 0.37109375 0.009895833333333333 0.0234375 
4 0.5497395833333333 0.3703125 0.009895833333333333 0.023958333333333335 
4 0.9104166666666667 0.3846354166666667 0.010416666666666666 0.024479166666666666 
4 0.92109375 0.3846354166666667 0.009895833333333333 0.022395833333333334 
4 0.9328125 0.3854166666666667 0.010416666666666666 0.023958333333333335 
4 0.9432291666666667 0.38333333333333336 0.010416666666666666 0.019791666666666666 
4 0.9658854166666667 0.38515625 0.009895833333333333 0.022395833333333334 
4 0.978125 0.38645833333333335 0.010416666666666666 0.022916666666666665 
4 0.9885416666666667 0.3885416666666667 0.010416666666666666 0.023958333333333335 
4 0.934375 0.32265625 0.0125 0.025520833333333333 
4 0.9911458333333333 0.32317708333333334 0.010416666666666666 0.0265625 
4 0.98125 0.32395833333333335 0.009375 0.023958333333333335 
4 0.9700520833333334 0.32421875 0.0109375 0.0234375 
4 0.9578125 0.3229166666666667 0.011458333333333333 0.022916666666666665 
4 1.0026041666666667 0.321875 0.011458333333333333 0.021875 
4 0.9463541666666667 0.3229166666666667 0.011458333333333333 0.022916666666666665 
4 0.9223958333333333 0.32083333333333336 0.010416666666666666 0.020833333333333332 
4 0.9549479166666667 0.38645833333333335 0.009895833333333333 0.022916666666666665 
4 0.5606770833333333 0.37265625 0.009895833333333333 0.022395833333333334 
4 0.6075520833333333 0.3729166666666667 0.008854166666666666 0.020833333333333332 
4 0.70078125 0.41328125 0.009895833333333333 0.0234375 
4 0.6200520833333333 0.371875 0.009895833333333333 0.020833333333333332 
4 0.6778645833333333 0.41041666666666665 0.0109375 0.023958333333333335 
4 0.6567708333333333 0.4088541666666667 0.010416666666666666 0.022916666666666665 
4 0.6236979166666666 0.4119791666666667 0.0109375 0.023958333333333335 
4 0.6130208333333333 0.40651041666666665 0.009375 0.021354166666666667 
4 0.6015625 0.40729166666666666 0.010416666666666666 0.023958333333333335 
4 0.5458333333333333 0.4075520833333333 0.010416666666666666 0.024479166666666666 
4 0.7442708333333333 0.37578125 0.010416666666666666 0.0234375 
4 0.7338541666666667 0.37447916666666664 0.009375 0.021875 
4 0.7236979166666667 0.37473958333333335 0.009895833333333333 0.022395833333333334 
4 0.7122395833333334 0.375 0.009895833333333333 0.022916666666666665 
4 0.7015625 0.37552083333333336 0.009375 0.023958333333333335 
4 0.6908854166666667 0.37552083333333336 0.008854166666666666 0.023958333333333335 
4 0.6815104166666667 0.37421875 0.011979166666666667 0.0265625 
4 0.67109375 0.37265625 0.0109375 0.022395833333333334 
4 0.6609375 0.3736979166666667 0.010416666666666666 0.021354166666666667 
4 0.6497395833333334 0.3731770833333333 0.009895833333333333 0.0234375 
4 0.6393229166666666 0.3703125 0.011979166666666667 0.023958333333333335 
7 0.4041666666666667 0.20963541666666666 0.05416666666666667 0.10989583333333333 
