4 0.1515625 0.9947916666666666 0.010416666666666666 0.017708333333333333 
4 0.14244791666666667 0.9919270833333333 0.011979166666666667 0.016145833333333335 
0 0.43046875 0.58828125 0.26927083333333335 0.24739583333333334 
0 0.3067708333333333 0.4 0.196875 0.19270833333333334 
0 0.011458333333333333 0.21484375 0.14375 0.1640625 
4 0.23828125 0.8684895833333334 0.0171875 0.0140625 
4 0.25625 0.8841145833333334 0.017708333333333333 0.0140625 
4 0.2296875 0.8755208333333333 0.01875 0.016666666666666666 
4 0.24791666666666667 0.8885416666666667 0.019791666666666666 0.016666666666666666 
4 0.08723958333333333 0.3893229166666667 0.015104166666666667 0.016145833333333335 
4 0.07604166666666666 0.36953125 0.016666666666666666 0.018229166666666668 
4 0.027864583333333335 0.33515625 0.019270833333333334 0.0203125 
0 0.4309895833333333 0.815625 0.25677083333333334 0.253125 
