4 0.76796875 0.6505208333333333 0.0109375 0.009375 
4 0.8588541666666667 0.5296875 0.010416666666666666 0.008333333333333333 
4 0.8557291666666667 0.5354166666666667 0.011458333333333333 0.009375 
4 0.8515625 0.5403645833333334 0.0125 0.009895833333333333 
4 0.8440104166666667 0.5494791666666666 0.015104166666666667 0.011458333333333333 
4 0.8083333333333333 0.57265625 0.0125 0.009895833333333333 
4 0.8916666666666667 0.6614583333333334 0.008333333333333333 0.010416666666666666 
4 0.76015625 0.6520833333333333 0.0109375 0.011458333333333333 
4 0.7833333333333333 0.65234375 0.011458333333333333 0.009895833333333333 
4 0.7721354166666666 0.6731770833333334 0.013020833333333334 0.009895833333333333 
4 0.7546875 0.7091145833333333 0.011458333333333333 0.008854166666666666 
4 0.75078125 0.7143229166666667 0.0109375 0.0078125 
0 0.7424479166666667 0.60703125 0.13072916666666667 0.1234375 
0 0.6755208333333333 0.721875 0.13333333333333333 0.11875 
0 0.5322916666666667 0.9604166666666667 0.15625 0.15833333333333333 
0 0.07604166666666666 0.8513020833333333 0.06770833333333333 0.06302083333333333 
0 0.13255208333333332 0.753125 0.06614583333333333 0.0625 
0 0.16197916666666667 0.70546875 0.06875 0.06302083333333333 
0 0.19401041666666666 0.6578125 0.08177083333333333 0.07291666666666667 
0 0.8807291666666667 0.3697916666666667 0.11458333333333333 0.10104166666666667 
0 0.5466145833333333 0.06536458333333334 0.06510416666666667 0.0921875 
0 0.0020833333333333333 0.65078125 0.065625 0.059895833333333336 
4 0.0953125 0.7114583333333333 0.009375 0.008333333333333333 
5 0.9125 0.3341145833333333 0.014583333333333334 0.011979166666666667 
0 0.20963541666666666 0.29635416666666664 0.0703125 0.06458333333333334 
