4 0.46197916666666666 0.9572916666666667 0.008333333333333333 0.007291666666666667 
4 0.50546875 0.9682291666666667 0.008854166666666666 0.008333333333333333 
4 0.5169270833333334 0.9815104166666667 0.009895833333333333 0.008854166666666666 
4 0.3497395833333333 0.8296875 0.005729166666666666 0.007291666666666667 
4 0.21588541666666666 0.67890625 0.008854166666666666 0.008854166666666666 
4 0.023177083333333334 0.47213541666666664 0.0078125 0.0078125 
10 0.7763020833333333 0.2677083333333333 0.06197916666666667 0.08645833333333333 
1 0.5763020833333333 0.0421875 0.1015625 0.09895833333333333 
1 0.6671875 0.6838541666666667 0.115625 0.09895833333333333 
1 0.5885416666666666 0.4640625 0.12395833333333334 0.1125 
1 0.4296875 0.74296875 0.13020833333333334 0.1109375 
1 0.46875 0.5950520833333334 0.08854166666666667 0.07552083333333333 
1 0.31223958333333335 0.6122395833333333 0.1328125 0.11302083333333333 
1 0.40078125 0.46770833333333334 0.10260416666666666 0.08125 
1 0.196875 0.49296875 0.12916666666666668 0.11510416666666666 
1 0.29270833333333335 0.3697916666666667 0.13854166666666667 0.12604166666666666 
1 0.4510416666666667 0.3494791666666667 0.09375 0.08333333333333333 
4 0.5111979166666667 0.9752604166666666 0.009895833333333333 0.008854166666666666 
4 0.48359375 0.98359375 0.009895833333333333 0.009895833333333333 
4 0.46848958333333335 0.9653645833333333 0.0078125 0.0067708333333333336 
4 0.49296875 0.9544270833333334 0.008854166666666666 0.0078125 
4 0.44427083333333334 0.8989583333333333 0.009375 0.008333333333333333 
4 0.4505208333333333 0.90625 0.008333333333333333 0.007291666666666667 
4 0.45338541666666665 0.9096354166666667 0.0078125 0.0078125 
4 0.4473958333333333 0.90234375 0.008333333333333333 0.0078125 
4 0.45677083333333335 0.9125 0.009375 0.008333333333333333 
4 0.45989583333333334 0.9161458333333333 0.009375 0.009375 
4 0.4625 0.9200520833333333 0.009375 0.008854166666666666 
4 0.46588541666666666 0.9231770833333334 0.008854166666666666 0.008854166666666666 
4 0.46901041666666665 0.9276041666666667 0.0078125 0.007291666666666667 
4 0.47109375 0.93046875 0.008854166666666666 0.008854166666666666 
4 0.4747395833333333 0.93359375 0.009895833333333333 0.008854166666666666 
4 0.48046875 0.940625 0.009895833333333333 0.008333333333333333 
4 0.48385416666666664 0.9442708333333333 0.009375 0.009375 
4 0.4869791666666667 0.946875 0.008333333333333333 0.008333333333333333 
4 0.4901041666666667 0.95078125 0.009375 0.008854166666666666 
1 0.39505208333333336 0.22057291666666667 0.09739583333333333 0.08072916666666667 
