4 0.08723958333333333 0.37552083333333336 0.0203125 0.01875 
0 0.85 0.5484375 0.06666666666666667 0.06979166666666667 
0 0.7947916666666667 0.5908854166666667 0.06770833333333333 0.07239583333333334 
0 0.4984375 0.8059895833333334 0.05625 0.058854166666666666 
0 0.46953125 0.7653645833333333 0.05364583333333333 0.05260416666666667 
0 0.4192708333333333 0.8604166666666667 0.04895833333333333 0.04895833333333333 
0 0.3919270833333333 0.8236979166666667 0.049479166666666664 0.0484375 
0 0.7065104166666667 0.5161458333333333 0.04635416666666667 0.042708333333333334 
0 0.62265625 0.5830729166666667 0.0484375 0.04635416666666667 
0 0.5791666666666667 0.6130208333333333 0.04791666666666667 0.046875 
0 0.4505208333333333 0.7083333333333334 0.053125 0.051041666666666666 
0 0.40729166666666666 0.73828125 0.04895833333333333 0.04739583333333333 
0 0.36875 0.7674479166666667 0.05 0.0484375 
0 0.7080729166666667 0.4010416666666667 0.05572916666666667 0.05416666666666667 
0 0.5106770833333333 0.5447916666666667 0.05260416666666667 0.051041666666666666 
0 0.43046875 0.6010416666666667 0.04635416666666667 0.046875 
0 0.38697916666666665 0.6307291666666667 0.042708333333333334 0.04479166666666667 
0 0.353125 0.6609375 0.051041666666666666 0.053125 
0 0.30911458333333336 0.6908854166666667 0.05364583333333333 0.0515625 
0 0.6098958333333333 0.29401041666666666 0.051041666666666666 0.05572916666666667 
0 0.57734375 0.253125 0.049479166666666664 0.05 
0 0.5302083333333333 0.35598958333333336 0.052083333333333336 0.0453125 
0 0.4830729166666667 0.38776041666666666 0.0578125 0.0546875 
0 0.39375 0.45807291666666666 0.058333333333333334 0.0546875 
0 0.33671875 0.5005208333333333 0.0578125 0.05625 
0 0.13020833333333334 0.6427083333333333 0.04791666666666667 0.05520833333333333 
0 0.15677083333333333 0.621875 0.05416666666666667 0.053125 
0 0.12395833333333334 0.6083333333333333 0.08125 0.08333333333333333 
0 0.76484375 0.17135416666666667 0.0609375 0.06458333333333334 
0 0.7333333333333333 0.13567708333333334 0.051041666666666666 0.05572916666666667 
0 0.6356770833333333 0.15494791666666666 0.0421875 0.043229166666666666 
4 0.5268229166666667 0.059375 0.013020833333333334 0.0125 
4 0.18046875 0.3302083333333333 0.019270833333333334 0.016666666666666666 
4 0.19114583333333332 0.34479166666666666 0.019791666666666666 0.017708333333333333 
4 0.26484375 0.43307291666666664 0.021354166666666667 0.018229166666666668 
5 0.73984375 0.06015625 0.0359375 0.013020833333333334 
5 0.7341145833333333 0.046614583333333334 0.03697916666666667 0.013020833333333334 
5 0.721875 0.03619791666666667 0.03333333333333333 0.0140625 
4 0.5546875 0.10859375 0.0125 0.013020833333333334 
4 0.5515625 0.09921875 0.015625 0.013020833333333334 
4 0.5216145833333333 0.053125 0.0171875 0.013541666666666667 
0 0.6096354166666667 0.12291666666666666 0.04010416666666667 0.04479166666666667 
4 0.31302083333333336 0.23359375 0.014583333333333334 0.0171875 
4 0.32708333333333334 0.2515625 0.015625 0.01875 
4 0.2984375 0.21119791666666668 0.015625 0.018229166666666668 
0 0.6916666666666667 0.11380208333333333 0.0375 0.04114583333333333 
0 0.6635416666666667 0.07864583333333333 0.035416666666666666 0.036458333333333336 
0 0.63984375 0.044270833333333336 0.044270833333333336 0.05 
0 0.6114583333333333 0.009114583333333334 0.04479166666666667 0.0484375 
0 0.5692708333333333 0.05364583333333333 0.03958333333333333 0.04479166666666667 
0 0.58828125 0.08932291666666667 0.04114583333333333 0.0421875 
4 0.2828125 0.19244791666666666 0.017708333333333333 0.018229166666666668 
