9 0.47942708333333334 0.05546875 0.0484375 0.0453125 
4 0.08723958333333333 0.534375 0.0203125 0.01875 
0 0.85 0.7072916666666667 0.06666666666666667 0.06979166666666667 
0 0.7947916666666667 0.7497395833333333 0.06770833333333333 0.07239583333333334 
0 0.4984375 0.96484375 0.05625 0.058854166666666666 
0 0.46953125 0.92421875 0.05364583333333333 0.05260416666666667 
0 0.4192708333333333 1.0192708333333333 0.04895833333333333 0.04895833333333333 
0 0.3919270833333333 0.9825520833333333 0.049479166666666664 0.0484375 
0 0.7065104166666667 0.675 0.04635416666666667 0.042708333333333334 
0 0.62265625 0.7419270833333333 0.0484375 0.04635416666666667 
0 0.5791666666666667 0.771875 0.04791666666666667 0.046875 
0 0.4505208333333333 0.8671875 0.053125 0.051041666666666666 
0 0.40729166666666666 0.8971354166666666 0.04895833333333333 0.04739583333333333 
0 0.36875 0.9263020833333333 0.05 0.0484375 
0 0.7080729166666667 0.5598958333333334 0.05572916666666667 0.05416666666666667 
0 0.5106770833333333 0.7036458333333333 0.05260416666666667 0.051041666666666666 
0 0.43046875 0.7598958333333333 0.04635416666666667 0.046875 
0 0.38697916666666665 0.7895833333333333 0.042708333333333334 0.04479166666666667 
0 0.353125 0.8197916666666667 0.051041666666666666 0.053125 
0 0.30911458333333336 0.8497395833333333 0.05364583333333333 0.0515625 
0 0.6098958333333333 0.45286458333333335 0.051041666666666666 0.05572916666666667 
0 0.57734375 0.4119791666666667 0.049479166666666664 0.05 
0 0.5302083333333333 0.51484375 0.052083333333333336 0.0453125 
0 0.4830729166666667 0.5466145833333333 0.0578125 0.0546875 
0 0.39375 0.6169270833333333 0.058333333333333334 0.0546875 
0 0.33671875 0.659375 0.0578125 0.05625 
0 0.13020833333333334 0.8015625 0.04791666666666667 0.05520833333333333 
0 0.15677083333333333 0.7807291666666667 0.05416666666666667 0.053125 
0 0.12395833333333334 0.7671875 0.08125 0.08333333333333333 
0 0.76484375 0.3302083333333333 0.0609375 0.06458333333333334 
0 0.7333333333333333 0.29453125 0.051041666666666666 0.05572916666666667 
0 0.6356770833333333 0.3138020833333333 0.0421875 0.043229166666666666 
4 0.5268229166666667 0.21822916666666667 0.013020833333333334 0.0125 
4 0.18046875 0.4890625 0.019270833333333334 0.016666666666666666 
4 0.19114583333333332 0.5036458333333333 0.019791666666666666 0.017708333333333333 
4 0.26484375 0.5919270833333333 0.021354166666666667 0.018229166666666668 
4 0.8942708333333333 0.058333333333333334 0.017708333333333333 0.019791666666666666 
4 0.9375 0.10130208333333333 0.014583333333333334 0.016145833333333335 
4 0.9283854166666666 0.10677083333333333 0.0171875 0.017708333333333333 
5 0.73984375 0.21901041666666668 0.0359375 0.013020833333333334 
5 0.7341145833333333 0.20546875 0.03697916666666667 0.013020833333333334 
5 0.721875 0.19505208333333332 0.03333333333333333 0.0140625 
5 0.6799479166666667 0.14036458333333332 0.03177083333333333 0.0265625 
4 0.5546875 0.2674479166666667 0.0125 0.013020833333333334 
4 0.5515625 0.25807291666666665 0.015625 0.013020833333333334 
4 0.5216145833333333 0.21197916666666666 0.0171875 0.013541666666666667 
0 0.6096354166666667 0.28177083333333336 0.04010416666666667 0.04479166666666667 
4 0.5927083333333333 0.09166666666666666 0.013541666666666667 0.01875 
4 0.5778645833333333 0.09427083333333333 0.011979166666666667 0.019791666666666666 
4 0.5697916666666667 0.10078125 0.0125 0.022395833333333334 
4 0.31302083333333336 0.3924479166666667 0.014583333333333334 0.0171875 
4 0.32708333333333334 0.41041666666666665 0.015625 0.01875 
4 0.2984375 0.37005208333333334 0.015625 0.018229166666666668 
0 0.6916666666666667 0.27265625 0.0375 0.04114583333333333 
0 0.6635416666666667 0.2375 0.035416666666666666 0.036458333333333336 
0 0.63984375 0.203125 0.044270833333333336 0.05 
0 0.6114583333333333 0.16796875 0.04479166666666667 0.0484375 
0 0.5692708333333333 0.2125 0.03958333333333333 0.04479166666666667 
0 0.58828125 0.24817708333333333 0.04114583333333333 0.0421875 
4 0.2828125 0.35130208333333335 0.017708333333333333 0.018229166666666668 
