0 0.94765625 0.8817708333333333 0.04739583333333333 0.05416666666666667 
0 0.9697916666666667 0.8333333333333334 0.04583333333333333 0.051041666666666666 
0 1.0143229166666667 0.7278645833333334 0.0390625 0.04635416666666667 
0 0.99140625 0.778125 0.04114583333333333 0.04583333333333333 
0 0.6609375 0.371875 0.04791666666666667 0.05625 
0 0.8434895833333333 0.8325520833333333 0.0484375 0.05572916666666667 
0 0.7380208333333333 0.7861979166666667 0.05520833333333333 0.058854166666666666 
0 0.76640625 0.7346354166666667 0.05260416666666667 0.058854166666666666 
0 0.8072916666666666 0.63125 0.04583333333333333 0.05416666666666667 
0 0.97890625 0.5052083333333334 0.049479166666666664 0.04375 
0 0.6940104166666666 0.38671875 0.05364583333333333 0.049479166666666664 
0 0.23307291666666666 0.39505208333333336 0.05572916666666667 0.04635416666666667 
0 0.8854166666666666 0.7294270833333333 0.053125 0.059895833333333336 
