4 0.6140625 0.9572916666666667 0.008333333333333333 0.007291666666666667 
4 0.6575520833333334 0.9682291666666667 0.008854166666666666 0.008333333333333333 
4 0.6690104166666667 0.9815104166666667 0.009895833333333333 0.008854166666666666 
4 0.5018229166666667 0.8296875 0.005729166666666666 0.007291666666666667 
4 0.36796875 0.67890625 0.008854166666666666 0.008854166666666666 
4 0.17526041666666667 0.47213541666666664 0.0078125 0.0078125 
10 0.9283854166666666 0.2677083333333333 0.06197916666666667 0.08645833333333333 
1 0.7283854166666667 0.0421875 0.1015625 0.09895833333333333 
1 0.8192708333333333 0.6838541666666667 0.115625 0.09895833333333333 
1 0.740625 0.4640625 0.12395833333333334 0.1125 
1 0.5817708333333333 0.74296875 0.13020833333333334 0.1109375 
1 0.6208333333333333 0.5950520833333334 0.08854166666666667 0.07552083333333333 
1 0.46432291666666664 0.6122395833333333 0.1328125 0.11302083333333333 
1 0.5528645833333333 0.46770833333333334 0.10260416666666666 0.08125 
1 0.3489583333333333 0.49296875 0.12916666666666668 0.11510416666666666 
1 0.44479166666666664 0.3697916666666667 0.13854166666666667 0.12604166666666666 
1 0.603125 0.3494791666666667 0.09375 0.08333333333333333 
4 0.66328125 0.9752604166666666 0.009895833333333333 0.008854166666666666 
4 0.6356770833333333 0.98359375 0.009895833333333333 0.009895833333333333 
4 0.6205729166666667 0.9653645833333333 0.0078125 0.0067708333333333336 
4 0.6450520833333333 0.9544270833333334 0.008854166666666666 0.0078125 
4 0.5963541666666666 0.8989583333333333 0.009375 0.008333333333333333 
4 0.6026041666666667 0.90625 0.008333333333333333 0.007291666666666667 
4 0.60546875 0.9096354166666667 0.0078125 0.0078125 
4 0.5994791666666667 0.90234375 0.008333333333333333 0.0078125 
4 0.6088541666666667 0.9125 0.009375 0.008333333333333333 
4 0.6119791666666666 0.9161458333333333 0.009375 0.009375 
4 0.6145833333333334 0.9200520833333333 0.009375 0.008854166666666666 
4 0.61796875 0.9231770833333334 0.008854166666666666 0.008854166666666666 
4 0.62109375 0.9276041666666667 0.0078125 0.007291666666666667 
4 0.6231770833333333 0.93046875 0.008854166666666666 0.008854166666666666 
4 0.6268229166666667 0.93359375 0.009895833333333333 0.008854166666666666 
4 0.6325520833333333 0.940625 0.009895833333333333 0.008333333333333333 
4 0.6359375 0.9442708333333333 0.009375 0.009375 
4 0.6390625 0.946875 0.008333333333333333 0.008333333333333333 
4 0.6421875 0.95078125 0.009375 0.008854166666666666 
1 0.5471354166666667 0.22057291666666667 0.09739583333333333 0.08072916666666667 
