4 0.07682291666666667 0.37552083333333336 0.0203125 0.01875 
0 0.8395833333333333 0.5484375 0.06666666666666667 0.06979166666666667 
0 0.784375 0.5908854166666667 0.06770833333333333 0.07239583333333334 
0 0.48802083333333335 0.8059895833333334 0.05625 0.058854166666666666 
0 0.4591145833333333 0.7653645833333333 0.05364583333333333 0.05260416666666667 
0 0.4088541666666667 0.8604166666666667 0.04895833333333333 0.04895833333333333 
0 0.3815104166666667 0.8236979166666667 0.049479166666666664 0.0484375 
0 0.69609375 0.5161458333333333 0.04635416666666667 0.042708333333333334 
0 0.6122395833333333 0.5830729166666667 0.0484375 0.04635416666666667 
0 0.56875 0.6130208333333333 0.04791666666666667 0.046875 
0 0.4401041666666667 0.7083333333333334 0.053125 0.051041666666666666 
0 0.396875 0.73828125 0.04895833333333333 0.04739583333333333 
0 0.35833333333333334 0.7674479166666667 0.05 0.0484375 
0 0.69765625 0.4010416666666667 0.05572916666666667 0.05416666666666667 
0 0.5002604166666667 0.5447916666666667 0.05260416666666667 0.051041666666666666 
0 0.4200520833333333 0.6010416666666667 0.04635416666666667 0.046875 
0 0.3765625 0.6307291666666667 0.042708333333333334 0.04479166666666667 
0 0.34270833333333334 0.6609375 0.051041666666666666 0.053125 
0 0.2986979166666667 0.6908854166666667 0.05364583333333333 0.0515625 
0 0.5994791666666667 0.29401041666666666 0.051041666666666666 0.05572916666666667 
0 0.5669270833333333 0.253125 0.049479166666666664 0.05 
0 0.5197916666666667 0.35598958333333336 0.052083333333333336 0.0453125 
0 0.47265625 0.38776041666666666 0.0578125 0.0546875 
0 0.38333333333333336 0.45807291666666666 0.058333333333333334 0.0546875 
0 0.3263020833333333 0.5005208333333333 0.0578125 0.05625 
0 0.11979166666666667 0.6427083333333333 0.04791666666666667 0.05520833333333333 
0 0.14635416666666667 0.621875 0.05416666666666667 0.053125 
0 0.11354166666666667 0.6083333333333333 0.08125 0.08333333333333333 
0 0.7544270833333333 0.17135416666666667 0.0609375 0.06458333333333334 
0 0.7229166666666667 0.13567708333333334 0.051041666666666666 0.05572916666666667 
0 0.6252604166666667 0.15494791666666666 0.0421875 0.043229166666666666 
4 0.51640625 0.059375 0.013020833333333334 0.0125 
4 0.17005208333333333 0.3302083333333333 0.019270833333333334 0.016666666666666666 
4 0.18072916666666666 0.34479166666666666 0.019791666666666666 0.017708333333333333 
4 0.25442708333333336 0.43307291666666664 0.021354166666666667 0.018229166666666668 
5 0.7294270833333333 0.06015625 0.0359375 0.013020833333333334 
5 0.7236979166666667 0.046614583333333334 0.03697916666666667 0.013020833333333334 
5 0.7114583333333333 0.03619791666666667 0.03333333333333333 0.0140625 
4 0.5442708333333334 0.10859375 0.0125 0.013020833333333334 
4 0.5411458333333333 0.09921875 0.015625 0.013020833333333334 
4 0.5111979166666667 0.053125 0.0171875 0.013541666666666667 
0 0.59921875 0.12291666666666666 0.04010416666666667 0.04479166666666667 
4 0.3026041666666667 0.23359375 0.014583333333333334 0.0171875 
4 0.31666666666666665 0.2515625 0.015625 0.01875 
4 0.28802083333333334 0.21119791666666668 0.015625 0.018229166666666668 
0 0.68125 0.11380208333333333 0.0375 0.04114583333333333 
0 0.653125 0.07864583333333333 0.035416666666666666 0.036458333333333336 
0 0.6294270833333333 0.044270833333333336 0.044270833333333336 0.05 
0 0.6010416666666667 0.009114583333333334 0.04479166666666667 0.0484375 
0 0.5588541666666667 0.05364583333333333 0.03958333333333333 0.04479166666666667 
0 0.5778645833333333 0.08932291666666667 0.04114583333333333 0.0421875 
4 0.27239583333333334 0.19244791666666666 0.017708333333333333 0.018229166666666668 
