0 0.94765625 0.6723958333333333 0.04739583333333333 0.05416666666666667 
0 0.9697916666666667 0.6239583333333333 0.04583333333333333 0.051041666666666666 
0 1.0143229166666667 0.5184895833333333 0.0390625 0.04635416666666667 
0 0.99140625 0.56875 0.04114583333333333 0.04583333333333333 
0 0.6609375 0.1625 0.04791666666666667 0.05625 
0 0.8434895833333333 0.6231770833333333 0.0484375 0.05572916666666667 
0 0.7380208333333333 0.5768229166666666 0.05520833333333333 0.058854166666666666 
0 0.76640625 0.5252604166666667 0.05260416666666667 0.058854166666666666 
0 0.8072916666666666 0.421875 0.04583333333333333 0.05416666666666667 
0 0.97890625 0.29583333333333334 0.049479166666666664 0.04375 
0 0.6940104166666666 0.17734375 0.05364583333333333 0.049479166666666664 
0 0.23307291666666666 0.18567708333333333 0.05572916666666667 0.04635416666666667 
0 0.8854166666666666 0.5200520833333333 0.053125 0.059895833333333336 
