4 0.402002427184466 0.17696304849884525 0.010315533980582525 0.005196304849884526 
4 0.11529126213592233 0.8227482678983834 0.0048543689320388345 0.008083140877598153 
4 0.5728155339805825 0.06062355658198614 0.0048543689320388345 0.009237875288683603 
4 0.49726941747572817 0.045323325635103925 0.010315533980582525 0.0040415704387990765 
4 0.5266990291262136 0.050519630484988455 0.009708737864077669 0.005196304849884526 
4 0.441747572815534 0.19168591224018475 0.00849514563106796 0.004618937644341801 
4 0.21692961165048544 0.17811778290993072 0.011529126213592233 0.005196304849884526 
4 0.1941747572815534 0.1642609699769053 0.00849514563106796 0.005196304849884526 
4 0.10983009708737865 0.9393764434180139 0.006067961165048544 0.011547344110854504 
4 0.08040048543689321 0.8680715935334873 0.007888349514563107 0.0040415704387990765 
4 0.07433252427184465 0.6657043879907621 0.007888349514563107 0.003464203233256351 
4 0.38470873786407767 0.25115473441108543 0.0048543689320388345 0.011547344110854504 
4 0.07463592233009708 0.6599307159353349 0.00849514563106796 0.004618937644341801 
4 0.07584951456310679 0.641743648960739 0.009708737864077669 0.005196304849884526 
4 0.042779126213592235 0.589203233256351 0.0054611650485436895 0.010969976905311778 
4 0.030036407766990292 0.5129907621247113 0.00424757281553398 0.009815242494226328 
4 0.03125 0.4907621247113164 0.00424757281553398 0.009237875288683603 
4 0.04975728155339806 0.42407621247113164 0.009708737864077669 0.005196304849884526 
4 0.44599514563106796 0.028290993071593534 0.010922330097087379 0.004618937644341801 
4 0.3901699029126214 0.16628175519630484 0.009708737864077669 0.004618937644341801 
4 0.5670509708737864 0.06062355658198614 0.00424757281553398 0.010392609699769052 
4 0.6374393203883495 0.05715935334872979 0.011529126213592233 0.005773672055427252 
4 0.53125 0.15790993071593534 0.00424757281553398 0.007505773672055427 
4 0.5142597087378641 0.15704387990762125 0.0054611650485436895 0.009237875288683603 
4 0.7618325242718447 0.09411085450346421 0.009101941747572815 0.005773672055427252 
4 0.7700242718446602 0.08920323325635104 0.00849514563106796 0.0040415704387990765 
4 0.7730582524271845 0.07881062355658199 0.009708737864077669 0.005196304849884526 
4 0.7924757281553398 0.07072748267898384 0.010922330097087379 0.005196304849884526 
4 0.7927791262135923 0.07621247113163972 0.009101941747572815 0.005773672055427252 
4 0.7930825242718447 0.08140877598152425 0.009708737864077669 0.004618937644341801 
4 0.7921723300970874 0.08689376443418013 0.010315533980582525 0.006351039260969977 
4 0.7918689320388349 0.09757505773672055 0.010922330097087379 0.005773672055427252 
4 0.7921723300970874 0.1033487297921478 0.010315533980582525 0.004618937644341801 
4 0.7912621359223301 0.10854503464203233 0.010922330097087379 0.004618937644341801 
4 0.7915655339805825 0.11374133949191687 0.010315533980582525 0.004618937644341801 
4 0.7912621359223301 0.13019630484988454 0.010922330097087379 0.0040415704387990765 
4 0.7903519417475728 0.1351039260969977 0.009101941747572815 0.004618937644341801 
4 0.7357402912621359 0.23556581986143188 0.010315533980582525 0.005773672055427252 
4 0.6510922330097088 0.2228637413394919 0.006067961165048544 0.009237875288683603 
4 0.6010315533980582 0.17927251732101618 0.009101941747572815 0.0040415704387990765 
4 0.529126213592233 0.1789838337182448 0.0048543689320388345 0.008083140877598153 
4 0.3892597087378641 0.16079676674364896 0.009101941747572815 0.0040415704387990765 
4 0.3895631067961165 0.13366050808314087 0.010922330097087379 0.005196304849884526 
4 0.41262135922330095 0.31986143187066973 0.010922330097087379 0.006928406466512702 
4 0.1962985436893204 0.13712471131639722 0.007888349514563107 0.0040415704387990765 
4 0.21814320388349515 0.10392609699769054 0.00424757281553398 0.008083140877598153 
4 0.27336165048543687 0.07505773672055427 0.007888349514563107 0.009237875288683603 
4 0.2554611650485437 0.05744803695150116 0.00849514563106796 0.0040415704387990765 
4 0.3134101941747573 0.0355080831408776 0.00424757281553398 0.008660508083140877 
4 0.23118932038834952 0.021362586605080832 0.0048543689320388345 0.009237875288683603 
4 0.23725728155339806 0.022228637413394918 0.0048543689320388345 0.008660508083140877 
4 0.020024271844660196 0.4896073903002309 0.0048543689320388345 0.009237875288683603 
4 0.14987864077669902 0.46506928406466513 0.010922330097087379 0.009815242494226328 
3 0.8128033980582524 0.5349307159353349 0.22997572815533981 0.40473441108545033 
10 0.8128033980582524 0.5372401847575058 0.1595873786407767 0.22575057736720555 
7 0.45904126213592233 0.39636258660508084 0.026092233009708737 0.05369515011547344 
7 0.4208131067961165 0.394919168591224 0.02487864077669903 0.050808314087759814 
7 0.38319174757281554 0.39549653579676675 0.02487864077669903 0.050808314087759814 
7 0.3449635922330097 0.3952078521939954 0.02487864077669903 0.05138568129330254 
7 0.3094660194174757 0.39376443418013857 0.025485436893203883 0.050808314087759814 
7 0.27275485436893204 0.3931870669745958 0.02487864077669903 0.050808314087759814 
7 0.23300970873786409 0.39260969976905313 0.025485436893203883 0.05196304849884527 
4 0.13470873786407767 0.12673210161662818 0.010922330097087379 0.005196304849884526 
4 0.1962985436893204 0.14289838337182448 0.009101941747572815 0.005196304849884526 
4 0.39775485436893204 0.3163972286374134 0.012742718446601941 0.009237875288683603 
4 0.1966019417475728 0.14838337182448036 0.009708737864077669 0.004618937644341801 
4 0.36802184466019416 0.3062933025404157 0.00424757281553398 0.007505773672055427 
4 0.3628640776699029 0.30513856812933027 0.0036407766990291263 0.008660508083140877 
4 0.35649271844660196 0.3042725173210162 0.00424757281553398 0.008083140877598153 
4 0.3246359223300971 0.3034064665127021 0.0048543689320388345 0.009815242494226328 
4 0.2712378640776699 0.3031177829099307 0.0048543689320388345 0.009237875288683603 
4 0.28762135922330095 0.30282909930715934 0.0036407766990291263 0.008660508083140877 
4 0.2554611650485437 0.3031177829099307 0.0048543689320388345 0.010392609699769052 
4 0.24514563106796117 0.3042725173210162 0.0048543689320388345 0.009237875288683603 
4 0.2345266990291262 0.30369515011547343 0.006674757281553398 0.009237875288683603 
4 0.22512135922330098 0.30282909930715934 0.006067961165048544 0.009815242494226328 
4 0.21875 0.30282909930715934 0.0054611650485436895 0.009815242494226328 
4 0.21359223300970873 0.3031177829099307 0.0048543689320388345 0.008083140877598153 
4 0.19933252427184467 0.11403002309468822 0.0054611650485436895 0.009815242494226328 
4 0.1083131067961165 0.22979214780600463 0.010315533980582525 0.004618937644341801 
4 0.1262135922330097 0.1844688221709007 0.00849514563106796 0.0040415704387990765 
4 0.127123786407767 0.17551963048498845 0.007888349514563107 0.004618937644341801 
4 0.12348300970873786 0.15242494226327943 0.010315533980582525 0.005773672055427252 
4 0.602245145631068 0.03262124711316397 0.009101941747572815 0.005196304849884526 
4 0.7933859223300971 0.06466512702078522 0.009101941747572815 0.004618937644341801 
4 0.7930825242718447 0.06033487297921478 0.00849514563106796 0.0040415704387990765 
4 0.4265776699029126 0.1550230946882217 0.010922330097087379 0.0040415704387990765 
4 0.014259708737864078 0.49018475750577367 0.00424757281553398 0.009237875288683603 
4 0.020934466019417477 0.5871824480369515 0.0054611650485436895 0.008083140877598153 
4 0.07433252427184465 0.648094688221709 0.009101941747572815 0.005196304849884526 
4 0.07493932038834951 0.6541570438799076 0.009101941747572815 0.005773672055427252 
1 0.2961165048543689 0.7072748267898383 0.10800970873786407 0.10392609699769054 
4 0.29975728155339804 0.9463048498845266 0.009708737864077669 0.005773672055427252 
4 0.6010315533980582 0.7621247113163973 0.009101941747572815 0.011547344110854504 
4 0.9632888349514563 0.16945727482678985 0.009101941747572815 0.0040415704387990765 
4 0.9393203883495146 0.1359699769053118 0.0036407766990291263 0.008660508083140877 
4 0.9611650485436893 0.11489607390300231 0.00849514563106796 0.003464203233256351 
4 0.941747572815534 0.11749422632794457 0.0048543689320388345 0.010969976905311778 
4 0.9220266990291263 0.11836027713625866 0.010315533980582525 0.005773672055427252 
4 0.935376213592233 0.022517321016166283 0.00424757281553398 0.010392609699769052 
4 0.9520631067961165 0.022228637413394918 0.0048543689320388345 0.01212471131639723 
4 0.9517597087378641 0.034064665127020784 0.00424757281553398 0.009237875288683603 
4 0.9566140776699029 0.05802540415704388 0.011529126213592233 0.005196304849884526 
4 0.9587378640776699 0.0632217090069284 0.010922330097087379 0.005196304849884526 
4 0.4262742718446602 0.1659930715935335 0.010315533980582525 0.005196304849884526 
4 0.4007888349514563 0.14405311778290994 0.010315533980582525 0.0040415704387990765 
4 0.9229368932038835 0.08342956120092379 0.010922330097087379 0.005196304849884526 
4 0.2782160194174757 0.07159353348729793 0.007888349514563107 0.008083140877598153 
4 0.38531553398058255 0.20583140877598152 0.0048543689320388345 0.008660508083140877 
4 0.4262742718446602 0.14953810623556582 0.009101941747572815 0.004618937644341801 
4 0.2408980582524272 0.17032332563510394 0.006067961165048544 0.009237875288683603 
4 0.5415655339805825 0.018475750577367205 0.010315533980582525 0.003464203233256351 
4 0.5846480582524272 0.048787528868360276 0.009101941747572815 0.005196304849884526 
4 0.9611650485436893 0.10998845265588915 0.009708737864077669 0.005196304849884526 
4 0.9808859223300971 0.8562355658198614 0.0054611650485436895 0.010392609699769052 
4 0.975121359223301 0.8568129330254042 0.006067961165048544 0.010392609699769052 
4 0.33889563106796117 0.8585450346420324 0.012742718446601941 0.006928406466512702 
4 0.18780339805825244 0.9318706697459584 0.009101941747572815 0.004618937644341801 
4 0.18810679611650485 0.937066974595843 0.009708737864077669 0.004618937644341801 
4 0.1884101941747573 0.9422632794457275 0.009101941747572815 0.005773672055427252 
4 0.3237257281553398 0.8998267898383372 0.010315533980582525 0.006351039260969977 
4 0.035800970873786406 0.5135681293302541 0.0036407766990291263 0.009815242494226328 
4 0.19144417475728157 0.32361431870669743 0.00424757281553398 0.009815242494226328 
4 0.4265776699029126 0.1766743648960739 0.00849514563106796 0.005773672055427252 
4 0.11771844660194175 0.1273094688221709 0.0048543689320388345 0.008660508083140877 
4 0.9590412621359223 0.0687066974595843 0.009101941747572815 0.004618937644341801 
4 0.9842233009708737 0.20496535796766743 0.0048543689320388345 0.008083140877598153 
4 0.8158373786407767 0.151270207852194 0.0054611650485436895 0.010392609699769052 
4 0.7845873786407767 0.8666281755196305 0.006067961165048544 0.009237875288683603 
4 0.7845873786407767 0.9474595842956121 0.006067961165048544 0.009237875288683603 
4 0.6911407766990292 0.9647806004618937 0.006067961165048544 0.010392609699769052 
4 0.7506067961165048 0.980080831408776 0.007281553398058253 0.010969976905311778 
4 0.7236043689320388 0.9861431870669746 0.007888349514563107 0.009237875288683603 
4 0.7078276699029126 0.9890300230946882 0.007888349514563107 0.011547344110854504 
4 0.7135922330097088 0.9618937644341802 0.006067961165048544 0.012702078521939953 
4 0.7290655339805825 0.9754618937644342 0.009101941747572815 0.005196304849884526 
4 0.7909587378640777 0.9474595842956121 0.006674757281553398 0.011547344110854504 
4 0.8091626213592233 0.9460161662817552 0.011529126213592233 0.006351039260969977 
4 0.8404126213592233 0.1922632794457275 0.0036407766990291263 0.010392609699769052 
4 0.8337378640776699 0.17090069284064666 0.006067961165048544 0.011547344110854504 
4 0.8689320388349514 0.151270207852194 0.0048543689320388345 0.009237875288683603 
4 0.8844053398058253 0.15098152424942263 0.00424757281553398 0.009815242494226328 
4 0.8740898058252428 0.15098152424942263 0.0054611650485436895 0.009815242494226328 
4 0.8631674757281553 0.15069284064665128 0.00424757281553398 0.008083140877598153 
4 0.8428398058252428 0.151270207852194 0.006067961165048544 0.010392609699769052 
4 0.8328276699029126 0.151270207852194 0.00424757281553398 0.010392609699769052 
4 0.6975121359223301 0.9910508083140878 0.007888349514563107 0.009815242494226328 
4 0.96875 0.8227482678983834 0.006674757281553398 0.010392609699769052 
4 0.7324029126213593 0.9229214780600462 0.010922330097087379 0.006351039260969977 
4 0.9842233009708737 0.8207274826789839 0.007281553398058253 0.009815242494226328 
4 0.9836165048543689 0.9067551963048499 0.010922330097087379 0.006351039260969977 
4 0.15807038834951456 0.9549653579676675 0.010315533980582525 0.004618937644341801 
4 0.13986650485436894 0.9685334872979214 0.010315533980582525 0.006351039260969977 
4 0.15685679611650485 0.9333140877598153 0.011529126213592233 0.006351039260969977 
4 0.1574635922330097 0.9494803695150116 0.010315533980582525 0.006351039260969977 
4 0.17718446601941748 0.9823903002309469 0.0048543689320388345 0.009815242494226328 
4 0.18810679611650485 0.9818129330254042 0.0048543689320388345 0.008660508083140877 
4 0.33464805825242716 0.9474595842956121 0.010315533980582525 0.006928406466512702 
4 0.2961165048543689 0.918013856812933 0.010922330097087379 0.005773672055427252 
4 0.32099514563106796 0.8900115473441108 0.010922330097087379 0.006351039260969977 
4 0.3255461165048544 0.9116628175519631 0.011529126213592233 0.006928406466512702 
4 0.3300970873786408 0.9310046189376443 0.009708737864077669 0.006351039260969977 
4 0.5934466019417476 0.9878752886836027 0.006067961165048544 0.011547344110854504 
4 0.9814927184466019 0.8969399538106235 0.011529126213592233 0.005196304849884526 
4 0.9123179611650486 0.8879907621247113 0.006674757281553398 0.011547344110854504 
4 0.9575242718446602 0.7901270207852193 0.0048543689320388345 0.009815242494226328 
4 0.9626820388349514 0.7886836027713626 0.0054611650485436895 0.009237875288683603 
7 0.1966019417475728 0.39145496535796764 0.025485436893203883 0.05196304849884527 
