4 0.6140625 0.9927083333333333 0.008333333333333333 0.007291666666666667 
4 0.5018229166666667 0.8651041666666667 0.005729166666666666 0.007291666666666667 
4 0.36796875 0.7143229166666667 0.008854166666666666 0.008854166666666666 
4 0.17526041666666667 0.5075520833333333 0.0078125 0.0078125 
10 0.9283854166666666 0.303125 0.06197916666666667 0.08645833333333333 
1 0.7283854166666667 0.07760416666666667 0.1015625 0.09895833333333333 
1 0.8192708333333333 0.7192708333333333 0.115625 0.09895833333333333 
1 0.740625 0.49947916666666664 0.12395833333333334 0.1125 
1 0.5817708333333333 0.7783854166666667 0.13020833333333334 0.1109375 
1 0.6208333333333333 0.63046875 0.08854166666666667 0.07552083333333333 
1 0.46432291666666664 0.64765625 0.1328125 0.11302083333333333 
1 0.5528645833333333 0.503125 0.10260416666666666 0.08125 
1 0.3489583333333333 0.5283854166666667 0.12916666666666668 0.11510416666666666 
1 0.44479166666666664 0.40520833333333334 0.13854166666666667 0.12604166666666666 
1 0.603125 0.3848958333333333 0.09375 0.08333333333333333 
4 0.6450520833333333 0.98984375 0.008854166666666666 0.0078125 
4 0.5963541666666666 0.934375 0.009375 0.008333333333333333 
4 0.6026041666666667 0.9416666666666667 0.008333333333333333 0.007291666666666667 
4 0.60546875 0.9450520833333333 0.0078125 0.0078125 
4 0.5994791666666667 0.9377604166666667 0.008333333333333333 0.0078125 
4 0.6088541666666667 0.9479166666666666 0.009375 0.008333333333333333 
4 0.6119791666666666 0.9515625 0.009375 0.009375 
4 0.6145833333333334 0.95546875 0.009375 0.008854166666666666 
4 0.61796875 0.95859375 0.008854166666666666 0.008854166666666666 
4 0.62109375 0.9630208333333333 0.0078125 0.007291666666666667 
4 0.6231770833333333 0.9658854166666667 0.008854166666666666 0.008854166666666666 
4 0.6268229166666667 0.9690104166666667 0.009895833333333333 0.008854166666666666 
4 0.6325520833333333 0.9760416666666667 0.009895833333333333 0.008333333333333333 
4 0.6359375 0.9796875 0.009375 0.009375 
4 0.6390625 0.9822916666666667 0.008333333333333333 0.008333333333333333 
4 0.6421875 0.9861979166666667 0.009375 0.008854166666666666 
1 0.5471354166666667 0.2559895833333333 0.09739583333333333 0.08072916666666667 
