4 0.07942708333333333 0.35494791666666664 0.0067708333333333336 0.0109375 
4 0.14505208333333333 0.4591145833333333 0.0109375 0.008854166666666666 
4 0.14244791666666667 0.4544270833333333 0.009895833333333333 0.0067708333333333336 
4 0.13854166666666667 0.44635416666666666 0.009375 0.007291666666666667 
4 0.13697916666666668 0.44192708333333336 0.011458333333333333 0.008854166666666666 
4 0.1328125 0.4328125 0.010416666666666666 0.009375 
4 0.12447916666666667 0.42109375 0.010416666666666666 0.0078125 
4 0.12083333333333333 0.41458333333333336 0.00625 0.009375 
4 0.11302083333333333 0.403125 0.00625 0.011458333333333333 
4 0.10625 0.39088541666666665 0.007291666666666667 0.011979166666666667 
4 0.09895833333333333 0.3802083333333333 0.00625 0.011458333333333333 
4 0.09270833333333334 0.3729166666666667 0.00625 0.009375 
4 0.08567708333333333 0.36380208333333336 0.0067708333333333336 0.009895833333333333 
4 0.0734375 0.34661458333333334 0.004166666666666667 0.0109375 
4 0.06432291666666666 0.33984375 0.005729166666666666 0.009895833333333333 
4 0.05963541666666667 0.33697916666666666 0.0046875 0.010416666666666666 
4 0.055989583333333336 0.33046875 0.0078125 0.0109375 
4 0.039322916666666666 0.30755208333333334 0.0109375 0.0078125 
4 0.037760416666666664 0.3026041666666667 0.008854166666666666 0.007291666666666667 
4 0.03333333333333333 0.29348958333333336 0.009375 0.009895833333333333 
4 0.025 0.28203125 0.009375 0.0109375 
4 0.00234375 0.26067708333333334 0.009895833333333333 0.0109375 
4 -0.00026041666666666666 0.2565104166666667 0.008854166666666666 0.008854166666666666 
4 0.02421875 0.23932291666666666 0.008854166666666666 0.005729166666666666 
4 0.037760416666666664 0.23776041666666667 0.008854166666666666 0.005729166666666666 
4 0.15260416666666668 0.471875 0.011458333333333333 0.009375 
4 0.04739583333333333 0.234375 0.009375 0.00625 
3 0.6255208333333333 0.45260416666666664 0.3729166666666667 0.38125 
10 0.6205729166666667 0.4609375 0.2203125 0.22916666666666666 
7 0.6130208333333333 0.6403645833333333 0.03958333333333333 0.049479166666666664 
7 0.58671875 0.66015625 0.043229166666666666 0.05260416666666667 
7 0.53671875 0.59765625 0.04010416666666667 0.049479166666666664 
7 0.5135416666666667 0.6161458333333333 0.04375 0.052083333333333336 
7 0.49192708333333335 0.5325520833333334 0.0421875 0.0515625 
7 0.4669270833333333 0.5502604166666667 0.043229166666666666 0.050520833333333334 
1 0.40859375 0.8263020833333333 0.0828125 0.07447916666666667 
1 0.39765625 0.6 0.07135416666666666 0.06145833333333333 
1 0.30026041666666664 0.66171875 0.06302083333333333 0.0578125 
1 0.2203125 0.265625 0.11666666666666667 0.10416666666666667 
1 0.3815104166666667 0.3033854166666667 0.11197916666666667 0.1015625 
1 0.35963541666666665 0.446875 0.09635416666666667 0.09166666666666666 
1 0.2520833333333333 0.53359375 0.1 0.09635416666666667 
1 0.38203125 0.08203125 0.08177083333333333 0.08489583333333334 
1 0.13463541666666667 0.13463541666666667 0.09010416666666667 0.08385416666666666 
4 0.005208333333333333 0.23072916666666668 0.010416666666666666 0.007291666666666667 
4 0.018229166666666668 0.22760416666666666 0.010416666666666666 0.00625 
4 0.0296875 0.22526041666666666 0.009375 0.0067708333333333336 
4 0.04140625 0.22161458333333334 0.008854166666666666 0.005729166666666666 
4 -0.0005208333333333333 0.21848958333333332 0.007291666666666667 0.009895833333333333 
4 0.009635416666666667 0.21614583333333334 0.008854166666666666 0.0125 
4 0.014583333333333334 0.21458333333333332 0.007291666666666667 0.010416666666666666 
4 0.022916666666666665 0.21276041666666667 0.008333333333333333 0.011979166666666667 
4 0.029427083333333333 0.21197916666666666 0.0078125 0.0125 
4 0.034375 0.21015625 0.007291666666666667 0.011979166666666667 
4 0.039322916666666666 0.20859375 0.0067708333333333336 0.011979166666666667 
4 0.06848958333333334 0.0703125 0.0067708333333333336 0.009375 
4 0.024739583333333332 0.03333333333333333 0.0067708333333333336 0.011458333333333333 
4 0.0203125 0.016666666666666666 0.00625 0.009375 
4 0.017447916666666667 0.004427083333333333 0.005729166666666666 0.009895833333333333 
4 0.6484375 0.036458333333333336 0.009375 0.009375 
4 0.6369791666666667 0.6901041666666666 0.008333333333333333 0.0125 
4 0.63671875 0.7182291666666667 0.008854166666666666 0.010416666666666666 
4 0.61328125 0.7083333333333334 0.011979166666666667 0.015625 
4 0.64921875 0.68359375 0.008854166666666666 0.009895833333333333 
4 0.6598958333333333 0.6734375 0.010416666666666666 0.011458333333333333 
4 0.6716145833333333 0.66484375 0.008854166666666666 0.009895833333333333 
4 0.6794270833333333 0.659375 0.008854166666666666 0.010416666666666666 
4 0.6994791666666667 0.6692708333333334 0.010416666666666666 0.011458333333333333 
4 0.6947916666666667 0.6731770833333334 0.009375 0.009895833333333333 
4 0.6903645833333333 0.6755208333333333 0.008854166666666666 0.010416666666666666 
4 0.6864583333333333 0.6791666666666667 0.009375 0.010416666666666666 
4 0.678125 0.68515625 0.009375 0.009895833333333333 
4 0.64921875 0.7080729166666667 0.009895833333333333 0.0109375 
4 0.6434895833333333 0.71015625 0.0109375 0.0109375 
4 0.5557291666666667 0.759375 0.0125 0.0125 
4 0.5356770833333333 0.7703125 0.0109375 0.0125 
4 0.53046875 0.7760416666666666 0.0078125 0.009375 
4 0.825 0.9463541666666667 0.00625 0.008333333333333333 
5 0.83046875 0.9473958333333333 0.0067708333333333336 0.010416666666666666 
4 0.8174479166666667 0.96796875 0.0078125 0.0109375 
4 0.5572916666666666 0.9067708333333333 0.011458333333333333 0.010416666666666666 
5 0.7731770833333333 0.16171875 0.0067708333333333336 0.0109375 
5 0.7942708333333334 0.0375 0.00625 0.008333333333333333 
5 -0.0046875 0.8364583333333333 0.020833333333333332 0.029166666666666667 
4 0.0234375 0.25286458333333334 0.008333333333333333 0.005729166666666666 
4 0.059375 0.07395833333333333 0.00625 0.009375 
5 0.9729166666666667 0.32109375 0.007291666666666667 0.0078125 
4 0.9419270833333333 0.4466145833333333 0.008854166666666666 0.0078125 
4 0.9328125 0.7174479166666666 0.010416666666666666 0.011979166666666667 
5 0.5502604166666667 0.121875 0.008854166666666666 0.009375 
4 0.14036458333333332 0.9075520833333334 0.0078125 0.0067708333333333336 
4 0.05 0.8747395833333333 0.011458333333333333 0.009895833333333333 
4 0.03802083333333333 0.9192708333333334 0.010416666666666666 0.005208333333333333 
4 0.43020833333333336 0.5645833333333333 0.013541666666666667 0.009375 
4 0.4315104166666667 0.5690104166666666 0.011979166666666667 0.008854166666666666 
4 0.4244791666666667 0.5596354166666667 0.010416666666666666 0.008854166666666666 
4 0.4395833333333333 0.5833333333333334 0.011458333333333333 0.010416666666666666 
4 0.3645833333333333 0.6708333333333333 0.0125 0.008333333333333333 
4 0.36041666666666666 0.6778645833333333 0.010416666666666666 0.0078125 
4 0.36822916666666666 0.6822916666666666 0.011458333333333333 0.007291666666666667 
4 0.365625 0.6895833333333333 0.0125 0.007291666666666667 
4 0.36692708333333335 0.6984375 0.0109375 0.007291666666666667 
4 0.37083333333333335 0.70703125 0.0125 0.008854166666666666 
4 0.5127604166666667 0.73984375 0.008854166666666666 0.008854166666666666 
4 0.5104166666666666 0.7466145833333333 0.010416666666666666 0.009895833333333333 
5 0.50234375 0.7625 0.0109375 0.011458333333333333 
4 0.4822916666666667 0.9611979166666667 0.010416666666666666 0.008854166666666666 
