4 0.21484375 0.21223958333333334 0.009895833333333333 0.013020833333333334 
4 0.3125 0.2875 0.010416666666666666 0.0125 
4 0.3151041666666667 0.29192708333333334 0.010416666666666666 0.0109375 
4 0.3184895833333333 0.2953125 0.008854166666666666 0.009375 
4 0.32265625 0.29739583333333336 0.0109375 0.0125 
4 0.3307291666666667 0.3026041666666667 0.011458333333333333 0.0125 
4 0.33515625 0.3065104166666667 0.009895833333333333 0.0109375 
4 0.3424479166666667 0.3109375 0.009895833333333333 0.011458333333333333 
4 0.34661458333333334 0.3145833333333333 0.008854166666666666 0.011458333333333333 
4 0.3497395833333333 0.31875 0.008854166666666666 0.010416666666666666 
4 0.3533854166666667 0.321875 0.009895833333333333 0.011458333333333333 
4 0.3575520833333333 0.32421875 0.009895833333333333 0.0109375 
4 0.3614583333333333 0.3265625 0.009375 0.010416666666666666 
4 0.3645833333333333 0.33046875 0.008333333333333333 0.009895833333333333 
4 0.3690104166666667 0.3333333333333333 0.009895833333333333 0.011458333333333333 
4 0.37265625 0.33567708333333335 0.0109375 0.013020833333333334 
4 0.3078125 0.28567708333333336 0.009375 0.011979166666666667 
4 0.30390625 0.28203125 0.0109375 0.011979166666666667 
4 0.29583333333333334 0.27760416666666665 0.010416666666666666 0.011458333333333333 
4 0.24791666666666667 0.23984375 0.009375 0.0109375 
4 0.22317708333333333 0.21901041666666668 0.0109375 0.011979166666666667 
4 0.22994791666666667 0.225 0.009895833333333333 0.010416666666666666 
4 0.2328125 0.228125 0.008333333333333333 0.009375 
4 0.23645833333333333 0.22994791666666667 0.011458333333333333 0.013020833333333334 
4 0.23984375 0.23463541666666668 0.009895833333333333 0.0109375 
4 0.24427083333333333 0.2375 0.011458333333333333 0.011458333333333333 
4 0.25104166666666666 0.24244791666666668 0.009375 0.0109375 
4 0.28854166666666664 0.2713541666666667 0.010416666666666666 0.0125 
4 0.2557291666666667 0.24427083333333333 0.009375 0.0125 
4 0.2591145833333333 0.24661458333333333 0.009895833333333333 0.011979166666666667 
4 0.26276041666666666 0.25026041666666665 0.009895833333333333 0.011979166666666667 
4 0.2669270833333333 0.25390625 0.009895833333333333 0.011979166666666667 
4 0.26953125 0.25729166666666664 0.009895833333333333 0.010416666666666666 
4 0.28411458333333334 0.26848958333333334 0.0109375 0.011979166666666667 
4 0.3802083333333333 0.3421875 0.010416666666666666 0.011458333333333333 
4 0.38828125 0.34713541666666664 0.009895833333333333 0.011979166666666667 
4 0.39166666666666666 0.35130208333333335 0.008333333333333333 0.009895833333333333 
4 0.31953125 0.26197916666666665 0.008854166666666666 0.010416666666666666 
4 0.34322916666666664 0.2796875 0.009375 0.010416666666666666 
4 0.3390625 0.27734375 0.009375 0.0109375 
4 0.3341145833333333 0.2747395833333333 0.009895833333333333 0.0109375 
4 0.33125 0.271875 0.009375 0.010416666666666666 
4 0.32708333333333334 0.26953125 0.009375 0.0109375 
4 0.3229166666666667 0.26666666666666666 0.009375 0.010416666666666666 
4 0.31640625 0.259375 0.008854166666666666 0.010416666666666666 
4 0.35 0.28619791666666666 0.009375 0.009895833333333333 
4 0.31145833333333334 0.25703125 0.010416666666666666 0.0109375 
4 0.3611979166666667 0.25338541666666664 0.009895833333333333 0.009895833333333333 
4 0.36875 0.2598958333333333 0.010416666666666666 0.010416666666666666 
4 0.37734375 0.2669270833333333 0.0109375 0.009895833333333333 
4 0.38776041666666666 0.2747395833333333 0.009895833333333333 0.009895833333333333 
4 0.396875 0.28229166666666666 0.011458333333333333 0.011458333333333333 
4 0.34479166666666666 0.284375 0.009375 0.011458333333333333 
4 0.35494791666666664 0.28854166666666664 0.009895833333333333 0.010416666666666666 
4 0.39557291666666666 0.3536458333333333 0.0109375 0.0125 
4 0.42213541666666665 0.34322916666666664 0.0109375 0.011458333333333333 
4 0.40260416666666665 0.35989583333333336 0.008333333333333333 0.010416666666666666 
4 0.4109375 0.365625 0.010416666666666666 0.011458333333333333 
4 0.41432291666666665 0.36875 0.009895833333333333 0.011458333333333333 
4 0.42526041666666664 0.37786458333333334 0.008854166666666666 0.0109375 
4 0.44036458333333334 0.3572916666666667 0.011979166666666667 0.0125 
4 0.4296875 0.34869791666666666 0.010416666666666666 0.011979166666666667 
4 0.41510416666666666 0.33697916666666666 0.010416666666666666 0.0125 
4 0.3575520833333333 0.29296875 0.009895833333333333 0.011979166666666667 
4 0.40286458333333336 0.32838541666666665 0.009895833333333333 0.0109375 
4 0.3921875 0.31927083333333334 0.010416666666666666 0.011458333333333333 
4 0.40078125 0.32447916666666665 0.009895833333333333 0.010416666666666666 
4 0.36953125 0.30130208333333336 0.009895833333333333 0.011979166666666667 
4 0.3658854166666667 0.29739583333333336 0.008854166666666666 0.010416666666666666 
4 0.36276041666666664 0.2942708333333333 0.008854166666666666 0.010416666666666666 
4 0.21822916666666667 0.21640625 0.009375 0.0109375 
4 0.24348958333333334 0.20963541666666666 0.009895833333333333 0.011979166666666667 
4 0.24739583333333334 0.21276041666666667 0.009375 0.009895833333333333 
4 0.3692708333333333 0.055989583333333336 0.007291666666666667 0.0067708333333333336 
4 0.6372395833333333 0.40963541666666664 0.0067708333333333336 0.009895833333333333 
4 0.625 0.42630208333333336 0.010416666666666666 0.008854166666666666 
4 0.24244791666666668 0.1625 0.011979166666666667 0.009375 
4 0.2518229166666667 0.16953125 0.0109375 0.008854166666666666 
4 0.26197916666666665 0.1765625 0.010416666666666666 0.009375 
4 0.2708333333333333 0.18359375 0.011458333333333333 0.008854166666666666 
4 0.2794270833333333 0.19166666666666668 0.0109375 0.009375 
4 0.28828125 0.19791666666666666 0.0109375 0.009375 
4 0.29791666666666666 0.20390625 0.010416666666666666 0.008854166666666666 
4 0.23854166666666668 0.17161458333333332 0.009375 0.0109375 
4 0.24375 0.17526041666666667 0.010416666666666666 0.011979166666666667 
4 0.24635416666666668 0.18125 0.010416666666666666 0.010416666666666666 
4 0.28880208333333335 0.1625 0.0109375 0.009375 
10 0.41380208333333335 0.86484375 0.2296875 0.2359375 
10 0.5260416666666666 0.7578125 0.23541666666666666 0.23958333333333334 
7 0.1828125 0.7096354166666666 0.020833333333333332 0.04635416666666667 
1 0.7434895833333334 0.60625 0.11927083333333334 0.128125 
1 0.271875 0.4588541666666667 0.06354166666666666 0.06041666666666667 
1 0.15364583333333334 0.5255208333333333 0.07708333333333334 0.08125 
1 0.11145833333333334 0.40234375 0.11354166666666667 0.10885416666666667 
1 0.3 0.6044270833333333 0.065625 0.0484375 
7 0.14947916666666666 0.7098958333333333 0.021875 0.046875 
7 0.21536458333333333 0.7106770833333333 0.021354166666666667 0.0453125 
7 0.25364583333333335 0.7861979166666667 0.020833333333333332 0.04739583333333333 
7 0.24713541666666666 0.7106770833333333 0.021354166666666667 0.04739583333333333 
7 0.28046875 0.71015625 0.021354166666666667 0.0453125 
7 0.31171875 0.71015625 0.0234375 0.04635416666666667 
7 0.34479166666666666 0.7109375 0.019791666666666666 0.04479166666666667 
7 0.18854166666666666 0.7856770833333333 0.022916666666666665 0.0484375 
7 0.22109375 0.78671875 0.021354166666666667 0.0453125 
4 0.25104166666666666 0.18489583333333334 0.011458333333333333 0.011458333333333333 
4 0.2296875 0.18151041666666667 0.010416666666666666 0.0109375 
4 0.23489583333333333 0.184375 0.010416666666666666 0.011458333333333333 
4 0.28984375 0.23203125 0.009895833333333333 0.009895833333333333 
4 0.27057291666666666 0.21692708333333333 0.008854166666666666 0.009895833333333333 
4 0.2747395833333333 0.22109375 0.0078125 0.008854166666666666 
4 0.29192708333333334 0.22135416666666666 0.009895833333333333 0.010416666666666666 
4 0.296875 0.22369791666666666 0.009375 0.0109375 
4 0.28229166666666666 0.22552083333333334 0.010416666666666666 0.010416666666666666 
4 0.2859375 0.22890625 0.010416666666666666 0.0109375 
4 0.2838541666666667 0.23932291666666666 0.010416666666666666 0.011979166666666667 
4 0.26197916666666665 0.21197916666666666 0.009375 0.010416666666666666 
4 0.2794270833333333 0.23671875 0.008854166666666666 0.0109375 
4 0.275 0.23333333333333334 0.008333333333333333 0.010416666666666666 
4 0.2716145833333333 0.23072916666666668 0.009895833333333333 0.011458333333333333 
4 0.26796875 0.22682291666666668 0.008854166666666666 0.0109375 
4 0.2596354166666667 0.22135416666666666 0.009895833333333333 0.0125 
4 0.25494791666666666 0.21901041666666668 0.0109375 0.011979166666666667 
4 0.26614583333333336 0.2140625 0.010416666666666666 0.010416666666666666 
4 0.25859375 0.20729166666666668 0.009895833333333333 0.010416666666666666 
4 0.2390625 0.1890625 0.011458333333333333 0.011458333333333333 
4 0.2513020833333333 0.2 0.009895833333333333 0.011458333333333333 
4 0.22239583333333332 0.19036458333333334 0.010416666666666666 0.011979166666666667 
4 0.22682291666666668 0.19479166666666667 0.0109375 0.011458333333333333 
4 0.23072916666666668 0.1984375 0.011458333333333333 0.0125 
4 0.23541666666666666 0.20260416666666667 0.011458333333333333 0.011458333333333333 
4 0.24010416666666667 0.20625 0.010416666666666666 0.010416666666666666 
4 0.24661458333333333 0.19739583333333333 0.009895833333333333 0.010416666666666666 
4 0.25494791666666666 0.20364583333333333 0.0109375 0.011458333333333333 
4 0.28489583333333335 0.21588541666666666 0.011458333333333333 0.013020833333333334 
4 0.2625 0.1953125 0.011458333333333333 0.011458333333333333 
4 0.25833333333333336 0.190625 0.010416666666666666 0.010416666666666666 
4 0.27005208333333336 0.20130208333333333 0.0109375 0.013020833333333334 
4 0.2734375 0.20625 0.011458333333333333 0.011458333333333333 
4 0.27838541666666666 0.20911458333333333 0.0109375 0.0109375 
4 0.28151041666666665 0.21197916666666666 0.0109375 0.011458333333333333 
4 0.40703125 0.29010416666666666 0.0109375 0.010416666666666666 
4 0.41692708333333334 0.29765625 0.009895833333333333 0.009895833333333333 
4 0.42526041666666664 0.30442708333333335 0.0109375 0.0109375 
4 0.4432291666666667 0.31875 0.010416666666666666 0.010416666666666666 
4 0.06510416666666667 0.68515625 0.011458333333333333 0.005729166666666666 
4 0.06953125 0.6934895833333333 0.008854166666666666 0.009895833333333333 
4 0.08932291666666667 0.7184895833333333 0.0109375 0.009895833333333333 
4 0.08671875 0.7140625 0.009895833333333333 0.009375 
4 0.0859375 0.67890625 0.009375 0.0046875 
4 0.11770833333333333 0.6744791666666666 0.009375 0.004166666666666667 
4 0.1171875 0.6846354166666667 0.009375 0.0036458333333333334 
4 0.11848958333333333 0.6796875 0.008854166666666666 0.004166666666666667 
4 0.09661458333333334 0.6893229166666667 0.009895833333333333 0.0046875 
4 0.09739583333333333 0.6940104166666666 0.009375 0.0046875 
4 0.09791666666666667 0.6747395833333333 0.009375 0.0036458333333333334 
4 0.09713541666666667 0.6791666666666667 0.009895833333333333 0.004166666666666667 
4 0.11875 0.6940104166666666 0.010416666666666666 0.005729166666666666 
4 0.1171875 0.7122395833333334 0.009375 0.0046875 
4 0.09375 0.73984375 0.009375 0.009895833333333333 
4 0.06276041666666667 0.6799479166666667 0.0109375 0.0046875 
4 0.06380208333333333 0.6755208333333333 0.0109375 0.005208333333333333 
4 0.0640625 0.6708333333333333 0.011458333333333333 0.005208333333333333 
4 0.22578125 0.65546875 0.0109375 0.0046875 
4 0.23880208333333333 0.6424479166666667 0.005729166666666666 0.011979166666666667 
4 0.24348958333333334 0.6424479166666667 0.0046875 0.0109375 
4 0.24947916666666667 0.6424479166666667 0.00625 0.011979166666666667 
4 0.25625 0.6419270833333334 0.005208333333333333 0.009895833333333333 
4 0.26171875 0.6419270833333334 0.005729166666666666 0.009895833333333333 
4 0.27395833333333336 0.6395833333333333 0.005208333333333333 0.010416666666666666 
4 0.07526041666666666 0.6557291666666667 0.005729166666666666 0.011458333333333333 
4 0.06484375 0.66640625 0.0078125 0.0036458333333333334 
4 0.08984375 0.6559895833333333 0.0046875 0.009895833333333333 
4 0.09427083333333333 0.6565104166666667 0.004166666666666667 0.011979166666666667 
4 0.09895833333333333 0.6575520833333334 0.005208333333333333 0.0109375 
4 0.10338541666666666 0.65703125 0.005729166666666666 0.0109375 
4 0.10911458333333333 0.6580729166666667 0.005729166666666666 0.009895833333333333 
4 0.06588541666666667 0.6609375 0.009895833333333333 0.005208333333333333 
4 0.07369791666666667 0.9294270833333333 0.009895833333333333 0.008854166666666666 
4 0.45677083333333335 0.353125 0.009375 0.010416666666666666 
4 0.11640625 0.7221354166666667 0.008854166666666666 0.0036458333333333334 
4 0.08072916666666667 0.65546875 0.005208333333333333 0.0109375 
4 0.1234375 0.7778645833333333 0.009375 0.0109375 
4 0.13359375 0.7919270833333333 0.009895833333333333 0.0109375 
4 0.41744791666666664 0.37161458333333336 0.0109375 0.013020833333333334 
4 0.44869791666666664 0.34765625 0.009895833333333333 0.0109375 
4 0.42630208333333336 0.3299479166666667 0.009895833333333333 0.011979166666666667 
4 0.47239583333333335 0.3419270833333333 0.010416666666666666 0.009895833333333333 
4 0.3776041666666667 0.29140625 0.009375 0.0109375 
4 0.40677083333333336 0.3619791666666667 0.009375 0.0125 
4 0.39921875 0.35546875 0.008854166666666666 0.0109375 
4 0.3546875 0.27291666666666664 0.010416666666666666 0.011458333333333333 
4 0.3770833333333333 0.3375 0.009375 0.011458333333333333 
4 0.6565104166666667 0.4393229166666667 0.009895833333333333 0.005729166666666666 
4 0.07135416666666666 0.7106770833333333 0.011458333333333333 0.013020833333333334 
4 0.28098958333333335 0.26484375 0.009895833333333333 0.011979166666666667 
4 0.2760416666666667 0.26171875 0.010416666666666666 0.0109375 
4 0.5338541666666666 0.27109375 0.014583333333333334 0.0171875 
4 0.23255208333333333 0.6421875 0.005729166666666666 0.011458333333333333 
4 0.22708333333333333 0.6424479166666667 0.00625 0.011979166666666667 
4 0.221875 0.6416666666666667 0.00625 0.010416666666666666 
4 0.40390625 0.31145833333333334 0.008854166666666666 0.011458333333333333 
4 0.3653645833333333 0.28229166666666666 0.009895833333333333 0.010416666666666666 
4 0.37395833333333334 0.28828125 0.010416666666666666 0.011979166666666667 
4 0.35052083333333334 0.27005208333333336 0.009375 0.0109375 
4 0.3463541666666667 0.2669270833333333 0.010416666666666666 0.0109375 
4 0.3966145833333333 0.30572916666666666 0.009895833333333333 0.011458333333333333 
4 0.39947916666666666 0.30833333333333335 0.010416666666666666 0.011458333333333333 
4 0.41875 0.32473958333333336 0.009375 0.0109375 
4 0.3578125 0.2765625 0.009375 0.011458333333333333 
4 0.42265625 0.32760416666666664 0.009895833333333333 0.010416666666666666 
4 0.42942708333333335 0.334375 0.009895833333333333 0.010416666666666666 
4 0.43385416666666665 0.33671875 0.008333333333333333 0.008854166666666666 
4 0.4114583333333333 0.31744791666666666 0.010416666666666666 0.011979166666666667 
4 0.4153645833333333 0.3216145833333333 0.009895833333333333 0.013020833333333334 
4 0.453125 0.36640625 0.010416666666666666 0.0109375 
5 0.3611979166666667 0.2794270833333333 0.009895833333333333 0.0109375 
4 0.33932291666666664 0.26171875 0.009895833333333333 0.0109375 
4 0.4596354166666667 0.35703125 0.008854166666666666 0.008854166666666666 
4 0.45260416666666664 0.32526041666666666 0.011458333333333333 0.0109375 
4 0.44479166666666664 0.2911458333333333 0.010416666666666666 0.010416666666666666 
4 0.45208333333333334 0.2989583333333333 0.008333333333333333 0.009375 
4 0.4583333333333333 0.30703125 0.009375 0.009895833333333333 
4 0.4661458333333333 0.31666666666666665 0.011458333333333333 0.011458333333333333 
4 0.4786458333333333 0.32708333333333334 0.011458333333333333 0.010416666666666666 
4 0.4817708333333333 0.3497395833333333 0.010416666666666666 0.009895833333333333 
4 0.43515625 0.3109375 0.0109375 0.010416666666666666 
4 0.33541666666666664 0.2578125 0.008333333333333333 0.009375 
4 0.35182291666666665 0.24479166666666666 0.009895833333333333 0.009375 
4 0.34088541666666666 0.23619791666666667 0.009895833333333333 0.009895833333333333 
4 0.3328125 0.22994791666666667 0.009375 0.009895833333333333 
4 0.32317708333333334 0.25 0.008854166666666666 0.010416666666666666 
4 0.32760416666666664 0.2515625 0.010416666666666666 0.011458333333333333 
4 0.33203125 0.25390625 0.009895833333333333 0.0109375 
4 0.45208333333333334 0.3515625 0.009375 0.011458333333333333 
4 0.46432291666666664 0.35963541666666665 0.008854166666666666 0.009895833333333333 
4 0.21666666666666667 0.6419270833333334 0.005208333333333333 0.0109375 
4 0.14713541666666666 0.6286458333333333 0.0067708333333333336 0.0125 
4 0.11432291666666666 0.6283854166666667 0.0078125 0.011979166666666667 
4 0.11953125 0.62890625 0.005729166666666666 0.011979166666666667 
4 0.12447916666666667 0.6294270833333333 0.00625 0.0109375 
4 0.13046875 0.62890625 0.005729166666666666 0.0109375 
4 0.1359375 0.6294270833333333 0.00625 0.0109375 
4 0.1421875 0.6309895833333333 0.005208333333333333 0.011979166666666667 
4 0.15807291666666667 0.6299479166666667 0.0046875 0.011979166666666667 
4 0.1046875 0.6276041666666666 0.005208333333333333 0.009375 
4 0.16328125 0.6294270833333333 0.005729166666666666 0.0109375 
4 0.18854166666666666 0.6421875 0.00625 0.010416666666666666 
4 0.19453125 0.6421875 0.005729166666666666 0.0125 
4 0.20052083333333334 0.6408854166666667 0.007291666666666667 0.011979166666666667 
4 0.20598958333333334 0.6421875 0.0067708333333333336 0.011458333333333333 
4 0.21197916666666666 0.6401041666666667 0.005208333333333333 0.011458333333333333 
4 0.10989583333333333 0.628125 0.005208333333333333 0.011458333333333333 
4 0.09973958333333334 0.62578125 0.0067708333333333336 0.011979166666666667 
5 0.06666666666666667 0.21302083333333333 0.008333333333333333 0.00625 
4 0.11484375 0.5981770833333333 0.005729166666666666 0.009895833333333333 
4 0.4739583333333333 0.37526041666666665 0.0125 0.0109375 
4 0.35494791666666664 0.5255208333333333 0.009895833333333333 0.005208333333333333 
4 0.35442708333333334 0.5197916666666667 0.009895833333333333 0.005208333333333333 
4 0.35651041666666666 0.51484375 0.009895833333333333 0.005729166666666666 
4 0.35885416666666664 0.509375 0.010416666666666666 0.00625 
4 0.3609375 0.503125 0.010416666666666666 0.00625 
4 0.12005208333333334 0.5979166666666667 0.0046875 0.009375 
4 0.109375 0.6072916666666667 0.005208333333333333 0.009375 
4 0.12552083333333333 0.59921875 0.004166666666666667 0.008854166666666666 
4 0.12942708333333333 0.5963541666666666 0.005729166666666666 0.009375 
4 0.13489583333333333 0.6026041666666667 0.005208333333333333 0.0125 
4 0.125 0.609375 0.005208333333333333 0.009375 
4 0.11901041666666666 0.6083333333333333 0.0046875 0.009375 
4 0.1140625 0.6083333333333333 0.004166666666666667 0.009375 
1 0.48203125 0.5161458333333333 0.11302083333333333 0.11770833333333333 
