4 0.24557291666666667 0.21223958333333334 0.009895833333333333 0.013020833333333334 
4 0.34322916666666664 0.2875 0.010416666666666666 0.0125 
4 0.3458333333333333 0.29192708333333334 0.010416666666666666 0.0109375 
4 0.34921875 0.2953125 0.008854166666666666 0.009375 
4 0.3533854166666667 0.29739583333333336 0.0109375 0.0125 
4 0.3614583333333333 0.3026041666666667 0.011458333333333333 0.0125 
4 0.3658854166666667 0.3065104166666667 0.009895833333333333 0.0109375 
4 0.3731770833333333 0.3109375 0.009895833333333333 0.011458333333333333 
4 0.37734375 0.3145833333333333 0.008854166666666666 0.011458333333333333 
4 0.38046875 0.31875 0.008854166666666666 0.010416666666666666 
4 0.3841145833333333 0.321875 0.009895833333333333 0.011458333333333333 
4 0.38828125 0.32421875 0.009895833333333333 0.0109375 
4 0.3921875 0.3265625 0.009375 0.010416666666666666 
4 0.3953125 0.33046875 0.008333333333333333 0.009895833333333333 
4 0.3997395833333333 0.3333333333333333 0.009895833333333333 0.011458333333333333 
4 0.40338541666666666 0.33567708333333335 0.0109375 0.013020833333333334 
4 0.3385416666666667 0.28567708333333336 0.009375 0.011979166666666667 
4 0.3346354166666667 0.28203125 0.0109375 0.011979166666666667 
4 0.3265625 0.27760416666666665 0.010416666666666666 0.011458333333333333 
4 0.2786458333333333 0.23984375 0.009375 0.0109375 
4 0.25390625 0.21901041666666668 0.0109375 0.011979166666666667 
4 0.26067708333333334 0.225 0.009895833333333333 0.010416666666666666 
4 0.2635416666666667 0.228125 0.008333333333333333 0.009375 
4 0.2671875 0.22994791666666667 0.011458333333333333 0.013020833333333334 
4 0.27057291666666666 0.23463541666666668 0.009895833333333333 0.0109375 
4 0.275 0.2375 0.011458333333333333 0.011458333333333333 
4 0.28177083333333336 0.24244791666666668 0.009375 0.0109375 
4 0.31927083333333334 0.2713541666666667 0.010416666666666666 0.0125 
4 0.2864583333333333 0.24427083333333333 0.009375 0.0125 
4 0.28984375 0.24661458333333333 0.009895833333333333 0.011979166666666667 
4 0.29348958333333336 0.25026041666666665 0.009895833333333333 0.011979166666666667 
4 0.29765625 0.25390625 0.009895833333333333 0.011979166666666667 
4 0.30026041666666664 0.25729166666666664 0.009895833333333333 0.010416666666666666 
4 0.31484375 0.26848958333333334 0.0109375 0.011979166666666667 
4 0.4109375 0.3421875 0.010416666666666666 0.011458333333333333 
4 0.41901041666666666 0.34713541666666664 0.009895833333333333 0.011979166666666667 
4 0.42239583333333336 0.35130208333333335 0.008333333333333333 0.009895833333333333 
4 0.3502604166666667 0.26197916666666665 0.008854166666666666 0.010416666666666666 
4 0.37395833333333334 0.2796875 0.009375 0.010416666666666666 
4 0.3697916666666667 0.27734375 0.009375 0.0109375 
4 0.36484375 0.2747395833333333 0.009895833333333333 0.0109375 
4 0.3619791666666667 0.271875 0.009375 0.010416666666666666 
4 0.3578125 0.26953125 0.009375 0.0109375 
4 0.3536458333333333 0.26666666666666666 0.009375 0.010416666666666666 
4 0.34713541666666664 0.259375 0.008854166666666666 0.010416666666666666 
4 0.3807291666666667 0.28619791666666666 0.009375 0.009895833333333333 
4 0.3421875 0.25703125 0.010416666666666666 0.0109375 
4 0.3919270833333333 0.25338541666666664 0.009895833333333333 0.009895833333333333 
4 0.39947916666666666 0.2598958333333333 0.010416666666666666 0.010416666666666666 
4 0.4080729166666667 0.2669270833333333 0.0109375 0.009895833333333333 
4 0.41848958333333336 0.2747395833333333 0.009895833333333333 0.009895833333333333 
4 0.4276041666666667 0.28229166666666666 0.011458333333333333 0.011458333333333333 
4 0.37552083333333336 0.284375 0.009375 0.011458333333333333 
4 0.38567708333333334 0.28854166666666664 0.009895833333333333 0.010416666666666666 
4 0.42630208333333336 0.3536458333333333 0.0109375 0.0125 
4 0.45286458333333335 0.34322916666666664 0.0109375 0.011458333333333333 
4 0.43333333333333335 0.35989583333333336 0.008333333333333333 0.010416666666666666 
4 0.44166666666666665 0.365625 0.010416666666666666 0.011458333333333333 
4 0.44505208333333335 0.36875 0.009895833333333333 0.011458333333333333 
4 0.45598958333333334 0.37786458333333334 0.008854166666666666 0.0109375 
4 0.47109375 0.3572916666666667 0.011979166666666667 0.0125 
4 0.46041666666666664 0.34869791666666666 0.010416666666666666 0.011979166666666667 
4 0.44583333333333336 0.33697916666666666 0.010416666666666666 0.0125 
4 0.38828125 0.29296875 0.009895833333333333 0.011979166666666667 
4 0.43359375 0.32838541666666665 0.009895833333333333 0.0109375 
4 0.42291666666666666 0.31927083333333334 0.010416666666666666 0.011458333333333333 
4 0.4315104166666667 0.32447916666666665 0.009895833333333333 0.010416666666666666 
4 0.4002604166666667 0.30130208333333336 0.009895833333333333 0.011979166666666667 
4 0.3966145833333333 0.29739583333333336 0.008854166666666666 0.010416666666666666 
4 0.39348958333333334 0.2942708333333333 0.008854166666666666 0.010416666666666666 
4 0.24895833333333334 0.21640625 0.009375 0.0109375 
4 0.27421875 0.20963541666666666 0.009895833333333333 0.011979166666666667 
4 0.278125 0.21276041666666667 0.009375 0.009895833333333333 
4 0.4 0.055989583333333336 0.007291666666666667 0.0067708333333333336 
4 0.66796875 0.40963541666666664 0.0067708333333333336 0.009895833333333333 
4 0.6557291666666667 0.42630208333333336 0.010416666666666666 0.008854166666666666 
4 0.27317708333333335 0.1625 0.011979166666666667 0.009375 
4 0.2825520833333333 0.16953125 0.0109375 0.008854166666666666 
4 0.29270833333333335 0.1765625 0.010416666666666666 0.009375 
4 0.3015625 0.18359375 0.011458333333333333 0.008854166666666666 
4 0.31015625 0.19166666666666668 0.0109375 0.009375 
4 0.3190104166666667 0.19791666666666666 0.0109375 0.009375 
4 0.32864583333333336 0.20390625 0.010416666666666666 0.008854166666666666 
4 0.26927083333333335 0.17161458333333332 0.009375 0.0109375 
4 0.27447916666666666 0.17526041666666667 0.010416666666666666 0.011979166666666667 
4 0.27708333333333335 0.18125 0.010416666666666666 0.010416666666666666 
4 0.31953125 0.1625 0.0109375 0.009375 
10 0.44453125 0.86484375 0.2296875 0.2359375 
10 0.5567708333333333 0.7578125 0.23541666666666666 0.23958333333333334 
7 0.21354166666666666 0.7096354166666666 0.020833333333333332 0.04635416666666667 
1 0.77421875 0.60625 0.11927083333333334 0.128125 
1 0.3026041666666667 0.4588541666666667 0.06354166666666666 0.06041666666666667 
1 0.184375 0.5255208333333333 0.07708333333333334 0.08125 
1 0.1421875 0.40234375 0.11354166666666667 0.10885416666666667 
1 0.3307291666666667 0.6044270833333333 0.065625 0.0484375 
7 0.18020833333333333 0.7098958333333333 0.021875 0.046875 
7 0.24609375 0.7106770833333333 0.021354166666666667 0.0453125 
7 0.284375 0.7861979166666667 0.020833333333333332 0.04739583333333333 
7 0.27786458333333336 0.7106770833333333 0.021354166666666667 0.04739583333333333 
7 0.3111979166666667 0.71015625 0.021354166666666667 0.0453125 
7 0.3424479166666667 0.71015625 0.0234375 0.04635416666666667 
7 0.37552083333333336 0.7109375 0.019791666666666666 0.04479166666666667 
7 0.21927083333333333 0.7856770833333333 0.022916666666666665 0.0484375 
7 0.2518229166666667 0.78671875 0.021354166666666667 0.0453125 
4 0.28177083333333336 0.18489583333333334 0.011458333333333333 0.011458333333333333 
4 0.2604166666666667 0.18151041666666667 0.010416666666666666 0.0109375 
4 0.265625 0.184375 0.010416666666666666 0.011458333333333333 
4 0.32057291666666665 0.23203125 0.009895833333333333 0.009895833333333333 
4 0.30130208333333336 0.21692708333333333 0.008854166666666666 0.009895833333333333 
4 0.30546875 0.22109375 0.0078125 0.008854166666666666 
4 0.32265625 0.22135416666666666 0.009895833333333333 0.010416666666666666 
4 0.32760416666666664 0.22369791666666666 0.009375 0.0109375 
4 0.31302083333333336 0.22552083333333334 0.010416666666666666 0.010416666666666666 
4 0.31666666666666665 0.22890625 0.010416666666666666 0.0109375 
4 0.3145833333333333 0.23932291666666666 0.010416666666666666 0.011979166666666667 
4 0.29270833333333335 0.21197916666666666 0.009375 0.010416666666666666 
4 0.31015625 0.23671875 0.008854166666666666 0.0109375 
4 0.30572916666666666 0.23333333333333334 0.008333333333333333 0.010416666666666666 
4 0.30234375 0.23072916666666668 0.009895833333333333 0.011458333333333333 
4 0.2986979166666667 0.22682291666666668 0.008854166666666666 0.0109375 
4 0.2903645833333333 0.22135416666666666 0.009895833333333333 0.0125 
4 0.28567708333333336 0.21901041666666668 0.0109375 0.011979166666666667 
4 0.296875 0.2140625 0.010416666666666666 0.010416666666666666 
4 0.28932291666666665 0.20729166666666668 0.009895833333333333 0.010416666666666666 
4 0.26979166666666665 0.1890625 0.011458333333333333 0.011458333333333333 
4 0.28203125 0.2 0.009895833333333333 0.011458333333333333 
4 0.253125 0.19036458333333334 0.010416666666666666 0.011979166666666667 
4 0.25755208333333335 0.19479166666666667 0.0109375 0.011458333333333333 
4 0.26145833333333335 0.1984375 0.011458333333333333 0.0125 
4 0.26614583333333336 0.20260416666666667 0.011458333333333333 0.011458333333333333 
4 0.2708333333333333 0.20625 0.010416666666666666 0.010416666666666666 
4 0.27734375 0.19739583333333333 0.009895833333333333 0.010416666666666666 
4 0.28567708333333336 0.20364583333333333 0.0109375 0.011458333333333333 
4 0.315625 0.21588541666666666 0.011458333333333333 0.013020833333333334 
4 0.29322916666666665 0.1953125 0.011458333333333333 0.011458333333333333 
4 0.2890625 0.190625 0.010416666666666666 0.010416666666666666 
4 0.30078125 0.20130208333333333 0.0109375 0.013020833333333334 
4 0.30416666666666664 0.20625 0.011458333333333333 0.011458333333333333 
4 0.30911458333333336 0.20911458333333333 0.0109375 0.0109375 
4 0.31223958333333335 0.21197916666666666 0.0109375 0.011458333333333333 
4 0.43776041666666665 0.29010416666666666 0.0109375 0.010416666666666666 
4 0.44765625 0.29765625 0.009895833333333333 0.009895833333333333 
4 0.45598958333333334 0.30442708333333335 0.0109375 0.0109375 
4 0.4739583333333333 0.31875 0.010416666666666666 0.010416666666666666 
4 0.09583333333333334 0.68515625 0.011458333333333333 0.005729166666666666 
4 0.10026041666666667 0.6934895833333333 0.008854166666666666 0.009895833333333333 
4 0.12005208333333334 0.7184895833333333 0.0109375 0.009895833333333333 
4 0.11744791666666667 0.7140625 0.009895833333333333 0.009375 
4 0.11666666666666667 0.67890625 0.009375 0.0046875 
4 0.1484375 0.6744791666666666 0.009375 0.004166666666666667 
4 0.14791666666666667 0.6846354166666667 0.009375 0.0036458333333333334 
4 0.14921875 0.6796875 0.008854166666666666 0.004166666666666667 
4 0.12734375 0.6893229166666667 0.009895833333333333 0.0046875 
4 0.128125 0.6940104166666666 0.009375 0.0046875 
4 0.12864583333333332 0.6747395833333333 0.009375 0.0036458333333333334 
4 0.12786458333333334 0.6791666666666667 0.009895833333333333 0.004166666666666667 
4 0.14947916666666666 0.6940104166666666 0.010416666666666666 0.005729166666666666 
4 0.14791666666666667 0.7122395833333334 0.009375 0.0046875 
4 0.12447916666666667 0.73984375 0.009375 0.009895833333333333 
4 0.09348958333333333 0.6799479166666667 0.0109375 0.0046875 
4 0.09453125 0.6755208333333333 0.0109375 0.005208333333333333 
4 0.09479166666666666 0.6708333333333333 0.011458333333333333 0.005208333333333333 
4 0.2565104166666667 0.65546875 0.0109375 0.0046875 
4 0.26953125 0.6424479166666667 0.005729166666666666 0.011979166666666667 
4 0.27421875 0.6424479166666667 0.0046875 0.0109375 
4 0.28020833333333334 0.6424479166666667 0.00625 0.011979166666666667 
4 0.2869791666666667 0.6419270833333334 0.005208333333333333 0.009895833333333333 
4 0.29244791666666664 0.6419270833333334 0.005729166666666666 0.009895833333333333 
4 0.3046875 0.6395833333333333 0.005208333333333333 0.010416666666666666 
4 0.10598958333333333 0.6557291666666667 0.005729166666666666 0.011458333333333333 
4 0.09557291666666666 0.66640625 0.0078125 0.0036458333333333334 
4 0.12057291666666667 0.6559895833333333 0.0046875 0.009895833333333333 
4 0.125 0.6565104166666667 0.004166666666666667 0.011979166666666667 
4 0.1296875 0.6575520833333334 0.005208333333333333 0.0109375 
4 0.13411458333333334 0.65703125 0.005729166666666666 0.0109375 
4 0.13984375 0.6580729166666667 0.005729166666666666 0.009895833333333333 
4 0.09661458333333334 0.6609375 0.009895833333333333 0.005208333333333333 
4 0.10442708333333334 0.9294270833333333 0.009895833333333333 0.008854166666666666 
4 0.4875 0.353125 0.009375 0.010416666666666666 
4 0.14713541666666666 0.7221354166666667 0.008854166666666666 0.0036458333333333334 
4 0.11145833333333334 0.65546875 0.005208333333333333 0.0109375 
4 0.15416666666666667 0.7778645833333333 0.009375 0.0109375 
4 0.16432291666666668 0.7919270833333333 0.009895833333333333 0.0109375 
4 0.44817708333333334 0.37161458333333336 0.0109375 0.013020833333333334 
4 0.47942708333333334 0.34765625 0.009895833333333333 0.0109375 
4 0.45703125 0.3299479166666667 0.009895833333333333 0.011979166666666667 
4 0.503125 0.3419270833333333 0.010416666666666666 0.009895833333333333 
4 0.4083333333333333 0.29140625 0.009375 0.0109375 
4 0.4375 0.3619791666666667 0.009375 0.0125 
4 0.42994791666666665 0.35546875 0.008854166666666666 0.0109375 
4 0.3854166666666667 0.27291666666666664 0.010416666666666666 0.011458333333333333 
4 0.4078125 0.3375 0.009375 0.011458333333333333 
4 0.6872395833333333 0.4393229166666667 0.009895833333333333 0.005729166666666666 
4 0.10208333333333333 0.7106770833333333 0.011458333333333333 0.013020833333333334 
4 0.31171875 0.26484375 0.009895833333333333 0.011979166666666667 
4 0.3067708333333333 0.26171875 0.010416666666666666 0.0109375 
4 0.5645833333333333 0.27109375 0.014583333333333334 0.0171875 
4 0.26328125 0.6421875 0.005729166666666666 0.011458333333333333 
4 0.2578125 0.6424479166666667 0.00625 0.011979166666666667 
4 0.2526041666666667 0.6416666666666667 0.00625 0.010416666666666666 
4 0.43463541666666666 0.31145833333333334 0.008854166666666666 0.011458333333333333 
4 0.39609375 0.28229166666666666 0.009895833333333333 0.010416666666666666 
4 0.4046875 0.28828125 0.010416666666666666 0.011979166666666667 
4 0.38125 0.27005208333333336 0.009375 0.0109375 
4 0.3770833333333333 0.2669270833333333 0.010416666666666666 0.0109375 
4 0.42734375 0.30572916666666666 0.009895833333333333 0.011458333333333333 
4 0.43020833333333336 0.30833333333333335 0.010416666666666666 0.011458333333333333 
4 0.44947916666666665 0.32473958333333336 0.009375 0.0109375 
4 0.3885416666666667 0.2765625 0.009375 0.011458333333333333 
4 0.45338541666666665 0.32760416666666664 0.009895833333333333 0.010416666666666666 
4 0.46015625 0.334375 0.009895833333333333 0.010416666666666666 
4 0.46458333333333335 0.33671875 0.008333333333333333 0.008854166666666666 
4 0.4421875 0.31744791666666666 0.010416666666666666 0.011979166666666667 
4 0.44609375 0.3216145833333333 0.009895833333333333 0.013020833333333334 
4 0.48385416666666664 0.36640625 0.010416666666666666 0.0109375 
5 0.3919270833333333 0.2794270833333333 0.009895833333333333 0.0109375 
4 0.37005208333333334 0.26171875 0.009895833333333333 0.0109375 
4 0.4903645833333333 0.35703125 0.008854166666666666 0.008854166666666666 
4 0.48333333333333334 0.32526041666666666 0.011458333333333333 0.0109375 
4 0.47552083333333334 0.2911458333333333 0.010416666666666666 0.010416666666666666 
4 0.4828125 0.2989583333333333 0.008333333333333333 0.009375 
4 0.4890625 0.30703125 0.009375 0.009895833333333333 
4 0.496875 0.31666666666666665 0.011458333333333333 0.011458333333333333 
4 0.509375 0.32708333333333334 0.011458333333333333 0.010416666666666666 
4 0.5125 0.3497395833333333 0.010416666666666666 0.009895833333333333 
4 0.46588541666666666 0.3109375 0.0109375 0.010416666666666666 
4 0.36614583333333334 0.2578125 0.008333333333333333 0.009375 
4 0.38255208333333335 0.24479166666666666 0.009895833333333333 0.009375 
4 0.37161458333333336 0.23619791666666667 0.009895833333333333 0.009895833333333333 
4 0.36354166666666665 0.22994791666666667 0.009375 0.009895833333333333 
4 0.35390625 0.25 0.008854166666666666 0.010416666666666666 
4 0.35833333333333334 0.2515625 0.010416666666666666 0.011458333333333333 
4 0.36276041666666664 0.25390625 0.009895833333333333 0.0109375 
4 0.4828125 0.3515625 0.009375 0.011458333333333333 
4 0.49505208333333334 0.35963541666666665 0.008854166666666666 0.009895833333333333 
4 0.24739583333333334 0.6419270833333334 0.005208333333333333 0.0109375 
4 0.17786458333333333 0.6286458333333333 0.0067708333333333336 0.0125 
4 0.14505208333333333 0.6283854166666667 0.0078125 0.011979166666666667 
4 0.15026041666666667 0.62890625 0.005729166666666666 0.011979166666666667 
4 0.15520833333333334 0.6294270833333333 0.00625 0.0109375 
4 0.16119791666666666 0.62890625 0.005729166666666666 0.0109375 
4 0.16666666666666666 0.6294270833333333 0.00625 0.0109375 
4 0.17291666666666666 0.6309895833333333 0.005208333333333333 0.011979166666666667 
4 0.18880208333333334 0.6299479166666667 0.0046875 0.011979166666666667 
4 0.13541666666666666 0.6276041666666666 0.005208333333333333 0.009375 
4 0.19401041666666666 0.6294270833333333 0.005729166666666666 0.0109375 
4 0.21927083333333333 0.6421875 0.00625 0.010416666666666666 
4 0.22526041666666666 0.6421875 0.005729166666666666 0.0125 
4 0.23125 0.6408854166666667 0.007291666666666667 0.011979166666666667 
4 0.23671875 0.6421875 0.0067708333333333336 0.011458333333333333 
4 0.24270833333333333 0.6401041666666667 0.005208333333333333 0.011458333333333333 
4 0.140625 0.628125 0.005208333333333333 0.011458333333333333 
4 0.13046875 0.62578125 0.0067708333333333336 0.011979166666666667 
5 0.09739583333333333 0.21302083333333333 0.008333333333333333 0.00625 
4 0.14557291666666666 0.5981770833333333 0.005729166666666666 0.009895833333333333 
4 0.5046875 0.37526041666666665 0.0125 0.0109375 
4 0.38567708333333334 0.5255208333333333 0.009895833333333333 0.005208333333333333 
4 0.38515625 0.5197916666666667 0.009895833333333333 0.005208333333333333 
4 0.38723958333333336 0.51484375 0.009895833333333333 0.005729166666666666 
4 0.38958333333333334 0.509375 0.010416666666666666 0.00625 
4 0.39166666666666666 0.503125 0.010416666666666666 0.00625 
4 0.15078125 0.5979166666666667 0.0046875 0.009375 
4 0.14010416666666667 0.6072916666666667 0.005208333333333333 0.009375 
4 0.15625 0.59921875 0.004166666666666667 0.008854166666666666 
4 0.16015625 0.5963541666666666 0.005729166666666666 0.009375 
4 0.165625 0.6026041666666667 0.005208333333333333 0.0125 
4 0.15572916666666667 0.609375 0.005208333333333333 0.009375 
4 0.14973958333333334 0.6083333333333333 0.0046875 0.009375 
4 0.14479166666666668 0.6083333333333333 0.004166666666666667 0.009375 
1 0.5127604166666667 0.5161458333333333 0.11302083333333333 0.11770833333333333 
