4 0.37395833333333334 0.8682291666666667 0.00625 0.008333333333333333 
4 0.21484375 0.028385416666666666 0.009895833333333333 0.013020833333333334 
4 0.3125 0.10364583333333334 0.010416666666666666 0.0125 
4 0.3151041666666667 0.10807291666666667 0.010416666666666666 0.0109375 
4 0.3184895833333333 0.11145833333333334 0.008854166666666666 0.009375 
4 0.32265625 0.11354166666666667 0.0109375 0.0125 
4 0.3307291666666667 0.11875 0.011458333333333333 0.0125 
4 0.33515625 0.12265625 0.009895833333333333 0.0109375 
4 0.3424479166666667 0.12708333333333333 0.009895833333333333 0.011458333333333333 
4 0.34661458333333334 0.13072916666666667 0.008854166666666666 0.011458333333333333 
4 0.3497395833333333 0.13489583333333333 0.008854166666666666 0.010416666666666666 
4 0.3533854166666667 0.13802083333333334 0.009895833333333333 0.011458333333333333 
4 0.3575520833333333 0.14036458333333332 0.009895833333333333 0.0109375 
4 0.3614583333333333 0.14270833333333333 0.009375 0.010416666666666666 
4 0.3645833333333333 0.14661458333333333 0.008333333333333333 0.009895833333333333 
4 0.3690104166666667 0.14947916666666666 0.009895833333333333 0.011458333333333333 
4 0.37265625 0.15182291666666667 0.0109375 0.013020833333333334 
4 0.3078125 0.10182291666666667 0.009375 0.011979166666666667 
4 0.30390625 0.09817708333333333 0.0109375 0.011979166666666667 
4 0.29583333333333334 0.09375 0.010416666666666666 0.011458333333333333 
4 0.24791666666666667 0.055989583333333336 0.009375 0.0109375 
4 0.22317708333333333 0.03515625 0.0109375 0.011979166666666667 
4 0.22994791666666667 0.04114583333333333 0.009895833333333333 0.010416666666666666 
4 0.2328125 0.044270833333333336 0.008333333333333333 0.009375 
4 0.23645833333333333 0.04609375 0.011458333333333333 0.013020833333333334 
4 0.23984375 0.05078125 0.009895833333333333 0.0109375 
4 0.24427083333333333 0.05364583333333333 0.011458333333333333 0.011458333333333333 
4 0.25104166666666666 0.05859375 0.009375 0.0109375 
4 0.28854166666666664 0.0875 0.010416666666666666 0.0125 
4 0.2557291666666667 0.06041666666666667 0.009375 0.0125 
4 0.2591145833333333 0.06276041666666667 0.009895833333333333 0.011979166666666667 
4 0.26276041666666666 0.06640625 0.009895833333333333 0.011979166666666667 
4 0.2669270833333333 0.07005208333333333 0.009895833333333333 0.011979166666666667 
4 0.26953125 0.0734375 0.009895833333333333 0.010416666666666666 
4 0.28411458333333334 0.08463541666666667 0.0109375 0.011979166666666667 
4 0.3802083333333333 0.15833333333333333 0.010416666666666666 0.011458333333333333 
4 0.38828125 0.16328125 0.009895833333333333 0.011979166666666667 
4 0.39166666666666666 0.16744791666666667 0.008333333333333333 0.009895833333333333 
4 0.31953125 0.078125 0.008854166666666666 0.010416666666666666 
4 0.34322916666666664 0.09583333333333334 0.009375 0.010416666666666666 
4 0.3390625 0.09348958333333333 0.009375 0.0109375 
4 0.3341145833333333 0.09088541666666666 0.009895833333333333 0.0109375 
4 0.33125 0.08802083333333334 0.009375 0.010416666666666666 
4 0.32708333333333334 0.08567708333333333 0.009375 0.0109375 
4 0.3229166666666667 0.0828125 0.009375 0.010416666666666666 
4 0.31640625 0.07552083333333333 0.008854166666666666 0.010416666666666666 
4 0.35 0.10234375 0.009375 0.009895833333333333 
4 0.31145833333333334 0.07317708333333334 0.010416666666666666 0.0109375 
4 0.3611979166666667 0.06953125 0.009895833333333333 0.009895833333333333 
4 0.36875 0.07604166666666666 0.010416666666666666 0.010416666666666666 
4 0.37734375 0.08307291666666666 0.0109375 0.009895833333333333 
4 0.38776041666666666 0.09088541666666666 0.009895833333333333 0.009895833333333333 
4 0.396875 0.0984375 0.011458333333333333 0.011458333333333333 
4 0.34479166666666666 0.10052083333333334 0.009375 0.011458333333333333 
4 0.35494791666666664 0.1046875 0.009895833333333333 0.010416666666666666 
4 0.39557291666666666 0.16979166666666667 0.0109375 0.0125 
4 0.42213541666666665 0.159375 0.0109375 0.011458333333333333 
4 0.40260416666666665 0.17604166666666668 0.008333333333333333 0.010416666666666666 
4 0.4109375 0.18177083333333333 0.010416666666666666 0.011458333333333333 
4 0.41432291666666665 0.18489583333333334 0.009895833333333333 0.011458333333333333 
4 0.42526041666666664 0.19401041666666666 0.008854166666666666 0.0109375 
4 0.44036458333333334 0.1734375 0.011979166666666667 0.0125 
4 0.4296875 0.16484375 0.010416666666666666 0.011979166666666667 
4 0.41510416666666666 0.153125 0.010416666666666666 0.0125 
4 0.3575520833333333 0.10911458333333333 0.009895833333333333 0.011979166666666667 
4 0.40286458333333336 0.14453125 0.009895833333333333 0.0109375 
4 0.3921875 0.13541666666666666 0.010416666666666666 0.011458333333333333 
4 0.40078125 0.140625 0.009895833333333333 0.010416666666666666 
4 0.36953125 0.11744791666666667 0.009895833333333333 0.011979166666666667 
4 0.3658854166666667 0.11354166666666667 0.008854166666666666 0.010416666666666666 
4 0.36276041666666664 0.11041666666666666 0.008854166666666666 0.010416666666666666 
4 0.21822916666666667 0.032552083333333336 0.009375 0.0109375 
4 0.24348958333333334 0.02578125 0.009895833333333333 0.011979166666666667 
4 0.33932291666666664 0.8809895833333333 0.008854166666666666 0.0109375 
4 0.24739583333333334 0.02890625 0.009375 0.009895833333333333 
4 0.6372395833333333 0.22578125 0.0067708333333333336 0.009895833333333333 
4 0.625 0.24244791666666668 0.010416666666666666 0.008854166666666666 
4 0.33515625 0.93828125 0.0078125 0.0109375 
4 0.35703125 0.9713541666666666 0.009895833333333333 0.0125 
4 0.2708333333333333 -0.00026041666666666666 0.011458333333333333 0.008854166666666666 
4 0.2794270833333333 0.0078125 0.0109375 0.009375 
4 0.28828125 0.0140625 0.0109375 0.009375 
4 0.29791666666666666 0.020052083333333335 0.010416666666666666 0.008854166666666666 
10 0.41380208333333335 0.6809895833333334 0.2296875 0.2359375 
10 0.5260416666666666 0.5739583333333333 0.23541666666666666 0.23958333333333334 
7 0.1828125 0.52578125 0.020833333333333332 0.04635416666666667 
1 0.7434895833333334 0.42239583333333336 0.11927083333333334 0.128125 
1 0.271875 0.275 0.06354166666666666 0.06041666666666667 
1 0.15364583333333334 0.3416666666666667 0.07708333333333334 0.08125 
1 0.11145833333333334 0.21848958333333332 0.11354166666666667 0.10885416666666667 
1 0.3 0.4205729166666667 0.065625 0.0484375 
7 0.14947916666666666 0.5260416666666666 0.021875 0.046875 
7 0.21536458333333333 0.5268229166666667 0.021354166666666667 0.0453125 
7 0.25364583333333335 0.60234375 0.020833333333333332 0.04739583333333333 
7 0.24713541666666666 0.5268229166666667 0.021354166666666667 0.04739583333333333 
7 0.28046875 0.5263020833333333 0.021354166666666667 0.0453125 
7 0.31171875 0.5263020833333333 0.0234375 0.04635416666666667 
7 0.34479166666666666 0.5270833333333333 0.019791666666666666 0.04479166666666667 
7 0.18854166666666666 0.6018229166666667 0.022916666666666665 0.0484375 
7 0.22109375 0.6028645833333334 0.021354166666666667 0.0453125 
4 0.25104166666666666 0.0010416666666666667 0.011458333333333333 0.011458333333333333 
4 0.2296875 -0.00234375 0.010416666666666666 0.0109375 
4 0.23489583333333333 0.0005208333333333333 0.010416666666666666 0.011458333333333333 
4 0.28984375 0.048177083333333336 0.009895833333333333 0.009895833333333333 
4 0.27057291666666666 0.03307291666666667 0.008854166666666666 0.009895833333333333 
4 0.2747395833333333 0.03723958333333333 0.0078125 0.008854166666666666 
4 0.29192708333333334 0.0375 0.009895833333333333 0.010416666666666666 
4 0.296875 0.03984375 0.009375 0.0109375 
4 0.28229166666666666 0.041666666666666664 0.010416666666666666 0.010416666666666666 
4 0.2859375 0.04505208333333333 0.010416666666666666 0.0109375 
4 0.2838541666666667 0.05546875 0.010416666666666666 0.011979166666666667 
4 0.26197916666666665 0.028125 0.009375 0.010416666666666666 
4 0.2794270833333333 0.05286458333333333 0.008854166666666666 0.0109375 
4 0.275 0.049479166666666664 0.008333333333333333 0.010416666666666666 
4 0.2716145833333333 0.046875 0.009895833333333333 0.011458333333333333 
4 0.26796875 0.04296875 0.008854166666666666 0.0109375 
4 0.2596354166666667 0.0375 0.009895833333333333 0.0125 
4 0.25494791666666666 0.03515625 0.0109375 0.011979166666666667 
4 0.26614583333333336 0.030208333333333334 0.010416666666666666 0.010416666666666666 
4 0.25859375 0.0234375 0.009895833333333333 0.010416666666666666 
4 0.2390625 0.005208333333333333 0.011458333333333333 0.011458333333333333 
4 0.2513020833333333 0.016145833333333335 0.009895833333333333 0.011458333333333333 
4 0.22239583333333332 0.006510416666666667 0.010416666666666666 0.011979166666666667 
4 0.22682291666666668 0.0109375 0.0109375 0.011458333333333333 
4 0.23072916666666668 0.014583333333333334 0.011458333333333333 0.0125 
4 0.23541666666666666 0.01875 0.011458333333333333 0.011458333333333333 
4 0.24010416666666667 0.022395833333333334 0.010416666666666666 0.010416666666666666 
4 0.24661458333333333 0.013541666666666667 0.009895833333333333 0.010416666666666666 
4 0.25494791666666666 0.019791666666666666 0.0109375 0.011458333333333333 
4 0.28489583333333335 0.03203125 0.011458333333333333 0.013020833333333334 
4 0.2625 0.011458333333333333 0.011458333333333333 0.011458333333333333 
4 0.25833333333333336 0.0067708333333333336 0.010416666666666666 0.010416666666666666 
4 0.27005208333333336 0.017447916666666667 0.0109375 0.013020833333333334 
4 0.2734375 0.022395833333333334 0.011458333333333333 0.011458333333333333 
4 0.27838541666666666 0.025260416666666667 0.0109375 0.0109375 
4 0.28151041666666665 0.028125 0.0109375 0.011458333333333333 
4 0.40703125 0.10625 0.0109375 0.010416666666666666 
4 0.41692708333333334 0.11380208333333333 0.009895833333333333 0.009895833333333333 
4 0.42526041666666664 0.12057291666666667 0.0109375 0.0109375 
4 0.4432291666666667 0.13489583333333333 0.010416666666666666 0.010416666666666666 
4 0.06510416666666667 0.5013020833333334 0.011458333333333333 0.005729166666666666 
4 0.06953125 0.5096354166666667 0.008854166666666666 0.009895833333333333 
4 0.08932291666666667 0.5346354166666667 0.0109375 0.009895833333333333 
4 0.08671875 0.5302083333333333 0.009895833333333333 0.009375 
4 0.0859375 0.49505208333333334 0.009375 0.0046875 
4 0.11770833333333333 0.490625 0.009375 0.004166666666666667 
4 0.1171875 0.50078125 0.009375 0.0036458333333333334 
4 0.11848958333333333 0.49583333333333335 0.008854166666666666 0.004166666666666667 
4 0.09661458333333334 0.50546875 0.009895833333333333 0.0046875 
4 0.09739583333333333 0.51015625 0.009375 0.0046875 
4 0.09791666666666667 0.4908854166666667 0.009375 0.0036458333333333334 
4 0.09713541666666667 0.4953125 0.009895833333333333 0.004166666666666667 
4 0.11875 0.51015625 0.010416666666666666 0.005729166666666666 
4 0.1171875 0.5283854166666667 0.009375 0.0046875 
4 0.09375 0.5559895833333334 0.009375 0.009895833333333333 
4 0.06276041666666667 0.49609375 0.0109375 0.0046875 
4 0.06380208333333333 0.49166666666666664 0.0109375 0.005208333333333333 
4 0.0640625 0.4869791666666667 0.011458333333333333 0.005208333333333333 
4 0.22578125 0.47161458333333334 0.0109375 0.0046875 
4 0.23880208333333333 0.45859375 0.005729166666666666 0.011979166666666667 
4 0.24348958333333334 0.45859375 0.0046875 0.0109375 
4 0.24947916666666667 0.45859375 0.00625 0.011979166666666667 
4 0.25625 0.45807291666666666 0.005208333333333333 0.009895833333333333 
4 0.26171875 0.45807291666666666 0.005729166666666666 0.009895833333333333 
4 0.27395833333333336 0.4557291666666667 0.005208333333333333 0.010416666666666666 
4 0.07526041666666666 0.471875 0.005729166666666666 0.011458333333333333 
4 0.06484375 0.4825520833333333 0.0078125 0.0036458333333333334 
4 0.08984375 0.47213541666666664 0.0046875 0.009895833333333333 
4 0.09427083333333333 0.47265625 0.004166666666666667 0.011979166666666667 
4 0.09895833333333333 0.47369791666666666 0.005208333333333333 0.0109375 
4 0.10338541666666666 0.47317708333333336 0.005729166666666666 0.0109375 
4 0.10911458333333333 0.47421875 0.005729166666666666 0.009895833333333333 
4 0.06588541666666667 0.47708333333333336 0.009895833333333333 0.005208333333333333 
4 0.07369791666666667 0.7455729166666667 0.009895833333333333 0.008854166666666666 
4 0.3484375 0.875 0.009375 0.011458333333333333 
4 0.3453125 0.8908854166666667 0.011458333333333333 0.011979166666666667 
4 0.45677083333333335 0.16927083333333334 0.009375 0.010416666666666666 
4 0.11640625 0.53828125 0.008854166666666666 0.0036458333333333334 
4 0.08072916666666667 0.47161458333333334 0.005208333333333333 0.0109375 
4 0.1234375 0.5940104166666667 0.009375 0.0109375 
4 0.13359375 0.6080729166666666 0.009895833333333333 0.0109375 
4 0.41744791666666664 0.18776041666666668 0.0109375 0.013020833333333334 
4 0.44869791666666664 0.16380208333333332 0.009895833333333333 0.0109375 
4 0.42630208333333336 0.14609375 0.009895833333333333 0.011979166666666667 
4 0.47239583333333335 0.15807291666666667 0.010416666666666666 0.009895833333333333 
4 0.3776041666666667 0.10755208333333334 0.009375 0.0109375 
4 0.40677083333333336 0.178125 0.009375 0.0125 
4 0.39921875 0.17161458333333332 0.008854166666666666 0.0109375 
4 0.3546875 0.0890625 0.010416666666666666 0.011458333333333333 
4 0.3770833333333333 0.15364583333333334 0.009375 0.011458333333333333 
4 0.6565104166666667 0.25546875 0.009895833333333333 0.005729166666666666 
4 0.07135416666666666 0.5268229166666667 0.011458333333333333 0.013020833333333334 
4 0.28098958333333335 0.08098958333333334 0.009895833333333333 0.011979166666666667 
4 0.3515625 0.90078125 0.008333333333333333 0.009895833333333333 
4 0.38645833333333335 0.8752604166666667 0.008333333333333333 0.009895833333333333 
4 0.35520833333333335 0.8971354166666666 0.008333333333333333 0.008854166666666666 
4 0.36041666666666666 0.8940104166666667 0.007291666666666667 0.009895833333333333 
4 0.365625 0.8908854166666667 0.008333333333333333 0.009895833333333333 
4 0.36953125 0.8872395833333333 0.009895833333333333 0.011979166666666667 
4 0.3770833333333333 0.8807291666666667 0.009375 0.010416666666666666 
4 0.38203125 0.87890625 0.008854166666666666 0.0109375 
4 0.3815104166666667 0.8677083333333333 0.009895833333333333 0.011458333333333333 
4 0.2760416666666667 0.07786458333333333 0.010416666666666666 0.0109375 
4 0.39036458333333335 0.8723958333333334 0.009895833333333333 0.010416666666666666 
4 0.3971354166666667 0.8653645833333333 0.009895833333333333 0.011979166666666667 
4 0.40234375 0.8591145833333333 0.0067708333333333336 0.0109375 
4 0.4080729166666667 0.8575520833333333 0.005729166666666666 0.0109375 
4 0.41432291666666665 0.8575520833333333 0.0067708333333333336 0.0109375 
4 0.5338541666666666 0.08723958333333333 0.014583333333333334 0.0171875 
4 0.23255208333333333 0.4583333333333333 0.005729166666666666 0.011458333333333333 
4 0.22708333333333333 0.45859375 0.00625 0.011979166666666667 
4 0.221875 0.4578125 0.00625 0.010416666666666666 
4 0.40390625 0.12760416666666666 0.008854166666666666 0.011458333333333333 
4 0.3653645833333333 0.0984375 0.009895833333333333 0.010416666666666666 
4 0.37395833333333334 0.10442708333333334 0.010416666666666666 0.011979166666666667 
4 0.35052083333333334 0.08619791666666667 0.009375 0.0109375 
4 0.3463541666666667 0.08307291666666666 0.010416666666666666 0.0109375 
4 0.3966145833333333 0.121875 0.009895833333333333 0.011458333333333333 
4 0.39947916666666666 0.12447916666666667 0.010416666666666666 0.011458333333333333 
4 0.41875 0.14088541666666668 0.009375 0.0109375 
4 0.3578125 0.09270833333333334 0.009375 0.011458333333333333 
4 0.42265625 0.14375 0.009895833333333333 0.010416666666666666 
4 0.42942708333333335 0.15052083333333333 0.009895833333333333 0.010416666666666666 
4 0.43385416666666665 0.15286458333333333 0.008333333333333333 0.008854166666666666 
4 0.4114583333333333 0.13359375 0.010416666666666666 0.011979166666666667 
4 0.4153645833333333 0.13776041666666666 0.009895833333333333 0.013020833333333334 
4 0.453125 0.18255208333333334 0.010416666666666666 0.0109375 
5 0.3611979166666667 0.09557291666666666 0.009895833333333333 0.0109375 
4 0.33932291666666664 0.07786458333333333 0.009895833333333333 0.0109375 
4 0.4596354166666667 0.17317708333333334 0.008854166666666666 0.008854166666666666 
4 0.45260416666666664 0.14140625 0.011458333333333333 0.0109375 
4 0.44479166666666664 0.10729166666666666 0.010416666666666666 0.010416666666666666 
4 0.45208333333333334 0.11510416666666666 0.008333333333333333 0.009375 
4 0.4583333333333333 0.12317708333333334 0.009375 0.009895833333333333 
4 0.4661458333333333 0.1328125 0.011458333333333333 0.011458333333333333 
4 0.4786458333333333 0.14322916666666666 0.011458333333333333 0.010416666666666666 
4 0.4817708333333333 0.16588541666666667 0.010416666666666666 0.009895833333333333 
4 0.43515625 0.12708333333333333 0.0109375 0.010416666666666666 
4 0.33541666666666664 0.07395833333333333 0.008333333333333333 0.009375 
4 0.35182291666666665 0.0609375 0.009895833333333333 0.009375 
4 0.34088541666666666 0.05234375 0.009895833333333333 0.009895833333333333 
4 0.3328125 0.04609375 0.009375 0.009895833333333333 
4 0.32317708333333334 0.06614583333333333 0.008854166666666666 0.010416666666666666 
4 0.32760416666666664 0.06770833333333333 0.010416666666666666 0.011458333333333333 
4 0.33203125 0.07005208333333333 0.009895833333333333 0.0109375 
4 0.45208333333333334 0.16770833333333332 0.009375 0.011458333333333333 
4 0.46432291666666664 0.17578125 0.008854166666666666 0.009895833333333333 
4 0.21666666666666667 0.45807291666666666 0.005208333333333333 0.0109375 
4 0.14713541666666666 0.44479166666666664 0.0067708333333333336 0.0125 
4 0.11432291666666666 0.44453125 0.0078125 0.011979166666666667 
4 0.11953125 0.44505208333333335 0.005729166666666666 0.011979166666666667 
4 0.12447916666666667 0.44557291666666665 0.00625 0.0109375 
4 0.13046875 0.44505208333333335 0.005729166666666666 0.0109375 
4 0.1359375 0.44557291666666665 0.00625 0.0109375 
4 0.1421875 0.4471354166666667 0.005208333333333333 0.011979166666666667 
4 0.15807291666666667 0.44609375 0.0046875 0.011979166666666667 
4 0.1046875 0.44375 0.005208333333333333 0.009375 
4 0.16328125 0.44557291666666665 0.005729166666666666 0.0109375 
4 0.18854166666666666 0.4583333333333333 0.00625 0.010416666666666666 
4 0.19453125 0.4583333333333333 0.005729166666666666 0.0125 
4 0.20052083333333334 0.45703125 0.007291666666666667 0.011979166666666667 
4 0.20598958333333334 0.4583333333333333 0.0067708333333333336 0.011458333333333333 
4 0.21197916666666666 0.45625 0.005208333333333333 0.011458333333333333 
4 0.10989583333333333 0.44427083333333334 0.005208333333333333 0.011458333333333333 
4 0.09973958333333334 0.44192708333333336 0.0067708333333333336 0.011979166666666667 
5 0.06666666666666667 0.029166666666666667 0.008333333333333333 0.00625 
4 0.11484375 0.41432291666666665 0.005729166666666666 0.009895833333333333 
4 0.4739583333333333 0.19140625 0.0125 0.0109375 
4 0.35494791666666664 0.3416666666666667 0.009895833333333333 0.005208333333333333 
4 0.35442708333333334 0.3359375 0.009895833333333333 0.005208333333333333 
4 0.35651041666666666 0.33098958333333334 0.009895833333333333 0.005729166666666666 
4 0.35885416666666664 0.3255208333333333 0.010416666666666666 0.00625 
4 0.3609375 0.31927083333333334 0.010416666666666666 0.00625 
4 0.12005208333333334 0.4140625 0.0046875 0.009375 
4 0.109375 0.4234375 0.005208333333333333 0.009375 
4 0.12552083333333333 0.4153645833333333 0.004166666666666667 0.008854166666666666 
4 0.12942708333333333 0.4125 0.005729166666666666 0.009375 
4 0.13489583333333333 0.41875 0.005208333333333333 0.0125 
4 0.125 0.42552083333333335 0.005208333333333333 0.009375 
4 0.11901041666666666 0.4244791666666667 0.0046875 0.009375 
4 0.1140625 0.4244791666666667 0.004166666666666667 0.009375 
1 0.48203125 0.33229166666666665 0.11302083333333333 0.11770833333333333 
