5 0.221875 0.8723958333333334 0.015625 0.078125 
4 0.04895833333333333 0.53515625 0.01875 0.0078125 
4 0.10364583333333334 0.4427083333333333 0.026041666666666668 0.010416666666666666 
4 0.10078125 0.4747395833333333 0.019270833333333334 0.0078125 
4 0.059895833333333336 0.52265625 0.019791666666666666 0.0078125 
4 0.07395833333333333 0.56796875 0.022916666666666665 0.0078125 
4 0.1015625 0.5833333333333334 0.026041666666666668 0.008333333333333333 
4 -0.00546875 0.615625 0.018229166666666668 0.008333333333333333 
4 0.11692708333333333 0.7802083333333333 0.021354166666666667 0.008333333333333333 
4 0.043229166666666666 0.8005208333333333 0.021875 0.008333333333333333 
4 0.04479166666666667 0.7809895833333333 0.017708333333333333 0.0067708333333333336 
4 0.04505208333333333 0.7713541666666667 0.0171875 0.007291666666666667 
4 0.04609375 0.7591145833333334 0.018229166666666668 0.0067708333333333336 
4 0.04453125 0.7486979166666666 0.016145833333333335 0.0067708333333333336 
4 0.115625 0.7567708333333333 0.01875 0.008333333333333333 
4 0.09427083333333333 0.7911458333333333 0.019791666666666666 0.009375 
4 0.04244791666666667 0.8325520833333333 0.0171875 0.0067708333333333336 
4 0.09401041666666667 0.8013020833333333 0.0171875 0.0067708333333333336 
4 0.0921875 0.8231770833333333 0.01875 0.008854166666666666 
4 0.11614583333333334 0.790625 0.019791666666666666 0.007291666666666667 
4 0.11666666666666667 0.8015625 0.020833333333333332 0.008333333333333333 
4 0.11354166666666667 0.8348958333333333 0.020833333333333332 0.010416666666666666 
4 0.09296875 0.8440104166666667 0.019270833333333334 0.0067708333333333336 
4 0.04244791666666667 0.8109375 0.0171875 0.007291666666666667 
4 0.042708333333333334 0.8432291666666667 0.01875 0.00625 
4 0.013020833333333334 0.92578125 0.01875 0.022395833333333334 
4 0.03697916666666667 0.93125 0.014583333333333334 0.015625 
4 0.040625 0.8541666666666666 0.016666666666666666 0.007291666666666667 
4 0.06197916666666667 0.9283854166666666 0.017708333333333333 0.021354166666666667 
4 0.07526041666666666 0.9283854166666666 0.015104166666666667 0.018229166666666668 
4 0.05625 0.99453125 0.014583333333333334 0.0203125 
5 0.10338541666666666 0.9322916666666666 0.019270833333333334 0.027083333333333334 
4 0.04244791666666667 0.865625 0.018229166666666668 0.007291666666666667 
5 0.6346354166666667 0.21484375 0.0140625 0.0328125 
5 0.34817708333333336 0.5791666666666667 0.09739583333333333 0.01875 
5 0.8231770833333333 0.23072916666666668 0.0953125 0.016666666666666666 
5 0.82578125 0.21588541666666666 0.0859375 0.0140625 
5 0.3703125 0.37578125 0.04895833333333333 0.0171875 
5 0.37578125 0.3921875 0.0484375 0.014583333333333334 
5 0.34661458333333334 0.5013020833333334 0.10052083333333334 0.019270833333333334 
5 0.3453125 0.5192708333333333 0.1 0.01875 
5 0.3450520833333333 0.6109375 0.10364583333333334 0.021875 
5 0.7734375 0.29140625 0.09166666666666666 0.0203125 
5 0.34921875 0.6416666666666667 0.0484375 0.016666666666666666 
5 0.3497395833333333 0.6565104166666667 0.09635416666666667 0.021354166666666667 
5 0.35442708333333334 0.67109375 0.0359375 0.013020833333333334 
5 0.34661458333333334 0.6848958333333334 0.10364583333333334 0.019791666666666666 
5 0.27838541666666666 0.6981770833333333 0.08177083333333333 0.021354166666666667 
5 0.21536458333333333 0.6947916666666667 0.0484375 0.017708333333333333 
5 0.80078125 0.26197916666666665 0.09114583333333333 0.01875 
5 0.7419270833333333 0.30625 0.04114583333333333 0.014583333333333334 
5 0.28020833333333334 0.65390625 0.04375 0.0140625 
5 0.37161458333333336 0.2359375 0.021354166666666667 0.08645833333333333 
5 0.19869791666666667 0.22916666666666666 0.022395833333333334 0.08854166666666667 
5 0.21510416666666668 0.22942708333333334 0.022916666666666665 0.0890625 
5 0.23151041666666666 0.22473958333333333 0.021354166666666667 0.09947916666666666 
5 0.24869791666666666 0.22994791666666667 0.025520833333333333 0.10364583333333334 
5 0.2635416666666667 0.2328125 0.022916666666666665 0.0875 
5 0.35572916666666665 0.23177083333333334 0.020833333333333332 0.09270833333333334 
5 0.3859375 0.2375 0.016666666666666666 0.084375 
5 0.7502604166666667 0.3223958333333333 0.07135416666666666 0.01875 
5 0.39947916666666666 0.23411458333333332 0.017708333333333333 0.09010416666666667 
5 0.5411458333333333 0.23359375 0.019791666666666666 0.0890625 
5 0.6515625 0.240625 0.021875 0.0875 
5 0.68203125 0.37994791666666666 0.1015625 0.0234375 
5 0.7002604166666667 0.36822916666666666 0.0265625 0.011458333333333333 
5 0.7135416666666666 0.35 0.03854166666666667 0.0125 
5 0.2799479166666667 0.6393229166666666 0.044270833333333336 0.0171875 
5 0.2328125 0.6372395833333333 0.046875 0.019270833333333334 
5 0.6046875 0.50078125 0.06875 0.0734375 
5 0.04869791666666667 0.396875 0.04114583333333333 0.016666666666666666 
5 0.09869791666666666 0.3966145833333333 0.05260416666666667 0.016145833333333335 
5 0.09791666666666667 0.4125 0.05625 0.017708333333333333 
5 0.07552083333333333 0.55234375 0.09166666666666666 0.019270833333333334 
5 0.6158854166666666 0.5098958333333333 0.06927083333333334 0.075 
5 0.52734375 0.61015625 0.0671875 0.09114583333333333 
5 0.07369791666666667 0.34869791666666666 0.10572916666666667 0.0203125 
5 0.5559895833333334 0.4236979166666667 0.0234375 0.1015625 
5 0.8763020833333334 0.4471354166666667 0.033854166666666664 0.0328125 
4 0.0859375 0.30026041666666664 0.022916666666666665 0.008854166666666666 
5 0.07942708333333333 0.33255208333333336 0.09322916666666667 0.0140625 
5 0.17708333333333334 0.8716145833333333 0.025 0.0921875 
5 0.2359375 0.6216145833333333 0.053125 0.016145833333333335 
5 0.31953125 0.3736979166666667 0.043229166666666666 0.013020833333333334 
5 0.23020833333333332 0.6518229166666667 0.04583333333333333 0.016145833333333335 
5 0.22864583333333333 0.6671875 0.05 0.016666666666666666 
5 0.27838541666666666 0.54765625 0.043229166666666666 0.0140625 
5 0.271875 0.5625 0.05520833333333333 0.015625 
5 0.21953125 0.38671875 0.030729166666666665 0.015104166666666667 
5 0.2513020833333333 0.3880208333333333 0.034895833333333334 0.015625 
5 0.2515625 0.37265625 0.090625 0.015104166666666667 
5 0.15755208333333334 0.871875 0.015104166666666667 0.08958333333333333 
5 0.25677083333333334 0.42135416666666664 0.08333333333333333 0.0125 
5 0.25390625 0.4041666666666667 0.0890625 0.015625 
5 0.23958333333333334 0.43307291666666664 0.06770833333333333 0.015104166666666667 
5 0.26067708333333334 0.8765625 0.0171875 0.08645833333333333 
5 0.2872395833333333 0.8765625 0.013020833333333334 0.084375 
5 0.3015625 0.8760416666666667 0.019791666666666666 0.08854166666666667 
4 0.08828125 0.8546875 0.0171875 0.007291666666666667 
4 0.44166666666666665 0.96953125 0.0125 0.0203125 
4 0.47630208333333335 0.9283854166666666 0.015104166666666667 0.0171875 
4 0.3528645833333333 0.5315104166666667 0.021354166666666667 0.0109375 
5 0.18229166666666666 0.2390625 0.011458333333333333 0.023958333333333335 
4 0.7739583333333333 0.30963541666666666 0.019791666666666666 0.011979166666666667 
4 0.7252604166666666 0.33671875 0.024479166666666666 0.0109375 
4 0.75703125 0.3377604166666667 0.0234375 0.009895833333333333 
4 0.24557291666666667 0.5466145833333333 0.0203125 0.011979166666666667 
5 0.2859375 0.5309895833333333 0.020833333333333332 0.009895833333333333 
5 0.22578125 0.559375 0.025520833333333333 0.013541666666666667 
4 0.08567708333333333 0.3776041666666667 0.025520833333333333 0.010416666666666666 
4 0.21822916666666667 0.5895833333333333 0.022916666666666665 0.014583333333333334 
4 0.8244791666666667 0.6221354166666667 0.01875 0.018229166666666668 
4 0.775 0.5611979166666666 0.026041666666666668 0.0234375 
4 0.66796875 0.84375 0.0234375 0.016666666666666666 
4 0.6736979166666667 0.8330729166666667 0.021354166666666667 0.016145833333333335 
4 0.09453125 0.31744791666666666 0.028645833333333332 0.011979166666666667 
4 0.37421875 0.46953125 0.0265625 0.013020833333333334 
4 0.81796875 0.94296875 0.009895833333333333 0.021354166666666667 
4 0.8760416666666667 0.8359375 0.010416666666666666 0.01875 
4 0.6903645833333333 0.9393229166666667 0.008854166666666666 0.015104166666666667 
4 0.6778645833333333 0.93984375 0.009895833333333333 0.018229166666666668 
4 0.7859375 0.9408854166666667 0.009375 0.018229166666666668 
4 0.7971354166666667 0.94140625 0.008854166666666666 0.018229166666666668 
4 0.83125 0.79375 0.015625 0.008333333333333333 
4 0.8606770833333334 0.8018229166666667 0.016145833333333335 0.018229166666666668 
4 0.8828125 0.86328125 0.017708333333333333 0.018229166666666668 
4 0.36796875 0.48489583333333336 0.022395833333333334 0.010416666666666666 
4 0.903125 0.87890625 0.016666666666666666 0.009895833333333333 
4 0.925 0.88359375 0.022916666666666665 0.015104166666666667 
4 0.9473958333333333 0.8572916666666667 0.009375 0.017708333333333333 
5 0.5106770833333333 0.4171875 0.011979166666666667 0.027083333333333334 
4 0.36432291666666666 0.43828125 0.0234375 0.0109375 
4 0.33958333333333335 0.45234375 0.021875 0.009895833333333333 
4 0.46979166666666666 0.9598958333333333 0.010416666666666666 0.017708333333333333 
5 0.49270833333333336 0.22239583333333332 0.017708333333333333 0.06458333333333334 
4 0.8432291666666667 0.5927083333333333 0.014583333333333334 0.014583333333333334 
5 0.4153645833333333 0.21953125 0.015104166666666667 0.0671875 
5 0.42942708333333335 0.2203125 0.0171875 0.065625 
5 0.3223958333333333 0.21822916666666667 0.017708333333333333 0.06458333333333334 
5 0.4453125 0.21927083333333333 0.015625 0.065625 
5 0.459375 0.22708333333333333 0.014583333333333334 0.06354166666666666 
5 0.5080729166666667 0.22552083333333334 0.016145833333333335 0.06770833333333333 
4 0.9479166666666666 0.8377604166666667 0.008333333333333333 0.015104166666666667 
5 0.5216145833333333 0.22994791666666667 0.0171875 0.06614583333333333 
5 0.5544270833333333 0.22786458333333334 0.015104166666666667 0.0640625 
5 0.58828125 0.22682291666666668 0.016145833333333335 0.0640625 
5 0.6036458333333333 0.22838541666666667 0.015625 0.0640625 
5 0.6174479166666667 0.22838541666666667 0.016145833333333335 0.06510416666666667 
5 0.8033854166666666 0.27734375 0.05260416666666667 0.013020833333333334 
4 0.6557291666666667 0.9388020833333334 0.009375 0.018229166666666668 
4 0.8026041666666667 0.6098958333333333 0.025 0.025 
4 0.16223958333333333 0.9513020833333333 0.021354166666666667 0.024479166666666666 
4 0.8739583333333333 0.5505208333333333 0.017708333333333333 0.016666666666666666 
4 0.9169270833333333 0.9466145833333334 0.011979166666666667 0.0234375 
4 0.9291666666666667 0.9442708333333333 0.010416666666666666 0.021875 
4 0.9403645833333333 0.9458333333333333 0.011979166666666667 0.025 
4 0.88046875 0.53671875 0.021354166666666667 0.0203125 
4 0.83203125 0.6109375 0.0203125 0.01875 
5 0.26015625 0.51328125 0.07447916666666667 0.0171875 
5 0.43385416666666665 1.0111979166666667 0.013541666666666667 0.030729166666666665 
4 0.44296875 0.94140625 0.0140625 0.021354166666666667 
4 0.6635416666666667 0.8533854166666667 0.021875 0.0171875 
5 0.33307291666666666 0.39088541666666665 0.0390625 0.015104166666666667 
5 0.29270833333333335 0.38958333333333334 0.04583333333333333 0.014583333333333334 
4 0.7635416666666667 0.9403645833333333 0.009375 0.015104166666666667 
4 0.8072916666666666 0.8828125 0.008333333333333333 0.017708333333333333 
4 0.7971354166666667 0.8825520833333333 0.009895833333333333 0.019270833333333334 
4 0.7591145833333334 0.578125 0.018229166666666668 0.015625 
4 0.8536458333333333 0.46953125 0.019791666666666666 0.0171875 
4 0.84765625 0.4783854166666667 0.0203125 0.0171875 
4 0.89140625 0.5270833333333333 0.0109375 0.0125 
4 0.8643229166666667 0.5619791666666667 0.0171875 0.015625 
4 0.8549479166666667 0.5739583333333333 0.0171875 0.017708333333333333 
4 0.7661458333333333 0.56796875 0.015625 0.015104166666666667 
4 0.7520833333333333 0.5875 0.015625 0.016666666666666666 
4 0.90390625 0.4140625 0.022395833333333334 0.019791666666666666 
4 0.7471354166666667 0.59453125 0.018229166666666668 0.0171875 
4 0.740625 0.60234375 0.01875 0.015104166666666667 
4 0.7252604166666666 0.6200520833333333 0.0171875 0.015104166666666667 
4 0.7184895833333333 0.62890625 0.015104166666666667 0.0140625 
4 0.7096354166666666 0.6361979166666667 0.019270833333333334 0.016145833333333335 
4 0.7026041666666667 0.64375 0.015625 0.015625 
4 0.8630208333333333 0.46067708333333335 0.019791666666666666 0.0171875 
4 0.9763020833333333 0.27057291666666666 0.018229166666666668 0.018229166666666668 
4 0.7848958333333333 0.8825520833333333 0.009375 0.018229166666666668 
4 0.540625 0.4083333333333333 0.008333333333333333 0.016666666666666666 
4 0.4783854166666667 0.9817708333333334 0.0109375 0.022916666666666665 
4 0.46380208333333334 0.98984375 0.009895833333333333 0.0171875 
4 0.48723958333333334 0.8859375 0.011979166666666667 0.01875 
4 0.8083333333333333 0.4635416666666667 0.015625 0.017708333333333333 
4 0.6549479166666666 0.8119791666666667 0.015104166666666667 0.019791666666666666 
4 0.5786458333333333 0.6296875 0.019791666666666666 0.013541666666666667 
4 0.61640625 0.6713541666666667 0.016145833333333335 0.01875 
4 0.65546875 0.684375 0.016145833333333335 0.016666666666666666 
4 0.6791666666666667 0.7283854166666667 0.01875 0.027604166666666666 
4 0.5692708333333333 0.8192708333333333 0.014583333333333334 0.01875 
4 0.6973958333333333 0.6526041666666667 0.01875 0.014583333333333334 
4 0.7796875 0.6411458333333333 0.01875 0.015625 
4 0.7174479166666666 0.740625 0.0171875 0.016666666666666666 
4 0.709375 0.9380208333333333 0.008333333333333333 0.016666666666666666 
4 0.6033854166666667 0.8484375 0.019270833333333334 0.014583333333333334 
4 0.5994791666666667 0.8575520833333333 0.017708333333333333 0.013020833333333334 
4 0.5940104166666667 0.8794270833333333 0.0171875 0.0109375 
4 0.6221354166666667 0.9341145833333333 0.009895833333333333 0.016145833333333335 
4 0.6348958333333333 0.93515625 0.008333333333333333 0.018229166666666668 
4 0.6453125 0.9356770833333333 0.009375 0.019270833333333334 
4 0.73046875 0.9393229166666667 0.0078125 0.016145833333333335 
4 0.728125 0.7455729166666667 0.014583333333333334 0.0171875 
4 0.7424479166666667 0.9390625 0.0078125 0.017708333333333333 
4 0.6885416666666667 0.8770833333333333 0.007291666666666667 0.017708333333333333 
4 0.7002604166666667 0.8799479166666667 0.008854166666666666 0.019270833333333334 
4 0.7234375 0.88046875 0.010416666666666666 0.018229166666666668 
4 0.73359375 0.8815104166666666 0.008854166666666666 0.019270833333333334 
4 0.74375 0.8833333333333333 0.008333333333333333 0.01875 
4 0.6065104166666667 0.8372395833333334 0.021354166666666667 0.0140625 
4 0.6130208333333333 0.828125 0.019791666666666666 0.013541666666666667 
4 0.61640625 0.8190104166666666 0.0203125 0.0140625 
4 0.6278645833333333 0.7927083333333333 0.018229166666666668 0.0125 
4 0.6364583333333333 0.7739583333333333 0.01875 0.014583333333333334 
4 0.640625 0.7638020833333333 0.016666666666666666 0.0140625 
4 0.6458333333333334 0.7552083333333334 0.017708333333333333 0.014583333333333334 
4 0.7736979166666667 0.65078125 0.0171875 0.016145833333333335 
4 0.8106770833333333 0.7385416666666667 0.016145833333333335 0.01875 
4 0.80625 0.7096354166666666 0.009375 0.016145833333333335 
4 0.7947916666666667 0.7091145833333333 0.009375 0.018229166666666668 
4 0.7833333333333333 0.70859375 0.010416666666666666 0.0171875 
4 0.7916666666666666 0.7666666666666667 0.008333333333333333 0.015625 
4 0.7799479166666666 0.7682291666666666 0.008854166666666666 0.017708333333333333 
4 0.7669270833333334 0.76640625 0.009895833333333333 0.0171875 
4 0.7552083333333334 0.7638020833333333 0.013541666666666667 0.019270833333333334 
4 0.7432291666666667 0.7572916666666667 0.015625 0.01875 
5 0.16875 0.22213541666666667 0.025 0.0921875 
