4 0.9325520833333333 0.10208333333333333 0.008854166666666666 0.010416666666666666 
4 0.07942708333333333 0.98203125 0.0067708333333333336 0.0109375 
4 0.09270833333333334 1.0 0.00625 0.009375 
4 0.08567708333333333 0.9908854166666666 0.0067708333333333336 0.009895833333333333 
4 0.0734375 0.9736979166666667 0.004166666666666667 0.0109375 
4 0.24010416666666667 0.4984375 0.010416666666666666 0.009375 
4 0.06432291666666666 0.9669270833333333 0.005729166666666666 0.009895833333333333 
4 0.05963541666666667 0.9640625 0.0046875 0.010416666666666666 
4 0.055989583333333336 0.9575520833333333 0.0078125 0.0109375 
4 0.039322916666666666 0.9346354166666667 0.0109375 0.0078125 
4 0.037760416666666664 0.9296875 0.008854166666666666 0.007291666666666667 
4 0.03333333333333333 0.9205729166666666 0.009375 0.009895833333333333 
4 0.025 0.9091145833333333 0.009375 0.0109375 
4 0.00234375 0.8877604166666667 0.009895833333333333 0.0109375 
4 -0.00026041666666666666 0.88359375 0.008854166666666666 0.008854166666666666 
4 0.02421875 0.86640625 0.008854166666666666 0.005729166666666666 
4 0.037760416666666664 0.86484375 0.008854166666666666 0.005729166666666666 
4 0.04739583333333333 0.8614583333333333 0.009375 0.00625 
3 0.6255208333333333 1.0796875 0.3729166666666667 0.38125 
10 0.6205729166666667 1.0880208333333334 0.2203125 0.22916666666666666 
1 0.2203125 0.8927083333333333 0.11666666666666667 0.10416666666666667 
1 0.3815104166666667 0.93046875 0.11197916666666667 0.1015625 
1 0.38203125 0.7091145833333333 0.08177083333333333 0.08489583333333334 
1 0.13463541666666667 0.76171875 0.09010416666666667 0.08385416666666666 
1 0.14739583333333334 0.4986979166666667 0.11666666666666667 0.1109375 
4 0.005208333333333333 0.8578125 0.010416666666666666 0.007291666666666667 
4 0.018229166666666668 0.8546875 0.010416666666666666 0.00625 
4 0.0296875 0.85234375 0.009375 0.0067708333333333336 
4 0.04140625 0.8486979166666667 0.008854166666666666 0.005729166666666666 
4 -0.0005208333333333333 0.8455729166666667 0.007291666666666667 0.009895833333333333 
4 0.009635416666666667 0.8432291666666667 0.008854166666666666 0.0125 
4 0.014583333333333334 0.8416666666666667 0.007291666666666667 0.010416666666666666 
4 0.022916666666666665 0.83984375 0.008333333333333333 0.011979166666666667 
4 0.029427083333333333 0.8390625 0.0078125 0.0125 
4 0.034375 0.8372395833333334 0.007291666666666667 0.011979166666666667 
4 0.039322916666666666 0.8356770833333333 0.0067708333333333336 0.011979166666666667 
4 0.06848958333333334 0.6973958333333333 0.0067708333333333336 0.009375 
4 0.11067708333333333 0.5828125 0.0109375 0.007291666666666667 
4 0.057291666666666664 0.59609375 0.009375 0.0067708333333333336 
4 0.0484375 0.59765625 0.010416666666666666 0.008854166666666666 
4 0.024739583333333332 0.6604166666666667 0.0067708333333333336 0.011458333333333333 
4 0.0203125 0.64375 0.00625 0.009375 
4 0.017447916666666667 0.6315104166666666 0.005729166666666666 0.009895833333333333 
4 0.6484375 0.6635416666666667 0.009375 0.009375 
4 0.44765625 0.04505208333333333 0.0109375 0.008854166666666666 
5 0.40911458333333334 0.21640625 0.0078125 0.005729166666666666 
5 0.39609375 0.21666666666666667 0.009895833333333333 0.007291666666666667 
4 0.24348958333333334 0.5033854166666667 0.009895833333333333 0.008854166666666666 
5 0.7731770833333333 0.7888020833333333 0.0067708333333333336 0.0109375 
5 0.7942708333333334 0.6645833333333333 0.00625 0.008333333333333333 
4 0.24973958333333332 0.51171875 0.0109375 0.009895833333333333 
5 0.8674479166666667 0.59296875 0.0067708333333333336 0.009895833333333333 
4 0.0234375 0.8799479166666667 0.008333333333333333 0.005729166666666666 
4 0.059375 0.7010416666666667 0.00625 0.009375 
4 0.8661458333333333 0.023177083333333334 0.010416666666666666 0.009895833333333333 
5 0.9729166666666667 0.9481770833333333 0.007291666666666667 0.0078125 
5 0.390625 0.5604166666666667 0.008333333333333333 0.00625 
5 0.6270833333333333 0.21536458333333333 0.010416666666666666 0.009895833333333333 
5 0.5502604166666667 0.7489583333333333 0.008854166666666666 0.009375 
4 0.24583333333333332 0.5078125 0.010416666666666666 0.009375 
4 0.25390625 0.5158854166666667 0.0109375 0.009895833333333333 
4 0.25729166666666664 0.5203125 0.009375 0.008333333333333333 
4 0.2643229166666667 0.528125 0.0109375 0.009375 
4 0.2635416666666667 0.5390625 0.009375 0.011458333333333333 
4 0.25286458333333334 0.5427083333333333 0.008854166666666666 0.011458333333333333 
4 0.24791666666666667 0.5463541666666667 0.007291666666666667 0.010416666666666666 
4 0.24348958333333334 0.5473958333333333 0.005729166666666666 0.010416666666666666 
4 0.23802083333333332 0.5481770833333334 0.007291666666666667 0.011979166666666667 
4 0.23307291666666666 0.55 0.0067708333333333336 0.010416666666666666 
4 0.22604166666666667 0.5520833333333334 0.008333333333333333 0.010416666666666666 
4 0.22109375 0.553125 0.0078125 0.010416666666666666 
4 0.21536458333333333 0.5544270833333333 0.0078125 0.0109375 
5 0.4440104166666667 0.46875 0.0078125 0.009375 
1 -0.04635416666666667 0.30442708333333335 0.11875 0.10885416666666667 
