4 0.4046875 0.8682291666666667 0.00625 0.008333333333333333 
4 0.24557291666666667 0.028385416666666666 0.009895833333333333 0.013020833333333334 
4 0.34322916666666664 0.10364583333333334 0.010416666666666666 0.0125 
4 0.3458333333333333 0.10807291666666667 0.010416666666666666 0.0109375 
4 0.34921875 0.11145833333333334 0.008854166666666666 0.009375 
4 0.3533854166666667 0.11354166666666667 0.0109375 0.0125 
4 0.3614583333333333 0.11875 0.011458333333333333 0.0125 
4 0.3658854166666667 0.12265625 0.009895833333333333 0.0109375 
4 0.3731770833333333 0.12708333333333333 0.009895833333333333 0.011458333333333333 
4 0.37734375 0.13072916666666667 0.008854166666666666 0.011458333333333333 
4 0.38046875 0.13489583333333333 0.008854166666666666 0.010416666666666666 
4 0.3841145833333333 0.13802083333333334 0.009895833333333333 0.011458333333333333 
4 0.38828125 0.14036458333333332 0.009895833333333333 0.0109375 
4 0.3921875 0.14270833333333333 0.009375 0.010416666666666666 
4 0.3953125 0.14661458333333333 0.008333333333333333 0.009895833333333333 
4 0.3997395833333333 0.14947916666666666 0.009895833333333333 0.011458333333333333 
4 0.40338541666666666 0.15182291666666667 0.0109375 0.013020833333333334 
4 0.3385416666666667 0.10182291666666667 0.009375 0.011979166666666667 
4 0.3346354166666667 0.09817708333333333 0.0109375 0.011979166666666667 
4 0.3265625 0.09375 0.010416666666666666 0.011458333333333333 
4 0.2786458333333333 0.055989583333333336 0.009375 0.0109375 
4 0.25390625 0.03515625 0.0109375 0.011979166666666667 
4 0.26067708333333334 0.04114583333333333 0.009895833333333333 0.010416666666666666 
4 0.2635416666666667 0.044270833333333336 0.008333333333333333 0.009375 
4 0.2671875 0.04609375 0.011458333333333333 0.013020833333333334 
4 0.27057291666666666 0.05078125 0.009895833333333333 0.0109375 
4 0.275 0.05364583333333333 0.011458333333333333 0.011458333333333333 
4 0.28177083333333336 0.05859375 0.009375 0.0109375 
4 0.31927083333333334 0.0875 0.010416666666666666 0.0125 
4 0.2864583333333333 0.06041666666666667 0.009375 0.0125 
4 0.28984375 0.06276041666666667 0.009895833333333333 0.011979166666666667 
4 0.29348958333333336 0.06640625 0.009895833333333333 0.011979166666666667 
4 0.29765625 0.07005208333333333 0.009895833333333333 0.011979166666666667 
4 0.30026041666666664 0.0734375 0.009895833333333333 0.010416666666666666 
4 0.31484375 0.08463541666666667 0.0109375 0.011979166666666667 
4 0.4109375 0.15833333333333333 0.010416666666666666 0.011458333333333333 
4 0.41901041666666666 0.16328125 0.009895833333333333 0.011979166666666667 
4 0.42239583333333336 0.16744791666666667 0.008333333333333333 0.009895833333333333 
4 0.3502604166666667 0.078125 0.008854166666666666 0.010416666666666666 
4 0.37395833333333334 0.09583333333333334 0.009375 0.010416666666666666 
4 0.3697916666666667 0.09348958333333333 0.009375 0.0109375 
4 0.36484375 0.09088541666666666 0.009895833333333333 0.0109375 
4 0.3619791666666667 0.08802083333333334 0.009375 0.010416666666666666 
4 0.3578125 0.08567708333333333 0.009375 0.0109375 
4 0.3536458333333333 0.0828125 0.009375 0.010416666666666666 
4 0.34713541666666664 0.07552083333333333 0.008854166666666666 0.010416666666666666 
4 0.3807291666666667 0.10234375 0.009375 0.009895833333333333 
4 0.3421875 0.07317708333333334 0.010416666666666666 0.0109375 
4 0.3919270833333333 0.06953125 0.009895833333333333 0.009895833333333333 
4 0.39947916666666666 0.07604166666666666 0.010416666666666666 0.010416666666666666 
4 0.4080729166666667 0.08307291666666666 0.0109375 0.009895833333333333 
4 0.41848958333333336 0.09088541666666666 0.009895833333333333 0.009895833333333333 
4 0.4276041666666667 0.0984375 0.011458333333333333 0.011458333333333333 
4 0.37552083333333336 0.10052083333333334 0.009375 0.011458333333333333 
4 0.38567708333333334 0.1046875 0.009895833333333333 0.010416666666666666 
4 0.42630208333333336 0.16979166666666667 0.0109375 0.0125 
4 0.45286458333333335 0.159375 0.0109375 0.011458333333333333 
4 0.43333333333333335 0.17604166666666668 0.008333333333333333 0.010416666666666666 
4 0.44166666666666665 0.18177083333333333 0.010416666666666666 0.011458333333333333 
4 0.44505208333333335 0.18489583333333334 0.009895833333333333 0.011458333333333333 
4 0.45598958333333334 0.19401041666666666 0.008854166666666666 0.0109375 
4 0.47109375 0.1734375 0.011979166666666667 0.0125 
4 0.46041666666666664 0.16484375 0.010416666666666666 0.011979166666666667 
4 0.44583333333333336 0.153125 0.010416666666666666 0.0125 
4 0.38828125 0.10911458333333333 0.009895833333333333 0.011979166666666667 
4 0.43359375 0.14453125 0.009895833333333333 0.0109375 
4 0.42291666666666666 0.13541666666666666 0.010416666666666666 0.011458333333333333 
4 0.4315104166666667 0.140625 0.009895833333333333 0.010416666666666666 
4 0.4002604166666667 0.11744791666666667 0.009895833333333333 0.011979166666666667 
4 0.3966145833333333 0.11354166666666667 0.008854166666666666 0.010416666666666666 
4 0.39348958333333334 0.11041666666666666 0.008854166666666666 0.010416666666666666 
4 0.24895833333333334 0.032552083333333336 0.009375 0.0109375 
4 0.27421875 0.02578125 0.009895833333333333 0.011979166666666667 
4 0.37005208333333334 0.8809895833333333 0.008854166666666666 0.0109375 
4 0.278125 0.02890625 0.009375 0.009895833333333333 
4 0.66796875 0.22578125 0.0067708333333333336 0.009895833333333333 
4 0.6557291666666667 0.24244791666666668 0.010416666666666666 0.008854166666666666 
4 0.3658854166666667 0.93828125 0.0078125 0.0109375 
4 0.38776041666666666 0.9713541666666666 0.009895833333333333 0.0125 
4 0.3015625 -0.00026041666666666666 0.011458333333333333 0.008854166666666666 
4 0.31015625 0.0078125 0.0109375 0.009375 
4 0.3190104166666667 0.0140625 0.0109375 0.009375 
4 0.32864583333333336 0.020052083333333335 0.010416666666666666 0.008854166666666666 
10 0.44453125 0.6809895833333334 0.2296875 0.2359375 
10 0.5567708333333333 0.5739583333333333 0.23541666666666666 0.23958333333333334 
7 0.21354166666666666 0.52578125 0.020833333333333332 0.04635416666666667 
1 0.77421875 0.42239583333333336 0.11927083333333334 0.128125 
1 0.3026041666666667 0.275 0.06354166666666666 0.06041666666666667 
1 0.184375 0.3416666666666667 0.07708333333333334 0.08125 
1 0.1421875 0.21848958333333332 0.11354166666666667 0.10885416666666667 
1 0.3307291666666667 0.4205729166666667 0.065625 0.0484375 
7 0.18020833333333333 0.5260416666666666 0.021875 0.046875 
7 0.24609375 0.5268229166666667 0.021354166666666667 0.0453125 
7 0.284375 0.60234375 0.020833333333333332 0.04739583333333333 
7 0.27786458333333336 0.5268229166666667 0.021354166666666667 0.04739583333333333 
7 0.3111979166666667 0.5263020833333333 0.021354166666666667 0.0453125 
7 0.3424479166666667 0.5263020833333333 0.0234375 0.04635416666666667 
7 0.37552083333333336 0.5270833333333333 0.019791666666666666 0.04479166666666667 
7 0.21927083333333333 0.6018229166666667 0.022916666666666665 0.0484375 
7 0.2518229166666667 0.6028645833333334 0.021354166666666667 0.0453125 
4 0.28177083333333336 0.0010416666666666667 0.011458333333333333 0.011458333333333333 
4 0.2604166666666667 -0.00234375 0.010416666666666666 0.0109375 
4 0.265625 0.0005208333333333333 0.010416666666666666 0.011458333333333333 
4 0.32057291666666665 0.048177083333333336 0.009895833333333333 0.009895833333333333 
4 0.30130208333333336 0.03307291666666667 0.008854166666666666 0.009895833333333333 
4 0.30546875 0.03723958333333333 0.0078125 0.008854166666666666 
4 0.32265625 0.0375 0.009895833333333333 0.010416666666666666 
4 0.32760416666666664 0.03984375 0.009375 0.0109375 
4 0.31302083333333336 0.041666666666666664 0.010416666666666666 0.010416666666666666 
4 0.31666666666666665 0.04505208333333333 0.010416666666666666 0.0109375 
4 0.3145833333333333 0.05546875 0.010416666666666666 0.011979166666666667 
4 0.29270833333333335 0.028125 0.009375 0.010416666666666666 
4 0.31015625 0.05286458333333333 0.008854166666666666 0.0109375 
4 0.30572916666666666 0.049479166666666664 0.008333333333333333 0.010416666666666666 
4 0.30234375 0.046875 0.009895833333333333 0.011458333333333333 
4 0.2986979166666667 0.04296875 0.008854166666666666 0.0109375 
4 0.2903645833333333 0.0375 0.009895833333333333 0.0125 
4 0.28567708333333336 0.03515625 0.0109375 0.011979166666666667 
4 0.296875 0.030208333333333334 0.010416666666666666 0.010416666666666666 
4 0.28932291666666665 0.0234375 0.009895833333333333 0.010416666666666666 
4 0.26979166666666665 0.005208333333333333 0.011458333333333333 0.011458333333333333 
4 0.28203125 0.016145833333333335 0.009895833333333333 0.011458333333333333 
4 0.253125 0.006510416666666667 0.010416666666666666 0.011979166666666667 
4 0.25755208333333335 0.0109375 0.0109375 0.011458333333333333 
4 0.26145833333333335 0.014583333333333334 0.011458333333333333 0.0125 
4 0.26614583333333336 0.01875 0.011458333333333333 0.011458333333333333 
4 0.2708333333333333 0.022395833333333334 0.010416666666666666 0.010416666666666666 
4 0.27734375 0.013541666666666667 0.009895833333333333 0.010416666666666666 
4 0.28567708333333336 0.019791666666666666 0.0109375 0.011458333333333333 
4 0.315625 0.03203125 0.011458333333333333 0.013020833333333334 
4 0.29322916666666665 0.011458333333333333 0.011458333333333333 0.011458333333333333 
4 0.2890625 0.0067708333333333336 0.010416666666666666 0.010416666666666666 
4 0.30078125 0.017447916666666667 0.0109375 0.013020833333333334 
4 0.30416666666666664 0.022395833333333334 0.011458333333333333 0.011458333333333333 
4 0.30911458333333336 0.025260416666666667 0.0109375 0.0109375 
4 0.31223958333333335 0.028125 0.0109375 0.011458333333333333 
4 0.43776041666666665 0.10625 0.0109375 0.010416666666666666 
4 0.44765625 0.11380208333333333 0.009895833333333333 0.009895833333333333 
4 0.45598958333333334 0.12057291666666667 0.0109375 0.0109375 
4 0.4739583333333333 0.13489583333333333 0.010416666666666666 0.010416666666666666 
4 0.09583333333333334 0.5013020833333334 0.011458333333333333 0.005729166666666666 
4 0.10026041666666667 0.5096354166666667 0.008854166666666666 0.009895833333333333 
4 0.12005208333333334 0.5346354166666667 0.0109375 0.009895833333333333 
4 0.11744791666666667 0.5302083333333333 0.009895833333333333 0.009375 
4 0.11666666666666667 0.49505208333333334 0.009375 0.0046875 
4 0.1484375 0.490625 0.009375 0.004166666666666667 
4 0.14791666666666667 0.50078125 0.009375 0.0036458333333333334 
4 0.14921875 0.49583333333333335 0.008854166666666666 0.004166666666666667 
4 0.12734375 0.50546875 0.009895833333333333 0.0046875 
4 0.128125 0.51015625 0.009375 0.0046875 
4 0.12864583333333332 0.4908854166666667 0.009375 0.0036458333333333334 
4 0.12786458333333334 0.4953125 0.009895833333333333 0.004166666666666667 
4 0.14947916666666666 0.51015625 0.010416666666666666 0.005729166666666666 
4 0.14791666666666667 0.5283854166666667 0.009375 0.0046875 
4 0.12447916666666667 0.5559895833333334 0.009375 0.009895833333333333 
4 0.09348958333333333 0.49609375 0.0109375 0.0046875 
4 0.09453125 0.49166666666666664 0.0109375 0.005208333333333333 
4 0.09479166666666666 0.4869791666666667 0.011458333333333333 0.005208333333333333 
4 0.2565104166666667 0.47161458333333334 0.0109375 0.0046875 
4 0.26953125 0.45859375 0.005729166666666666 0.011979166666666667 
4 0.27421875 0.45859375 0.0046875 0.0109375 
4 0.28020833333333334 0.45859375 0.00625 0.011979166666666667 
4 0.2869791666666667 0.45807291666666666 0.005208333333333333 0.009895833333333333 
4 0.29244791666666664 0.45807291666666666 0.005729166666666666 0.009895833333333333 
4 0.3046875 0.4557291666666667 0.005208333333333333 0.010416666666666666 
4 0.10598958333333333 0.471875 0.005729166666666666 0.011458333333333333 
4 0.09557291666666666 0.4825520833333333 0.0078125 0.0036458333333333334 
4 0.12057291666666667 0.47213541666666664 0.0046875 0.009895833333333333 
4 0.125 0.47265625 0.004166666666666667 0.011979166666666667 
4 0.1296875 0.47369791666666666 0.005208333333333333 0.0109375 
4 0.13411458333333334 0.47317708333333336 0.005729166666666666 0.0109375 
4 0.13984375 0.47421875 0.005729166666666666 0.009895833333333333 
4 0.09661458333333334 0.47708333333333336 0.009895833333333333 0.005208333333333333 
4 0.10442708333333334 0.7455729166666667 0.009895833333333333 0.008854166666666666 
4 0.37916666666666665 0.875 0.009375 0.011458333333333333 
4 0.37604166666666666 0.8908854166666667 0.011458333333333333 0.011979166666666667 
4 0.4875 0.16927083333333334 0.009375 0.010416666666666666 
4 0.14713541666666666 0.53828125 0.008854166666666666 0.0036458333333333334 
4 0.11145833333333334 0.47161458333333334 0.005208333333333333 0.0109375 
4 0.15416666666666667 0.5940104166666667 0.009375 0.0109375 
4 0.16432291666666668 0.6080729166666666 0.009895833333333333 0.0109375 
4 0.44817708333333334 0.18776041666666668 0.0109375 0.013020833333333334 
4 0.47942708333333334 0.16380208333333332 0.009895833333333333 0.0109375 
4 0.45703125 0.14609375 0.009895833333333333 0.011979166666666667 
4 0.503125 0.15807291666666667 0.010416666666666666 0.009895833333333333 
4 0.4083333333333333 0.10755208333333334 0.009375 0.0109375 
4 0.4375 0.178125 0.009375 0.0125 
4 0.42994791666666665 0.17161458333333332 0.008854166666666666 0.0109375 
4 0.3854166666666667 0.0890625 0.010416666666666666 0.011458333333333333 
4 0.4078125 0.15364583333333334 0.009375 0.011458333333333333 
4 0.6872395833333333 0.25546875 0.009895833333333333 0.005729166666666666 
4 0.10208333333333333 0.5268229166666667 0.011458333333333333 0.013020833333333334 
4 0.31171875 0.08098958333333334 0.009895833333333333 0.011979166666666667 
4 0.38229166666666664 0.90078125 0.008333333333333333 0.009895833333333333 
4 0.4171875 0.8752604166666667 0.008333333333333333 0.009895833333333333 
4 0.3859375 0.8971354166666666 0.008333333333333333 0.008854166666666666 
4 0.39114583333333336 0.8940104166666667 0.007291666666666667 0.009895833333333333 
4 0.3963541666666667 0.8908854166666667 0.008333333333333333 0.009895833333333333 
4 0.4002604166666667 0.8872395833333333 0.009895833333333333 0.011979166666666667 
4 0.4078125 0.8807291666666667 0.009375 0.010416666666666666 
4 0.4127604166666667 0.87890625 0.008854166666666666 0.0109375 
4 0.4122395833333333 0.8677083333333333 0.009895833333333333 0.011458333333333333 
4 0.3067708333333333 0.07786458333333333 0.010416666666666666 0.0109375 
4 0.42109375 0.8723958333333334 0.009895833333333333 0.010416666666666666 
4 0.4278645833333333 0.8653645833333333 0.009895833333333333 0.011979166666666667 
4 0.43307291666666664 0.8591145833333333 0.0067708333333333336 0.0109375 
4 0.4388020833333333 0.8575520833333333 0.005729166666666666 0.0109375 
4 0.44505208333333335 0.8575520833333333 0.0067708333333333336 0.0109375 
4 0.5645833333333333 0.08723958333333333 0.014583333333333334 0.0171875 
4 0.26328125 0.4583333333333333 0.005729166666666666 0.011458333333333333 
4 0.2578125 0.45859375 0.00625 0.011979166666666667 
4 0.2526041666666667 0.4578125 0.00625 0.010416666666666666 
4 0.43463541666666666 0.12760416666666666 0.008854166666666666 0.011458333333333333 
4 0.39609375 0.0984375 0.009895833333333333 0.010416666666666666 
4 0.4046875 0.10442708333333334 0.010416666666666666 0.011979166666666667 
4 0.38125 0.08619791666666667 0.009375 0.0109375 
4 0.3770833333333333 0.08307291666666666 0.010416666666666666 0.0109375 
4 0.42734375 0.121875 0.009895833333333333 0.011458333333333333 
4 0.43020833333333336 0.12447916666666667 0.010416666666666666 0.011458333333333333 
4 0.44947916666666665 0.14088541666666668 0.009375 0.0109375 
4 0.3885416666666667 0.09270833333333334 0.009375 0.011458333333333333 
4 0.45338541666666665 0.14375 0.009895833333333333 0.010416666666666666 
4 0.46015625 0.15052083333333333 0.009895833333333333 0.010416666666666666 
4 0.46458333333333335 0.15286458333333333 0.008333333333333333 0.008854166666666666 
4 0.4421875 0.13359375 0.010416666666666666 0.011979166666666667 
4 0.44609375 0.13776041666666666 0.009895833333333333 0.013020833333333334 
4 0.48385416666666664 0.18255208333333334 0.010416666666666666 0.0109375 
5 0.3919270833333333 0.09557291666666666 0.009895833333333333 0.0109375 
4 0.37005208333333334 0.07786458333333333 0.009895833333333333 0.0109375 
4 0.4903645833333333 0.17317708333333334 0.008854166666666666 0.008854166666666666 
4 0.48333333333333334 0.14140625 0.011458333333333333 0.0109375 
4 0.47552083333333334 0.10729166666666666 0.010416666666666666 0.010416666666666666 
4 0.4828125 0.11510416666666666 0.008333333333333333 0.009375 
4 0.4890625 0.12317708333333334 0.009375 0.009895833333333333 
4 0.496875 0.1328125 0.011458333333333333 0.011458333333333333 
4 0.509375 0.14322916666666666 0.011458333333333333 0.010416666666666666 
4 0.5125 0.16588541666666667 0.010416666666666666 0.009895833333333333 
4 0.46588541666666666 0.12708333333333333 0.0109375 0.010416666666666666 
4 0.36614583333333334 0.07395833333333333 0.008333333333333333 0.009375 
4 0.38255208333333335 0.0609375 0.009895833333333333 0.009375 
4 0.37161458333333336 0.05234375 0.009895833333333333 0.009895833333333333 
4 0.36354166666666665 0.04609375 0.009375 0.009895833333333333 
4 0.35390625 0.06614583333333333 0.008854166666666666 0.010416666666666666 
4 0.35833333333333334 0.06770833333333333 0.010416666666666666 0.011458333333333333 
4 0.36276041666666664 0.07005208333333333 0.009895833333333333 0.0109375 
4 0.4828125 0.16770833333333332 0.009375 0.011458333333333333 
4 0.49505208333333334 0.17578125 0.008854166666666666 0.009895833333333333 
4 0.24739583333333334 0.45807291666666666 0.005208333333333333 0.0109375 
4 0.17786458333333333 0.44479166666666664 0.0067708333333333336 0.0125 
4 0.14505208333333333 0.44453125 0.0078125 0.011979166666666667 
4 0.15026041666666667 0.44505208333333335 0.005729166666666666 0.011979166666666667 
4 0.15520833333333334 0.44557291666666665 0.00625 0.0109375 
4 0.16119791666666666 0.44505208333333335 0.005729166666666666 0.0109375 
4 0.16666666666666666 0.44557291666666665 0.00625 0.0109375 
4 0.17291666666666666 0.4471354166666667 0.005208333333333333 0.011979166666666667 
4 0.18880208333333334 0.44609375 0.0046875 0.011979166666666667 
4 0.13541666666666666 0.44375 0.005208333333333333 0.009375 
4 0.19401041666666666 0.44557291666666665 0.005729166666666666 0.0109375 
4 0.21927083333333333 0.4583333333333333 0.00625 0.010416666666666666 
4 0.22526041666666666 0.4583333333333333 0.005729166666666666 0.0125 
4 0.23125 0.45703125 0.007291666666666667 0.011979166666666667 
4 0.23671875 0.4583333333333333 0.0067708333333333336 0.011458333333333333 
4 0.24270833333333333 0.45625 0.005208333333333333 0.011458333333333333 
4 0.140625 0.44427083333333334 0.005208333333333333 0.011458333333333333 
4 0.13046875 0.44192708333333336 0.0067708333333333336 0.011979166666666667 
5 0.09739583333333333 0.029166666666666667 0.008333333333333333 0.00625 
4 0.14557291666666666 0.41432291666666665 0.005729166666666666 0.009895833333333333 
4 0.5046875 0.19140625 0.0125 0.0109375 
4 0.38567708333333334 0.3416666666666667 0.009895833333333333 0.005208333333333333 
4 0.38515625 0.3359375 0.009895833333333333 0.005208333333333333 
4 0.38723958333333336 0.33098958333333334 0.009895833333333333 0.005729166666666666 
4 0.38958333333333334 0.3255208333333333 0.010416666666666666 0.00625 
4 0.39166666666666666 0.31927083333333334 0.010416666666666666 0.00625 
4 0.15078125 0.4140625 0.0046875 0.009375 
4 0.14010416666666667 0.4234375 0.005208333333333333 0.009375 
4 0.15625 0.4153645833333333 0.004166666666666667 0.008854166666666666 
4 0.16015625 0.4125 0.005729166666666666 0.009375 
4 0.165625 0.41875 0.005208333333333333 0.0125 
4 0.15572916666666667 0.42552083333333335 0.005208333333333333 0.009375 
4 0.14973958333333334 0.4244791666666667 0.0046875 0.009375 
4 0.14479166666666668 0.4244791666666667 0.004166666666666667 0.009375 
1 0.5127604166666667 0.33229166666666665 0.11302083333333333 0.11770833333333333 
