4 0.4122395833333333 0.35494791666666664 0.0067708333333333336 0.0109375 
4 0.4778645833333333 0.4591145833333333 0.0109375 0.008854166666666666 
4 0.4752604166666667 0.4544270833333333 0.009895833333333333 0.0067708333333333336 
4 0.4713541666666667 0.44635416666666666 0.009375 0.007291666666666667 
4 0.46979166666666666 0.44192708333333336 0.011458333333333333 0.008854166666666666 
4 0.465625 0.4328125 0.010416666666666666 0.009375 
4 0.45729166666666665 0.42109375 0.010416666666666666 0.0078125 
4 0.45364583333333336 0.41458333333333336 0.00625 0.009375 
4 0.44583333333333336 0.403125 0.00625 0.011458333333333333 
4 0.4390625 0.39088541666666665 0.007291666666666667 0.011979166666666667 
4 0.4317708333333333 0.3802083333333333 0.00625 0.011458333333333333 
4 0.42552083333333335 0.3729166666666667 0.00625 0.009375 
4 0.41848958333333336 0.36380208333333336 0.0067708333333333336 0.009895833333333333 
4 0.40625 0.34661458333333334 0.004166666666666667 0.0109375 
4 0.3971354166666667 0.33984375 0.005729166666666666 0.009895833333333333 
4 0.3924479166666667 0.33697916666666666 0.0046875 0.010416666666666666 
4 0.3888020833333333 0.33046875 0.0078125 0.0109375 
4 0.37213541666666666 0.30755208333333334 0.0109375 0.0078125 
4 0.37057291666666664 0.3026041666666667 0.008854166666666666 0.007291666666666667 
4 0.36614583333333334 0.29348958333333336 0.009375 0.009895833333333333 
4 0.3578125 0.28203125 0.009375 0.0109375 
4 0.33515625 0.26067708333333334 0.009895833333333333 0.0109375 
4 0.33255208333333336 0.2565104166666667 0.008854166666666666 0.008854166666666666 
4 0.32890625 0.2520833333333333 0.009895833333333333 0.009375 
4 0.35703125 0.23932291666666666 0.008854166666666666 0.005729166666666666 
4 0.37057291666666664 0.23776041666666667 0.008854166666666666 0.005729166666666666 
4 0.48541666666666666 0.471875 0.011458333333333333 0.009375 
4 0.020052083333333335 0.3359375 0.008854166666666666 0.007291666666666667 
4 0.028125 0.33932291666666664 0.008333333333333333 0.0109375 
4 0.026822916666666665 0.36380208333333336 0.0078125 0.0078125 
4 0.21979166666666666 0.5619791666666667 0.008333333333333333 0.009375 
4 0.21484375 0.5638020833333334 0.009895833333333333 0.0109375 
4 0.18072916666666666 0.56875 0.008333333333333333 0.009375 
4 0.19140625 0.5244791666666667 0.0067708333333333336 0.008333333333333333 
4 0.19427083333333334 0.52109375 0.007291666666666667 0.008854166666666666 
4 0.17005208333333333 0.5377604166666666 0.008854166666666666 0.0109375 
4 0.16588541666666667 0.540625 0.0078125 0.009375 
4 0.0546875 0.546875 0.009375 0.011458333333333333 
4 0.03723958333333333 0.5359375 0.0067708333333333336 0.009375 
4 0.184375 0.5065104166666666 0.008333333333333333 0.009895833333333333 
4 0.18046875 0.5091145833333334 0.0078125 0.008854166666666666 
5 0.17604166666666668 0.5122395833333333 0.009375 0.009895833333333333 
4 0.17239583333333333 0.5151041666666667 0.00625 0.007291666666666667 
4 0.16901041666666666 0.51796875 0.0067708333333333336 0.0078125 
4 0.1609375 0.5231770833333333 0.007291666666666667 0.0078125 
4 0.16666666666666666 0.5067708333333333 0.008333333333333333 0.010416666666666666 
4 0.16223958333333333 0.509375 0.008854166666666666 0.010416666666666666 
4 0.03697916666666667 0.3684895833333333 0.008333333333333333 0.008854166666666666 
4 0.04140625 0.36614583333333334 0.008854166666666666 0.009375 
4 0.04479166666666667 0.3625 0.009375 0.009375 
4 0.04895833333333333 0.35963541666666665 0.009375 0.009895833333333333 
4 0.0578125 0.3536458333333333 0.009375 0.011458333333333333 
4 0.046875 0.34817708333333336 0.010416666666666666 0.011979166666666667 
4 0.039322916666666666 0.3541666666666667 0.008854166666666666 0.009375 
4 0.030989583333333334 0.36041666666666666 0.008854166666666666 0.010416666666666666 
4 0.3802083333333333 0.234375 0.009375 0.00625 
4 0.32317708333333334 0.24348958333333334 0.009895833333333333 0.0078125 
4 0.3265625 0.23333333333333334 0.010416666666666666 0.00625 
3 0.9583333333333334 0.45260416666666664 0.3729166666666667 0.38125 
10 0.9533854166666667 0.4609375 0.2203125 0.22916666666666666 
7 0.9458333333333333 0.6403645833333333 0.03958333333333333 0.049479166666666664 
7 0.91953125 0.66015625 0.043229166666666666 0.05260416666666667 
7 0.86953125 0.59765625 0.04010416666666667 0.049479166666666664 
7 0.8463541666666666 0.6161458333333333 0.04375 0.052083333333333336 
7 0.8247395833333333 0.5325520833333334 0.0421875 0.0515625 
7 0.7997395833333333 0.5502604166666667 0.043229166666666666 0.050520833333333334 
1 0.74140625 0.8263020833333333 0.0828125 0.07447916666666667 
1 0.73046875 0.6 0.07135416666666666 0.06145833333333333 
1 0.6330729166666667 0.66171875 0.06302083333333333 0.0578125 
1 0.553125 0.265625 0.11666666666666667 0.10416666666666667 
1 0.7143229166666667 0.3033854166666667 0.11197916666666667 0.1015625 
1 0.6924479166666667 0.446875 0.09635416666666667 0.09166666666666666 
1 0.5848958333333333 0.53359375 0.1 0.09635416666666667 
1 0.71484375 0.08203125 0.08177083333333333 0.08489583333333334 
1 0.4674479166666667 0.13463541666666667 0.09010416666666667 0.08385416666666666 
4 0.3380208333333333 0.23072916666666668 0.010416666666666666 0.007291666666666667 
4 0.35104166666666664 0.22760416666666666 0.010416666666666666 0.00625 
4 0.3625 0.22526041666666666 0.009375 0.0067708333333333336 
4 0.37421875 0.22161458333333334 0.008854166666666666 0.005729166666666666 
4 0.321875 0.22421875 0.009375 0.0109375 
4 0.32734375 0.2203125 0.008854166666666666 0.011458333333333333 
4 0.33229166666666665 0.21848958333333332 0.007291666666666667 0.009895833333333333 
4 0.3424479166666667 0.21614583333333334 0.008854166666666666 0.0125 
4 0.34739583333333335 0.21458333333333332 0.007291666666666667 0.010416666666666666 
4 0.35572916666666665 0.21276041666666667 0.008333333333333333 0.011979166666666667 
4 0.36223958333333334 0.21197916666666666 0.0078125 0.0125 
4 0.3671875 0.21015625 0.007291666666666667 0.011979166666666667 
4 0.37213541666666666 0.20859375 0.0067708333333333336 0.011979166666666667 
4 0.40130208333333334 0.0703125 0.0067708333333333336 0.009375 
4 0.3575520833333333 0.03333333333333333 0.0067708333333333336 0.011458333333333333 
4 0.353125 0.016666666666666666 0.00625 0.009375 
4 0.3502604166666667 0.004427083333333333 0.005729166666666666 0.009895833333333333 
4 0.19895833333333332 0.5760416666666667 0.009375 0.011458333333333333 
4 0.16119791666666666 0.6065104166666667 0.005729166666666666 0.008854166666666666 
4 0.15104166666666666 0.603125 0.00625 0.009375 
4 0.98125 0.036458333333333336 0.009375 0.009375 
4 0.9697916666666667 0.6901041666666666 0.008333333333333333 0.0125 
4 0.96953125 0.7182291666666667 0.008854166666666666 0.010416666666666666 
4 0.94609375 0.7083333333333334 0.011979166666666667 0.015625 
4 0.98203125 0.68359375 0.008854166666666666 0.009895833333333333 
4 0.9927083333333333 0.6734375 0.010416666666666666 0.011458333333333333 
4 0.98203125 0.7080729166666667 0.009895833333333333 0.0109375 
4 0.9763020833333333 0.71015625 0.0109375 0.0109375 
4 0.8885416666666667 0.759375 0.0125 0.0125 
4 0.8684895833333334 0.7703125 0.0109375 0.0125 
4 0.86328125 0.7760416666666666 0.0078125 0.009375 
4 0.8901041666666667 0.9067708333333333 0.011458333333333333 0.010416666666666666 
4 0.050520833333333334 0.859375 0.009375 0.0125 
5 0.15677083333333333 0.75390625 0.011458333333333333 0.008854166666666666 
5 0.328125 0.8364583333333333 0.020833333333333332 0.029166666666666667 
5 0.13567708333333334 0.7833333333333333 0.013020833333333334 0.010416666666666666 
4 0.19427083333333334 0.77421875 0.009375 0.0078125 
4 0.19192708333333333 0.73046875 0.008854166666666666 0.011979166666666667 
4 0.23958333333333334 0.6861979166666666 0.009375 0.0109375 
4 0.13880208333333333 0.6598958333333333 0.0046875 0.010416666666666666 
4 0.12630208333333334 0.65703125 0.0046875 0.0109375 
4 0.12135416666666667 0.6552083333333333 0.00625 0.011458333333333333 
4 0.25859375 0.5276041666666667 0.009895833333333333 0.010416666666666666 
4 0.19036458333333334 0.5817708333333333 0.008854166666666666 0.011458333333333333 
4 0.06171875 0.5841145833333333 0.005729166666666666 0.009895833333333333 
4 0.05677083333333333 0.6122395833333333 0.00625 0.009895833333333333 
4 0.09270833333333334 0.43671875 0.010416666666666666 0.008854166666666666 
4 0.16510416666666666 0.44244791666666666 0.010416666666666666 0.0109375 
4 0.35625 0.25286458333333334 0.008333333333333333 0.005729166666666666 
4 0.3921875 0.07395833333333333 0.00625 0.009375 
5 0.8830729166666667 0.121875 0.008854166666666666 0.009375 
5 0.14192708333333334 0.6010416666666667 0.0078125 0.0125 
4 0.06979166666666667 0.9268229166666667 0.007291666666666667 0.009895833333333333 
4 0.47317708333333336 0.9075520833333334 0.0078125 0.0067708333333333336 
4 0.3828125 0.8747395833333333 0.011458333333333333 0.009895833333333333 
4 0.2791666666666667 0.8307291666666666 0.010416666666666666 0.008333333333333333 
4 0.046614583333333334 0.8494791666666667 0.008854166666666666 0.011458333333333333 
5 0.07005208333333333 0.69765625 0.008854166666666666 0.013020833333333334 
5 0.07682291666666667 0.69765625 0.008854166666666666 0.0140625 
5 0.08463541666666667 0.7 0.0067708333333333336 0.010416666666666666 
4 0.17552083333333332 0.6466145833333333 0.009375 0.0067708333333333336 
4 0.09375 0.70234375 0.005208333333333333 0.008854166666666666 
4 0.25833333333333336 0.67890625 0.00625 0.008854166666666666 
4 0.26666666666666666 0.67578125 0.00625 0.009895833333333333 
4 0.22994791666666667 0.7403645833333333 0.0078125 0.009895833333333333 
4 0.22135416666666666 0.7356770833333334 0.007291666666666667 0.009895833333333333 
4 0.19765625 0.7083333333333334 0.008854166666666666 0.00625 
4 0.13046875 0.6825520833333333 0.0046875 0.009895833333333333 
4 0.13515625 0.6471354166666666 0.005729166666666666 0.008854166666666666 
4 0.12994791666666666 0.6463541666666667 0.005729166666666666 0.008333333333333333 
4 0.16302083333333334 0.625 0.005208333333333333 0.010416666666666666 
4 0.159375 0.6341145833333334 0.005208333333333333 0.0078125 
4 0.15338541666666666 0.6338541666666667 0.0078125 0.010416666666666666 
4 0.15755208333333334 0.6239583333333333 0.0078125 0.010416666666666666 
4 0.15234375 0.6229166666666667 0.0067708333333333336 0.011458333333333333 
4 0.14479166666666668 0.6286458333333333 0.007291666666666667 0.0125 
5 0.13567708333333334 0.6270833333333333 0.0109375 0.015625 
5 0.13489583333333333 0.6028645833333334 0.005208333333333333 0.008854166666666666 
4 0.37083333333333335 0.9192708333333334 0.010416666666666666 0.005208333333333333 
4 0.10364583333333334 0.91015625 0.007291666666666667 0.0109375 
4 0.05182291666666667 0.9348958333333334 0.0067708333333333336 0.009375 
4 0.7630208333333334 0.5645833333333333 0.013541666666666667 0.009375 
4 0.7643229166666666 0.5690104166666666 0.011979166666666667 0.008854166666666666 
4 0.7572916666666667 0.5596354166666667 0.010416666666666666 0.008854166666666666 
4 0.7723958333333333 0.5833333333333334 0.011458333333333333 0.010416666666666666 
4 0.6973958333333333 0.6708333333333333 0.0125 0.008333333333333333 
4 0.6932291666666667 0.6778645833333333 0.010416666666666666 0.0078125 
4 0.7010416666666667 0.6822916666666666 0.011458333333333333 0.007291666666666667 
4 0.6984375 0.6895833333333333 0.0125 0.007291666666666667 
4 0.6997395833333333 0.6984375 0.0109375 0.007291666666666667 
4 0.7036458333333333 0.70703125 0.0125 0.008854166666666666 
4 0.8455729166666667 0.73984375 0.008854166666666666 0.008854166666666666 
4 0.8432291666666667 0.7466145833333333 0.010416666666666666 0.009895833333333333 
5 0.83515625 0.7625 0.0109375 0.011458333333333333 
4 0.8151041666666666 0.9611979166666667 0.010416666666666666 0.008854166666666666 
