5 0.36354166666666665 0.7739583333333333 0.015625 0.078125 
4 0.017447916666666667 0.7895833333333333 0.0203125 0.016666666666666666 
4 0.03463541666666667 0.7395833333333334 0.0171875 0.014583333333333334 
4 0.018229166666666668 0.7510416666666667 0.01875 0.013541666666666667 
4 0.035416666666666666 0.7513020833333334 0.020833333333333332 0.016145833333333335 
4 0.016927083333333332 0.7645833333333333 0.0171875 0.014583333333333334 
4 0.0375 0.7627604166666667 0.022916666666666665 0.019270833333333334 
4 0.03984375 0.7755208333333333 0.0203125 0.016666666666666666 
4 0.014583333333333334 0.8057291666666667 0.01875 0.014583333333333334 
4 0.016666666666666666 0.7231770833333333 0.014583333333333334 0.0140625 
4 0.037760416666666664 0.790625 0.021354166666666667 0.015625 
4 0.017708333333333333 0.8291666666666667 0.022916666666666665 0.017708333333333333 
4 0.08020833333333334 0.73984375 0.020833333333333332 0.019270833333333334 
4 0.07864583333333333 0.7536458333333333 0.019791666666666666 0.016666666666666666 
4 0.07473958333333333 0.7645833333333333 0.019270833333333334 0.015625 
4 0.07708333333333334 0.7786458333333334 0.01875 0.015625 
4 0.0171875 0.73984375 0.015625 0.015104166666666667 
4 0.03802083333333333 0.7057291666666666 0.019791666666666666 0.010416666666666666 
4 0.07734375 0.8190104166666666 0.019270833333333334 0.016145833333333335 
4 0.190625 0.43671875 0.01875 0.0078125 
4 0.0828125 0.44244791666666666 0.008333333333333333 0.018229166666666668 
4 0.053385416666666664 0.21302083333333333 0.009895833333333333 0.01875 
4 0.04348958333333333 0.21171875 0.008854166666666666 0.0171875 
4 0.2453125 0.34427083333333336 0.026041666666666668 0.010416666666666666 
4 0.24244791666666668 0.3763020833333333 0.019270833333333334 0.0078125 
4 0.2015625 0.42421875 0.019791666666666666 0.0078125 
4 0.215625 0.46953125 0.022916666666666665 0.0078125 
4 0.12760416666666666 0.66484375 0.025 0.0109375 
4 0.24322916666666666 0.48489583333333336 0.026041666666666668 0.008333333333333333 
4 0.13619791666666667 0.5171875 0.018229166666666668 0.008333333333333333 
4 0.134375 0.53984375 0.019791666666666666 0.008854166666666666 
4 0.13307291666666668 0.5940104166666667 0.019270833333333334 0.008854166666666666 
4 0.13125 0.621875 0.020833333333333332 0.008333333333333333 
4 0.13203125 0.653125 0.019270833333333334 0.010416666666666666 
4 0.07760416666666667 0.7919270833333333 0.019791666666666666 0.0171875 
4 0.07942708333333333 0.8080729166666667 0.021354166666666667 0.0171875 
4 0.07291666666666667 0.4161458333333333 0.010416666666666666 0.019791666666666666 
4 0.25859375 0.6817708333333333 0.021354166666666667 0.008333333333333333 
4 0.18489583333333334 0.7020833333333333 0.021875 0.008333333333333333 
4 0.18645833333333334 0.6825520833333333 0.017708333333333333 0.0067708333333333336 
4 0.18671875 0.6729166666666667 0.0171875 0.007291666666666667 
4 0.18776041666666668 0.6606770833333333 0.018229166666666668 0.0067708333333333336 
4 0.18619791666666666 0.6502604166666667 0.016145833333333335 0.0067708333333333336 
4 0.25729166666666664 0.6583333333333333 0.01875 0.008333333333333333 
4 0.2359375 0.6927083333333334 0.019791666666666666 0.009375 
4 0.18411458333333333 0.7341145833333333 0.0171875 0.0067708333333333336 
4 0.23567708333333334 0.7028645833333333 0.0171875 0.0067708333333333336 
4 0.23385416666666667 0.7247395833333333 0.01875 0.008854166666666666 
4 0.2578125 0.6921875 0.019791666666666666 0.007291666666666667 
4 0.25833333333333336 0.703125 0.020833333333333332 0.008333333333333333 
4 0.2552083333333333 0.7364583333333333 0.020833333333333332 0.010416666666666666 
4 0.23463541666666668 0.7455729166666667 0.019270833333333334 0.0067708333333333336 
4 0.18411458333333333 0.7125 0.0171875 0.007291666666666667 
4 0.184375 0.7447916666666666 0.01875 0.00625 
4 0.07890625 0.8333333333333334 0.021354166666666667 0.01875 
4 0.1546875 0.82734375 0.01875 0.022395833333333334 
4 0.075 0.8450520833333334 0.019791666666666666 0.018229166666666668 
4 0.12890625 0.7328125 0.022395833333333334 0.016666666666666666 
4 0.12786458333333334 0.7453125 0.019270833333333334 0.014583333333333334 
4 0.12760416666666666 0.76015625 0.01875 0.0140625 
4 0.12734375 0.7721354166666666 0.019270833333333334 0.015104166666666667 
4 0.12786458333333334 0.79921875 0.019270833333333334 0.015104166666666667 
4 0.17864583333333334 0.8328125 0.014583333333333334 0.015625 
4 0.18229166666666666 0.7557291666666667 0.016666666666666666 0.007291666666666667 
4 0.20364583333333333 0.8299479166666667 0.017708333333333333 0.021354166666666667 
4 0.21692708333333333 0.8299479166666667 0.015104166666666667 0.018229166666666668 
4 0.19791666666666666 0.89609375 0.014583333333333334 0.0203125 
4 0.04244791666666667 0.9380208333333333 0.022395833333333334 0.010416666666666666 
5 0.24505208333333334 0.8338541666666667 0.019270833333333334 0.027083333333333334 
4 0.18411458333333333 0.7671875 0.018229166666666668 0.007291666666666667 
4 0.07239583333333334 0.4421875 0.009375 0.016666666666666666 
4 0.11979166666666667 0.36822916666666666 0.009375 0.017708333333333333 
5 0.7763020833333333 0.11640625 0.0140625 0.0328125 
5 0.48984375 0.48072916666666665 0.09739583333333333 0.01875 
5 0.96484375 0.13229166666666667 0.0953125 0.016666666666666666 
5 0.9674479166666666 0.11744791666666667 0.0859375 0.0140625 
5 0.5119791666666667 0.27734375 0.04895833333333333 0.0171875 
5 0.5174479166666667 0.29375 0.0484375 0.014583333333333334 
5 0.48828125 0.40286458333333336 0.10052083333333334 0.019270833333333334 
5 0.4869791666666667 0.42083333333333334 0.1 0.01875 
5 0.48671875 0.5125 0.10364583333333334 0.021875 
5 0.9151041666666667 0.19296875 0.09166666666666666 0.0203125 
5 0.4908854166666667 0.5432291666666667 0.0484375 0.016666666666666666 
5 0.49140625 0.5580729166666667 0.09635416666666667 0.021354166666666667 
5 0.49609375 0.57265625 0.0359375 0.013020833333333334 
5 0.48828125 0.5864583333333333 0.10364583333333334 0.019791666666666666 
5 0.4200520833333333 0.5997395833333333 0.08177083333333333 0.021354166666666667 
5 0.35703125 0.5963541666666666 0.0484375 0.017708333333333333 
5 0.9424479166666667 0.16354166666666667 0.09114583333333333 0.01875 
5 0.88359375 0.2078125 0.04114583333333333 0.014583333333333334 
5 0.421875 0.55546875 0.04375 0.0140625 
5 0.51328125 0.1375 0.021354166666666667 0.08645833333333333 
5 0.34036458333333336 0.13072916666666667 0.022395833333333334 0.08854166666666667 
5 0.3567708333333333 0.13098958333333333 0.022916666666666665 0.0890625 
5 0.3731770833333333 0.12630208333333334 0.021354166666666667 0.09947916666666666 
5 0.39036458333333335 0.13151041666666666 0.025520833333333333 0.10364583333333334 
5 0.40520833333333334 0.134375 0.022916666666666665 0.0875 
5 0.4973958333333333 0.13333333333333333 0.020833333333333332 0.09270833333333334 
5 0.5276041666666667 0.1390625 0.016666666666666666 0.084375 
5 0.8919270833333334 0.22395833333333334 0.07135416666666666 0.01875 
5 0.5411458333333333 0.13567708333333334 0.017708333333333333 0.09010416666666667 
5 0.6828125 0.13515625 0.019791666666666666 0.0890625 
5 0.7932291666666667 0.1421875 0.021875 0.0875 
5 0.8236979166666667 0.28151041666666665 0.1015625 0.0234375 
5 0.8419270833333333 0.26979166666666665 0.0265625 0.011458333333333333 
5 0.8552083333333333 0.2515625 0.03854166666666667 0.0125 
5 0.42161458333333335 0.5408854166666667 0.044270833333333336 0.0171875 
5 0.37447916666666664 0.5388020833333333 0.046875 0.019270833333333334 
4 0.07578125 0.36276041666666664 0.008854166666666666 0.016145833333333335 
5 0.7463541666666667 0.40234375 0.06875 0.0734375 
5 0.19036458333333334 0.2984375 0.04114583333333333 0.016666666666666666 
5 0.24036458333333333 0.2981770833333333 0.05260416666666667 0.016145833333333335 
5 0.23958333333333334 0.3140625 0.05625 0.017708333333333333 
5 0.2171875 0.45390625 0.09166666666666666 0.019270833333333334 
5 0.15442708333333333 0.93203125 0.06197916666666667 0.0234375 
5 0.7575520833333333 0.4114583333333333 0.06927083333333334 0.075 
5 0.6690104166666667 0.51171875 0.0671875 0.09114583333333333 
5 0.21536458333333333 0.25026041666666665 0.10572916666666667 0.0203125 
5 0.69765625 0.32526041666666666 0.0234375 0.1015625 
4 0.22760416666666666 0.20182291666666666 0.022916666666666665 0.008854166666666666 
4 0.049479166666666664 0.2752604166666667 0.009375 0.021354166666666667 
4 0.035416666666666666 0.3611979166666667 0.009375 0.022395833333333334 
4 0.054947916666666666 0.3619791666666667 0.011979166666666667 0.020833333333333332 
5 0.22109375 0.23411458333333332 0.09322916666666667 0.0140625 
5 0.31875 0.7731770833333333 0.025 0.0921875 
5 0.3776041666666667 0.5231770833333333 0.053125 0.016145833333333335 
5 0.46119791666666665 0.2752604166666667 0.043229166666666666 0.013020833333333334 
5 0.371875 0.5533854166666666 0.04583333333333333 0.016145833333333335 
5 0.3703125 0.56875 0.05 0.016666666666666666 
5 0.4200520833333333 0.44921875 0.043229166666666666 0.0140625 
5 0.41354166666666664 0.4640625 0.05520833333333333 0.015625 
5 0.3611979166666667 0.28828125 0.030729166666666665 0.015104166666666667 
5 0.39296875 0.28958333333333336 0.034895833333333334 0.015625 
5 0.3932291666666667 0.27421875 0.090625 0.015104166666666667 
5 0.29921875 0.7734375 0.015104166666666667 0.08958333333333333 
5 0.3984375 0.3229166666666667 0.08333333333333333 0.0125 
5 0.39557291666666666 0.30572916666666666 0.0890625 0.015625 
5 0.38125 0.3346354166666667 0.06770833333333333 0.015104166666666667 
5 0.40234375 0.778125 0.0171875 0.08645833333333333 
5 0.42890625 0.778125 0.013020833333333334 0.084375 
5 0.4432291666666667 0.7776041666666667 0.019791666666666666 0.08854166666666667 
4 0.22994791666666667 0.75625 0.0171875 0.007291666666666667 
4 0.5833333333333334 0.87109375 0.0125 0.0203125 
4 0.61796875 0.8299479166666667 0.015104166666666667 0.0171875 
4 0.49453125 0.43307291666666664 0.021354166666666667 0.0109375 
5 0.32395833333333335 0.140625 0.011458333333333333 0.023958333333333335 
4 0.915625 0.21119791666666668 0.019791666666666666 0.011979166666666667 
4 0.8669270833333333 0.23828125 0.024479166666666666 0.0109375 
4 0.8986979166666667 0.23932291666666666 0.0234375 0.009895833333333333 
4 0.38723958333333336 0.44817708333333334 0.0203125 0.011979166666666667 
5 0.4276041666666667 0.43255208333333334 0.020833333333333332 0.009895833333333333 
5 0.36744791666666665 0.4609375 0.025520833333333333 0.013541666666666667 
4 0.22734375 0.2791666666666667 0.025520833333333333 0.010416666666666666 
4 0.35989583333333336 0.49114583333333334 0.022916666666666665 0.014583333333333334 
4 0.13463541666666667 0.4427083333333333 0.013020833333333334 0.027083333333333334 
4 0.9661458333333334 0.5236979166666667 0.01875 0.018229166666666668 
4 0.9166666666666666 0.4627604166666667 0.026041666666666668 0.0234375 
4 0.8096354166666667 0.7453125 0.0234375 0.016666666666666666 
4 0.8153645833333333 0.7346354166666667 0.021354166666666667 0.016145833333333335 
4 0.23619791666666667 0.21901041666666668 0.028645833333333332 0.011979166666666667 
4 0.5158854166666667 0.37109375 0.0265625 0.013020833333333334 
4 0.9596354166666666 0.84453125 0.009895833333333333 0.021354166666666667 
4 0.83203125 0.8408854166666667 0.008854166666666666 0.015104166666666667 
4 0.81953125 0.84140625 0.009895833333333333 0.018229166666666668 
4 0.9276041666666667 0.8424479166666666 0.009375 0.018229166666666668 
4 0.9388020833333334 0.84296875 0.008854166666666666 0.018229166666666668 
4 0.9729166666666667 0.6953125 0.015625 0.008333333333333333 
4 1.00234375 0.7033854166666667 0.016145833333333335 0.018229166666666668 
4 0.5096354166666667 0.38645833333333335 0.022395833333333334 0.010416666666666666 
5 0.65234375 0.31875 0.011979166666666667 0.027083333333333334 
4 0.5059895833333333 0.33984375 0.0234375 0.0109375 
4 0.48125 0.35390625 0.021875 0.009895833333333333 
4 0.34739583333333335 0.9609375 0.021875 0.011458333333333333 
4 0.8645833333333334 0.9674479166666666 0.020833333333333332 0.013020833333333334 
4 0.6114583333333333 0.8614583333333333 0.010416666666666666 0.017708333333333333 
5 0.634375 0.12395833333333334 0.017708333333333333 0.06458333333333334 
4 0.9848958333333333 0.4942708333333333 0.014583333333333334 0.014583333333333334 
5 0.55703125 0.12109375 0.015104166666666667 0.0671875 
5 0.57109375 0.121875 0.0171875 0.065625 
5 0.4640625 0.11979166666666667 0.017708333333333333 0.06458333333333334 
5 0.5869791666666667 0.12083333333333333 0.015625 0.065625 
5 0.6010416666666667 0.12864583333333332 0.014583333333333334 0.06354166666666666 
5 0.6497395833333334 0.12708333333333333 0.016145833333333335 0.06770833333333333 
5 0.66328125 0.13151041666666666 0.0171875 0.06614583333333333 
5 0.69609375 0.12942708333333333 0.015104166666666667 0.0640625 
5 0.7299479166666667 0.12838541666666667 0.016145833333333335 0.0640625 
5 0.7453125 0.12994791666666666 0.015625 0.0640625 
5 0.7591145833333334 0.12994791666666666 0.016145833333333335 0.06510416666666667 
5 0.9450520833333333 0.17890625 0.05260416666666667 0.013020833333333334 
4 0.7973958333333333 0.8403645833333333 0.009375 0.018229166666666668 
4 0.9442708333333333 0.5114583333333333 0.025 0.025 
4 0.30390625 0.8528645833333334 0.021354166666666667 0.024479166666666666 
4 1.0013020833333333 0.9536458333333333 0.021354166666666667 0.009375 
4 0.9736979166666667 0.5125 0.0203125 0.01875 
5 0.40182291666666664 0.41484375 0.07447916666666667 0.0171875 
5 0.5755208333333334 0.9127604166666666 0.013541666666666667 0.030729166666666665 
4 0.5536458333333333 0.9346354166666667 0.017708333333333333 0.024479166666666666 
4 0.5846354166666666 0.84296875 0.0140625 0.021354166666666667 
4 0.8052083333333333 0.7549479166666667 0.021875 0.0171875 
5 0.4747395833333333 0.29244791666666664 0.0390625 0.015104166666666667 
5 0.434375 0.2911458333333333 0.04583333333333333 0.014583333333333334 
4 0.9052083333333333 0.8419270833333333 0.009375 0.015104166666666667 
4 0.9489583333333333 0.784375 0.008333333333333333 0.017708333333333333 
4 0.9388020833333334 0.7841145833333333 0.009895833333333333 0.019270833333333334 
4 0.90078125 0.4796875 0.018229166666666668 0.015625 
4 0.9953125 0.37109375 0.019791666666666666 0.0171875 
4 0.9893229166666667 0.37994791666666666 0.0203125 0.0171875 
4 0.9966145833333333 0.47552083333333334 0.0171875 0.017708333333333333 
4 0.9078125 0.46953125 0.015625 0.015104166666666667 
4 0.89375 0.4890625 0.015625 0.016666666666666666 
4 0.8888020833333333 0.49609375 0.018229166666666668 0.0171875 
4 0.8822916666666667 0.50390625 0.01875 0.015104166666666667 
4 0.8669270833333333 0.5216145833333333 0.0171875 0.015104166666666667 
4 0.86015625 0.53046875 0.015104166666666667 0.0140625 
4 0.8513020833333333 0.5377604166666666 0.019270833333333334 0.016145833333333335 
4 0.8442708333333333 0.5453125 0.015625 0.015625 
4 1.0046875 0.36223958333333334 0.019791666666666666 0.0171875 
4 0.9265625 0.7841145833333333 0.009375 0.018229166666666668 
4 0.6822916666666666 0.3098958333333333 0.008333333333333333 0.016666666666666666 
4 0.6200520833333333 0.8833333333333333 0.0109375 0.022916666666666665 
4 0.6026041666666667 0.9200520833333333 0.011458333333333333 0.016145833333333335 
4 0.60546875 0.89140625 0.009895833333333333 0.0171875 
4 0.6140625 0.9231770833333334 0.007291666666666667 0.018229166666666668 
4 0.6604166666666667 0.92421875 0.013541666666666667 0.019270833333333334 
4 0.62890625 0.7875 0.011979166666666667 0.01875 
4 0.95 0.3651041666666667 0.015625 0.017708333333333333 
4 0.7966145833333333 0.7135416666666666 0.015104166666666667 0.019791666666666666 
4 0.7203125 0.53125 0.019791666666666666 0.013541666666666667 
4 0.7580729166666667 0.5729166666666666 0.016145833333333335 0.01875 
4 0.7971354166666667 0.5859375 0.016145833333333335 0.016666666666666666 
4 0.8208333333333333 0.6299479166666667 0.01875 0.027604166666666666 
4 0.6950520833333333 0.9604166666666667 0.0203125 0.007291666666666667 
4 0.7109375 0.7208333333333333 0.014583333333333334 0.01875 
4 0.8390625 0.5541666666666667 0.01875 0.014583333333333334 
4 0.9213541666666667 0.5427083333333333 0.01875 0.015625 
4 0.8591145833333333 0.6421875 0.0171875 0.016666666666666666 
4 0.8510416666666667 0.8395833333333333 0.008333333333333333 0.016666666666666666 
4 0.7450520833333333 0.75 0.019270833333333334 0.014583333333333334 
4 0.7411458333333333 0.7591145833333334 0.017708333333333333 0.013020833333333334 
4 0.7356770833333334 0.7809895833333333 0.0171875 0.0109375 
4 0.7638020833333333 0.8356770833333333 0.009895833333333333 0.016145833333333335 
4 0.7765625 0.83671875 0.008333333333333333 0.018229166666666668 
4 0.7869791666666667 0.8372395833333334 0.009375 0.019270833333333334 
4 0.8721354166666667 0.8408854166666667 0.0078125 0.016145833333333335 
4 0.8697916666666666 0.6471354166666666 0.014583333333333334 0.0171875 
4 0.8841145833333334 0.840625 0.0078125 0.017708333333333333 
4 0.8302083333333333 0.7786458333333334 0.007291666666666667 0.017708333333333333 
4 0.8419270833333333 0.7815104166666667 0.008854166666666666 0.019270833333333334 
4 0.8651041666666667 0.78203125 0.010416666666666666 0.018229166666666668 
4 0.8752604166666667 0.7830729166666667 0.008854166666666666 0.019270833333333334 
4 0.8854166666666666 0.7848958333333333 0.008333333333333333 0.01875 
4 0.7481770833333333 0.7388020833333333 0.021354166666666667 0.0140625 
4 0.7546875 0.7296875 0.019791666666666666 0.013541666666666667 
4 0.7580729166666667 0.7205729166666667 0.0203125 0.0140625 
4 0.76953125 0.6942708333333333 0.018229166666666668 0.0125 
4 0.778125 0.6755208333333333 0.01875 0.014583333333333334 
4 0.7822916666666667 0.6653645833333334 0.016666666666666666 0.0140625 
4 0.7875 0.6567708333333333 0.017708333333333333 0.014583333333333334 
4 0.9153645833333334 0.55234375 0.0171875 0.016145833333333335 
4 0.95234375 0.6401041666666667 0.016145833333333335 0.01875 
4 0.9479166666666666 0.6111979166666667 0.009375 0.016145833333333335 
4 0.9364583333333333 0.6106770833333334 0.009375 0.018229166666666668 
4 0.925 0.61015625 0.010416666666666666 0.0171875 
4 0.9333333333333333 0.6682291666666667 0.008333333333333333 0.015625 
4 0.9216145833333333 0.6697916666666667 0.008854166666666666 0.017708333333333333 
4 0.90859375 0.66796875 0.009895833333333333 0.0171875 
4 0.896875 0.6653645833333334 0.013541666666666667 0.019270833333333334 
4 0.8848958333333333 0.6588541666666666 0.015625 0.01875 
5 0.3104166666666667 0.12369791666666667 0.025 0.0921875 
