4 0.4122395833333333 0.98203125 0.0067708333333333336 0.0109375 
4 0.42552083333333335 1.0 0.00625 0.009375 
4 0.41848958333333336 0.9908854166666666 0.0067708333333333336 0.009895833333333333 
4 0.40625 0.9736979166666667 0.004166666666666667 0.0109375 
4 0.5729166666666666 0.4984375 0.010416666666666666 0.009375 
4 0.3971354166666667 0.9669270833333333 0.005729166666666666 0.009895833333333333 
4 0.3924479166666667 0.9640625 0.0046875 0.010416666666666666 
4 0.3888020833333333 0.9575520833333333 0.0078125 0.0109375 
4 0.37213541666666666 0.9346354166666667 0.0109375 0.0078125 
4 0.37057291666666664 0.9296875 0.008854166666666666 0.007291666666666667 
4 0.36614583333333334 0.9205729166666666 0.009375 0.009895833333333333 
4 0.3578125 0.9091145833333333 0.009375 0.0109375 
4 0.33515625 0.8877604166666667 0.009895833333333333 0.0109375 
4 0.33255208333333336 0.88359375 0.008854166666666666 0.008854166666666666 
4 0.32890625 0.8791666666666667 0.009895833333333333 0.009375 
4 0.35703125 0.86640625 0.008854166666666666 0.005729166666666666 
4 0.37057291666666664 0.86484375 0.008854166666666666 0.005729166666666666 
4 0.020052083333333335 0.9630208333333333 0.008854166666666666 0.007291666666666667 
4 0.028125 0.96640625 0.008333333333333333 0.0109375 
4 0.026822916666666665 0.9908854166666666 0.0078125 0.0078125 
4 0.03697916666666667 0.9955729166666667 0.008333333333333333 0.008854166666666666 
4 0.04140625 0.9932291666666667 0.008854166666666666 0.009375 
4 0.04479166666666667 0.9895833333333334 0.009375 0.009375 
4 0.04895833333333333 0.98671875 0.009375 0.009895833333333333 
4 0.0578125 0.9807291666666667 0.009375 0.011458333333333333 
4 0.046875 0.9752604166666666 0.010416666666666666 0.011979166666666667 
4 0.039322916666666666 0.98125 0.008854166666666666 0.009375 
4 0.030989583333333334 0.9875 0.008854166666666666 0.010416666666666666 
4 0.3802083333333333 0.8614583333333333 0.009375 0.00625 
4 0.32317708333333334 0.8705729166666667 0.009895833333333333 0.0078125 
4 0.3265625 0.8604166666666667 0.010416666666666666 0.00625 
4 0.2716145833333333 0.16484375 0.013020833333333334 0.011979166666666667 
4 0.20651041666666667 0.16484375 0.0109375 0.009895833333333333 
4 0.2109375 0.16822916666666668 0.009375 0.010416666666666666 
4 0.2125 0.175 0.0125 0.010416666666666666 
4 0.21875 0.19401041666666666 0.011458333333333333 0.011979166666666667 
4 0.2864583333333333 0.19895833333333332 0.010416666666666666 0.0125 
4 0.2078125 0.10286458333333333 0.0125 0.0067708333333333336 
3 0.9583333333333334 1.0796875 0.3729166666666667 0.38125 
10 0.9533854166666667 1.0880208333333334 0.2203125 0.22916666666666666 
1 0.553125 0.8927083333333333 0.11666666666666667 0.10416666666666667 
1 0.7143229166666667 0.93046875 0.11197916666666667 0.1015625 
1 0.71484375 0.7091145833333333 0.08177083333333333 0.08489583333333334 
1 0.265625 0.5510416666666667 0.10416666666666667 0.10104166666666667 
1 0.4674479166666667 0.76171875 0.09010416666666667 0.08385416666666666 
1 0.48020833333333335 0.4986979166666667 0.11666666666666667 0.1109375 
4 0.20546875 0.15833333333333333 0.011979166666666667 0.010416666666666666 
4 0.2625 0.15989583333333332 0.011458333333333333 0.011458333333333333 
4 0.3380208333333333 0.8578125 0.010416666666666666 0.007291666666666667 
4 0.25703125 0.15182291666666667 0.0109375 0.011979166666666667 
4 0.35104166666666664 0.8546875 0.010416666666666666 0.00625 
4 0.3625 0.85234375 0.009375 0.0067708333333333336 
4 0.37421875 0.8486979166666667 0.008854166666666666 0.005729166666666666 
4 0.321875 0.8513020833333333 0.009375 0.0109375 
4 0.32734375 0.8473958333333333 0.008854166666666666 0.011458333333333333 
4 0.33229166666666665 0.8455729166666667 0.007291666666666667 0.009895833333333333 
4 0.3424479166666667 0.8432291666666667 0.008854166666666666 0.0125 
4 0.34739583333333335 0.8416666666666667 0.007291666666666667 0.010416666666666666 
4 0.35572916666666665 0.83984375 0.008333333333333333 0.011979166666666667 
4 0.36223958333333334 0.8390625 0.0078125 0.0125 
4 0.3671875 0.8372395833333334 0.007291666666666667 0.011979166666666667 
4 0.37213541666666666 0.8356770833333333 0.0067708333333333336 0.011979166666666667 
4 0.40130208333333334 0.6973958333333333 0.0067708333333333336 0.009375 
4 0.4434895833333333 0.5828125 0.0109375 0.007291666666666667 
4 0.39010416666666664 0.59609375 0.009375 0.0067708333333333336 
4 0.38125 0.59765625 0.010416666666666666 0.008854166666666666 
4 0.3575520833333333 0.6604166666666667 0.0067708333333333336 0.011458333333333333 
4 0.353125 0.64375 0.00625 0.009375 
4 0.3502604166666667 0.6315104166666666 0.005729166666666666 0.009895833333333333 
4 0.23125 0.12291666666666666 0.013541666666666667 0.009375 
4 0.234375 0.12708333333333333 0.010416666666666666 0.007291666666666667 
4 0.23802083333333332 0.13177083333333334 0.011458333333333333 0.009375 
4 0.24270833333333333 0.1359375 0.011458333333333333 0.009375 
4 0.24557291666666667 0.13958333333333334 0.0140625 0.0125 
4 0.25286458333333334 0.14661458333333333 0.0109375 0.011979166666666667 
4 0.98125 0.6635416666666667 0.009375 0.009375 
4 0.78046875 0.04505208333333333 0.0109375 0.008854166666666666 
5 0.7419270833333333 0.21640625 0.0078125 0.005729166666666666 
5 0.72890625 0.21666666666666667 0.009895833333333333 0.007291666666666667 
4 0.5763020833333333 0.5033854166666667 0.009895833333333333 0.008854166666666666 
4 0.5825520833333333 0.51171875 0.0109375 0.009895833333333333 
4 0.35625 0.8799479166666667 0.008333333333333333 0.005729166666666666 
4 0.3921875 0.7010416666666667 0.00625 0.009375 
5 0.7234375 0.5604166666666667 0.008333333333333333 0.00625 
5 0.9598958333333333 0.21536458333333333 0.010416666666666666 0.009895833333333333 
5 0.8830729166666667 0.7489583333333333 0.008854166666666666 0.009375 
4 0.5786458333333333 0.5078125 0.010416666666666666 0.009375 
4 0.58671875 0.5158854166666667 0.0109375 0.009895833333333333 
4 0.5901041666666667 0.5203125 0.009375 0.008333333333333333 
4 0.5971354166666667 0.528125 0.0109375 0.009375 
4 0.5963541666666666 0.5390625 0.009375 0.011458333333333333 
4 0.5856770833333333 0.5427083333333333 0.008854166666666666 0.011458333333333333 
4 0.5807291666666666 0.5463541666666667 0.007291666666666667 0.010416666666666666 
4 0.5763020833333333 0.5473958333333333 0.005729166666666666 0.010416666666666666 
4 0.5708333333333333 0.5481770833333334 0.007291666666666667 0.011979166666666667 
4 0.5658854166666667 0.55 0.0067708333333333336 0.010416666666666666 
4 0.5588541666666667 0.5520833333333334 0.008333333333333333 0.010416666666666666 
4 0.55390625 0.553125 0.0078125 0.010416666666666666 
4 0.5481770833333334 0.5544270833333333 0.0078125 0.0109375 
5 0.7768229166666667 0.46875 0.0078125 0.009375 
1 0.2864583333333333 0.30442708333333335 0.11875 0.10885416666666667 
