4 0.3390625 0.6028645833333334 0.008333333333333333 0.019270833333333334 
5 0.8544270833333333 0.7614583333333333 0.0328125 0.034375 
5 0.8934895833333333 0.76171875 0.030729166666666665 0.034895833333333334 
5 0.9119791666666667 0.76015625 0.030208333333333334 0.0328125 
5 0.9552083333333333 0.7661458333333333 0.03229166666666667 0.03333333333333333 
5 0.9768229166666667 0.7677083333333333 0.0328125 0.03229166666666667 
5 0.99921875 0.7703125 0.03177083333333333 0.035416666666666666 
5 0.83671875 0.79921875 0.0359375 0.0328125 
5 0.8591145833333333 0.79921875 0.034895833333333334 0.0328125 
5 0.8830729166666667 0.7966145833333333 0.033854166666666664 0.0328125 
5 0.8973958333333333 0.8036458333333333 0.035416666666666666 0.034375 
5 0.9221354166666667 0.8005208333333333 0.033854166666666664 0.03333333333333333 
5 0.94296875 0.8 0.0359375 0.03333333333333333 
5 0.9635416666666666 0.7997395833333333 0.035416666666666666 0.033854166666666664 
5 0.9815104166666667 0.8041666666666667 0.03802083333333333 0.03229166666666667 
5 0.9934895833333334 0.8127604166666667 0.0359375 0.03177083333333333 
5 0.8466145833333333 0.8848958333333333 0.0359375 0.035416666666666666 
5 0.8658854166666666 0.8859375 0.034895833333333334 0.034375 
5 0.8841145833333334 0.8848958333333333 0.0328125 0.034375 
5 0.8736979166666666 0.7627604166666667 0.033854166666666664 0.034895833333333334 
5 0.9471354166666667 0.67578125 0.03802083333333333 0.034895833333333334 
5 0.9236979166666667 0.6765625 0.0359375 0.0375 
5 0.93515625 0.54375 0.03802083333333333 0.036458333333333336 
5 0.9520833333333333 0.54921875 0.03854166666666667 0.0359375 
5 0.97265625 0.5484375 0.03802083333333333 0.036458333333333336 
5 0.99453125 0.54765625 0.03697916666666667 0.0359375 
5 1.0145833333333334 0.5489583333333333 0.036458333333333336 0.035416666666666666 
5 0.8583333333333333 0.6333333333333333 0.03333333333333333 0.036458333333333336 
5 0.8760416666666667 0.6294270833333333 0.034375 0.03697916666666667 
5 0.89453125 0.6302083333333334 0.0359375 0.034375 
5 0.9171875 0.6317708333333333 0.034375 0.034375 
5 0.9390625 0.6364583333333333 0.03229166666666667 0.036458333333333336 
5 0.9606770833333333 0.6361979166666667 0.034895833333333334 0.0359375 
5 0.98203125 0.6390625 0.033854166666666664 0.0375 
5 1.0026041666666667 0.6408854166666667 0.034375 0.0359375 
5 0.84375 0.6692708333333334 0.0375 0.036458333333333336 
5 0.865625 0.6716145833333333 0.0375 0.034895833333333334 
5 0.8833333333333333 0.67421875 0.036458333333333336 0.034895833333333334 
5 0.9083333333333333 0.6705729166666666 0.036458333333333336 0.034895833333333334 
5 0.9078125 0.8880208333333334 0.03125 0.036458333333333336 
5 0.9255208333333333 0.8875 0.03333333333333333 0.035416666666666666 
5 0.9450520833333333 0.8880208333333334 0.0328125 0.036458333333333336 
5 0.8354166666666667 0.9213541666666667 0.0375 0.035416666666666666 
5 0.8520833333333333 0.9268229166666667 0.036458333333333336 0.0359375 
5 0.875 0.925 0.0375 0.035416666666666666 
5 0.8966145833333333 0.9252604166666667 0.0359375 0.034895833333333334 
5 0.9182291666666667 0.9260416666666667 0.036458333333333336 0.03229166666666667 
5 0.9356770833333333 0.9294270833333333 0.03697916666666667 0.033854166666666664 
5 0.95234375 0.9307291666666667 0.03697916666666667 0.035416666666666666 
5 0.9760416666666667 0.9330729166666667 0.0375 0.033854166666666664 
5 0.9111979166666667 0.546875 0.0390625 0.036458333333333336 
5 0.8888020833333333 0.5473958333333333 0.0390625 0.034375 
5 0.8729166666666667 0.5434895833333333 0.03854166666666667 0.034895833333333334 
5 0.7098958333333333 0.35911458333333335 0.035416666666666666 0.0359375 
5 0.7786458333333334 0.2703125 0.03854166666666667 0.035416666666666666 
5 0.7994791666666666 0.2703125 0.03854166666666667 0.035416666666666666 
5 0.8174479166666667 0.27447916666666666 0.0390625 0.036458333333333336 
5 0.8580729166666666 0.27838541666666666 0.03802083333333333 0.0359375 
5 0.8794270833333333 0.2765625 0.03697916666666667 0.036458333333333336 
5 0.91640625 0.2799479166666667 0.0390625 0.034895833333333334 
5 0.94140625 0.278125 0.03802083333333333 0.034375 
5 0.9596354166666666 0.2796875 0.034895833333333334 0.035416666666666666 
5 0.9807291666666667 0.28098958333333335 0.0375 0.034895833333333334 
5 0.8567708333333334 0.23645833333333333 0.03229166666666667 0.03125 
5 0.8770833333333333 0.23802083333333332 0.03333333333333333 0.030208333333333334 
5 0.89609375 0.23932291666666666 0.0328125 0.03177083333333333 
5 0.9330729166666667 0.24635416666666668 0.033854166666666664 0.030208333333333334 
5 0.5682291666666667 0.353125 0.034375 0.036458333333333336 
5 0.58828125 0.35520833333333335 0.034895833333333334 0.035416666666666666 
5 0.6091145833333333 0.35598958333333336 0.034895833333333334 0.0359375 
5 0.6283854166666667 0.35598958333333336 0.034895833333333334 0.03697916666666667 
5 0.6489583333333333 0.3567708333333333 0.03333333333333333 0.035416666666666666 
5 0.6708333333333333 0.35989583333333336 0.034375 0.034375 
5 0.75546875 0.27109375 0.04010416666666667 0.034895833333333334 
5 0.7325520833333333 0.27265625 0.0390625 0.03802083333333333 
5 0.7190104166666667 0.2674479166666667 0.034895833333333334 0.033854166666666664 
5 0.73515625 0.23229166666666667 0.033854166666666664 0.03125 
5 0.55078125 0.22604166666666667 0.03697916666666667 0.035416666666666666 
5 0.5705729166666667 0.22734375 0.034895833333333334 0.034895833333333334 
5 0.59140625 0.22760416666666666 0.034895833333333334 0.034375 
5 0.6130208333333333 0.22604166666666667 0.036458333333333336 0.034375 
5 0.6322916666666667 0.22890625 0.035416666666666666 0.033854166666666664 
5 0.66953125 0.23411458333333332 0.030729166666666665 0.030729166666666665 
5 0.6908854166666667 0.23307291666666666 0.034895833333333334 0.0328125 
5 0.7143229166666667 0.23098958333333333 0.033854166666666664 0.03177083333333333 
5 0.7731770833333333 0.23385416666666667 0.033854166666666664 0.03229166666666667 
5 0.6973958333333333 0.26848958333333334 0.036458333333333336 0.033854166666666664 
5 0.7924479166666667 0.23671875 0.03177083333333333 0.0296875 
5 0.8106770833333333 0.2390625 0.0328125 0.029166666666666667 
5 0.5546875 0.2609375 0.0375 0.036458333333333336 
5 0.5989583333333334 0.2604166666666667 0.036458333333333336 0.03229166666666667 
5 0.61875 0.2609375 0.034375 0.03229166666666667 
5 0.6372395833333333 0.26276041666666666 0.033854166666666664 0.03177083333333333 
5 0.6591145833333333 0.2638020833333333 0.0359375 0.0328125 
5 0.6783854166666666 0.26640625 0.034895833333333334 0.0328125 
5 0.6895833333333333 0.35859375 0.034375 0.03697916666666667 
5 0.7291666666666666 0.359375 0.034375 0.036458333333333336 
5 0.8536458333333333 0.5401041666666667 0.0375 0.035416666666666666 
5 0.5182291666666666 0.3848958333333333 0.035416666666666666 0.036458333333333336 
5 0.8028645833333333 0.4005208333333333 0.034895833333333334 0.0375 
5 0.82578125 0.40390625 0.034895833333333334 0.0390625 
5 0.8432291666666667 0.4002604166666667 0.03333333333333333 0.0390625 
5 0.8671875 0.40572916666666664 0.034375 0.0375 
5 0.8861979166666667 0.4046875 0.034895833333333334 0.0375 
5 0.9049479166666666 0.4046875 0.034895833333333334 0.036458333333333336 
5 0.9247395833333333 0.4046875 0.033854166666666664 0.0375 
5 0.9484375 0.4078125 0.034375 0.0375 
5 0.9658854166666667 0.4088541666666667 0.033854166666666664 0.0375 
5 0.98515625 0.4080729166666667 0.033854166666666664 0.0390625 
5 1.0075520833333333 0.41015625 0.034895833333333334 0.03697916666666667 
5 0.8614583333333333 0.5015625 0.0375 0.03854166666666667 
5 0.8861979166666667 0.5067708333333333 0.033854166666666664 0.036458333333333336 
5 0.9052083333333333 0.50703125 0.035416666666666666 0.03697916666666667 
5 0.9260416666666667 0.5078125 0.03333333333333333 0.034375 
5 0.9450520833333333 0.50859375 0.034895833333333334 0.034895833333333334 
5 0.96484375 0.5075520833333333 0.034895833333333334 0.0359375 
5 1.00625 0.51171875 0.034375 0.03697916666666667 
5 0.9958333333333333 0.37265625 0.0375 0.03697916666666667 
5 0.9736979166666667 0.3723958333333333 0.034895833333333334 0.03854166666666667 
5 0.9533854166666667 0.37109375 0.0359375 0.034895833333333334 
5 0.72265625 0.3963541666666667 0.033854166666666664 0.036458333333333336 
5 0.5401041666666667 0.3885416666666667 0.03333333333333333 0.035416666666666666 
5 0.5802083333333333 0.39036458333333335 0.034375 0.0359375 
5 0.6005208333333333 0.39088541666666665 0.034375 0.03697916666666667 
5 0.6200520833333333 0.39114583333333336 0.0359375 0.036458333333333336 
5 0.6395833333333333 0.39088541666666665 0.034375 0.03697916666666667 
5 0.6596354166666667 0.3924479166666667 0.034895833333333334 0.0359375 
5 0.6794270833333333 0.3919270833333333 0.0359375 0.0359375 
5 0.6997395833333333 0.39401041666666664 0.034895833333333334 0.03802083333333333 
5 0.7424479166666667 0.3971354166666667 0.033854166666666664 0.034895833333333334 
5 0.9130208333333333 0.3690104166666667 0.034375 0.03697916666666667 
5 0.7604166666666666 0.39479166666666665 0.034375 0.03854166666666667 
5 0.77109375 0.36354166666666665 0.034895833333333334 0.0375 
5 0.79140625 0.36328125 0.034895833333333334 0.03697916666666667 
5 0.8119791666666667 0.36432291666666666 0.034375 0.0359375 
5 0.8328125 0.3658854166666667 0.034375 0.03697916666666667 
5 0.8526041666666667 0.3653645833333333 0.034375 0.0359375 
5 0.8705729166666667 0.36614583333333334 0.034895833333333334 0.036458333333333336 
5 0.8885416666666667 0.3625 0.036458333333333336 0.035416666666666666 
4 0.3703125 0.6078125 0.009375 0.020833333333333332 
4 0.3223958333333333 0.47421875 0.0125 0.021354166666666667 
4 0.37786458333333334 0.475 0.011979166666666667 0.020833333333333332 
4 0.39817708333333335 0.47604166666666664 0.0109375 0.020833333333333332 
4 0.4161458333333333 0.47734375 0.010416666666666666 0.019270833333333334 
4 0.43020833333333336 0.47994791666666664 0.011458333333333333 0.022395833333333334 
4 0.4513020833333333 0.4796875 0.013020833333333334 0.021875 
4 0.4265625 0.53203125 0.010416666666666666 0.019270833333333334 
5 0.41328125 0.5283854166666667 0.009895833333333333 0.0234375 
4 0.20130208333333333 0.5447916666666667 0.0109375 0.021875 
4 0.27786458333333336 0.5515625 0.011979166666666667 0.021875 
4 0.29739583333333336 0.5502604166666667 0.0125 0.0234375 
4 0.3302083333333333 0.5502604166666667 0.014583333333333334 0.022395833333333334 
4 0.35078125 0.5528645833333333 0.011979166666666667 0.021354166666666667 
4 0.38645833333333335 0.5536458333333333 0.013541666666666667 0.022916666666666665 
4 0.42578125 0.55546875 0.013020833333333334 0.022395833333333334 
4 0.253125 0.6010416666666667 0.0125 0.019791666666666666 
4 0.44895833333333335 0.7661458333333333 0.011458333333333333 0.021875 
4 0.42734375 1.0044270833333333 0.011979166666666667 0.021354166666666667 
4 0.5046875 0.7416666666666667 0.023958333333333335 0.010416666666666666 
4 0.2908854166666667 0.47161458333333334 0.008854166666666666 0.0203125 
4 0.2598958333333333 0.4713541666666667 0.010416666666666666 0.020833333333333332 
4 0.23776041666666667 0.4674479166666667 0.0109375 0.0203125 
4 0.20625 0.46822916666666664 0.011458333333333333 0.021875 
5 0.5296875 0.22369791666666666 0.03958333333333333 0.0390625 
