13 0.80234375 0.74765625 0.027604166666666666 0.018229166666666668 
13 0.7703125 0.7263020833333333 0.026041666666666668 0.024479166666666666 
13 0.9643229166666667 0.6502604166666667 0.021354166666666667 0.0203125 
13 0.3932291666666667 0.9765625 0.016666666666666666 0.019791666666666666 
13 0.5838541666666667 0.6638020833333333 0.026041666666666668 0.0140625 
13 0.44557291666666665 0.6354166666666666 0.016145833333333335 0.019791666666666666 
13 0.40234375 0.6817708333333333 0.015104166666666667 0.022916666666666665 
13 0.3966145833333333 0.53046875 0.0171875 0.027604166666666666 
13 0.6177083333333333 0.6885416666666667 0.021875 0.023958333333333335 
13 0.61171875 0.7361979166666667 0.015104166666666667 0.0203125 
13 0.58984375 0.76796875 0.025520833333333333 0.024479166666666666 
13 0.43203125 0.7479166666666667 0.027604166666666666 0.0125 
13 0.39895833333333336 0.746875 0.015625 0.020833333333333332 
13 0.3729166666666667 0.88125 0.016666666666666666 0.027083333333333334 
13 0.3958333333333333 0.8893229166666666 0.025 0.019270833333333334 
13 0.41953125 0.9372395833333333 0.0203125 0.033854166666666664 
13 0.490625 0.9294270833333333 0.025 0.0171875 
13 0.5515625 0.8927083333333333 0.016666666666666666 0.015625 
13 0.5864583333333333 0.87890625 0.023958333333333335 0.0203125 
13 0.6541666666666667 0.89375 0.008333333333333333 0.017708333333333333 
13 0.7463541666666667 0.8966145833333333 0.0125 0.024479166666666666 
13 0.7723958333333333 0.9057291666666667 0.025 0.013541666666666667 
13 0.7825520833333334 0.9505208333333334 0.04010416666666667 0.023958333333333335 
13 0.8166666666666667 0.9510416666666667 0.019791666666666666 0.015625 
4 0.17083333333333334 0.6213541666666667 0.005208333333333333 0.008333333333333333 
4 0.15338541666666666 0.62109375 0.0046875 0.008854166666666666 
4 0.16484375 0.6252604166666667 0.0067708333333333336 0.011979166666666667 
4 0.16927083333333334 0.6307291666666667 0.00625 0.009375 
4 0.17552083333333332 0.6252604166666667 0.005208333333333333 0.008854166666666666 
4 0.18046875 0.6252604166666667 0.005729166666666666 0.009895833333333333 
4 0.18541666666666667 0.6333333333333333 0.007291666666666667 0.011458333333333333 
4 0.18645833333333334 0.6434895833333333 0.0125 0.008854166666666666 
4 0.20052083333333334 0.76953125 0.00625 0.0109375 
4 0.058854166666666666 0.7697916666666667 0.008333333333333333 0.010416666666666666 
4 0.027864583333333335 0.7614583333333333 0.0078125 0.0125 
4 0.009375 0.77578125 0.011458333333333333 0.0067708333333333336 
4 0.16953125 0.8036458333333333 0.0109375 0.00625 
4 0.057291666666666664 0.8091145833333333 0.00625 0.011979166666666667 
4 0.23125 0.8221354166666667 0.017708333333333333 0.013020833333333334 
13 0.7731770833333333 0.6807291666666667 0.0140625 0.021875 
4 0.1015625 0.18854166666666666 0.009375 0.010416666666666666 
13 0.3846354166666667 1.0098958333333334 0.022395833333333334 0.029166666666666667 
13 0.21380208333333334 0.8666666666666667 0.0265625 0.023958333333333335 
4 0.1171875 0.037760416666666664 0.010416666666666666 0.008854166666666666 
4 0.11614583333333334 0.05546875 0.014583333333333334 0.0109375 
4 0.05390625 0.09895833333333333 0.011979166666666667 0.007291666666666667 
4 0.19635416666666666 0.11588541666666667 0.014583333333333334 0.008854166666666666 
4 0.05911458333333333 0.2799479166666667 0.009895833333333333 0.009895833333333333 
4 0.03359375 0.5255208333333333 0.013020833333333334 0.011458333333333333 
4 0.0625 0.28541666666666665 0.0125 0.0125 
4 0.0234375 0.39817708333333335 0.008333333333333333 0.005729166666666666 
4 0.0234375 0.4046875 0.010416666666666666 0.00625 
4 0.23828125 0.48020833333333335 0.0078125 0.011458333333333333 
4 0.21901041666666668 0.5580729166666667 0.008854166666666666 0.013020833333333334 
4 0.055989583333333336 0.51484375 0.0109375 0.0078125 
13 0.58046875 0.5994791666666667 0.018229166666666668 0.023958333333333335 
13 0.778125 0.5890625 0.017708333333333333 0.023958333333333335 
13 0.82890625 0.29296875 0.0171875 0.021354166666666667 
13 0.12057291666666667 0.8877604166666667 0.0234375 0.015104166666666667 
13 0.0765625 0.88359375 0.019791666666666666 0.011979166666666667 
13 0.030989583333333334 0.88125 0.0265625 0.015625 
13 0.27369791666666665 0.8739583333333333 0.022395833333333334 0.016666666666666666 
13 0.17994791666666668 0.9010416666666666 0.0140625 0.030208333333333334 
13 0.18255208333333334 0.8640625 0.021354166666666667 0.013541666666666667 
13 0.10572916666666667 0.3611979166666667 0.011458333333333333 0.019270833333333334 
13 0.22057291666666667 0.40546875 0.0203125 0.0203125 
13 0.09192708333333334 0.6127604166666667 0.0296875 0.016145833333333335 
13 0.17760416666666667 0.59765625 0.022916666666666665 0.013020833333333334 
13 0.12213541666666666 0.7177083333333333 0.0234375 0.0125 
13 0.2559895833333333 0.7395833333333334 0.013020833333333334 0.029166666666666667 
13 0.16614583333333333 0.7145833333333333 0.03333333333333333 0.030208333333333334 
13 0.215625 0.7286458333333333 0.022916666666666665 0.014583333333333334 
13 0.25364583333333335 0.36302083333333335 0.021875 0.020833333333333332 
13 0.12578125 0.8700520833333333 0.025520833333333333 0.0109375 
13 0.25833333333333336 0.2838541666666667 0.0125 0.021875 
13 0.4171875 0.26796875 0.028125 0.0171875 
13 0.42213541666666665 0.3377604166666667 0.018229166666666668 0.0140625 
13 0.42473958333333334 0.37994791666666666 0.016145833333333335 0.025520833333333333 
13 0.4127604166666667 0.46536458333333336 0.009895833333333333 0.0171875 
13 0.4083333333333333 0.575 0.021875 0.028125 
13 -0.008854166666666666 0.8645833333333334 0.030208333333333334 0.014583333333333334 
13 0.0390625 0.8625 0.019791666666666666 0.0125 
13 0.08645833333333333 0.8674479166666667 0.01875 0.011979166666666667 
13 0.8333333333333334 0.43697916666666664 0.01875 0.026041666666666668 
13 0.6348958333333333 0.2825520833333333 0.010416666666666666 0.0203125 
13 0.5161458333333333 0.2747395833333333 0.022916666666666665 0.011979166666666667 
13 0.5700520833333333 0.28046875 0.022395833333333334 0.011979166666666667 
13 0.6763020833333333 0.28151041666666665 0.025520833333333333 0.0171875 
13 0.7645833333333333 0.29270833333333335 0.023958333333333335 0.01875 
13 0.44479166666666664 0.3848958333333333 0.01875 0.028125 
13 0.5877604166666667 0.41875 0.0234375 0.016666666666666666 
13 0.6231770833333333 0.46041666666666664 0.015104166666666667 0.03125 
13 0.590625 0.490625 0.014583333333333334 0.023958333333333335 
13 0.7880208333333333 0.46979166666666666 0.0125 0.023958333333333335 
13 0.7734375 0.5119791666666667 0.013541666666666667 0.023958333333333335 
13 0.7731770833333333 0.5510416666666667 0.011979166666666667 0.027083333333333334 
4 0.7244791666666667 0.8466145833333333 0.014583333333333334 0.011979166666666667 
4 0.7385416666666667 0.8479166666666667 0.009375 0.007291666666666667 
4 0.7127604166666667 0.8484375 0.008854166666666666 0.0125 
4 0.7088541666666667 0.8606770833333334 0.008333333333333333 0.013020833333333334 
13 0.72890625 0.9294270833333333 0.018229166666666668 0.013020833333333334 
4 0.8442708333333333 0.9182291666666667 0.0125 0.00625 
4 0.9911458333333333 0.15416666666666667 0.011458333333333333 0.00625 
4 0.96875 0.15859375 0.0125 0.005729166666666666 
4 0.959375 0.15260416666666668 0.009375 0.00625 
4 0.9578125 0.14609375 0.0125 0.005729166666666666 
4 0.9752604166666666 0.14140625 0.009895833333333333 0.005729166666666666 
5 0.9286458333333333 0.12708333333333333 0.007291666666666667 0.011458333333333333 
4 0.92265625 0.11796875 0.0078125 0.011979166666666667 
4 0.9171875 0.10598958333333333 0.00625 0.013020833333333334 
4 0.9236979166666667 0.10234375 0.005729166666666666 0.009895833333333333 
4 0.925 0.06171875 0.007291666666666667 0.013020833333333334 
4 0.9880208333333333 0.08151041666666667 0.007291666666666667 0.0109375 
4 0.9932291666666667 0.08203125 0.007291666666666667 0.009895833333333333 
5 0.9580729166666667 0.07552083333333333 0.008854166666666666 0.025 
4 0.9723958333333333 0.08125 0.007291666666666667 0.0125 
4 0.9486979166666667 0.16536458333333334 0.013020833333333334 0.008854166666666666 
4 0.24557291666666667 0.07421875 0.005729166666666666 0.0109375 
4 0.6182291666666667 0.253125 0.010416666666666666 0.007291666666666667 
4 0.91796875 0.39817708333333335 0.0078125 0.013020833333333334 
4 0.6700520833333333 0.5338541666666666 0.008854166666666666 0.00625 
4 0.8171875 0.8359375 0.011458333333333333 0.005208333333333333 
4 0.9671875 0.16432291666666668 0.0125 0.005729166666666666 
4 0.9565104166666667 0.17135416666666667 0.013020833333333334 0.013541666666666667 
4 0.87734375 0.6640625 0.0067708333333333336 0.0125 
4 0.92890625 0.25 0.0078125 0.0125 
4 0.8841145833333334 0.646875 0.0078125 0.011458333333333333 
4 0.85546875 0.6552083333333333 0.0067708333333333336 0.011458333333333333 
4 0.9630208333333333 0.5765625 0.00625 0.010416666666666666 
4 0.9692708333333333 0.5776041666666667 0.00625 0.010416666666666666 
4 0.8885416666666667 0.5807291666666666 0.007291666666666667 0.0125 
4 0.9354166666666667 0.49609375 0.010416666666666666 0.0067708333333333336 
4 0.81796875 0.36223958333333334 0.0109375 0.005729166666666666 
4 0.8309895833333333 0.36223958333333334 0.013020833333333334 0.0067708333333333336 
4 0.9635416666666666 0.34661458333333334 0.00625 0.009895833333333333 
4 0.6421875 0.3859375 0.010416666666666666 0.007291666666666667 
4 0.9877604166666667 0.2890625 0.005729166666666666 0.009375 
4 0.9786458333333333 0.2630208333333333 0.007291666666666667 0.009375 
4 0.9307291666666667 0.23098958333333333 0.00625 0.009895833333333333 
4 0.8794270833333333 0.16041666666666668 0.011979166666666667 0.00625 
4 0.9325520833333333 0.21770833333333334 0.0067708333333333336 0.0125 
4 0.9346354166666667 0.20078125 0.0078125 0.011979166666666667 
4 0.93984375 0.21197916666666666 0.0078125 0.0125 
4 0.9466145833333334 0.2109375 0.0078125 0.010416666666666666 
4 0.9421875 0.20026041666666666 0.007291666666666667 0.009895833333333333 
4 0.9151041666666667 0.21145833333333333 0.008333333333333333 0.013541666666666667 
4 0.8958333333333334 0.21875 0.009375 0.0125 
4 0.875 0.22890625 0.007291666666666667 0.011979166666666667 
4 0.8263020833333333 0.1765625 0.011979166666666667 0.00625 
4 0.8934895833333333 0.18098958333333334 0.009895833333333333 0.0067708333333333336 
4 0.8794270833333333 0.17447916666666666 0.009895833333333333 0.00625 
4 0.878125 0.1671875 0.0125 0.00625 
4 0.6700520833333333 0.6885416666666667 0.0067708333333333336 0.010416666666666666 
4 0.71328125 0.7427083333333333 0.009895833333333333 0.00625 
4 0.6075520833333333 0.7893229166666667 0.0109375 0.0067708333333333336 
4 0.06692708333333333 0.9708333333333333 0.011979166666666667 0.007291666666666667 
4 0.20911458333333333 0.9419270833333333 0.0078125 0.009895833333333333 
4 0.10885416666666667 0.9848958333333333 0.011458333333333333 0.011458333333333333 
4 0.1203125 0.9963541666666667 0.011458333333333333 0.009375 
4 0.72734375 0.8315104166666667 0.0140625 0.0067708333333333336 
4 0.6989583333333333 0.4265625 0.00625 0.011458333333333333 
4 0.340625 0.5200520833333333 0.005208333333333333 0.009895833333333333 
4 0.3614583333333333 0.4830729166666667 0.009375 0.005729166666666666 
4 0.4044270833333333 0.5020833333333333 0.008854166666666666 0.005208333333333333 
4 0.3963541666666667 0.5010416666666667 0.007291666666666667 0.005208333333333333 
4 0.4747395833333333 0.30703125 0.011979166666666667 0.0109375 
5 0.46171875 0.29583333333333334 0.0203125 0.016666666666666666 
4 0.37057291666666664 0.28932291666666665 0.011979166666666667 0.0078125 
4 0.49453125 0.23359375 0.0067708333333333336 0.0109375 
4 0.8033854166666666 0.14427083333333332 0.0109375 0.007291666666666667 
4 0.8065104166666667 0.3614583333333333 0.011979166666666667 0.008333333333333333 
4 0.7984375 0.3458333333333333 0.007291666666666667 0.0125 
4 0.6658854166666667 0.38515625 0.0109375 0.008854166666666666 
4 0.6971354166666667 0.45416666666666666 0.0067708333333333336 0.011458333333333333 
4 0.4817708333333333 0.5247395833333334 0.010416666666666666 0.0078125 
4 0.6796875 0.4786458333333333 0.010416666666666666 0.00625 
4 0.6953125 0.5020833333333333 0.00625 0.010416666666666666 
4 0.7369791666666666 0.4669270833333333 0.011458333333333333 0.0067708333333333336 
4 0.6708333333333333 0.64921875 0.008333333333333333 0.0067708333333333336 
4 0.6609375 0.6424479166666667 0.009375 0.009895833333333333 
4 0.665625 0.6390625 0.009375 0.011458333333333333 
4 0.7052083333333333 0.6739583333333333 0.005208333333333333 0.008333333333333333 
4 0.7036458333333333 0.6864583333333333 0.00625 0.010416666666666666 
4 0.7192708333333333 0.6721354166666667 0.008333333333333333 0.0067708333333333336 
4 0.7403645833333333 0.6153645833333333 0.0109375 0.005729166666666666 
4 0.7583333333333333 0.8013020833333333 0.00625 0.0109375 
4 0.7643229166666666 0.80234375 0.0067708333333333336 0.0109375 
4 0.33958333333333335 0.5309895833333333 0.00625 0.009895833333333333 
4 0.5244791666666667 0.5395833333333333 0.007291666666666667 0.010416666666666666 
4 0.26848958333333334 0.8091145833333333 0.0109375 0.005729166666666666 
4 0.2872395833333333 0.9666666666666667 0.013020833333333334 0.010416666666666666 
4 0.48385416666666664 0.9953125 0.011458333333333333 0.007291666666666667 
4 0.4903645833333333 0.9565104166666667 0.0078125 0.0109375 
4 0.43359375 0.828125 0.0078125 0.011458333333333333 
13 0.49947916666666664 0.8880208333333334 0.022916666666666665 0.021875 
4 0.5510416666666667 0.7934895833333333 0.010416666666666666 0.005729166666666666 
4 0.52109375 0.58984375 0.0078125 0.0109375 
4 0.5575520833333333 0.78828125 0.0109375 0.005729166666666666 
4 0.5486979166666667 0.8424479166666666 0.009895833333333333 0.005729166666666666 
4 0.5596354166666667 0.83671875 0.011979166666666667 0.011979166666666667 
4 0.40598958333333335 0.7825520833333334 0.005729166666666666 0.009895833333333333 
4 0.29635416666666664 0.75859375 0.007291666666666667 0.013020833333333334 
4 0.3494791666666667 0.7510416666666667 0.005208333333333333 0.0125 
4 0.5247395833333334 0.7580729166666667 0.008854166666666666 0.005729166666666666 
4 0.5328125 0.6705729166666666 0.009375 0.005729166666666666 
4 0.5401041666666667 0.6411458333333333 0.0125 0.010416666666666666 
4 0.35390625 0.6583333333333333 0.0140625 0.014583333333333334 
4 0.540625 0.6046875 0.010416666666666666 0.005208333333333333 
4 0.53203125 0.59921875 0.011979166666666667 0.0046875 
