4 0.190625 0.934375 0.007291666666666667 0.009375 
13 1.0098958333333334 0.7263020833333333 0.026041666666666668 0.024479166666666666 
13 0.6328125 0.9765625 0.016666666666666666 0.019791666666666666 
13 0.8234375 0.6638020833333333 0.026041666666666668 0.0140625 
13 0.68515625 0.6354166666666666 0.016145833333333335 0.019791666666666666 
13 0.6419270833333334 0.6817708333333333 0.015104166666666667 0.022916666666666665 
13 0.6361979166666667 0.53046875 0.0171875 0.027604166666666666 
13 0.8572916666666667 0.6885416666666667 0.021875 0.023958333333333335 
13 0.8513020833333333 0.7361979166666667 0.015104166666666667 0.0203125 
13 0.8294270833333334 0.76796875 0.025520833333333333 0.024479166666666666 
13 0.6716145833333333 0.7479166666666667 0.027604166666666666 0.0125 
13 0.6385416666666667 0.746875 0.015625 0.020833333333333332 
13 0.6125 0.88125 0.016666666666666666 0.027083333333333334 
13 0.6354166666666666 0.8893229166666666 0.025 0.019270833333333334 
13 0.6591145833333333 0.9372395833333333 0.0203125 0.033854166666666664 
13 0.7302083333333333 0.9294270833333333 0.025 0.0171875 
13 0.7911458333333333 0.8927083333333333 0.016666666666666666 0.015625 
13 0.8260416666666667 0.87890625 0.023958333333333335 0.0203125 
13 0.89375 0.89375 0.008333333333333333 0.017708333333333333 
13 0.9859375 0.8966145833333333 0.0125 0.024479166666666666 
4 0.41041666666666665 0.6213541666666667 0.005208333333333333 0.008333333333333333 
4 0.23463541666666668 0.6197916666666666 0.0109375 0.0125 
4 0.08723958333333333 0.6348958333333333 0.0078125 0.010416666666666666 
4 0.1 0.5963541666666666 0.00625 0.009375 
4 0.12838541666666667 0.62890625 0.0067708333333333336 0.0109375 
4 0.07734375 0.6481770833333333 0.009895833333333333 0.005729166666666666 
4 0.06536458333333334 0.6486979166666667 0.009895833333333333 0.0046875 
4 0.06666666666666667 0.6421875 0.011458333333333333 0.008333333333333333 
4 0.06666666666666667 0.6549479166666666 0.010416666666666666 0.005729166666666666 
4 0.23541666666666666 0.63671875 0.007291666666666667 0.009895833333333333 
4 0.39296875 0.62109375 0.0046875 0.008854166666666666 
4 0.4044270833333333 0.6252604166666667 0.0067708333333333336 0.011979166666666667 
4 0.4088541666666667 0.6307291666666667 0.00625 0.009375 
4 0.41510416666666666 0.6252604166666667 0.005208333333333333 0.008854166666666666 
4 0.17786458333333333 0.53125 0.011979166666666667 0.010416666666666666 
4 0.4200520833333333 0.6252604166666667 0.005729166666666666 0.009895833333333333 
4 0.425 0.6333333333333333 0.007291666666666667 0.011458333333333333 
4 0.42604166666666665 0.6434895833333333 0.0125 0.008854166666666666 
4 0.4401041666666667 0.76953125 0.00625 0.0109375 
4 0.2984375 0.7697916666666667 0.008333333333333333 0.010416666666666666 
4 0.2674479166666667 0.7614583333333333 0.0078125 0.0125 
4 0.24895833333333334 0.77578125 0.011458333333333333 0.0067708333333333336 
13 0.046614583333333334 0.6903645833333333 0.03177083333333333 0.0296875 
4 0.40911458333333334 0.8036458333333333 0.0109375 0.00625 
4 0.296875 0.8091145833333333 0.00625 0.011979166666666667 
4 0.4708333333333333 0.8221354166666667 0.017708333333333333 0.013020833333333334 
4 0.21588541666666666 0.9190104166666667 0.0067708333333333336 0.0109375 
4 0.1578125 0.5291666666666667 0.010416666666666666 0.011458333333333333 
4 0.22552083333333334 0.53203125 0.008333333333333333 0.013020833333333334 
4 0.3411458333333333 0.18854166666666666 0.009375 0.010416666666666666 
13 0.62421875 1.0098958333333334 0.022395833333333334 0.029166666666666667 
13 0.45338541666666665 0.8666666666666667 0.0265625 0.023958333333333335 
4 0.3567708333333333 0.037760416666666664 0.010416666666666666 0.008854166666666666 
4 0.35572916666666665 0.05546875 0.014583333333333334 0.0109375 
4 0.29348958333333336 0.09895833333333333 0.011979166666666667 0.007291666666666667 
4 0.4359375 0.11588541666666667 0.014583333333333334 0.008854166666666666 
4 0.2986979166666667 0.2799479166666667 0.009895833333333333 0.009895833333333333 
4 0.27317708333333335 0.5255208333333333 0.013020833333333334 0.011458333333333333 
4 0.3020833333333333 0.28541666666666665 0.0125 0.0125 
13 0.20859375 0.24140625 0.0203125 0.018229166666666668 
4 0.07473958333333333 0.28619791666666666 0.011979166666666667 0.0067708333333333336 
4 0.0671875 0.29453125 0.007291666666666667 0.0109375 
4 0.07760416666666667 0.29635416666666664 0.011458333333333333 0.011458333333333333 
4 0.08567708333333333 0.29739583333333336 0.009895833333333333 0.009375 
4 0.2630208333333333 0.39817708333333335 0.008333333333333333 0.005729166666666666 
4 0.2630208333333333 0.4046875 0.010416666666666666 0.00625 
4 0.08802083333333334 0.40598958333333335 0.011458333333333333 0.0067708333333333336 
4 0.4778645833333333 0.48020833333333335 0.0078125 0.011458333333333333 
4 0.45859375 0.5580729166666667 0.008854166666666666 0.013020833333333334 
4 0.2955729166666667 0.51484375 0.0109375 0.0078125 
13 0.8200520833333333 0.5994791666666667 0.018229166666666668 0.023958333333333335 
13 0.36015625 0.8877604166666667 0.0234375 0.015104166666666667 
13 0.31614583333333335 0.88359375 0.019791666666666666 0.011979166666666667 
13 0.27057291666666666 0.88125 0.0265625 0.015625 
13 0.51328125 0.8739583333333333 0.022395833333333334 0.016666666666666666 
13 0.41953125 0.9010416666666666 0.0140625 0.030208333333333334 
13 0.42213541666666665 0.8640625 0.021354166666666667 0.013541666666666667 
13 0.3453125 0.3611979166666667 0.011458333333333333 0.019270833333333334 
13 0.07265625 0.41770833333333335 0.021354166666666667 0.021875 
13 0.46015625 0.40546875 0.0203125 0.0203125 
13 0.33151041666666664 0.6127604166666667 0.0296875 0.016145833333333335 
13 0.4171875 0.59765625 0.022916666666666665 0.013020833333333334 
13 0.18958333333333333 0.6442708333333333 0.019791666666666666 0.021875 
13 0.16666666666666666 0.6994791666666667 0.015625 0.025 
13 0.20052083333333334 0.7169270833333333 0.021875 0.0140625 
13 0.36171875 0.7177083333333333 0.0234375 0.0125 
13 0.49557291666666664 0.7395833333333334 0.013020833333333334 0.029166666666666667 
13 0.40572916666666664 0.7145833333333333 0.03333333333333333 0.030208333333333334 
13 0.4552083333333333 0.7286458333333333 0.022916666666666665 0.014583333333333334 
13 0.20625 0.41171875 0.029166666666666667 0.028645833333333332 
13 0.49322916666666666 0.36302083333333335 0.021875 0.020833333333333332 
13 0.3653645833333333 0.8700520833333333 0.025520833333333333 0.0109375 
13 0.4979166666666667 0.2838541666666667 0.0125 0.021875 
13 0.6567708333333333 0.26796875 0.028125 0.0171875 
13 0.66171875 0.3377604166666667 0.018229166666666668 0.0140625 
13 0.6643229166666667 0.37994791666666666 0.016145833333333335 0.025520833333333333 
13 0.65234375 0.46536458333333336 0.009895833333333333 0.0171875 
13 0.6479166666666667 0.575 0.021875 0.028125 
13 0.12838541666666667 0.8578125 0.028645833333333332 0.013541666666666667 
13 0.140625 0.8768229166666667 0.021875 0.0109375 
13 0.18880208333333334 0.8567708333333334 0.0203125 0.013541666666666667 
13 0.23072916666666668 0.8645833333333334 0.030208333333333334 0.014583333333333334 
13 0.2786458333333333 0.8625 0.019791666666666666 0.0125 
13 0.3260416666666667 0.8674479166666667 0.01875 0.011979166666666667 
13 0.8744791666666667 0.2825520833333333 0.010416666666666666 0.0203125 
13 0.7557291666666667 0.2747395833333333 0.022916666666666665 0.011979166666666667 
13 0.8096354166666667 0.28046875 0.022395833333333334 0.011979166666666667 
13 0.9158854166666667 0.28151041666666665 0.025520833333333333 0.0171875 
13 1.0041666666666667 0.29270833333333335 0.023958333333333335 0.01875 
13 0.684375 0.3848958333333333 0.01875 0.028125 
13 0.82734375 0.41875 0.0234375 0.016666666666666666 
13 0.8627604166666667 0.46041666666666664 0.015104166666666667 0.03125 
13 0.8302083333333333 0.490625 0.014583333333333334 0.023958333333333335 
4 0.20963541666666666 0.9192708333333334 0.0078125 0.0125 
4 0.23411458333333332 0.9484375 0.015104166666666667 0.00625 
4 0.22838541666666667 0.96640625 0.015104166666666667 0.0078125 
4 0.9640625 0.8466145833333333 0.014583333333333334 0.011979166666666667 
4 0.978125 0.8479166666666667 0.009375 0.007291666666666667 
4 0.95234375 0.8484375 0.008854166666666666 0.0125 
4 0.9484375 0.8606770833333334 0.008333333333333333 0.013020833333333334 
13 0.9684895833333333 0.9294270833333333 0.018229166666666668 0.013020833333333334 
4 0.08828125 0.28802083333333334 0.0109375 0.00625 
4 0.04192708333333333 0.9247395833333333 0.009895833333333333 0.0109375 
4 0.04895833333333333 0.9169270833333333 0.009375 0.008854166666666666 
4 0.48515625 0.07421875 0.005729166666666666 0.0109375 
4 0.8578125 0.253125 0.010416666666666666 0.007291666666666667 
4 0.9096354166666667 0.5338541666666666 0.008854166666666666 0.00625 
4 0.8817708333333333 0.3859375 0.010416666666666666 0.007291666666666667 
4 0.9096354166666667 0.6885416666666667 0.0067708333333333336 0.010416666666666666 
4 0.9528645833333333 0.7427083333333333 0.009895833333333333 0.00625 
4 0.8471354166666667 0.7893229166666667 0.0109375 0.0067708333333333336 
4 0.3065104166666667 0.9708333333333333 0.011979166666666667 0.007291666666666667 
4 0.13463541666666667 0.9611979166666667 0.013020833333333334 0.0078125 
4 0.12473958333333333 0.9716145833333333 0.013020833333333334 0.015104166666666667 
4 0.44869791666666664 0.9419270833333333 0.0078125 0.009895833333333333 
4 0.3484375 0.9848958333333333 0.011458333333333333 0.011458333333333333 
4 0.35989583333333336 0.9963541666666667 0.011458333333333333 0.009375 
4 0.22161458333333334 0.9807291666666667 0.013020833333333334 0.0125 
4 0.20598958333333334 0.9856770833333334 0.009895833333333333 0.011979166666666667 
4 0.062239583333333334 1.0015625 0.0078125 0.011458333333333333 
4 0.9669270833333333 0.8315104166666667 0.0140625 0.0067708333333333336 
4 0.9385416666666667 0.4265625 0.00625 0.011458333333333333 
4 0.5802083333333333 0.5200520833333333 0.005208333333333333 0.009895833333333333 
4 0.6010416666666667 0.4830729166666667 0.009375 0.005729166666666666 
4 0.6440104166666667 0.5020833333333333 0.008854166666666666 0.005208333333333333 
4 0.6359375 0.5010416666666667 0.007291666666666667 0.005208333333333333 
4 0.7143229166666667 0.30703125 0.011979166666666667 0.0109375 
5 0.7013020833333333 0.29583333333333334 0.0203125 0.016666666666666666 
4 0.61015625 0.28932291666666665 0.011979166666666667 0.0078125 
4 0.7341145833333333 0.23359375 0.0067708333333333336 0.0109375 
4 0.90546875 0.38515625 0.0109375 0.008854166666666666 
4 0.93671875 0.45416666666666666 0.0067708333333333336 0.011458333333333333 
4 0.7213541666666666 0.5247395833333334 0.010416666666666666 0.0078125 
4 0.9192708333333334 0.4786458333333333 0.010416666666666666 0.00625 
4 0.9348958333333334 0.5020833333333333 0.00625 0.010416666666666666 
4 0.9765625 0.4669270833333333 0.011458333333333333 0.0067708333333333336 
4 0.9104166666666667 0.64921875 0.008333333333333333 0.0067708333333333336 
4 0.9005208333333333 0.6424479166666667 0.009375 0.009895833333333333 
4 0.9052083333333333 0.6390625 0.009375 0.011458333333333333 
4 0.9447916666666667 0.6739583333333333 0.005208333333333333 0.008333333333333333 
4 0.9432291666666667 0.6864583333333333 0.00625 0.010416666666666666 
4 0.9588541666666667 0.6721354166666667 0.008333333333333333 0.0067708333333333336 
4 0.9799479166666667 0.6153645833333333 0.0109375 0.005729166666666666 
4 0.9979166666666667 0.8013020833333333 0.00625 0.0109375 
4 0.5791666666666667 0.5309895833333333 0.00625 0.009895833333333333 
4 0.7640625 0.5395833333333333 0.007291666666666667 0.010416666666666666 
4 0.5080729166666667 0.8091145833333333 0.0109375 0.005729166666666666 
4 0.5268229166666667 0.9666666666666667 0.013020833333333334 0.010416666666666666 
4 0.7234375 0.9953125 0.011458333333333333 0.007291666666666667 
4 0.7299479166666667 0.9565104166666667 0.0078125 0.0109375 
4 0.6731770833333334 0.828125 0.0078125 0.011458333333333333 
13 0.7390625 0.8880208333333334 0.022916666666666665 0.021875 
4 0.790625 0.7934895833333333 0.010416666666666666 0.005729166666666666 
4 0.7606770833333333 0.58984375 0.0078125 0.0109375 
4 0.7971354166666667 0.78828125 0.0109375 0.005729166666666666 
4 0.78828125 0.8424479166666666 0.009895833333333333 0.005729166666666666 
4 0.79921875 0.83671875 0.011979166666666667 0.011979166666666667 
4 0.6455729166666667 0.7825520833333334 0.005729166666666666 0.009895833333333333 
4 0.5359375 0.75859375 0.007291666666666667 0.013020833333333334 
4 0.5890625 0.7510416666666667 0.005208333333333333 0.0125 
4 0.7643229166666666 0.7580729166666667 0.008854166666666666 0.005729166666666666 
4 0.7723958333333333 0.6705729166666666 0.009375 0.005729166666666666 
4 0.7796875 0.6411458333333333 0.0125 0.010416666666666666 
4 0.5934895833333333 0.6583333333333333 0.0140625 0.014583333333333334 
4 0.7802083333333333 0.6046875 0.010416666666666666 0.005208333333333333 
4 0.7716145833333333 0.59921875 0.011979166666666667 0.0046875 
13 0.21901041666666668 0.36171875 0.0265625 0.013020833333333334 
