4 0.8658854166666666 0.40625 0.011979166666666667 0.008333333333333333 
13 0.79765625 0.0515625 0.0296875 0.029166666666666667 
4 0.1765625 0.12057291666666667 0.011458333333333333 0.009895833333333333 
4 0.18697916666666667 0.11484375 0.011458333333333333 0.008854166666666666 
4 0.17369791666666667 0.10677083333333333 0.0078125 0.010416666666666666 
4 0.17864583333333334 0.10416666666666667 0.008333333333333333 0.010416666666666666 
4 0.18385416666666668 0.10104166666666667 0.009375 0.0125 
4 0.19401041666666666 0.10182291666666667 0.0067708333333333336 0.009895833333333333 
4 0.20130208333333333 0.10234375 0.0067708333333333336 0.009895833333333333 
4 0.21171875 0.11354166666666667 0.0109375 0.008333333333333333 
4 0.23697916666666666 0.10729166666666666 0.00625 0.011458333333333333 
4 0.2609375 0.14505208333333333 0.0125 0.0078125 
4 0.40989583333333335 0.02265625 0.011458333333333333 0.005729166666666666 
4 0.16640625 0.19791666666666666 0.0067708333333333336 0.013541666666666667 
4 0.3690104166666667 0.11197916666666667 0.0078125 0.011458333333333333 
4 0.4390625 0.11666666666666667 0.008333333333333333 0.013541666666666667 
4 0.3385416666666667 0.1 0.007291666666666667 0.011458333333333333 
4 0.28828125 0.14505208333333333 0.0171875 0.0078125 
4 0.30859375 0.14713541666666666 0.011979166666666667 0.0078125 
4 0.34322916666666664 0.14375 0.014583333333333334 0.007291666666666667 
4 0.36640625 0.15052083333333333 0.011979166666666667 0.00625 
4 0.39401041666666664 0.15078125 0.0140625 0.008854166666666666 
4 0.44140625 0.16536458333333334 0.008854166666666666 0.0140625 
4 0.07786458333333333 0.23359375 0.008854166666666666 0.013020833333333334 
4 0.04114583333333333 0.21953125 0.00625 0.0109375 
4 0.15416666666666667 0.18385416666666668 0.010416666666666666 0.00625 
13 0.9002604166666667 0.48828125 0.019270833333333334 0.03177083333333333 
13 0.9666666666666667 0.5440104166666667 0.014583333333333334 0.033854166666666664 
13 0.89296875 0.6841145833333333 0.021354166666666667 0.030729166666666665 
13 0.8877604166666667 0.7950520833333333 0.015104166666666667 0.024479166666666666 
13 0.88828125 0.75859375 0.011979166666666667 0.009895833333333333 
13 0.8703125 0.9302083333333333 0.014583333333333334 0.022916666666666665 
13 0.9565104166666667 0.875 0.025520833333333333 0.030208333333333334 
13 0.975 0.8591145833333333 0.015625 0.016145833333333335 
13 0.9580729166666667 0.7044270833333334 0.015104166666666667 0.034895833333333334 
13 0.9609375 0.6591145833333333 0.015625 0.0265625 
13 0.9625 0.6247395833333333 0.014583333333333334 0.0265625 
13 0.9661458333333334 0.5859375 0.015625 0.026041666666666668 
13 0.9682291666666667 0.50859375 0.014583333333333334 0.025520833333333333 
4 0.16302083333333334 0.14270833333333333 0.008333333333333333 0.011458333333333333 
13 0.9703125 0.43671875 0.0125 0.022395833333333334 
4 0.047135416666666666 0.009635416666666667 0.011979166666666667 0.0109375 
4 0.12526041666666668 0.0078125 0.008854166666666666 0.005208333333333333 
4 0.14244791666666667 0.007291666666666667 0.011979166666666667 0.007291666666666667 
4 0.11328125 0.015885416666666666 0.0109375 0.005729166666666666 
4 0.11380208333333333 0.009114583333333334 0.009895833333333333 0.005729166666666666 
4 0.08619791666666667 0.0828125 0.0067708333333333336 0.011458333333333333 
4 0.07734375 0.1140625 0.0078125 0.0125 
4 0.06875 0.13098958333333333 0.00625 0.013020833333333334 
4 0.15416666666666667 0.125 0.011458333333333333 0.00625 
4 0.07213541666666666 0.21458333333333332 0.0078125 0.0125 
4 0.06197916666666667 0.2703125 0.007291666666666667 0.013541666666666667 
4 0.03984375 0.34140625 0.0078125 0.013020833333333334 
4 0.13984375 0.50625 0.011979166666666667 0.007291666666666667 
4 0.2994791666666667 0.5247395833333334 0.0125 0.008854166666666666 
4 0.18359375 0.5325520833333334 0.011979166666666667 0.0067708333333333336 
4 0.17682291666666666 0.5057291666666667 0.009895833333333333 0.013541666666666667 
4 0.14973958333333334 0.5453125 0.0067708333333333336 0.010416666666666666 
4 0.15286458333333333 0.4822916666666667 0.0078125 0.0125 
4 0.12916666666666668 0.48359375 0.011458333333333333 0.008854166666666666 
4 0.12708333333333333 0.490625 0.013541666666666667 0.007291666666666667 
4 0.13958333333333334 0.49166666666666664 0.010416666666666666 0.007291666666666667 
4 0.12734375 0.496875 0.011979166666666667 0.00625 
4 0.13854166666666667 0.49765625 0.011458333333333333 0.005729166666666666 
4 0.13984375 0.51171875 0.0109375 0.005729166666666666 
4 0.29713541666666665 0.4395833333333333 0.013020833333333334 0.00625 
4 0.13958333333333334 0.5171875 0.0125 0.005208333333333333 
4 0.13645833333333332 0.55625 0.009375 0.005208333333333333 
4 0.13723958333333333 0.5627604166666667 0.013020833333333334 0.0067708333333333336 
4 0.20104166666666667 0.46171875 0.009375 0.011979166666666667 
4 0.14791666666666667 0.5721354166666667 0.007291666666666667 0.0140625 
4 0.31484375 0.5505208333333333 0.0078125 0.0125 
4 0.13723958333333333 0.5947916666666667 0.011979166666666667 0.007291666666666667 
4 0.13697916666666668 0.6028645833333334 0.011458333333333333 0.008854166666666666 
4 0.14661458333333333 0.6216145833333333 0.0078125 0.013020833333333334 
4 0.13307291666666668 0.6328125 0.011979166666666667 0.007291666666666667 
4 0.34088541666666666 0.54140625 0.0140625 0.0109375 
4 0.3536458333333333 0.46458333333333335 0.010416666666666666 0.00625 
4 0.3546875 0.47734375 0.013541666666666667 0.0067708333333333336 
4 0.31197916666666664 0.51484375 0.009375 0.011979166666666667 
4 0.32265625 0.4625 0.0078125 0.0125 
4 0.3015625 0.47630208333333335 0.011458333333333333 0.0078125 
4 0.18359375 0.37864583333333335 0.0067708333333333336 0.011458333333333333 
4 0.14661458333333333 0.3768229166666667 0.011979166666666667 0.0078125 
4 0.14609375 0.3828125 0.0109375 0.00625 
5 0.14427083333333332 0.3885416666666667 0.014583333333333334 0.007291666666666667 
4 0.14505208333333333 0.39895833333333336 0.0140625 0.008333333333333333 
4 0.14557291666666666 0.40677083333333336 0.015104166666666667 0.007291666666666667 
4 0.027604166666666666 0.47578125 0.007291666666666667 0.009895833333333333 
4 0.48333333333333334 0.35911458333333335 0.014583333333333334 0.008854166666666666 
4 0.4864583333333333 0.4825520833333333 0.008333333333333333 0.0140625 
4 0.48203125 0.5067708333333333 0.0109375 0.0125 
4 0.4765625 0.5166666666666667 0.011458333333333333 0.0125 
4 0.47369791666666666 0.53203125 0.0109375 0.0109375 
4 0.46380208333333334 0.53515625 0.0109375 0.008854166666666666 
4 0.4630208333333333 0.5296875 0.011458333333333333 0.00625 
4 0.4627604166666667 0.52421875 0.013020833333333334 0.0067708333333333336 
4 0.3640625 0.50546875 0.015625 0.013020833333333334 
4 0.3411458333333333 0.4921875 0.00625 0.011458333333333333 
4 0.30859375 0.4875 0.013020833333333334 0.00625 
4 0.31692708333333336 0.5052083333333334 0.0109375 0.0125 
13 0.9002604166666667 0.5255208333333333 0.015104166666666667 0.022916666666666665 
13 0.9078125 0.41171875 0.01875 0.034895833333333334 
4 0.13359375 0.6604166666666667 0.0140625 0.00625 
13 0.24036458333333333 0.5059895833333333 0.0140625 0.025520833333333333 
13 0.23645833333333333 0.64453125 0.013541666666666667 0.0296875 
13 0.26848958333333334 0.6182291666666667 0.024479166666666666 0.017708333333333333 
13 0.34739583333333335 0.6221354166666667 0.014583333333333334 0.019270833333333334 
13 0.37213541666666666 0.6223958333333334 0.025520833333333333 0.014583333333333334 
13 0.37447916666666664 0.6044270833333333 0.027083333333333334 0.018229166666666668 
13 0.41796875 0.6205729166666667 0.0203125 0.016145833333333335 
13 0.421875 0.56171875 0.017708333333333333 0.027604166666666666 
13 0.25703125 0.5572916666666666 0.018229166666666668 0.034375 
13 0.23645833333333333 0.5700520833333333 0.0125 0.0234375 
13 0.24010416666666667 0.5348958333333333 0.013541666666666667 0.021875 
13 0.2375 0.47552083333333334 0.014583333333333334 0.013541666666666667 
13 0.5984375 0.7971354166666667 0.025 0.015104166666666667 
13 0.2578125 0.4979166666666667 0.011458333333333333 0.023958333333333335 
13 0.26015625 0.45234375 0.013020833333333334 0.0234375 
13 0.42630208333333336 0.4557291666666667 0.0140625 0.026041666666666668 
13 0.40520833333333334 0.44869791666666664 0.016666666666666666 0.0109375 
13 0.42552083333333335 0.4192708333333333 0.013541666666666667 0.026041666666666668 
13 0.4083333333333333 0.41875 0.013541666666666667 0.023958333333333335 
13 0.41041666666666665 0.3880208333333333 0.017708333333333333 0.030208333333333334 
13 0.43125 0.3377604166666667 0.016666666666666666 0.0296875 
13 0.25052083333333336 0.31614583333333335 0.013541666666666667 0.027083333333333334 
13 0.24895833333333334 0.35442708333333334 0.0125 0.030729166666666665 
13 0.6739583333333333 0.7973958333333333 0.023958333333333335 0.026041666666666668 
13 0.56328125 0.7916666666666666 0.019270833333333334 0.019791666666666666 
13 0.9033854166666667 0.36354166666666665 0.018229166666666668 0.027083333333333334 
13 0.06822916666666666 0.8127604166666667 0.015625 0.028645833333333332 
13 0.18723958333333332 0.06015625 0.024479166666666666 0.028645833333333332 
13 0.10026041666666667 0.1953125 0.0140625 0.028125 
13 0.09869791666666666 0.22526041666666666 0.009895833333333333 0.024479166666666666 
13 0.0953125 0.3372395833333333 0.0125 0.0234375 
13 0.09270833333333334 0.3703125 0.014583333333333334 0.03333333333333333 
13 0.08854166666666667 0.4473958333333333 0.014583333333333334 0.022916666666666665 
13 0.08307291666666666 0.5872395833333334 0.0140625 0.0296875 
13 0.08098958333333334 0.6276041666666666 0.0109375 0.022916666666666665 
13 0.07604166666666666 0.7385416666666667 0.017708333333333333 0.028125 
13 0.07604166666666666 0.7716145833333333 0.022916666666666665 0.0265625 
13 0.19791666666666666 0.7609375 0.029166666666666667 0.016666666666666666 
13 0.5591145833333333 0.76875 0.028645833333333332 0.017708333333333333 
13 0.23411458333333332 0.7622395833333333 0.027604166666666666 0.0109375 
13 0.27369791666666665 0.7645833333333333 0.0234375 0.013541666666666667 
13 0.30234375 0.7638020833333333 0.0265625 0.015104166666666667 
13 0.33828125 0.76796875 0.0234375 0.0171875 
13 0.2947916666666667 0.7830729166666667 0.016666666666666666 0.016145833333333335 
13 0.3776041666666667 0.784375 0.022916666666666665 0.015625 
13 0.45677083333333335 0.7888020833333333 0.028125 0.018229166666666668 
13 0.484375 0.7916666666666666 0.019791666666666666 0.013541666666666667 
13 0.45703125 0.77109375 0.016145833333333335 0.015104166666666667 
13 0.5268229166666667 0.7947916666666667 0.022395833333333334 0.021875 
13 0.26979166666666665 0.3541666666666667 0.008333333333333333 0.020833333333333332 
13 0.26953125 0.29401041666666666 0.0140625 0.025520833333333333 
13 0.2890625 0.20911458333333333 0.023958333333333335 0.0171875 
13 0.4713541666666667 0.06927083333333334 0.027083333333333334 0.014583333333333334 
13 0.7489583333333333 0.5708333333333333 0.015625 0.027083333333333334 
13 0.7479166666666667 0.5390625 0.013541666666666667 0.025 
13 0.7526041666666666 0.5 0.013541666666666667 0.028125 
13 0.73359375 0.48489583333333336 0.0171875 0.021875 
13 0.7372395833333333 0.43385416666666665 0.015104166666666667 0.025 
13 0.7549479166666667 0.42213541666666665 0.015104166666666667 0.021354166666666667 
13 0.75625 0.3953125 0.011458333333333333 0.027083333333333334 
13 0.74375 0.37135416666666665 0.028125 0.027083333333333334 
13 0.7770833333333333 0.33645833333333336 0.026041666666666668 0.023958333333333335 
13 0.43671875 0.06510416666666667 0.028645833333333332 0.015625 
13 0.51328125 0.06953125 0.022395833333333334 0.0140625 
13 0.25442708333333336 0.18072916666666666 0.015104166666666667 0.021875 
13 0.5494791666666666 0.07109375 0.026041666666666668 0.016145833333333335 
13 0.6229166666666667 0.07421875 0.029166666666666667 0.0171875 
13 0.6651041666666667 0.08932291666666667 0.034375 0.018229166666666668 
13 0.7700520833333333 0.1484375 0.024479166666666666 0.026041666666666668 
13 0.8005208333333333 0.07916666666666666 0.027083333333333334 0.027083333333333334 
13 0.7638020833333333 0.06302083333333333 0.0296875 0.026041666666666668 
13 0.8375 0.049479166666666664 0.021875 0.027083333333333334 
13 0.81171875 0.196875 0.0203125 0.025 
13 0.8572916666666667 0.24947916666666667 0.03125 0.03229166666666667 
13 0.8799479166666667 0.2903645833333333 0.027604166666666666 0.03697916666666667 
13 0.7447916666666666 0.6114583333333333 0.014583333333333334 0.025 
13 0.7731770833333333 0.6372395833333333 0.027604166666666666 0.0171875 
13 0.7401041666666667 0.634375 0.028125 0.015625 
13 0.73359375 0.8283854166666667 0.013020833333333334 0.028645833333333332 
13 0.315625 0.209375 0.021875 0.022916666666666665 
13 0.403125 0.21276041666666667 0.028125 0.022395833333333334 
13 0.3997395833333333 0.23385416666666667 0.030729166666666665 0.0125 
13 0.43203125 0.234375 0.0296875 0.017708333333333333 
13 0.46875 0.21822916666666667 0.019791666666666666 0.014583333333333334 
13 0.5494791666666666 0.22317708333333333 0.025 0.013020833333333334 
13 0.5846354166666666 0.22473958333333333 0.025520833333333333 0.019270833333333334 
13 0.603125 0.31536458333333334 0.015625 0.024479166666666666 
13 0.5963541666666666 0.35182291666666665 0.019791666666666666 0.028645833333333332 
13 0.5770833333333333 0.39427083333333335 0.013541666666666667 0.025 
13 0.57421875 0.440625 0.015104166666666667 0.028125 
13 0.5901041666666667 0.4390625 0.0125 0.026041666666666668 
13 0.5708333333333333 0.46875 0.016666666666666666 0.025 
13 0.5692708333333333 0.50625 0.017708333333333333 0.029166666666666667 
13 0.54375 0.6072916666666667 0.03125 0.022916666666666665 
13 0.48541666666666666 0.625 0.022916666666666665 0.013541666666666667 
13 0.55703125 0.6291666666666667 0.030729166666666665 0.01875 
13 0.6067708333333334 0.6078125 0.019791666666666666 0.026041666666666668 
13 0.7065104166666667 0.7817708333333333 0.0296875 0.013541666666666667 
13 0.70078125 0.7984375 0.0265625 0.014583333333333334 
13 0.73515625 0.7927083333333333 0.0140625 0.030208333333333334 
4 0.13489583333333333 0.6541666666666667 0.013541666666666667 0.00625 
13 0.07916666666666666 0.6572916666666667 0.010416666666666666 0.01875 
4 0.48541666666666666 0.7088541666666667 0.011458333333333333 0.00625 
4 0.9479166666666666 0.06302083333333333 0.015625 0.014583333333333334 
4 0.6770833333333334 0.20026041666666666 0.010416666666666666 0.0109375 
4 0.77109375 0.22838541666666667 0.0140625 0.011979166666666667 
4 0.5296875 0.04401041666666667 0.0125 0.0067708333333333336 
4 0.6234375 0.036458333333333336 0.014583333333333334 0.011458333333333333 
4 0.66796875 0.06302083333333333 0.013020833333333334 0.011458333333333333 
4 0.8684895833333334 0.128125 0.0140625 0.0125 
4 0.8778645833333333 0.12057291666666667 0.011979166666666667 0.011979166666666667 
4 0.8841145833333334 0.11458333333333333 0.0140625 0.0125 
4 0.9171875 0.08828125 0.013541666666666667 0.011979166666666667 
4 0.9260416666666667 0.08020833333333334 0.0125 0.011458333333333333 
4 0.9684895833333333 0.04375 0.0140625 0.0125 
4 0.6682291666666667 0.19427083333333334 0.010416666666666666 0.011458333333333333 
4 0.9046875 0.05234375 0.011458333333333333 0.013020833333333334 
4 0.90234375 0.057291666666666664 0.015104166666666667 0.014583333333333334 
4 0.8833333333333333 0.08385416666666666 0.0125 0.0125 
4 0.9322916666666666 0.12083333333333333 0.0125 0.013541666666666667 
7 0.9471354166666667 0.18828125 0.0234375 0.050520833333333334 
7 0.9815104166666667 0.18958333333333333 0.025520833333333333 0.05 
4 0.8333333333333334 0.34739583333333335 0.009375 0.013541666666666667 
13 0.6247395833333333 0.26588541666666665 0.0203125 0.021354166666666667 
4 0.9393229166666667 0.6002604166666666 0.0078125 0.013020833333333334 
4 0.7981770833333334 0.5510416666666667 0.011979166666666667 0.00625 
4 0.67265625 0.19739583333333333 0.008854166666666666 0.010416666666666666 
4 0.6463541666666667 0.18489583333333334 0.008333333333333333 0.011458333333333333 
4 0.7153645833333333 0.3015625 0.0140625 0.013541666666666667 
4 0.5734375 0.16067708333333333 0.0125 0.0067708333333333336 
4 0.7158854166666667 0.32369791666666664 0.0109375 0.0078125 
4 0.7075520833333333 0.23020833333333332 0.011979166666666667 0.011458333333333333 
4 0.5309895833333333 0.25885416666666666 0.011979166666666667 0.007291666666666667 
4 0.753125 0.22526041666666666 0.014583333333333334 0.015104166666666667 
4 0.7213541666666666 0.19036458333333334 0.0125 0.011979166666666667 
4 0.659375 0.17890625 0.0125 0.0109375 
4 0.6348958333333333 0.16875 0.014583333333333334 0.010416666666666666 
4 0.621875 0.165625 0.010416666666666666 0.008333333333333333 
4 0.6075520833333333 0.16328125 0.0140625 0.0078125 
4 0.5927083333333333 0.1609375 0.0125 0.008333333333333333 
4 0.5450520833333333 0.159375 0.013020833333333334 0.007291666666666667 
4 0.5760416666666667 0.17161458333333332 0.00625 0.011979166666666667 
4 0.6510416666666666 0.13541666666666666 0.008333333333333333 0.0125 
4 0.5091145833333334 0.13177083333333334 0.013020833333333334 0.005208333333333333 
5 0.49765625 0.13229166666666667 0.008854166666666666 0.005208333333333333 
4 0.5166666666666667 0.121875 0.007291666666666667 0.0125 
4 0.5255208333333333 0.12265625 0.00625 0.011979166666666667 
4 0.53046875 0.12213541666666666 0.0067708333333333336 0.011979166666666667 
4 0.5359375 0.12265625 0.00625 0.0109375 
4 0.57734375 0.11119791666666666 0.009895833333333333 0.0078125 
4 0.5643229166666667 0.17161458333333332 0.005729166666666666 0.009895833333333333 
4 0.559375 0.17239583333333333 0.005208333333333333 0.009375 
4 0.79921875 0.53984375 0.009895833333333333 0.0078125 
4 0.8122395833333333 0.5296875 0.0067708333333333336 0.0125 
4 0.7958333333333333 0.5638020833333334 0.009375 0.0067708333333333336 
4 0.37109375 0.28151041666666665 0.0078125 0.013020833333333334 
4 0.19557291666666668 0.31927083333333334 0.009895833333333333 0.005208333333333333 
4 0.1484375 0.34375 0.0125 0.00625 
4 0.18385416666666668 0.36171875 0.007291666666666667 0.0140625 
4 0.325 0.31223958333333335 0.007291666666666667 0.011979166666666667 
4 0.31328125 0.32447916666666665 0.009895833333333333 0.007291666666666667 
4 0.34921875 0.3377604166666667 0.005729166666666666 0.009895833333333333 
4 0.3143229166666667 0.38619791666666664 0.013020833333333334 0.0067708333333333336 
4 0.3463541666666667 0.38697916666666665 0.00625 0.0125 
4 0.35859375 0.37083333333333335 0.009895833333333333 0.005208333333333333 
4 0.35911458333333335 0.34791666666666665 0.0109375 0.00625 
4 0.17838541666666666 0.46588541666666666 0.0067708333333333336 0.011979166666666667 
5 0.8088541666666667 0.57890625 0.00625 0.011979166666666667 
4 0.38359375 0.6700520833333333 0.0067708333333333336 0.0109375 
4 0.3651041666666667 0.6856770833333333 0.010416666666666666 0.005729166666666666 
4 0.2859375 0.6830729166666667 0.011458333333333333 0.0067708333333333336 
4 0.14114583333333333 0.74375 0.007291666666666667 0.011458333333333333 
4 0.14036458333333332 0.76484375 0.005729166666666666 0.0109375 
4 0.24505208333333334 0.8630208333333333 0.0109375 0.005208333333333333 
4 0.21953125 0.8627604166666667 0.0109375 0.005729166666666666 
4 0.47552083333333334 0.8528645833333334 0.011458333333333333 0.005729166666666666 
4 0.5260416666666666 0.8549479166666667 0.010416666666666666 0.005729166666666666 
4 0.48098958333333336 0.8721354166666667 0.0109375 0.0067708333333333336 
4 0.19609375 0.31328125 0.009895833333333333 0.0046875 
4 0.1515625 0.2916666666666667 0.011458333333333333 0.00625 
4 0.46328125 0.28619791666666666 0.005729166666666666 0.009895833333333333 
4 0.40625 0.2752604166666667 0.007291666666666667 0.009895833333333333 
4 0.8072916666666666 0.61328125 0.00625 0.011979166666666667 
4 0.83359375 0.5986979166666667 0.005729166666666666 0.011979166666666667 
4 0.8317708333333333 0.628125 0.00625 0.010416666666666666 
4 0.83125 0.6388020833333333 0.008333333333333333 0.0109375 
5 0.79140625 0.603125 0.015104166666666667 0.00625 
4 0.8432291666666667 0.6640625 0.0125 0.008333333333333333 
4 0.8419270833333333 0.67109375 0.0109375 0.005729166666666666 
4 0.828125 0.70390625 0.007291666666666667 0.011979166666666667 
4 0.8369791666666667 0.7393229166666667 0.010416666666666666 0.0078125 
5 0.6994791666666667 0.73046875 0.007291666666666667 0.009895833333333333 
5 0.70703125 0.7317708333333334 0.0046875 0.009375 
4 0.82265625 0.8104166666666667 0.0078125 0.0125 
4 0.9221354166666667 0.9174479166666667 0.0078125 0.013020833333333334 
4 0.8020833333333334 0.90078125 0.009375 0.011979166666666667 
4 0.8119791666666667 0.8963541666666667 0.009375 0.009375 
4 0.8283854166666667 0.8901041666666667 0.009895833333333333 0.010416666666666666 
4 0.8317708333333333 0.88671875 0.011458333333333333 0.0109375 
4 0.8486979166666667 0.82734375 0.0109375 0.0109375 
4 0.8432291666666667 0.7182291666666667 0.010416666666666666 0.00625 
4 0.18125 0.09010416666666667 0.010416666666666666 0.0125 
4 0.1765625 0.07760416666666667 0.009375 0.0125 
4 0.7286458333333333 0.303125 0.010416666666666666 0.010416666666666666 
5 0.5182291666666666 0.20546875 0.014583333333333334 0.0484375 
4 0.18229166666666666 0.6111979166666667 0.0125 0.0078125 
4 0.41484375 0.8692708333333333 0.0140625 0.00625 
4 0.21510416666666668 0.8294270833333334 0.005208333333333333 0.0109375 
4 0.21953125 0.8296875 0.0067708333333333336 0.010416666666666666 
4 0.41041666666666665 0.8380208333333333 0.008333333333333333 0.014583333333333334 
4 0.42109375 0.8390625 0.0067708333333333336 0.011458333333333333 
4 0.43385416666666665 0.8385416666666666 0.00625 0.013541666666666667 
4 0.4473958333333333 0.8416666666666667 0.008333333333333333 0.011458333333333333 
4 0.20234375 0.87109375 0.005729166666666666 0.0109375 
4 0.21041666666666667 0.8713541666666667 0.008333333333333333 0.0125 
4 0.32890625 0.8666666666666667 0.0109375 0.007291666666666667 
4 0.340625 0.86640625 0.0125 0.0078125 
4 0.45755208333333336 0.8513020833333333 0.011979166666666667 0.005729166666666666 
4 0.3184895833333333 0.8473958333333333 0.013020833333333334 0.008333333333333333 
4 0.46875 0.871875 0.013541666666666667 0.007291666666666667 
4 0.35598958333333336 0.8791666666666667 0.008854166666666666 0.009375 
4 0.43203125 0.8802083333333334 0.0078125 0.0125 
4 0.446875 0.8817708333333333 0.007291666666666667 0.0125 
4 0.4549479166666667 0.8830729166666667 0.0067708333333333336 0.009895833333333333 
4 0.4395833333333333 0.8841145833333334 0.007291666666666667 0.009895833333333333 
4 0.12369791666666667 0.846875 0.009895833333333333 0.008333333333333333 
4 0.13645833333333332 0.8723958333333334 0.0125 0.010416666666666666 
4 0.3307291666666667 0.15989583333333332 0.00625 0.010416666666666666 
5 0.3375 0.15911458333333334 0.00625 0.011979166666666667 
4 0.29635416666666664 0.8356770833333333 0.00625 0.011979166666666667 
4 0.26484375 0.8442708333333333 0.008854166666666666 0.00625 
4 0.5166666666666667 0.2791666666666667 0.007291666666666667 0.013541666666666667 
4 0.01640625 0.8059895833333334 0.0078125 0.011979166666666667 
4 0.18385416666666668 0.6192708333333333 0.009375 0.005208333333333333 
4 0.45598958333333334 0.67421875 0.0078125 0.0109375 
4 0.43411458333333336 0.6622395833333333 0.0078125 0.013020833333333334 
4 0.013802083333333333 0.7236979166666667 0.0078125 0.013020833333333334 
4 0.12526041666666668 0.7223958333333333 0.016145833333333335 0.008333333333333333 
4 0.10859375 0.7229166666666667 0.013020833333333334 0.00625 
4 0.11901041666666666 0.7291666666666666 0.011979166666666667 0.005208333333333333 
4 0.121875 0.734375 0.011458333333333333 0.00625 
4 0.1390625 0.7776041666666667 0.00625 0.010416666666666666 
4 0.12682291666666667 0.7919270833333333 0.009895833333333333 0.0078125 
4 0.20052083333333334 0.7104166666666667 0.007291666666666667 0.0125 
4 0.25338541666666664 0.84453125 0.0109375 0.0067708333333333336 
4 0.29765625 0.71171875 0.0067708333333333336 0.009895833333333333 
4 0.303125 0.7119791666666667 0.00625 0.010416666666666666 
4 0.39296875 0.7052083333333333 0.0109375 0.005208333333333333 
4 0.42109375 0.7174479166666666 0.0067708333333333336 0.009895833333333333 
4 0.4276041666666667 0.7177083333333333 0.007291666666666667 0.011458333333333333 
13 0.42083333333333334 0.7721354166666666 0.017708333333333333 0.009895833333333333 
13 0.23463541666666668 0.7807291666666667 0.024479166666666666 0.016666666666666666 
4 0.13958333333333334 0.8565104166666667 0.011458333333333333 0.013020833333333334 
4 0.21067708333333332 0.8419270833333333 0.009895833333333333 0.005729166666666666 
4 0.23723958333333334 0.8432291666666667 0.0109375 0.00625 
13 0.28828125 0.24583333333333332 0.019270833333333334 0.026041666666666668 
4 0.31796875 0.3625 0.0109375 0.00625 
4 0.490625 0.3921875 0.007291666666666667 0.010416666666666666 
4 0.5205729166666667 0.43984375 0.009895833333333333 0.005729166666666666 
4 0.6723958333333333 0.5205729166666667 0.011458333333333333 0.0140625 
4 0.6700520833333333 0.4947916666666667 0.0078125 0.011458333333333333 
4 0.6697916666666667 0.48020833333333335 0.007291666666666667 0.0125 
4 0.6270833333333333 0.4859375 0.0125 0.007291666666666667 
4 0.52265625 0.5348958333333333 0.011979166666666667 0.008333333333333333 
4 0.5223958333333333 0.540625 0.0125 0.010416666666666666 
4 0.51015625 0.5557291666666667 0.013020833333333334 0.014583333333333334 
4 0.5174479166666667 0.4921875 0.009895833333333333 0.00625 
4 0.5174479166666667 0.49895833333333334 0.008854166666666666 0.005208333333333333 
4 0.5072916666666667 0.45625 0.00625 0.0125 
4 0.64140625 0.4234375 0.0109375 0.007291666666666667 
4 0.5083333333333333 0.8848958333333333 0.00625 0.011458333333333333 
4 0.5119791666666667 0.36666666666666664 0.008333333333333333 0.0125 
4 0.5138020833333333 0.33125 0.0067708333333333336 0.0125 
4 0.69609375 0.3796875 0.011979166666666667 0.008333333333333333 
4 0.7153645833333333 0.3807291666666667 0.013020833333333334 0.005208333333333333 
4 0.7268229166666667 0.38177083333333334 0.013020833333333334 0.00625 
4 0.6716145833333333 0.33203125 0.0109375 0.013020833333333334 
4 0.6736979166666667 0.30572916666666666 0.016145833333333335 0.013541666666666667 
5 0.49713541666666666 0.2786458333333333 0.0067708333333333336 0.0125 
4 0.4981770833333333 0.24817708333333333 0.005729166666666666 0.0109375 
4 0.5010416666666667 0.2109375 0.007291666666666667 0.011458333333333333 
4 0.68125 0.54609375 0.011458333333333333 0.008854166666666666 
4 0.6729166666666667 0.5520833333333334 0.011458333333333333 0.011458333333333333 
4 0.6401041666666667 0.5223958333333333 0.0125 0.0125 
4 0.6510416666666666 0.5455729166666666 0.010416666666666666 0.0140625 
4 0.5158854166666667 0.884375 0.008854166666666666 0.0125 
4 0.5598958333333334 0.8447916666666667 0.007291666666666667 0.0125 
4 0.5677083333333334 0.84296875 0.00625 0.009895833333333333 
4 0.57578125 0.8752604166666667 0.011979166666666667 0.0067708333333333336 
4 0.6002604166666666 0.85703125 0.011979166666666667 0.005729166666666666 
4 0.7005208333333334 0.8802083333333334 0.013541666666666667 0.00625 
4 0.7848958333333333 0.89296875 0.011458333333333333 0.008854166666666666 
4 0.7130208333333333 0.8502604166666666 0.00625 0.013020833333333334 
4 0.49322916666666666 0.8408854166666667 0.00625 0.0109375 
4 0.7856770833333333 0.8291666666666667 0.013020833333333334 0.007291666666666667 
4 0.5934895833333333 0.88984375 0.0067708333333333336 0.013020833333333334 
4 0.6903645833333333 0.8908854166666667 0.005729166666666666 0.0109375 
4 0.6838541666666667 0.8921875 0.00625 0.011458333333333333 
4 0.5567708333333333 0.7106770833333333 0.015625 0.0067708333333333336 
5 0.71875 0.7174479166666666 0.015625 0.0078125 
4 0.7419270833333333 0.6861979166666666 0.008854166666666666 0.011979166666666667 
4 0.6614583333333334 0.6713541666666667 0.0125 0.011458333333333333 
4 0.6223958333333334 0.6838541666666667 0.007291666666666667 0.011458333333333333 
5 0.7872395833333333 0.7677083333333333 0.015104166666666667 0.010416666666666666 
4 0.6669270833333333 0.5669270833333333 0.008854166666666666 0.013020833333333334 
4 0.640625 0.54921875 0.011458333333333333 0.013020833333333334 
13 0.11666666666666667 0.08802083333333334 0.026041666666666668 0.029166666666666667 
