4 0.7104166666666667 0.9174479166666667 0.011458333333333333 0.013020833333333334 
4 0.06380208333333333 0.047135416666666666 0.011979166666666667 0.0067708333333333336 
4 0.11666666666666667 0.6859375 0.009375 0.0125 
13 0.14479166666666668 0.6234375 0.023958333333333335 0.020833333333333332 
4 0.08177083333333333 0.5830729166666667 0.008333333333333333 0.0109375 
4 0.1234375 0.5638020833333334 0.00625 0.011979166666666667 
4 0.12994791666666666 0.5622395833333333 0.0067708333333333336 0.0109375 
4 0.06328125 0.53359375 0.013020833333333334 0.0078125 
4 0.06354166666666666 0.5403645833333334 0.0125 0.0078125 
4 0.0765625 0.5416666666666666 0.013541666666666667 0.009375 
4 0.07708333333333334 0.5484375 0.015625 0.010416666666666666 
4 0.020052083333333335 0.56171875 0.0140625 0.008854166666666666 
5 0.018489583333333334 0.575 0.019270833333333334 0.014583333333333334 
4 0.2328125 0.6278645833333333 0.011458333333333333 0.011979166666666667 
4 0.2916666666666667 0.62109375 0.0125 0.013020833333333334 
4 0.28359375 0.63125 0.011979166666666667 0.011458333333333333 
4 0.05911458333333333 0.7041666666666667 0.0109375 0.011458333333333333 
4 0.13307291666666668 0.51875 0.009895833333333333 0.00625 
4 0.2765625 0.6565104166666667 0.007291666666666667 0.0109375 
4 0.25885416666666666 0.66015625 0.011458333333333333 0.011979166666666667 
4 0.2557291666666667 0.6744791666666666 0.011458333333333333 0.013541666666666667 
4 0.2484375 0.6895833333333333 0.007291666666666667 0.011458333333333333 
4 0.08307291666666666 0.7083333333333334 0.011979166666666667 0.009375 
4 0.050520833333333334 0.7463541666666667 0.0125 0.010416666666666666 
4 0.21901041666666668 0.8197916666666667 0.011979166666666667 0.0125 
4 0.14661458333333333 0.8520833333333333 0.009895833333333333 0.013541666666666667 
13 0.284375 0.9200520833333333 0.015625 0.021354166666666667 
4 0.18229166666666666 0.8984375 0.008333333333333333 0.011458333333333333 
4 0.1953125 0.94140625 0.00625 0.011979166666666667 
4 0.20260416666666667 0.9427083333333334 0.00625 0.011458333333333333 
4 0.23515625 0.9059895833333333 0.011979166666666667 0.0067708333333333336 
4 0.1203125 0.5190104166666667 0.013541666666666667 0.0067708333333333336 
4 0.15520833333333334 0.5184895833333333 0.0125 0.0067708333333333336 
4 0.23463541666666668 0.89609375 0.0109375 0.005729166666666666 
4 0.015625 0.36484375 0.0125 0.005729166666666666 
4 0.06171875 0.07213541666666666 0.0109375 0.005729166666666666 
4 -0.0015625 0.07265625 0.011458333333333333 0.005729166666666666 
4 0.1609375 0.23697916666666666 0.005208333333333333 0.010416666666666666 
4 0.14166666666666666 0.19713541666666667 0.008333333333333333 0.013020833333333334 
4 0.13489583333333333 0.19739583333333333 0.00625 0.011458333333333333 
4 0.0359375 0.20963541666666666 0.014583333333333334 0.0067708333333333336 
4 0.07708333333333334 0.19895833333333332 0.007291666666666667 0.013541666666666667 
4 0.0078125 0.22786458333333334 0.0125 0.005729166666666666 
4 0.002864583333333333 0.23411458333333332 0.0109375 0.011979166666666667 
4 0.12760416666666666 0.2265625 0.011458333333333333 0.00625 
4 0.0036458333333333334 0.3546875 0.005208333333333333 0.011458333333333333 
4 0.1015625 0.353125 0.00625 0.0125 
4 0.17604166666666668 0.5059895833333333 0.010416666666666666 0.011979166666666667 
4 0.11067708333333333 0.353125 0.0109375 0.011458333333333333 
4 0.13177083333333334 0.3528645833333333 0.00625 0.011979166666666667 
4 0.13958333333333334 0.3533854166666667 0.009375 0.011979166666666667 
4 0.15026041666666667 0.35260416666666666 0.013020833333333334 0.0125 
4 0.14557291666666666 0.36302083333333335 0.013020833333333334 0.007291666666666667 
4 0.18203125 0.38229166666666664 0.0109375 0.00625 
4 0.1703125 0.38177083333333334 0.011458333333333333 0.00625 
4 0.09244791666666667 0.38359375 0.011979166666666667 0.005729166666666666 
4 0.3536458333333333 0.69140625 0.011458333333333333 0.0109375 
4 0.17421875 0.74921875 0.008854166666666666 0.013020833333333334 
4 0.26197916666666665 0.5677083333333334 0.011458333333333333 0.011458333333333333 
4 0.11015625 0.5091145833333334 0.005729166666666666 0.011979166666666667 
4 0.23463541666666668 0.9138020833333333 0.013020833333333334 0.0078125 
4 0.228125 0.8877604166666667 0.011458333333333333 0.009895833333333333 
4 0.22473958333333333 0.8526041666666667 0.013020833333333334 0.010416666666666666 
5 0.21744791666666666 0.83515625 0.015104166666666667 0.009895833333333333 
4 0.19270833333333334 0.84453125 0.011458333333333333 0.009895833333333333 
4 0.028125 0.8864583333333333 0.00625 0.010416666666666666 
4 0.024479166666666666 0.9174479166666667 0.011458333333333333 0.0067708333333333336 
13 0.04114583333333333 0.15182291666666667 0.019791666666666666 0.0140625 
13 0.0 0.3078125 0.019791666666666666 0.014583333333333334 
13 0.020052083333333335 0.28567708333333336 0.022395833333333334 0.015104166666666667 
13 0.12317708333333334 0.15078125 0.025520833333333333 0.013020833333333334 
13 0.00703125 0.1515625 0.028645833333333332 0.014583333333333334 
13 0.3026041666666667 0.022916666666666665 0.016666666666666666 0.023958333333333335 
13 0.32473958333333336 0.0359375 0.0171875 0.023958333333333335 
13 0.10260416666666666 0.4427083333333333 0.027083333333333334 0.017708333333333333 
13 0.13515625 0.6018229166666667 0.022395833333333334 0.025520833333333333 
13 0.090625 0.6458333333333334 0.021875 0.017708333333333333 
13 0.07265625 0.63046875 0.027604166666666666 0.016145833333333335 
13 0.01796875 0.65703125 0.025520833333333333 0.025520833333333333 
13 -0.00026041666666666666 0.50859375 0.0265625 0.021354166666666667 
13 0.03203125 0.49895833333333334 0.019270833333333334 0.022916666666666665 
13 0.027604166666666666 0.4635416666666667 0.013541666666666667 0.026041666666666668 
13 0.2755208333333333 0.4708333333333333 0.022916666666666665 0.015625 
13 0.13828125 0.44192708333333336 0.025520833333333333 0.018229166666666668 
13 0.14453125 0.30182291666666666 0.0265625 0.011979166666666667 
13 0.8927083333333333 0.06380208333333333 0.017708333333333333 0.024479166666666666 
13 0.8669270833333333 0.05859375 0.024479166666666666 0.022395833333333334 
13 0.8270833333333333 0.08177083333333333 0.025 0.017708333333333333 
13 0.76640625 0.07838541666666667 0.021354166666666667 0.0140625 
13 0.73671875 0.06848958333333334 0.021354166666666667 0.0234375 
13 0.7671875 0.040364583333333336 0.028125 0.025520833333333333 
13 0.72421875 0.02890625 0.0203125 0.0234375 
13 0.69921875 0.05677083333333333 0.015104166666666667 0.017708333333333333 
13 0.6606770833333333 0.0859375 0.0296875 0.029166666666666667 
13 0.60078125 0.1953125 0.021354166666666667 0.03229166666666667 
13 0.91640625 0.22005208333333334 0.030729166666666665 0.0171875 
13 0.8265625 0.22161458333333334 0.025 0.022395833333333334 
13 0.775 0.22291666666666668 0.03125 0.020833333333333332 
13 0.70625 0.22161458333333334 0.034375 0.028645833333333332 
13 0.4625 0.2875 0.0125 0.011458333333333333 
13 0.21927083333333333 0.28619791666666666 0.020833333333333332 0.013020833333333334 
13 0.2109375 0.7515625 0.026041666666666668 0.026041666666666668 
13 0.3971354166666667 0.18359375 0.024479166666666666 0.025520833333333333 
13 0.34088541666666666 0.14817708333333332 0.027604166666666666 0.018229166666666668 
13 0.3072916666666667 0.15651041666666668 0.028125 0.024479166666666666 
13 0.2453125 0.14921875 0.023958333333333335 0.0265625 
13 0.34401041666666665 0.35703125 0.024479166666666666 0.0234375 
13 0.34322916666666664 0.33359375 0.03229166666666667 0.025520833333333333 
13 0.2981770833333333 0.30442708333333335 0.019270833333333334 0.0203125 
13 0.2828125 0.3182291666666667 0.028125 0.022916666666666665 
13 0.25338541666666664 0.30703125 0.0296875 0.0234375 
13 0.2630208333333333 0.29140625 0.022916666666666665 0.0171875 
13 0.42213541666666665 0.9190104166666667 0.043229166666666666 0.0359375 
13 0.28151041666666665 0.88125 0.015104166666666667 0.021875 
13 0.1296875 0.94296875 0.021875 0.0265625 
13 0.17213541666666668 0.7875 0.03177083333333333 0.027083333333333334 
13 0.42213541666666665 0.51015625 0.021354166666666667 0.027604166666666666 
13 0.14947916666666666 0.7752604166666667 0.027083333333333334 0.024479166666666666 
13 0.128125 0.80078125 0.027083333333333334 0.019270833333333334 
13 0.1234375 0.7828125 0.023958333333333335 0.025 
13 0.07630208333333334 0.8018229166666667 0.0265625 0.0203125 
13 0.09375 0.8145833333333333 0.030208333333333334 0.01875 
13 0.06380208333333333 0.8291666666666667 0.025520833333333333 0.021875 
13 0.5427083333333333 0.6348958333333333 0.034375 0.046875 
13 0.44244791666666666 0.49661458333333336 0.011979166666666667 0.018229166666666668 
13 0.4401041666666667 0.41848958333333336 0.015625 0.0265625 
13 0.5015625 0.019010416666666665 0.025 0.0265625 
13 0.5291666666666667 0.010416666666666666 0.025 0.027083333333333334 
13 0.4984375 0.07916666666666666 0.027083333333333334 0.036458333333333336 
13 0.5197916666666667 0.2265625 0.021875 0.027083333333333334 
13 0.4921875 0.26145833333333335 0.016666666666666666 0.026041666666666668 
13 0.44453125 0.3809895833333333 0.018229166666666668 0.028645833333333332 
4 0.13359375 0.07161458333333333 0.009895833333333333 0.0067708333333333336 
4 0.050520833333333334 0.048177083333333336 0.011458333333333333 0.005729166666666666 
4 0.85546875 0.70859375 0.008854166666666666 0.0140625 
4 0.03854166666666667 0.04869791666666667 0.011458333333333333 0.0067708333333333336 
4 0.8158854166666667 0.5528645833333333 0.009895833333333333 0.005729166666666666 
4 0.8145833333333333 0.5583333333333333 0.010416666666666666 0.005208333333333333 
4 0.8153645833333333 0.56328125 0.0109375 0.005729166666666666 
4 0.8143229166666667 0.56875 0.009895833333333333 0.00625 
4 0.8143229166666667 0.5739583333333333 0.009895833333333333 0.005208333333333333 
4 0.81484375 0.5794270833333334 0.009895833333333333 0.005729166666666666 
4 0.8135416666666667 0.58515625 0.010416666666666666 0.0067708333333333336 
4 0.8130208333333333 0.6002604166666666 0.011458333333333333 0.0067708333333333336 
4 0.86171875 0.65078125 0.011979166666666667 0.0067708333333333336 
4 0.8619791666666666 0.6393229166666666 0.011458333333333333 0.0067708333333333336 
4 0.9044270833333333 0.64609375 0.0109375 0.005729166666666666 
4 0.90546875 0.6348958333333333 0.011979166666666667 0.00625 
4 0.89140625 0.64609375 0.009895833333333333 0.005729166666666666 
4 0.8916666666666667 0.6401041666666667 0.010416666666666666 0.005208333333333333 
4 0.8919270833333334 0.6346354166666667 0.011979166666666667 0.0046875 
4 0.8916666666666667 0.6296875 0.010416666666666666 0.00625 
4 0.8916666666666667 0.6236979166666666 0.009375 0.005729166666666666 
4 0.9041666666666667 0.6135416666666667 0.010416666666666666 0.005208333333333333 
4 0.9046875 0.6080729166666666 0.0125 0.005729166666666666 
4 0.9026041666666667 0.6026041666666667 0.011458333333333333 0.004166666666666667 
4 0.903125 0.5979166666666667 0.011458333333333333 0.00625 
4 0.9041666666666667 0.5924479166666666 0.0125 0.0046875 
4 0.9036458333333334 0.5869791666666667 0.011458333333333333 0.005208333333333333 
4 0.8244791666666667 0.6065104166666667 0.009375 0.005729166666666666 
4 0.8533854166666667 0.6078125 0.011979166666666667 0.007291666666666667 
4 0.8536458333333333 0.5864583333333333 0.010416666666666666 0.00625 
4 0.8661458333333333 0.5846354166666666 0.011458333333333333 0.0067708333333333336 
4 0.8674479166666667 0.5747395833333333 0.011979166666666667 0.0067708333333333336 
4 0.8658854166666666 0.5651041666666666 0.0109375 0.007291666666666667 
4 0.8145833333333333 0.5481770833333334 0.011458333333333333 0.005729166666666666 
4 0.8140625 0.54140625 0.010416666666666666 0.005729166666666666 
4 0.8276041666666667 0.53046875 0.011458333333333333 0.005729166666666666 
4 0.9328125 0.4921875 0.004166666666666667 0.010416666666666666 
4 0.9317708333333333 0.5713541666666667 0.009375 0.005208333333333333 
4 0.9330729166666667 0.5661458333333333 0.008854166666666666 0.005208333333333333 
4 0.94375 0.5661458333333333 0.011458333333333333 0.00625 
4 0.9322916666666666 0.5606770833333333 0.009375 0.005729166666666666 
4 0.93203125 0.5557291666666667 0.009895833333333333 0.00625 
4 0.9322916666666666 0.55 0.010416666666666666 0.004166666666666667 
4 0.9328125 0.5442708333333334 0.010416666666666666 0.005208333333333333 
4 0.94453125 0.5455729166666666 0.009895833333333333 0.005729166666666666 
4 0.9450520833333333 0.5395833333333333 0.011979166666666667 0.004166666666666667 
4 0.9330729166666667 0.5390625 0.0109375 0.004166666666666667 
4 0.94609375 0.534375 0.009895833333333333 0.00625 
4 0.9338541666666667 0.5341145833333333 0.010416666666666666 0.005729166666666666 
4 0.9388020833333334 0.49192708333333335 0.005729166666666666 0.0109375 
4 0.6364583333333333 0.609375 0.009375 0.00625 
4 0.8276041666666667 0.53671875 0.009375 0.0046875 
4 0.7864583333333334 0.53046875 0.009375 0.0067708333333333336 
4 0.7856770833333333 0.5416666666666666 0.0109375 0.005208333333333333 
4 0.78671875 0.54921875 0.011979166666666667 0.005729166666666666 
4 0.8140625 0.6276041666666666 0.013541666666666667 0.007291666666666667 
4 0.8125 0.6166666666666667 0.013541666666666667 0.00625 
4 0.8263020833333333 0.5802083333333333 0.0109375 0.00625 
4 0.8265625 0.57421875 0.011458333333333333 0.0046875 
4 0.8255208333333334 0.5684895833333333 0.011458333333333333 0.0046875 
4 0.8260416666666667 0.5640625 0.010416666666666666 0.00625 
4 0.82578125 0.5588541666666667 0.0109375 0.005208333333333333 
4 0.8263020833333333 0.5533854166666666 0.011979166666666667 0.005729166666666666 
4 0.8263020833333333 0.5479166666666667 0.0109375 0.00625 
4 0.82734375 0.5427083333333333 0.011979166666666667 0.005208333333333333 
4 0.8536458333333333 0.5588541666666667 0.011458333333333333 0.007291666666666667 
4 0.8651041666666667 0.5546875 0.010416666666666666 0.005208333333333333 
4 0.8541666666666666 0.553125 0.010416666666666666 0.005208333333333333 
4 0.8950520833333333 0.5171875 0.008854166666666666 0.00625 
4 0.8919270833333334 0.5856770833333333 0.0109375 0.0067708333333333336 
4 0.9026041666666667 0.5822916666666667 0.009375 0.005208333333333333 
4 0.9041666666666667 0.5760416666666667 0.010416666666666666 0.005208333333333333 
4 0.8927083333333333 0.5752604166666667 0.010416666666666666 0.005729166666666666 
4 0.9041666666666667 0.5653645833333333 0.011458333333333333 0.005729166666666666 
4 0.90546875 0.5546875 0.009895833333333333 0.00625 
4 0.8934895833333333 0.5489583333333333 0.009895833333333333 0.00625 
4 0.9052083333333333 0.5442708333333334 0.010416666666666666 0.007291666666666667 
4 0.9052083333333333 0.5380208333333333 0.011458333333333333 0.00625 
4 0.8955729166666667 0.5322916666666667 0.011979166666666667 0.004166666666666667 
4 0.9065104166666667 0.52890625 0.0109375 0.005729166666666666 
4 0.9059895833333333 0.5236979166666667 0.0109375 0.0067708333333333336 
4 0.8940104166666667 0.5229166666666667 0.009895833333333333 0.005208333333333333 
4 0.90625 0.5182291666666666 0.010416666666666666 0.005208333333333333 
4 0.59921875 0.48802083333333335 0.0109375 0.005208333333333333 
4 0.90703125 0.51171875 0.009895833333333333 0.0067708333333333336 
4 0.8955729166666667 0.5130208333333334 0.0109375 0.00625 
4 0.89609375 0.5065104166666666 0.0109375 0.005729166666666666 
4 0.8953125 0.5013020833333334 0.010416666666666666 0.0046875 
4 0.8950520833333333 0.4953125 0.0109375 0.007291666666666667 
4 0.9052083333333333 0.4856770833333333 0.009375 0.008854166666666666 
4 0.9546875 0.49296875 0.005208333333333333 0.009895833333333333 
4 0.9486979166666667 0.49192708333333335 0.0067708333333333336 0.008854166666666666 
4 0.9578125 0.46380208333333334 0.00625 0.009895833333333333 
4 0.9466145833333334 0.4635416666666667 0.0078125 0.010416666666666666 
4 0.9421875 0.4635416666666667 0.005208333333333333 0.009375 
4 0.93671875 0.4640625 0.0067708333333333336 0.011458333333333333 
4 0.92578125 0.4635416666666667 0.005729166666666666 0.010416666666666666 
4 0.8783854166666667 0.5888020833333333 0.008854166666666666 0.013020833333333334 
4 0.640625 0.5044270833333333 0.010416666666666666 0.005729166666666666 
4 0.8533854166666667 0.5486979166666667 0.0109375 0.0067708333333333336 
4 0.8674479166666667 0.5 0.0109375 0.00625 
4 0.8651041666666667 0.5484375 0.009375 0.007291666666666667 
4 0.8661458333333333 0.5385416666666667 0.010416666666666666 0.005208333333333333 
4 0.8544270833333333 0.5375 0.008854166666666666 0.005208333333333333 
4 0.8541666666666666 0.53203125 0.009375 0.005729166666666666 
4 0.8653645833333333 0.5333333333333333 0.009895833333333333 0.00625 
4 0.8669270833333333 0.521875 0.011979166666666667 0.005208333333333333 
4 0.8557291666666667 0.521875 0.009375 0.005208333333333333 
4 0.85546875 0.515625 0.009895833333333333 0.00625 
4 0.8661458333333333 0.515625 0.009375 0.005208333333333333 
4 0.8661458333333333 0.5098958333333333 0.009375 0.005208333333333333 
4 0.85546875 0.51015625 0.008854166666666666 0.005729166666666666 
4 0.8552083333333333 0.5018229166666667 0.009375 0.005729166666666666 
4 0.8669270833333333 0.5052083333333334 0.009895833333333333 0.005208333333333333 
4 0.8671875 0.49166666666666664 0.011458333333333333 0.00625 
4 0.6375 0.5541666666666667 0.011458333333333333 0.00625 
4 0.8455729166666667 0.49270833333333336 0.011979166666666667 0.011458333333333333 
4 0.6682291666666667 0.8901041666666667 0.011458333333333333 0.00625 
4 0.6703125 0.8786458333333333 0.0125 0.00625 
4 0.696875 0.8786458333333333 0.011458333333333333 0.00625 
4 0.6986979166666667 0.8682291666666667 0.009895833333333333 0.005208333333333333 
4 0.6979166666666666 0.86328125 0.009375 0.005729166666666666 
4 0.63359375 0.7291666666666666 0.016145833333333335 0.008333333333333333 
4 0.7057291666666666 0.68671875 0.009375 0.005729166666666666 
4 0.7046875 0.6815104166666667 0.010416666666666666 0.005729166666666666 
4 0.6481770833333333 0.653125 0.011979166666666667 0.005208333333333333 
4 0.64921875 0.646875 0.011979166666666667 0.007291666666666667 
4 0.60625 0.6489583333333333 0.010416666666666666 0.005208333333333333 
4 0.6067708333333334 0.6419270833333334 0.010416666666666666 0.0067708333333333336 
4 0.9455729166666667 0.5716145833333334 0.008854166666666666 0.005729166666666666 
4 0.9432291666666667 0.5770833333333333 0.008333333333333333 0.005208333333333333 
4 0.9322916666666666 0.57734375 0.009375 0.0046875 
4 0.9205729166666666 0.8416666666666667 0.005729166666666666 0.010416666666666666 
4 0.8778645833333333 0.8278645833333333 0.005729166666666666 0.0109375 
4 0.8765625 0.8411458333333334 0.00625 0.009375 
4 0.8830729166666667 0.84140625 0.005729166666666666 0.0109375 
4 0.6682291666666667 0.9057291666666667 0.011458333333333333 0.00625 
4 0.7005208333333334 0.93828125 0.009375 0.011979166666666667 
4 0.8192708333333333 0.9296875 0.00625 0.0125 
4 0.90703125 0.8950520833333333 0.013020833333333334 0.005729166666666666 
4 0.8690104166666667 0.9005208333333333 0.0109375 0.005208333333333333 
4 0.86640625 0.8752604166666667 0.011979166666666667 0.005729166666666666 
4 0.8791666666666667 0.8752604166666667 0.011458333333333333 0.0067708333333333336 
4 0.8794270833333333 0.86953125 0.013020833333333334 0.0046875 
4 0.8723958333333334 0.8294270833333334 0.00625 0.0109375 
4 0.8932291666666666 0.8286458333333333 0.00625 0.010416666666666666 
4 0.9151041666666667 0.8419270833333333 0.00625 0.011979166666666667 
4 0.9205729166666666 0.8703125 0.0140625 0.008333333333333333 
4 0.9432291666666667 0.7908854166666667 0.00625 0.0109375 
4 0.9372395833333333 0.8033854166666666 0.005729166666666666 0.011979166666666667 
4 0.9263020833333333 0.8028645833333333 0.0078125 0.013020833333333334 
4 0.8890625 0.8010416666666667 0.007291666666666667 0.011458333333333333 
4 0.8833333333333333 0.8010416666666667 0.00625 0.011458333333333333 
4 0.8739583333333333 0.7989583333333333 0.00625 0.010416666666666666 
4 0.8666666666666667 0.8005208333333333 0.00625 0.011458333333333333 
4 0.89453125 0.7911458333333333 0.0067708333333333336 0.011458333333333333 
4 0.9390625 0.7627604166666667 0.007291666666666667 0.011979166666666667 
4 0.93359375 0.7541666666666667 0.005729166666666666 0.010416666666666666 
5 0.9130208333333333 0.7583333333333333 0.009375 0.016666666666666666 
4 0.9010416666666666 0.76171875 0.005208333333333333 0.011979166666666667 
4 0.8736979166666666 0.76328125 0.0078125 0.013020833333333334 
4 0.8833333333333333 0.8296875 0.00625 0.009375 
4 0.9200520833333333 0.8799479166666667 0.013020833333333334 0.0078125 
4 0.86953125 0.72265625 0.0067708333333333336 0.009895833333333333 
4 0.6377604166666667 0.5471354166666667 0.009895833333333333 0.005729166666666666 
4 0.64921875 0.0328125 0.0109375 0.011458333333333333 
4 0.6455729166666667 0.03697916666666667 0.009895833333333333 0.0125 
4 0.7143229166666667 0.1265625 0.0078125 0.011458333333333333 
4 0.6682291666666667 0.9234375 0.010416666666666666 0.00625 
4 0.6684895833333333 0.91640625 0.0109375 0.0067708333333333336 
4 0.39427083333333335 0.7033854166666667 0.0125 0.011979166666666667 
4 0.11458333333333333 0.34036458333333336 0.00625 0.011979166666666667 
4 0.37057291666666664 0.28229166666666666 0.013020833333333334 0.0125 
4 0.4591145833333333 0.09036458333333333 0.008854166666666666 0.011979166666666667 
4 0.13541666666666666 0.23802083333333332 0.005208333333333333 0.010416666666666666 
4 0.9205729166666666 0.8903645833333333 0.011979166666666667 0.0078125 
4 0.03984375 0.25807291666666665 0.005729166666666666 0.0109375 
4 0.058854166666666666 0.27395833333333336 0.004166666666666667 0.0125 
4 0.18802083333333333 0.48802083333333335 0.00625 0.011458333333333333 
4 0.7651041666666667 0.93828125 0.005208333333333333 0.008854166666666666 
4 0.7708333333333334 0.9270833333333334 0.005208333333333333 0.009375 
4 0.7658854166666667 0.9270833333333334 0.005729166666666666 0.011458333333333333 
4 0.8419270833333333 0.9828125 0.008854166666666666 0.0125 
4 0.9419270833333333 0.84296875 0.0067708333333333336 0.0109375 
4 0.9416666666666667 0.83125 0.007291666666666667 0.009375 
4 0.9078125 0.9015625 0.011458333333333333 0.00625 
4 0.9190104166666667 0.9010416666666666 0.0109375 0.00625 
4 0.8916666666666667 0.72265625 0.00625 0.009895833333333333 
4 0.8708333333333333 0.7096354166666666 0.00625 0.0109375 
4 0.9317708333333333 0.5822916666666667 0.008333333333333333 0.004166666666666667 
4 0.9408854166666667 0.6356770833333333 0.009895833333333333 0.0046875 
4 0.81015625 0.6658854166666667 0.011979166666666667 0.0078125 
4 0.8494791666666667 0.6763020833333333 0.010416666666666666 0.0067708333333333336 
4 0.86328125 0.6822916666666666 0.008854166666666666 0.005208333333333333 
4 0.86171875 0.6770833333333334 0.009895833333333333 0.00625 
4 0.8619791666666666 0.6716145833333333 0.010416666666666666 0.0046875 
4 0.8635416666666667 0.6661458333333333 0.0125 0.005208333333333333 
4 0.8622395833333333 0.6596354166666667 0.011979166666666667 0.005729166666666666 
4 0.8513020833333333 0.6549479166666666 0.009895833333333333 0.0067708333333333336 
4 0.9286458333333333 0.6515625 0.009375 0.00625 
4 0.93046875 0.6408854166666667 0.009895833333333333 0.0067708333333333336 
4 0.9427083333333334 0.6518229166666667 0.011458333333333333 0.0046875 
4 0.9416666666666667 0.646875 0.0125 0.005208333333333333 
4 0.9427083333333334 0.6419270833333334 0.0125 0.0067708333333333336 
4 0.9432291666666667 0.6309895833333333 0.011458333333333333 0.0067708333333333336 
4 0.890625 0.6666666666666666 0.009375 0.005208333333333333 
4 0.93125 0.6302083333333334 0.011458333333333333 0.00625 
4 0.9315104166666667 0.6255208333333333 0.0109375 0.005208333333333333 
4 0.9432291666666667 0.62578125 0.010416666666666666 0.0046875 
4 0.9432291666666667 0.61953125 0.010416666666666666 0.005729166666666666 
4 0.93125 0.61953125 0.010416666666666666 0.005729166666666666 
4 0.93046875 0.6140625 0.008854166666666666 0.005208333333333333 
4 0.9421875 0.6138020833333333 0.009375 0.005729166666666666 
4 0.93125 0.60390625 0.009375 0.005729166666666666 
4 0.9328125 0.5989583333333334 0.010416666666666666 0.005208333333333333 
4 0.9328125 0.5927083333333333 0.011458333333333333 0.00625 
4 0.9424479166666667 0.5989583333333334 0.009895833333333333 0.00625 
4 0.9453125 0.59296875 0.009375 0.005729166666666666 
4 0.9447916666666667 0.5875 0.0125 0.005208333333333333 
4 0.8911458333333333 0.6609375 0.009375 0.00625 
4 0.8908854166666667 0.671875 0.008854166666666666 0.005208333333333333 
4 0.8807291666666667 0.7091145833333333 0.00625 0.0109375 
4 0.9411458333333333 0.6791666666666667 0.010416666666666666 0.00625 
4 0.88671875 0.7096354166666666 0.005729166666666666 0.0109375 
4 0.8921875 0.7104166666666667 0.007291666666666667 0.011458333333333333 
4 0.90234375 0.709375 0.005729166666666666 0.011458333333333333 
4 0.9026041666666667 0.7231770833333333 0.005208333333333333 0.0109375 
4 0.9080729166666667 0.7114583333333333 0.005729166666666666 0.011458333333333333 
4 0.9184895833333333 0.7127604166666667 0.005729166666666666 0.0109375 
4 0.9239583333333333 0.71171875 0.005208333333333333 0.008854166666666666 
4 0.9231770833333334 0.7239583333333334 0.005729166666666666 0.009375 
4 0.934375 0.7140625 0.005208333333333333 0.011458333333333333 
4 0.9393229166666667 0.7239583333333334 0.0067708333333333336 0.009375 
4 0.9403645833333333 0.7125 0.0046875 0.010416666666666666 
4 0.9388020833333334 0.7 0.013020833333333334 0.008333333333333333 
4 0.9411458333333333 0.6841145833333333 0.011458333333333333 0.005729166666666666 
4 0.9411458333333333 0.6736979166666667 0.009375 0.0046875 
4 0.8903645833333333 0.6783854166666666 0.008854166666666666 0.005729166666666666 
4 0.9421875 0.66796875 0.011458333333333333 0.005729166666666666 
4 0.9401041666666666 0.6627604166666666 0.010416666666666666 0.0046875 
4 0.940625 0.6578125 0.011458333333333333 0.00625 
4 0.9296875 0.684375 0.009375 0.005208333333333333 
4 0.9291666666666667 0.6796875 0.009375 0.005208333333333333 
4 0.9302083333333333 0.6736979166666667 0.009375 0.005729166666666666 
4 0.93046875 0.6682291666666667 0.009895833333333333 0.005208333333333333 
4 0.9294270833333333 0.6627604166666666 0.0109375 0.005729166666666666 
4 0.9294270833333333 0.65703125 0.009895833333333333 0.005729166666666666 
4 0.9013020833333333 0.678125 0.008854166666666666 0.00625 
4 0.90078125 0.6731770833333334 0.008854166666666666 0.005729166666666666 
4 0.90078125 0.6677083333333333 0.008854166666666666 0.005208333333333333 
4 0.90234375 0.6619791666666667 0.009895833333333333 0.00625 
4 0.9197916666666667 0.46380208333333334 0.00625 0.011979166666666667 
4 0.9098958333333333 0.46171875 0.00625 0.009895833333333333 
4 0.9604166666666667 0.425 0.005208333333333333 0.010416666666666666 
4 0.44375 0.14192708333333334 0.015625 0.0140625 
4 0.5458333333333333 0.12552083333333333 0.013541666666666667 0.013541666666666667 
4 0.5635416666666667 0.0953125 0.0125 0.0125 
4 0.5408854166666667 0.06927083333333334 0.0109375 0.0125 
4 0.5549479166666667 0.0703125 0.013020833333333334 0.0125 
4 0.540625 0.08411458333333334 0.0125 0.013020833333333334 
4 0.41953125 0.09817708333333333 0.011979166666666667 0.011979166666666667 
4 0.44192708333333336 0.09947916666666666 0.011979166666666667 0.0125 
4 0.40208333333333335 0.07291666666666667 0.007291666666666667 0.010416666666666666 
4 0.4015625 0.043229166666666666 0.007291666666666667 0.011458333333333333 
4 0.19479166666666667 0.06953125 0.015625 0.008854166666666666 
4 0.33671875 0.09869791666666666 0.0109375 0.008854166666666666 
4 0.3692708333333333 0.12864583333333332 0.010416666666666666 0.011458333333333333 
4 0.490625 0.8596354166666667 0.009375 0.0078125 
4 0.4669270833333333 0.6338541666666667 0.0109375 0.009375 
7 0.5236979166666667 0.70625 0.0328125 0.052083333333333336 
4 0.4080729166666667 0.7393229166666667 0.011979166666666667 0.008854166666666666 
4 0.44817708333333334 0.7692708333333333 0.013020833333333334 0.008333333333333333 
4 0.52421875 0.9692708333333333 0.0046875 0.008333333333333333 
4 0.5583333333333333 0.8505208333333333 0.010416666666666666 0.008333333333333333 
4 0.5567708333333333 0.85703125 0.010416666666666666 0.008854166666666666 
4 0.553125 0.8677083333333333 0.010416666666666666 0.007291666666666667 
4 0.5513020833333333 0.871875 0.009895833333333333 0.007291666666666667 
4 0.5059895833333333 0.8260416666666667 0.008854166666666666 0.009375 
4 0.5005208333333333 0.8408854166666667 0.007291666666666667 0.008854166666666666 
4 0.4786458333333333 0.8359375 0.0125 0.009375 
4 0.48671875 0.8559895833333333 0.0109375 0.009895833333333333 
4 0.49635416666666665 0.8752604166666667 0.011458333333333333 0.009895833333333333 
4 0.36302083333333335 0.13880208333333333 0.009375 0.011979166666666667 
4 0.5450520833333333 0.9106770833333333 0.009895833333333333 0.0067708333333333336 
4 0.5231770833333333 0.94140625 0.0067708333333333336 0.008854166666666666 
4 0.5234375 0.9526041666666667 0.007291666666666667 0.010416666666666666 
4 0.225 0.19609375 0.007291666666666667 0.009895833333333333 
4 0.28020833333333334 0.19453125 0.007291666666666667 0.015104166666666667 
4 0.23984375 0.19505208333333332 0.005729166666666666 0.0109375 
4 0.29609375 0.21614583333333334 0.013020833333333334 0.009375 
4 0.36770833333333336 0.2559895833333333 0.0125 0.013020833333333334 
4 0.32890625 0.23046875 0.013020833333333334 0.009895833333333333 
4 0.4630208333333333 0.21953125 0.011458333333333333 0.009895833333333333 
4 0.46510416666666665 0.2140625 0.0125 0.011458333333333333 
4 0.4395833333333333 0.21927083333333333 0.0125 0.013541666666666667 
4 0.4161458333333333 0.13645833333333332 0.011458333333333333 0.0125 
4 0.46067708333333335 0.58515625 0.013020833333333334 0.009895833333333333 
4 0.16380208333333332 0.03619791666666667 0.005729166666666666 0.011979166666666667 
4 0.00234375 0.0390625 0.0067708333333333336 0.011458333333333333 
4 0.4231770833333333 0.6536458333333334 0.011979166666666667 0.010416666666666666 
4 0.34375 0.6018229166666667 0.011458333333333333 0.009895833333333333 
4 0.96015625 0.41380208333333335 0.005729166666666666 0.0109375 
4 0.8515625 0.004427083333333333 0.00625 0.009895833333333333 
4 0.7236979166666667 0.18098958333333334 0.0067708333333333336 0.0109375 
4 0.7145833333333333 0.17135416666666667 0.011458333333333333 0.009375 
4 0.7041666666666667 0.17760416666666667 0.011458333333333333 0.011458333333333333 
4 0.678125 0.17838541666666666 0.0125 0.013020833333333334 
4 0.66328125 0.18020833333333333 0.011979166666666667 0.011458333333333333 
4 0.7692708333333333 0.13255208333333332 0.008333333333333333 0.009895833333333333 
4 0.96640625 0.09817708333333333 0.008854166666666666 0.0109375 
4 0.8559895833333333 0.13020833333333334 0.005729166666666666 0.010416666666666666 
4 0.94375 0.07317708333333334 0.0125 0.009895833333333333 
4 0.6010416666666667 0.06041666666666667 0.010416666666666666 0.0125 
4 0.6330729166666667 0.03307291666666667 0.0140625 0.0140625 
4 0.6231770833333333 0.009375 0.0140625 0.014583333333333334 
4 0.8171875 0.1703125 0.00625 0.011458333333333333 
4 0.7309895833333333 0.17994791666666668 0.0078125 0.009895833333333333 
4 0.7018229166666666 0.20390625 0.0140625 0.0109375 
4 0.9104166666666667 0.44921875 0.00625 0.0109375 
4 0.9546875 0.42421875 0.00625 0.009895833333333333 
4 0.9541666666666667 0.41302083333333334 0.00625 0.010416666666666666 
4 0.9481770833333333 0.4127604166666667 0.0067708333333333336 0.008854166666666666 
4 0.9481770833333333 0.425 0.005729166666666666 0.011458333333333333 
4 0.9424479166666667 0.4236979166666667 0.005729166666666666 0.0109375 
4 0.95859375 0.45260416666666664 0.005729166666666666 0.009375 
4 0.95234375 0.45208333333333334 0.005729166666666666 0.010416666666666666 
4 0.9473958333333333 0.45234375 0.00625 0.009895833333333333 
4 0.9424479166666667 0.453125 0.0067708333333333336 0.011458333333333333 
4 0.9361979166666666 0.45286458333333335 0.005729166666666666 0.009895833333333333 
4 0.9309895833333334 0.453125 0.005729166666666666 0.010416666666666666 
4 0.92578125 0.453125 0.005729166666666666 0.010416666666666666 
4 0.9192708333333334 0.45208333333333334 0.00625 0.011458333333333333 
4 0.9598958333333333 0.3609375 0.011458333333333333 0.009375 
4 0.9065104166666667 0.28020833333333334 0.005729166666666666 0.010416666666666666 
4 0.9557291666666666 0.3651041666666667 0.010416666666666666 0.009375 
4 0.9526041666666667 0.3692708333333333 0.010416666666666666 0.010416666666666666 
4 0.9481770833333333 0.3729166666666667 0.009895833333333333 0.010416666666666666 
4 0.9450520833333333 0.3770833333333333 0.009895833333333333 0.010416666666666666 
4 0.9447916666666667 0.39609375 0.0125 0.0078125 
4 0.61484375 0.3671875 0.011979166666666667 0.00625 
4 0.6138020833333333 0.35520833333333335 0.0109375 0.00625 
4 0.6171875 0.33125 0.010416666666666666 0.00625 
4 0.9268229166666667 0.2989583333333333 0.0109375 0.011458333333333333 
4 0.9236979166666667 0.3020833333333333 0.011979166666666667 0.009375 
4 0.9200520833333333 0.30703125 0.009895833333333333 0.0109375 
4 0.9114583333333334 0.3138020833333333 0.010416666666666666 0.011979166666666667 
4 0.9041666666666667 0.3190104166666667 0.011458333333333333 0.013020833333333334 
4 0.31744791666666666 0.4395833333333333 0.0109375 0.013541666666666667 
4 0.43802083333333336 0.2552083333333333 0.013541666666666667 0.0125 
4 0.34375 0.26171875 0.010416666666666666 0.008854166666666666 
4 0.3580729166666667 0.2838541666666667 0.008854166666666666 0.010416666666666666 
4 0.3533854166666667 0.2791666666666667 0.013020833333333334 0.013541666666666667 
4 0.37604166666666666 0.30494791666666665 0.010416666666666666 0.013020833333333334 
4 0.27369791666666665 0.36796875 0.009895833333333333 0.013020833333333334 
4 0.25078125 0.36822916666666666 0.011979166666666667 0.009375 
4 0.5463541666666667 0.35208333333333336 0.0125 0.010416666666666666 
4 0.5309895833333333 0.41354166666666664 0.011979166666666667 0.008333333333333333 
4 0.5059895833333333 0.4125 0.011979166666666667 0.008333333333333333 
4 0.39140625 0.4276041666666667 0.0109375 0.007291666666666667 
4 0.38046875 0.41640625 0.009895833333333333 0.0109375 
