5 0.8466145833333333 0.0515625 0.0359375 0.035416666666666666 
5 0.8658854166666666 0.05260416666666667 0.034895833333333334 0.034375 
5 0.8841145833333334 0.0515625 0.0328125 0.034375 
5 0.9533854166666667 0.49296875 0.0421875 0.03802083333333333 
5 0.9078125 0.0546875 0.03125 0.036458333333333336 
5 0.9255208333333333 0.05416666666666667 0.03333333333333333 0.035416666666666666 
5 0.9450520833333333 0.0546875 0.0328125 0.036458333333333336 
5 0.8354166666666667 0.08802083333333334 0.0375 0.035416666666666666 
5 1.0138020833333334 0.22473958333333333 0.034895833333333334 0.033854166666666664 
5 0.91484375 0.31197916666666664 0.03697916666666667 0.03958333333333333 
5 0.93515625 0.3125 0.034895833333333334 0.0375 
5 0.9565104166666667 0.3145833333333333 0.0359375 0.0375 
5 0.97578125 0.31536458333333334 0.0359375 0.03802083333333333 
5 0.9984375 0.3171875 0.03229166666666667 0.03229166666666667 
5 0.8794270833333333 0.3484375 0.043229166666666666 0.03958333333333333 
5 0.859375 0.3484375 0.042708333333333334 0.041666666666666664 
5 0.8416666666666667 0.34427083333333336 0.036458333333333336 0.03333333333333333 
5 0.8197916666666667 0.3453125 0.03958333333333333 0.036458333333333336 
5 0.8671875 0.44635416666666666 0.040625 0.042708333333333334 
5 0.8880208333333334 0.44817708333333334 0.03958333333333333 0.044270833333333336 
5 0.9072916666666667 0.44765625 0.041666666666666664 0.04635416666666667 
5 0.928125 0.44869791666666664 0.040625 0.04635416666666667 
5 0.9484375 0.45 0.041666666666666664 0.04479166666666667 
5 0.9869791666666666 0.44921875 0.040625 0.044270833333333336 
5 0.8151041666666666 0.4822916666666667 0.046875 0.03958333333333333 
5 0.8526041666666667 0.48541666666666666 0.042708333333333334 0.041666666666666664 
5 0.87421875 0.48828125 0.044270833333333336 0.0390625 
5 0.9921875 0.22291666666666668 0.035416666666666666 0.03333333333333333 
5 0.97265625 0.22213541666666667 0.034895833333333334 0.0328125 
5 0.9528645833333333 0.22005208333333334 0.034895833333333334 0.033854166666666664 
5 0.8841145833333334 0.18385416666666668 0.034895833333333334 0.035416666666666666 
5 0.8520833333333333 0.09348958333333333 0.036458333333333336 0.0359375 
5 0.875 0.09166666666666666 0.0375 0.035416666666666666 
5 0.8966145833333333 0.09192708333333334 0.0359375 0.034895833333333334 
5 0.9182291666666667 0.09270833333333334 0.036458333333333336 0.03229166666666667 
5 0.9356770833333333 0.09609375 0.03697916666666667 0.033854166666666664 
5 0.95234375 0.09739583333333333 0.03697916666666667 0.035416666666666666 
5 0.9760416666666667 0.09973958333333334 0.0375 0.033854166666666664 
5 0.8635416666666667 0.18307291666666667 0.034375 0.0359375 
5 0.90390625 0.18463541666666666 0.034895833333333334 0.0359375 
5 0.9309895833333334 0.2203125 0.0328125 0.03333333333333333 
5 0.91953125 0.18177083333333333 0.034895833333333334 0.035416666666666666 
5 0.9635416666666666 0.18776041666666668 0.03333333333333333 0.034895833333333334 
5 0.9846354166666667 0.18854166666666666 0.0328125 0.034375 
5 1.00234375 0.1875 0.0328125 0.034375 
5 0.8307291666666666 0.21328125 0.0375 0.033854166666666664 
5 0.8484375 0.21770833333333334 0.036458333333333336 0.03333333333333333 
5 0.8890625 0.21953125 0.036458333333333336 0.0328125 
5 0.9138020833333333 0.21927083333333333 0.033854166666666664 0.03229166666666667 
5 0.89375 0.49244791666666665 0.04375 0.0390625 
5 0.9911458333333333 0.49505208333333334 0.04375 0.0390625 
5 0.7958333333333333 0.5994791666666667 0.04583333333333333 0.03958333333333333 
4 0.42734375 0.17109375 0.011979166666666667 0.021354166666666667 
5 0.64296875 0.440625 0.03697916666666667 0.03854166666666667 
5 0.8044270833333333 0.6114583333333333 0.043229166666666666 0.03958333333333333 
5 0.86484375 0.61484375 0.044270833333333336 0.04114583333333333 
5 0.9044270833333333 0.6182291666666667 0.0359375 0.03333333333333333 
5 0.8463541666666666 0.69921875 0.036458333333333336 0.0421875 
5 0.5416666666666666 0.4359375 0.036458333333333336 0.03333333333333333 
5 0.55703125 0.4434895833333333 0.043229166666666666 0.0421875 
5 0.60390625 0.4375 0.044270833333333336 0.041666666666666664 
5 0.6268229166666667 0.4390625 0.0390625 0.03958333333333333 
5 0.6596354166666667 0.4432291666666667 0.030729166666666665 0.029166666666666667 
