11 0.5657439446366782 0.5057316250842886 0.444636678200692 0.34389750505731626 
4 0.12240484429065744 0.47909642616318276 0.023356401384083045 0.022252191503708697 
4 0.8174740484429066 0.8776129467296021 0.029411764705882353 0.023600809170600135 
4 0.7309688581314879 0.6574511126095752 0.031141868512110725 0.022926500337154418 
5 0.6098615916955017 0.688806473364801 0.09342560553633218 0.026298044504383007 
4 0.5661764705882353 0.6773432231962239 0.025086505190311418 0.008766014834794335 
4 0.4796712802768166 0.6847606203641268 0.028546712802768166 0.011463250168577209 
4 0.7833044982698962 0.3745785569790964 0.012975778546712802 0.020903573836817263 
4 0.6881487889273357 0.29669588671611596 0.028546712802768166 0.012137559002022926 
4 0.6098615916955017 0.055967633175994604 0.0328719723183391 0.026972353337828724 
4 0.24524221453287198 0.8752528658125421 0.026816608996539794 0.02157788267026298 
4 0.19160899653979238 0.8064733648010789 0.026816608996539794 0.02157788267026298 
4 0.3806228373702422 0.7178017532029669 0.02768166089965398 0.022252191503708697 
4 0.328719723183391 0.4787592717464599 0.01384083044982699 0.02157788267026298 
4 0.09472318339100345 0.50708024275118 0.023356401384083045 0.018880647336480108 
4 0.8187716262975778 0.8378287255563048 0.03373702422145329 0.010114632501685773 
4 0.17301038062283736 0.4268374915711396 0.02422145328719723 0.020229265003371546 
4 0.1314878892733564 0.26500337154416725 0.02768166089965398 0.020229265003371546 
4 0.10899653979238755 0.24747134187457856 0.02768166089965398 0.022926500337154418 
4 0.08044982698961937 0.2289278489548213 0.02768166089965398 0.020903573836817263 
4 0.13581314878892733 0.2454484153742414 0.025951557093425604 0.018880647336480108 
4 0.24437716262975778 0.22285906945380984 0.026816608996539794 0.019554956169925825 
4 0.2093425605536332 0.19993256911665544 0.02768166089965398 0.020903573836817263 
4 0.18295847750865052 0.18138907619689817 0.026816608996539794 0.020229265003371546 
4 0.157439446366782 0.1665542818610924 0.02422145328719723 0.01753202966958867 
4 0.13884083044982698 0.15205664194200944 0.023356401384083045 0.01820633850303439 
4 0.11678200692041522 0.13722184760620365 0.02768166089965398 0.019554956169925825 
4 0.06747404844290658 0.12339851652056642 0.02422145328719723 0.01753202966958867 
4 0.8205017301038062 0.8540121375590021 0.03027681660899654 0.011463250168577209 
4 0.8205017301038062 0.8219824679703304 0.03200692041522491 0.012137559002022926 
4 0.06314878892733564 0.10418071476736346 0.0328719723183391 0.023600809170600135 
4 0.8823529411764706 0.8095077545515846 0.015570934256055362 0.023600809170600135 
4 0.8507785467128027 0.662508428860418 0.03373702422145329 0.026298044504383007 
5 0.7936851211072664 0.16992582602832096 0.03892733564013841 0.029669588671611596 
4 0.08217993079584775 0.45178691840863117 0.031141868512110725 0.022926500337154418 
4 0.3166089965397924 0.3813216453135536 0.029411764705882353 0.026298044504383007 
5 0.9455017301038062 0.21308159136884694 0.08650519031141868 0.05933917734322319 
4 0.9355536332179931 0.19487525286581253 0.025086505190311418 0.018880647336480108 
4 0.889273356401384 0.23465947403910992 0.01903114186851211 0.01753202966958867 
4 0.8166089965397924 0.4935940660822657 0.01384083044982699 0.024275118004045852 
4 0.8066608996539792 0.5276466621712744 0.018166089965397925 0.01820633850303439 
4 0.7984429065743944 0.5721510451786919 0.02249134948096886 0.023600809170600135 
4 0.8715397923875432 0.851652056641942 0.01643598615916955 0.018880647336480108 
4 0.8576989619377162 0.8007417397167903 0.01643598615916955 0.022252191503708697 
4 0.902681660899654 0.8162508428860418 0.012975778546712802 0.023600809170600135 
4 0.8166089965397924 0.8091706001348618 0.031141868512110725 0.01078894133513149 
4 0.9199826989619377 0.8236682400539447 0.018166089965397925 0.020903573836817263 
4 0.9480968858131488 0.7943358057990559 0.015570934256055362 0.02157788267026298 
4 0.9325259515570934 0.7879298718813217 0.01730103806228374 0.022252191503708697 
4 0.9134948096885813 0.7771409305461902 0.015570934256055362 0.023600809170600135 
4 0.8953287197231834 0.7653405259608901 0.015570934256055362 0.024275118004045852 
4 0.8788927335640139 0.7542144302090358 0.01384083044982699 0.022252191503708697 
4 0.8594290657439446 0.7434254888739042 0.012975778546712802 0.022252191503708697 
4 0.8412629757785467 0.7339851652056641 0.014705882352941176 0.026298044504383007 
4 0.8161764705882353 0.7403910991233985 0.026816608996539794 0.020229265003371546 
4 0.8148788927335641 0.7609575185434929 0.031141868512110725 0.016857720836142953 
4 0.8192041522491349 0.7764666217127444 0.0328719723183391 0.014160485502360081 
4 0.8187716262975778 0.7923128792987189 0.03373702422145329 0.012137559002022926 
4 0.09039792387543252 0.12137559002022927 0.026816608996539794 0.020229265003371546 
