5 0.21276041666666667 0.7614583333333333 0.0328125 0.034375 
5 0.2518229166666667 0.76171875 0.030729166666666665 0.034895833333333334 
5 0.2703125 0.76015625 0.030208333333333334 0.0328125 
5 0.31354166666666666 0.7661458333333333 0.03229166666666667 0.03333333333333333 
5 0.33515625 0.7677083333333333 0.0328125 0.03229166666666667 
5 0.3575520833333333 0.7703125 0.03177083333333333 0.035416666666666666 
5 0.37473958333333335 0.7690104166666667 0.0328125 0.0359375 
5 0.19505208333333332 0.79921875 0.0359375 0.0328125 
5 0.21744791666666666 0.79921875 0.034895833333333334 0.0328125 
5 0.24140625 0.7966145833333333 0.033854166666666664 0.0328125 
5 0.2557291666666667 0.8036458333333333 0.035416666666666666 0.034375 
5 0.28046875 0.8005208333333333 0.033854166666666664 0.03333333333333333 
5 0.30130208333333336 0.8 0.0359375 0.03333333333333333 
5 0.321875 0.7997395833333333 0.035416666666666666 0.033854166666666664 
5 0.33984375 0.8041666666666667 0.03802083333333333 0.03229166666666667 
5 0.35182291666666665 0.8127604166666667 0.0359375 0.03177083333333333 
5 0.3859375 0.8033854166666666 0.035416666666666666 0.0328125 
5 0.20494791666666667 0.8848958333333333 0.0359375 0.035416666666666666 
5 0.22421875 0.8859375 0.034895833333333334 0.034375 
5 0.24244791666666668 0.8848958333333333 0.0328125 0.034375 
5 0.23203125 0.7627604166666667 0.033854166666666664 0.034895833333333334 
5 0.30546875 0.67578125 0.03802083333333333 0.034895833333333334 
5 0.28203125 0.6765625 0.0359375 0.0375 
5 0.29348958333333336 0.54375 0.03802083333333333 0.036458333333333336 
5 0.3104166666666667 0.54921875 0.03854166666666667 0.0359375 
5 0.33098958333333334 0.5484375 0.03802083333333333 0.036458333333333336 
5 0.3528645833333333 0.54765625 0.03697916666666667 0.0359375 
5 0.3729166666666667 0.5489583333333333 0.036458333333333336 0.035416666666666666 
5 0.39453125 0.5505208333333333 0.03802083333333333 0.035416666666666666 
5 0.21666666666666667 0.6333333333333333 0.03333333333333333 0.036458333333333336 
5 0.234375 0.6294270833333333 0.034375 0.03697916666666667 
5 0.25286458333333334 0.6302083333333334 0.0359375 0.034375 
5 0.2755208333333333 0.6317708333333333 0.034375 0.034375 
5 0.29739583333333336 0.6364583333333333 0.03229166666666667 0.036458333333333336 
5 0.3190104166666667 0.6361979166666667 0.034895833333333334 0.0359375 
5 0.34036458333333336 0.6390625 0.033854166666666664 0.0375 
5 0.3609375 0.6408854166666667 0.034375 0.0359375 
5 0.3807291666666667 0.6411458333333333 0.034375 0.0375 
5 0.20208333333333334 0.6692708333333334 0.0375 0.036458333333333336 
5 0.22395833333333334 0.6716145833333333 0.0375 0.034895833333333334 
5 0.24166666666666667 0.67421875 0.036458333333333336 0.034895833333333334 
5 0.26666666666666666 0.6705729166666666 0.036458333333333336 0.034895833333333334 
5 0.26614583333333336 0.8880208333333334 0.03125 0.036458333333333336 
5 0.2838541666666667 0.8875 0.03333333333333333 0.035416666666666666 
5 0.3033854166666667 0.8880208333333334 0.0328125 0.036458333333333336 
5 0.19375 0.9213541666666667 0.0375 0.035416666666666666 
5 0.21041666666666667 0.9268229166666667 0.036458333333333336 0.0359375 
5 0.23333333333333334 0.925 0.0375 0.035416666666666666 
5 0.25494791666666666 0.9252604166666667 0.0359375 0.034895833333333334 
5 0.2765625 0.9260416666666667 0.036458333333333336 0.03229166666666667 
5 0.29401041666666666 0.9294270833333333 0.03697916666666667 0.033854166666666664 
5 0.3106770833333333 0.9307291666666667 0.03697916666666667 0.035416666666666666 
5 0.334375 0.9330729166666667 0.0375 0.033854166666666664 
5 0.26953125 0.546875 0.0390625 0.036458333333333336 
5 0.24713541666666666 0.5473958333333333 0.0390625 0.034375 
5 0.23125 0.5434895833333333 0.03854166666666667 0.034895833333333334 
5 0.06822916666666666 0.35911458333333335 0.035416666666666666 0.0359375 
5 0.13697916666666668 0.2703125 0.03854166666666667 0.035416666666666666 
5 0.1578125 0.2703125 0.03854166666666667 0.035416666666666666 
5 0.17578125 0.27447916666666666 0.0390625 0.036458333333333336 
5 0.21640625 0.27838541666666666 0.03802083333333333 0.0359375 
5 0.23776041666666667 0.2765625 0.03697916666666667 0.036458333333333336 
5 0.2747395833333333 0.2799479166666667 0.0390625 0.034895833333333334 
5 0.29973958333333334 0.278125 0.03802083333333333 0.034375 
5 0.31796875 0.2796875 0.034895833333333334 0.035416666666666666 
5 0.3390625 0.28098958333333335 0.0375 0.034895833333333334 
5 0.21510416666666668 0.23645833333333333 0.03229166666666667 0.03125 
5 0.23541666666666666 0.23802083333333332 0.03333333333333333 0.030208333333333334 
5 0.25442708333333336 0.23932291666666666 0.0328125 0.03177083333333333 
5 0.29140625 0.24635416666666668 0.033854166666666664 0.030208333333333334 
5 -0.01328125 0.35598958333333336 0.034895833333333334 0.03697916666666667 
5 0.007291666666666667 0.3567708333333333 0.03333333333333333 0.035416666666666666 
5 0.029166666666666667 0.35989583333333336 0.034375 0.034375 
5 0.11380208333333333 0.27109375 0.04010416666666667 0.034895833333333334 
5 0.09088541666666666 0.27265625 0.0390625 0.03802083333333333 
5 0.07734375 0.2674479166666667 0.034895833333333334 0.033854166666666664 
5 0.09348958333333333 0.23229166666666667 0.033854166666666664 0.03125 
5 -0.009375 0.22890625 0.035416666666666666 0.033854166666666664 
5 0.027864583333333335 0.23411458333333332 0.030729166666666665 0.030729166666666665 
5 0.04921875 0.23307291666666666 0.034895833333333334 0.0328125 
5 0.07265625 0.23098958333333333 0.033854166666666664 0.03177083333333333 
5 0.13151041666666666 0.23385416666666667 0.033854166666666664 0.03229166666666667 
5 0.05572916666666667 0.26848958333333334 0.036458333333333336 0.033854166666666664 
5 0.15078125 0.23671875 0.03177083333333333 0.0296875 
5 0.16901041666666666 0.2390625 0.0328125 0.029166666666666667 
5 -0.004427083333333333 0.26276041666666666 0.033854166666666664 0.03177083333333333 
5 0.017447916666666667 0.2638020833333333 0.0359375 0.0328125 
5 0.03671875 0.26640625 0.034895833333333334 0.0328125 
5 0.04791666666666667 0.35859375 0.034375 0.03697916666666667 
5 0.0875 0.359375 0.034375 0.036458333333333336 
5 0.21197916666666666 0.5401041666666667 0.0375 0.035416666666666666 
5 0.16119791666666666 0.4005208333333333 0.034895833333333334 0.0375 
5 0.18411458333333333 0.40390625 0.034895833333333334 0.0390625 
5 0.2015625 0.4002604166666667 0.03333333333333333 0.0390625 
5 0.22552083333333334 0.40572916666666664 0.034375 0.0375 
5 0.24453125 0.4046875 0.034895833333333334 0.0375 
5 0.26328125 0.4046875 0.034895833333333334 0.036458333333333336 
5 0.2830729166666667 0.4046875 0.033854166666666664 0.0375 
5 0.3067708333333333 0.4078125 0.034375 0.0375 
5 0.32421875 0.4088541666666667 0.033854166666666664 0.0375 
5 0.34348958333333335 0.4080729166666667 0.033854166666666664 0.0390625 
5 0.3658854166666667 0.41015625 0.034895833333333334 0.03697916666666667 
5 0.21979166666666666 0.5015625 0.0375 0.03854166666666667 
5 0.24453125 0.5067708333333333 0.033854166666666664 0.036458333333333336 
5 0.2635416666666667 0.50703125 0.035416666666666666 0.03697916666666667 
5 0.284375 0.5078125 0.03333333333333333 0.034375 
5 0.3033854166666667 0.50859375 0.034895833333333334 0.034895833333333334 
5 0.32317708333333334 0.5075520833333333 0.034895833333333334 0.0359375 
5 0.3645833333333333 0.51171875 0.034375 0.03697916666666667 
5 0.38385416666666666 0.50859375 0.034375 0.0359375 
5 0.3541666666666667 0.37265625 0.0375 0.03697916666666667 
5 0.33203125 0.3723958333333333 0.034895833333333334 0.03854166666666667 
5 0.31171875 0.37109375 0.0359375 0.034895833333333334 
5 0.08098958333333334 0.3963541666666667 0.033854166666666664 0.036458333333333336 
5 -0.0020833333333333333 0.39088541666666665 0.034375 0.03697916666666667 
5 0.01796875 0.3924479166666667 0.034895833333333334 0.0359375 
5 0.037760416666666664 0.3919270833333333 0.0359375 0.0359375 
5 0.05807291666666667 0.39401041666666664 0.034895833333333334 0.03802083333333333 
5 0.10078125 0.3971354166666667 0.033854166666666664 0.034895833333333334 
5 0.2713541666666667 0.3690104166666667 0.034375 0.03697916666666667 
5 0.11875 0.39479166666666665 0.034375 0.03854166666666667 
5 0.12942708333333333 0.36354166666666665 0.034895833333333334 0.0375 
5 0.14973958333333334 0.36328125 0.034895833333333334 0.03697916666666667 
5 0.1703125 0.36432291666666666 0.034375 0.0359375 
5 0.19114583333333332 0.3658854166666667 0.034375 0.03697916666666667 
5 0.2109375 0.3653645833333333 0.034375 0.0359375 
5 0.22890625 0.36614583333333334 0.034895833333333334 0.036458333333333336 
5 0.246875 0.3625 0.036458333333333336 0.035416666666666666 
5 0.7276041666666667 0.9078125 0.042708333333333334 0.04375 
5 0.7479166666666667 0.90859375 0.041666666666666664 0.0453125 
5 0.7682291666666666 0.9078125 0.04375 0.04479166666666667 
5 0.790625 0.9114583333333334 0.041666666666666664 0.042708333333333334 
5 0.5346354166666667 0.9408854166666667 0.04635416666666667 0.043229166666666666 
5 0.5932291666666667 0.94453125 0.04479166666666667 0.0390625 
5 0.61328125 0.9455729166666667 0.0421875 0.0390625 
5 0.6341145833333334 0.9463541666666667 0.044270833333333336 0.03854166666666667 
5 0.6541666666666667 0.9486979166666667 0.04583333333333333 0.0390625 
5 0.67578125 0.9484375 0.043229166666666666 0.03958333333333333 
5 0.69375 0.95 0.042708333333333334 0.0375 
5 0.7151041666666667 0.95 0.042708333333333334 0.03958333333333333 
5 0.7356770833333334 0.9505208333333334 0.0421875 0.03854166666666667 
5 0.75625 0.9518229166666666 0.04479166666666667 0.04010416666666667 
5 0.7768229166666667 0.9536458333333333 0.043229166666666666 0.03958333333333333 
5 0.7981770833333334 0.9552083333333333 0.043229166666666666 0.03958333333333333 
5 0.7052083333333333 0.90625 0.041666666666666664 0.04583333333333333 
5 0.6875 0.9072916666666667 0.042708333333333334 0.04479166666666667 
5 0.6697916666666667 0.9072916666666667 0.03854166666666667 0.04375 
5 0.7403645833333333 0.6536458333333334 0.0421875 0.042708333333333334 
5 0.6927083333333334 0.5671875 0.04375 0.03958333333333333 
5 0.7140625 0.5677083333333334 0.042708333333333334 0.041666666666666664 
5 0.73203125 0.56953125 0.043229166666666666 0.0421875 
5 0.7541666666666667 0.5690104166666666 0.042708333333333334 0.0390625 
5 0.7473958333333334 0.5268229166666667 0.041666666666666664 0.0421875 
5 0.76640625 0.5270833333333333 0.03697916666666667 0.04375 
5 0.7864583333333334 0.528125 0.041666666666666664 0.042708333333333334 
5 0.8080729166666667 0.5286458333333334 0.0390625 0.04375 
5 0.77265625 0.5708333333333333 0.044270833333333336 0.03958333333333333 
5 0.7932291666666667 0.57109375 0.042708333333333334 0.0390625 
5 0.8145833333333333 0.5731770833333333 0.04375 0.03802083333333333 
5 0.5578125 0.6442708333333333 0.040625 0.042708333333333334 
5 0.5776041666666667 0.64453125 0.040625 0.044270833333333336 
5 0.5984375 0.6479166666666667 0.04375 0.04375 
5 0.6197916666666666 0.6486979166666667 0.040625 0.0421875 
5 0.6385416666666667 0.6486979166666667 0.03854166666666667 0.044270833333333336 
5 0.6588541666666666 0.6489583333333333 0.03958333333333333 0.041666666666666664 
5 0.6799479166666667 0.6510416666666666 0.04010416666666667 0.042708333333333334 
5 0.6994791666666667 0.6513020833333333 0.040625 0.0421875 
5 0.6729166666666667 0.5677083333333334 0.04375 0.040625 
5 0.6502604166666667 0.5682291666666667 0.0421875 0.042708333333333334 
5 0.6333333333333333 0.5625 0.04375 0.03958333333333333 
5 0.5893229166666667 0.5658854166666667 0.044270833333333336 0.04010416666666667 
5 0.54453125 0.5177083333333333 0.04114583333333333 0.042708333333333334 
5 0.5606770833333333 0.5153645833333333 0.04114583333333333 0.043229166666666666 
5 0.5864583333333333 0.5216145833333333 0.040625 0.0453125 
5 0.6041666666666666 0.51953125 0.040625 0.044270833333333336 
5 0.646875 0.5239583333333333 0.042708333333333334 0.04375 
5 0.66640625 0.5239583333333333 0.03802083333333333 0.04375 
5 0.5489583333333333 0.5609375 0.04479166666666667 0.041666666666666664 
5 0.5690104166666666 0.5643229166666667 0.044270833333333336 0.04010416666666667 
5 0.71953125 0.6520833333333333 0.04114583333333333 0.041666666666666664 
5 0.7598958333333333 0.6533854166666667 0.041666666666666664 0.043229166666666666 
5 0.6489583333333333 0.90625 0.0375 0.04479166666666667 
5 0.8015625 0.65625 0.03854166666666667 0.042708333333333334 
5 0.7755208333333333 0.7830729166666667 0.03958333333333333 0.044270833333333336 
5 0.7950520833333333 0.7822916666666667 0.03802083333333333 0.042708333333333334 
5 0.5575520833333333 0.8158854166666667 0.043229166666666666 0.04010416666666667 
5 0.5770833333333333 0.81875 0.042708333333333334 0.03958333333333333 
5 0.5989583333333334 0.8184895833333333 0.04583333333333333 0.04010416666666667 
5 0.6169270833333333 0.8213541666666667 0.044270833333333336 0.03854166666666667 
5 0.6611979166666667 0.8213541666666667 0.0421875 0.03854166666666667 
5 0.6830729166666667 0.8190104166666666 0.0421875 0.03802083333333333 
5 0.7002604166666667 0.82421875 0.044270833333333336 0.0390625 
5 0.7203125 0.8239583333333333 0.04479166666666667 0.03958333333333333 
5 0.74140625 0.82578125 0.0421875 0.0421875 
5 0.7604166666666666 0.8276041666666667 0.04479166666666667 0.040625 
5 0.78046875 0.8299479166666667 0.044270833333333336 0.0390625 
5 0.80234375 0.8307291666666666 0.043229166666666666 0.040625 
5 0.5268229166666667 0.8984375 0.0421875 0.04479166666666667 
5 0.5484375 0.9013020833333333 0.041666666666666664 0.0453125 
5 0.5669270833333333 0.9013020833333333 0.04114583333333333 0.04635416666666667 
5 0.5872395833333334 0.89921875 0.04114583333333333 0.043229166666666666 
5 0.6283854166666667 0.9041666666666667 0.0421875 0.04583333333333333 
5 0.7526041666666666 0.77734375 0.03854166666666667 0.0453125 
5 0.73125 0.7778645833333333 0.03854166666666667 0.044270833333333336 
5 0.6955729166666667 0.7791666666666667 0.04114583333333333 0.04375 
5 0.7700520833333333 0.6950520833333333 0.043229166666666666 0.04010416666666667 
5 0.57734375 0.6958333333333333 0.0421875 0.03958333333333333 
5 0.6075520833333333 0.6890625 0.04635416666666667 0.03958333333333333 
5 0.6252604166666667 0.6916666666666667 0.0421875 0.03854166666666667 
5 0.6473958333333333 0.69296875 0.042708333333333334 0.04114583333333333 
5 0.6669270833333333 0.6950520833333333 0.044270833333333336 0.04114583333333333 
5 0.6872395833333333 0.6950520833333333 0.0421875 0.04114583333333333 
5 0.7080729166666667 0.6950520833333333 0.044270833333333336 0.04010416666666667 
5 0.7291666666666666 0.696875 0.04375 0.03958333333333333 
5 0.7864583333333334 0.7010416666666667 0.04479166666666667 0.03854166666666667 
5 0.6736979166666667 0.77734375 0.044270833333333336 0.043229166666666666 
5 0.8065104166666667 0.7033854166666667 0.044270833333333336 0.04010416666666667 
5 0.5309895833333333 0.76953125 0.04114583333333333 0.044270833333333336 
5 0.5494791666666666 0.76796875 0.040625 0.044270833333333336 
5 0.56953125 0.7700520833333333 0.04114583333333333 0.044270833333333336 
5 0.5942708333333333 0.7768229166666667 0.042708333333333334 0.043229166666666666 
5 0.6125 0.775 0.041666666666666664 0.04479166666666667 
5 0.6333333333333333 0.7752604166666667 0.041666666666666664 0.0421875 
5 0.6541666666666667 0.7768229166666667 0.03958333333333333 0.043229166666666666 
