4 0.8658854166666666 0.459375 0.011979166666666667 0.008333333333333333 
13 0.79765625 0.1046875 0.0296875 0.029166666666666667 
4 0.1765625 0.17369791666666667 0.011458333333333333 0.009895833333333333 
4 0.18697916666666667 0.16796875 0.011458333333333333 0.008854166666666666 
4 0.17369791666666667 0.15989583333333332 0.0078125 0.010416666666666666 
4 0.17864583333333334 0.15729166666666666 0.008333333333333333 0.010416666666666666 
4 0.18385416666666668 0.15416666666666667 0.009375 0.0125 
4 0.19401041666666666 0.15494791666666666 0.0067708333333333336 0.009895833333333333 
4 0.20130208333333333 0.15546875 0.0067708333333333336 0.009895833333333333 
4 0.21171875 0.16666666666666666 0.0109375 0.008333333333333333 
4 0.23697916666666666 0.16041666666666668 0.00625 0.011458333333333333 
4 0.2609375 0.19817708333333334 0.0125 0.0078125 
4 0.40989583333333335 0.07578125 0.011458333333333333 0.005729166666666666 
4 0.16640625 0.25104166666666666 0.0067708333333333336 0.013541666666666667 
4 0.3690104166666667 0.16510416666666666 0.0078125 0.011458333333333333 
4 0.4390625 0.16979166666666667 0.008333333333333333 0.013541666666666667 
4 0.3385416666666667 0.153125 0.007291666666666667 0.011458333333333333 
4 0.28828125 0.19817708333333334 0.0171875 0.0078125 
4 0.30859375 0.20026041666666666 0.011979166666666667 0.0078125 
4 0.34322916666666664 0.196875 0.014583333333333334 0.007291666666666667 
4 0.36640625 0.20364583333333333 0.011979166666666667 0.00625 
4 0.39401041666666664 0.20390625 0.0140625 0.008854166666666666 
4 0.44140625 0.21848958333333332 0.008854166666666666 0.0140625 
4 0.07786458333333333 0.28671875 0.008854166666666666 0.013020833333333334 
4 0.04114583333333333 0.27265625 0.00625 0.0109375 
4 0.15416666666666667 0.23697916666666666 0.010416666666666666 0.00625 
13 0.9002604166666667 0.54140625 0.019270833333333334 0.03177083333333333 
13 0.9666666666666667 0.5971354166666667 0.014583333333333334 0.033854166666666664 
13 0.89296875 0.7372395833333333 0.021354166666666667 0.030729166666666665 
13 0.8877604166666667 0.8481770833333333 0.015104166666666667 0.024479166666666666 
13 0.88828125 0.81171875 0.011979166666666667 0.009895833333333333 
13 0.8703125 0.9833333333333333 0.014583333333333334 0.022916666666666665 
13 0.9565104166666667 0.928125 0.025520833333333333 0.030208333333333334 
13 0.975 0.9122395833333333 0.015625 0.016145833333333335 
13 0.9580729166666667 0.7575520833333333 0.015104166666666667 0.034895833333333334 
13 0.9609375 0.7122395833333334 0.015625 0.0265625 
13 0.9625 0.6778645833333333 0.014583333333333334 0.0265625 
13 0.9661458333333334 0.6390625 0.015625 0.026041666666666668 
13 0.9682291666666667 0.56171875 0.014583333333333334 0.025520833333333333 
4 0.16302083333333334 0.19583333333333333 0.008333333333333333 0.011458333333333333 
13 0.9703125 0.48984375 0.0125 0.022395833333333334 
4 0.047135416666666666 0.06276041666666667 0.011979166666666667 0.0109375 
4 0.12526041666666668 0.0609375 0.008854166666666666 0.005208333333333333 
4 0.14244791666666667 0.06041666666666667 0.011979166666666667 0.007291666666666667 
4 0.11328125 0.06901041666666667 0.0109375 0.005729166666666666 
4 0.11380208333333333 0.062239583333333334 0.009895833333333333 0.005729166666666666 
4 0.08619791666666667 0.1359375 0.0067708333333333336 0.011458333333333333 
4 0.07734375 0.1671875 0.0078125 0.0125 
4 0.06875 0.18411458333333333 0.00625 0.013020833333333334 
4 0.15416666666666667 0.178125 0.011458333333333333 0.00625 
4 0.07213541666666666 0.2677083333333333 0.0078125 0.0125 
4 0.06197916666666667 0.3234375 0.007291666666666667 0.013541666666666667 
4 0.03984375 0.39453125 0.0078125 0.013020833333333334 
4 0.13984375 0.559375 0.011979166666666667 0.007291666666666667 
4 0.2994791666666667 0.5778645833333333 0.0125 0.008854166666666666 
4 0.18359375 0.5856770833333333 0.011979166666666667 0.0067708333333333336 
4 0.17682291666666666 0.5588541666666667 0.009895833333333333 0.013541666666666667 
4 0.14973958333333334 0.5984375 0.0067708333333333336 0.010416666666666666 
4 0.15286458333333333 0.5354166666666667 0.0078125 0.0125 
4 0.12916666666666668 0.53671875 0.011458333333333333 0.008854166666666666 
4 0.12708333333333333 0.54375 0.013541666666666667 0.007291666666666667 
4 0.13958333333333334 0.5447916666666667 0.010416666666666666 0.007291666666666667 
4 0.12734375 0.55 0.011979166666666667 0.00625 
4 0.13854166666666667 0.55078125 0.011458333333333333 0.005729166666666666 
4 0.13984375 0.56484375 0.0109375 0.005729166666666666 
4 0.29713541666666665 0.49270833333333336 0.013020833333333334 0.00625 
4 0.13958333333333334 0.5703125 0.0125 0.005208333333333333 
4 0.13645833333333332 0.609375 0.009375 0.005208333333333333 
4 0.13723958333333333 0.6158854166666666 0.013020833333333334 0.0067708333333333336 
4 0.20104166666666667 0.51484375 0.009375 0.011979166666666667 
4 0.14791666666666667 0.6252604166666667 0.007291666666666667 0.0140625 
4 0.31484375 0.6036458333333333 0.0078125 0.0125 
4 0.13723958333333333 0.6479166666666667 0.011979166666666667 0.007291666666666667 
4 0.13697916666666668 0.6559895833333333 0.011458333333333333 0.008854166666666666 
4 0.14661458333333333 0.6747395833333333 0.0078125 0.013020833333333334 
4 0.13307291666666668 0.6859375 0.011979166666666667 0.007291666666666667 
4 0.34088541666666666 0.59453125 0.0140625 0.0109375 
4 0.3536458333333333 0.5177083333333333 0.010416666666666666 0.00625 
4 0.3546875 0.53046875 0.013541666666666667 0.0067708333333333336 
4 0.31197916666666664 0.56796875 0.009375 0.011979166666666667 
4 0.32265625 0.515625 0.0078125 0.0125 
4 0.3015625 0.5294270833333333 0.011458333333333333 0.0078125 
4 0.18359375 0.4317708333333333 0.0067708333333333336 0.011458333333333333 
4 0.14661458333333333 0.42994791666666665 0.011979166666666667 0.0078125 
4 0.14609375 0.4359375 0.0109375 0.00625 
5 0.14427083333333332 0.44166666666666665 0.014583333333333334 0.007291666666666667 
4 0.14505208333333333 0.45208333333333334 0.0140625 0.008333333333333333 
4 0.14557291666666666 0.45989583333333334 0.015104166666666667 0.007291666666666667 
4 0.027604166666666666 0.52890625 0.007291666666666667 0.009895833333333333 
4 0.48333333333333334 0.4122395833333333 0.014583333333333334 0.008854166666666666 
4 0.4864583333333333 0.5356770833333333 0.008333333333333333 0.0140625 
4 0.48203125 0.5598958333333334 0.0109375 0.0125 
4 0.4765625 0.5697916666666667 0.011458333333333333 0.0125 
4 0.47369791666666666 0.58515625 0.0109375 0.0109375 
4 0.46380208333333334 0.58828125 0.0109375 0.008854166666666666 
4 0.4630208333333333 0.5828125 0.011458333333333333 0.00625 
4 0.4627604166666667 0.57734375 0.013020833333333334 0.0067708333333333336 
4 0.3640625 0.55859375 0.015625 0.013020833333333334 
4 0.3411458333333333 0.5453125 0.00625 0.011458333333333333 
4 0.30859375 0.540625 0.013020833333333334 0.00625 
4 0.31692708333333336 0.5583333333333333 0.0109375 0.0125 
13 0.9002604166666667 0.5786458333333333 0.015104166666666667 0.022916666666666665 
13 0.9078125 0.46484375 0.01875 0.034895833333333334 
4 0.13359375 0.7135416666666666 0.0140625 0.00625 
13 0.24036458333333333 0.5591145833333333 0.0140625 0.025520833333333333 
13 0.23645833333333333 0.69765625 0.013541666666666667 0.0296875 
13 0.26848958333333334 0.6713541666666667 0.024479166666666666 0.017708333333333333 
13 0.34739583333333335 0.6752604166666667 0.014583333333333334 0.019270833333333334 
13 0.37213541666666666 0.6755208333333333 0.025520833333333333 0.014583333333333334 
13 0.37447916666666664 0.6575520833333334 0.027083333333333334 0.018229166666666668 
13 0.41796875 0.6736979166666667 0.0203125 0.016145833333333335 
13 0.421875 0.61484375 0.017708333333333333 0.027604166666666666 
13 0.25703125 0.6104166666666667 0.018229166666666668 0.034375 
13 0.23645833333333333 0.6231770833333333 0.0125 0.0234375 
13 0.24010416666666667 0.5880208333333333 0.013541666666666667 0.021875 
13 0.2375 0.5286458333333334 0.014583333333333334 0.013541666666666667 
13 0.5984375 0.8502604166666666 0.025 0.015104166666666667 
13 0.2578125 0.5510416666666667 0.011458333333333333 0.023958333333333335 
13 0.26015625 0.50546875 0.013020833333333334 0.0234375 
13 0.42630208333333336 0.5088541666666667 0.0140625 0.026041666666666668 
13 0.40520833333333334 0.5018229166666667 0.016666666666666666 0.0109375 
13 0.42552083333333335 0.47239583333333335 0.013541666666666667 0.026041666666666668 
13 0.4083333333333333 0.471875 0.013541666666666667 0.023958333333333335 
13 0.41041666666666665 0.44114583333333335 0.017708333333333333 0.030208333333333334 
13 0.43125 0.39088541666666665 0.016666666666666666 0.0296875 
13 0.25052083333333336 0.3692708333333333 0.013541666666666667 0.027083333333333334 
13 0.24895833333333334 0.4075520833333333 0.0125 0.030729166666666665 
13 0.6739583333333333 0.8505208333333333 0.023958333333333335 0.026041666666666668 
13 0.56328125 0.8447916666666667 0.019270833333333334 0.019791666666666666 
13 0.9033854166666667 0.4166666666666667 0.018229166666666668 0.027083333333333334 
13 0.06822916666666666 0.8658854166666666 0.015625 0.028645833333333332 
13 0.18723958333333332 0.11328125 0.024479166666666666 0.028645833333333332 
13 0.10026041666666667 0.2484375 0.0140625 0.028125 
13 0.09869791666666666 0.27838541666666666 0.009895833333333333 0.024479166666666666 
13 0.0953125 0.39036458333333335 0.0125 0.0234375 
13 0.09270833333333334 0.4234375 0.014583333333333334 0.03333333333333333 
13 0.08854166666666667 0.5005208333333333 0.014583333333333334 0.022916666666666665 
13 0.08307291666666666 0.6403645833333333 0.0140625 0.0296875 
13 0.08098958333333334 0.6807291666666667 0.0109375 0.022916666666666665 
13 0.07604166666666666 0.7916666666666666 0.017708333333333333 0.028125 
13 0.07604166666666666 0.8247395833333333 0.022916666666666665 0.0265625 
13 0.19791666666666666 0.8140625 0.029166666666666667 0.016666666666666666 
13 0.5591145833333333 0.821875 0.028645833333333332 0.017708333333333333 
13 0.23411458333333332 0.8153645833333333 0.027604166666666666 0.0109375 
13 0.27369791666666665 0.8177083333333334 0.0234375 0.013541666666666667 
13 0.30234375 0.8169270833333333 0.0265625 0.015104166666666667 
13 0.33828125 0.82109375 0.0234375 0.0171875 
13 0.2947916666666667 0.8361979166666667 0.016666666666666666 0.016145833333333335 
13 0.3776041666666667 0.8375 0.022916666666666665 0.015625 
13 0.45677083333333335 0.8419270833333333 0.028125 0.018229166666666668 
13 0.484375 0.8447916666666667 0.019791666666666666 0.013541666666666667 
13 0.45703125 0.82421875 0.016145833333333335 0.015104166666666667 
13 0.5268229166666667 0.8479166666666667 0.022395833333333334 0.021875 
13 0.26979166666666665 0.40729166666666666 0.008333333333333333 0.020833333333333332 
13 0.26953125 0.34713541666666664 0.0140625 0.025520833333333333 
13 0.2890625 0.26223958333333336 0.023958333333333335 0.0171875 
13 0.4713541666666667 0.12239583333333333 0.027083333333333334 0.014583333333333334 
13 0.7489583333333333 0.6239583333333333 0.015625 0.027083333333333334 
13 0.7479166666666667 0.5921875 0.013541666666666667 0.025 
13 0.7526041666666666 0.553125 0.013541666666666667 0.028125 
13 0.73359375 0.5380208333333333 0.0171875 0.021875 
13 0.7372395833333333 0.4869791666666667 0.015104166666666667 0.025 
13 0.7549479166666667 0.4752604166666667 0.015104166666666667 0.021354166666666667 
13 0.75625 0.4484375 0.011458333333333333 0.027083333333333334 
13 0.74375 0.4244791666666667 0.028125 0.027083333333333334 
13 0.7770833333333333 0.38958333333333334 0.026041666666666668 0.023958333333333335 
13 0.43671875 0.11822916666666666 0.028645833333333332 0.015625 
13 0.51328125 0.12265625 0.022395833333333334 0.0140625 
13 0.25442708333333336 0.23385416666666667 0.015104166666666667 0.021875 
13 0.5494791666666666 0.12421875 0.026041666666666668 0.016145833333333335 
13 0.6229166666666667 0.12734375 0.029166666666666667 0.0171875 
13 0.6651041666666667 0.14244791666666667 0.034375 0.018229166666666668 
13 0.7700520833333333 0.2015625 0.024479166666666666 0.026041666666666668 
13 0.8005208333333333 0.13229166666666667 0.027083333333333334 0.027083333333333334 
13 0.7638020833333333 0.11614583333333334 0.0296875 0.026041666666666668 
13 0.8375 0.10260416666666666 0.021875 0.027083333333333334 
13 0.81171875 0.25 0.0203125 0.025 
13 0.8572916666666667 0.3026041666666667 0.03125 0.03229166666666667 
13 0.8799479166666667 0.34348958333333335 0.027604166666666666 0.03697916666666667 
13 0.7447916666666666 0.6645833333333333 0.014583333333333334 0.025 
13 0.7731770833333333 0.6903645833333333 0.027604166666666666 0.0171875 
13 0.7401041666666667 0.6875 0.028125 0.015625 
13 0.73359375 0.8815104166666666 0.013020833333333334 0.028645833333333332 
13 0.315625 0.2625 0.021875 0.022916666666666665 
13 0.403125 0.26588541666666665 0.028125 0.022395833333333334 
13 0.3997395833333333 0.2869791666666667 0.030729166666666665 0.0125 
13 0.43203125 0.2875 0.0296875 0.017708333333333333 
13 0.46875 0.2713541666666667 0.019791666666666666 0.014583333333333334 
13 0.5494791666666666 0.27630208333333334 0.025 0.013020833333333334 
13 0.5846354166666666 0.27786458333333336 0.025520833333333333 0.019270833333333334 
13 0.603125 0.3684895833333333 0.015625 0.024479166666666666 
13 0.5963541666666666 0.4049479166666667 0.019791666666666666 0.028645833333333332 
13 0.5770833333333333 0.4473958333333333 0.013541666666666667 0.025 
13 0.57421875 0.49375 0.015104166666666667 0.028125 
13 0.5901041666666667 0.4921875 0.0125 0.026041666666666668 
13 0.5708333333333333 0.521875 0.016666666666666666 0.025 
13 0.5692708333333333 0.559375 0.017708333333333333 0.029166666666666667 
13 0.54375 0.6604166666666667 0.03125 0.022916666666666665 
13 0.48541666666666666 0.678125 0.022916666666666665 0.013541666666666667 
13 0.55703125 0.6822916666666666 0.030729166666666665 0.01875 
13 0.6067708333333334 0.6609375 0.019791666666666666 0.026041666666666668 
13 0.7065104166666667 0.8348958333333333 0.0296875 0.013541666666666667 
13 0.70078125 0.8515625 0.0265625 0.014583333333333334 
13 0.73515625 0.8458333333333333 0.0140625 0.030208333333333334 
4 0.13489583333333333 0.7072916666666667 0.013541666666666667 0.00625 
13 0.07916666666666666 0.7104166666666667 0.010416666666666666 0.01875 
4 0.48541666666666666 0.7619791666666667 0.011458333333333333 0.00625 
4 0.9479166666666666 0.11614583333333334 0.015625 0.014583333333333334 
4 0.6770833333333334 0.25338541666666664 0.010416666666666666 0.0109375 
4 0.77109375 0.28151041666666665 0.0140625 0.011979166666666667 
4 0.5296875 0.09713541666666667 0.0125 0.0067708333333333336 
4 0.6234375 0.08958333333333333 0.014583333333333334 0.011458333333333333 
4 0.66796875 0.11614583333333334 0.013020833333333334 0.011458333333333333 
4 0.8684895833333334 0.18125 0.0140625 0.0125 
4 0.8778645833333333 0.17369791666666667 0.011979166666666667 0.011979166666666667 
4 0.8841145833333334 0.16770833333333332 0.0140625 0.0125 
4 0.9171875 0.14140625 0.013541666666666667 0.011979166666666667 
4 0.9260416666666667 0.13333333333333333 0.0125 0.011458333333333333 
4 0.9684895833333333 0.096875 0.0140625 0.0125 
4 0.6682291666666667 0.24739583333333334 0.010416666666666666 0.011458333333333333 
4 0.9046875 0.10546875 0.011458333333333333 0.013020833333333334 
4 0.90234375 0.11041666666666666 0.015104166666666667 0.014583333333333334 
4 0.8833333333333333 0.13697916666666668 0.0125 0.0125 
4 0.9322916666666666 0.17395833333333333 0.0125 0.013541666666666667 
7 0.9471354166666667 0.24140625 0.0234375 0.050520833333333334 
7 0.9815104166666667 0.24270833333333333 0.025520833333333333 0.05 
4 0.8333333333333334 0.4005208333333333 0.009375 0.013541666666666667 
13 0.6247395833333333 0.3190104166666667 0.0203125 0.021354166666666667 
4 0.9393229166666667 0.6533854166666667 0.0078125 0.013020833333333334 
4 0.7981770833333334 0.6041666666666666 0.011979166666666667 0.00625 
4 0.67265625 0.25052083333333336 0.008854166666666666 0.010416666666666666 
4 0.6463541666666667 0.23802083333333332 0.008333333333333333 0.011458333333333333 
4 0.7153645833333333 0.3546875 0.0140625 0.013541666666666667 
4 0.5734375 0.21380208333333334 0.0125 0.0067708333333333336 
4 0.7158854166666667 0.3768229166666667 0.0109375 0.0078125 
4 0.7075520833333333 0.2833333333333333 0.011979166666666667 0.011458333333333333 
4 0.5309895833333333 0.31197916666666664 0.011979166666666667 0.007291666666666667 
4 0.753125 0.27838541666666666 0.014583333333333334 0.015104166666666667 
4 0.7213541666666666 0.24348958333333334 0.0125 0.011979166666666667 
4 0.659375 0.23203125 0.0125 0.0109375 
4 0.6348958333333333 0.221875 0.014583333333333334 0.010416666666666666 
4 0.621875 0.21875 0.010416666666666666 0.008333333333333333 
4 0.6075520833333333 0.21640625 0.0140625 0.0078125 
4 0.5927083333333333 0.2140625 0.0125 0.008333333333333333 
4 0.5450520833333333 0.2125 0.013020833333333334 0.007291666666666667 
4 0.5760416666666667 0.22473958333333333 0.00625 0.011979166666666667 
4 0.6510416666666666 0.18854166666666666 0.008333333333333333 0.0125 
4 0.5091145833333334 0.18489583333333334 0.013020833333333334 0.005208333333333333 
5 0.49765625 0.18541666666666667 0.008854166666666666 0.005208333333333333 
4 0.5166666666666667 0.175 0.007291666666666667 0.0125 
4 0.5255208333333333 0.17578125 0.00625 0.011979166666666667 
4 0.53046875 0.17526041666666667 0.0067708333333333336 0.011979166666666667 
4 0.5359375 0.17578125 0.00625 0.0109375 
4 0.57734375 0.16432291666666668 0.009895833333333333 0.0078125 
4 0.5643229166666667 0.22473958333333333 0.005729166666666666 0.009895833333333333 
4 0.559375 0.22552083333333334 0.005208333333333333 0.009375 
4 0.79921875 0.59296875 0.009895833333333333 0.0078125 
4 0.8122395833333333 0.5828125 0.0067708333333333336 0.0125 
4 0.7958333333333333 0.6169270833333333 0.009375 0.0067708333333333336 
4 0.37109375 0.3346354166666667 0.0078125 0.013020833333333334 
4 0.19557291666666668 0.3723958333333333 0.009895833333333333 0.005208333333333333 
4 0.1484375 0.396875 0.0125 0.00625 
4 0.18385416666666668 0.41484375 0.007291666666666667 0.0140625 
4 0.325 0.3653645833333333 0.007291666666666667 0.011979166666666667 
4 0.31328125 0.3776041666666667 0.009895833333333333 0.007291666666666667 
4 0.34921875 0.39088541666666665 0.005729166666666666 0.009895833333333333 
4 0.3143229166666667 0.4393229166666667 0.013020833333333334 0.0067708333333333336 
4 0.3463541666666667 0.4401041666666667 0.00625 0.0125 
4 0.35859375 0.4239583333333333 0.009895833333333333 0.005208333333333333 
4 0.35911458333333335 0.4010416666666667 0.0109375 0.00625 
4 0.17838541666666666 0.5190104166666667 0.0067708333333333336 0.011979166666666667 
5 0.8088541666666667 0.63203125 0.00625 0.011979166666666667 
4 0.38359375 0.7231770833333333 0.0067708333333333336 0.0109375 
4 0.3651041666666667 0.7388020833333333 0.010416666666666666 0.005729166666666666 
4 0.2859375 0.7361979166666667 0.011458333333333333 0.0067708333333333336 
4 0.14114583333333333 0.796875 0.007291666666666667 0.011458333333333333 
4 0.14036458333333332 0.81796875 0.005729166666666666 0.0109375 
4 0.24505208333333334 0.9161458333333333 0.0109375 0.005208333333333333 
4 0.21953125 0.9158854166666667 0.0109375 0.005729166666666666 
4 0.47552083333333334 0.9059895833333333 0.011458333333333333 0.005729166666666666 
4 0.5260416666666666 0.9080729166666667 0.010416666666666666 0.005729166666666666 
4 0.48098958333333336 0.9252604166666667 0.0109375 0.0067708333333333336 
4 0.19609375 0.36640625 0.009895833333333333 0.0046875 
4 0.1515625 0.34479166666666666 0.011458333333333333 0.00625 
4 0.46328125 0.33932291666666664 0.005729166666666666 0.009895833333333333 
4 0.40625 0.32838541666666665 0.007291666666666667 0.009895833333333333 
4 0.8072916666666666 0.66640625 0.00625 0.011979166666666667 
4 0.83359375 0.6518229166666667 0.005729166666666666 0.011979166666666667 
4 0.8317708333333333 0.68125 0.00625 0.010416666666666666 
4 0.83125 0.6919270833333333 0.008333333333333333 0.0109375 
5 0.79140625 0.65625 0.015104166666666667 0.00625 
4 0.8432291666666667 0.7171875 0.0125 0.008333333333333333 
4 0.8419270833333333 0.72421875 0.0109375 0.005729166666666666 
4 0.828125 0.75703125 0.007291666666666667 0.011979166666666667 
4 0.8369791666666667 0.7924479166666667 0.010416666666666666 0.0078125 
5 0.6994791666666667 0.78359375 0.007291666666666667 0.009895833333333333 
5 0.70703125 0.7848958333333333 0.0046875 0.009375 
4 0.82265625 0.8635416666666667 0.0078125 0.0125 
4 0.9221354166666667 0.9705729166666667 0.0078125 0.013020833333333334 
4 0.8020833333333334 0.95390625 0.009375 0.011979166666666667 
4 0.8119791666666667 0.9494791666666667 0.009375 0.009375 
4 0.8283854166666667 0.9432291666666667 0.009895833333333333 0.010416666666666666 
4 0.8317708333333333 0.93984375 0.011458333333333333 0.0109375 
4 0.8486979166666667 0.88046875 0.0109375 0.0109375 
4 0.8432291666666667 0.7713541666666667 0.010416666666666666 0.00625 
4 0.18125 0.14322916666666666 0.010416666666666666 0.0125 
4 0.1765625 0.13072916666666667 0.009375 0.0125 
4 0.7286458333333333 0.35625 0.010416666666666666 0.010416666666666666 
5 0.5182291666666666 0.25859375 0.014583333333333334 0.0484375 
4 0.18229166666666666 0.6643229166666667 0.0125 0.0078125 
4 0.41484375 0.9223958333333333 0.0140625 0.00625 
4 0.21510416666666668 0.8825520833333333 0.005208333333333333 0.0109375 
4 0.21953125 0.8828125 0.0067708333333333336 0.010416666666666666 
4 0.41041666666666665 0.8911458333333333 0.008333333333333333 0.014583333333333334 
4 0.42109375 0.8921875 0.0067708333333333336 0.011458333333333333 
4 0.43385416666666665 0.8916666666666667 0.00625 0.013541666666666667 
4 0.4473958333333333 0.8947916666666667 0.008333333333333333 0.011458333333333333 
4 0.20234375 0.92421875 0.005729166666666666 0.0109375 
4 0.21041666666666667 0.9244791666666666 0.008333333333333333 0.0125 
4 0.32890625 0.9197916666666667 0.0109375 0.007291666666666667 
4 0.340625 0.91953125 0.0125 0.0078125 
4 0.45755208333333336 0.9044270833333333 0.011979166666666667 0.005729166666666666 
4 0.3184895833333333 0.9005208333333333 0.013020833333333334 0.008333333333333333 
4 0.46875 0.925 0.013541666666666667 0.007291666666666667 
4 0.35598958333333336 0.9322916666666666 0.008854166666666666 0.009375 
4 0.43203125 0.9333333333333333 0.0078125 0.0125 
4 0.446875 0.9348958333333334 0.007291666666666667 0.0125 
4 0.4549479166666667 0.9361979166666666 0.0067708333333333336 0.009895833333333333 
4 0.4395833333333333 0.9372395833333333 0.007291666666666667 0.009895833333333333 
4 0.12369791666666667 0.9 0.009895833333333333 0.008333333333333333 
4 0.13645833333333332 0.9255208333333333 0.0125 0.010416666666666666 
4 0.3307291666666667 0.21302083333333333 0.00625 0.010416666666666666 
5 0.3375 0.21223958333333334 0.00625 0.011979166666666667 
4 0.29635416666666664 0.8888020833333333 0.00625 0.011979166666666667 
4 0.26484375 0.8973958333333333 0.008854166666666666 0.00625 
4 0.5166666666666667 0.33229166666666665 0.007291666666666667 0.013541666666666667 
4 0.01640625 0.8591145833333333 0.0078125 0.011979166666666667 
4 0.18385416666666668 0.6723958333333333 0.009375 0.005208333333333333 
4 0.45598958333333334 0.72734375 0.0078125 0.0109375 
4 0.43411458333333336 0.7153645833333333 0.0078125 0.013020833333333334 
4 0.013802083333333333 0.7768229166666667 0.0078125 0.013020833333333334 
4 0.12526041666666668 0.7755208333333333 0.016145833333333335 0.008333333333333333 
4 0.10859375 0.7760416666666666 0.013020833333333334 0.00625 
4 0.11901041666666666 0.7822916666666667 0.011979166666666667 0.005208333333333333 
4 0.121875 0.7875 0.011458333333333333 0.00625 
4 0.1390625 0.8307291666666666 0.00625 0.010416666666666666 
4 0.12682291666666667 0.8450520833333334 0.009895833333333333 0.0078125 
4 0.20052083333333334 0.7635416666666667 0.007291666666666667 0.0125 
4 0.25338541666666664 0.89765625 0.0109375 0.0067708333333333336 
4 0.29765625 0.76484375 0.0067708333333333336 0.009895833333333333 
4 0.303125 0.7651041666666667 0.00625 0.010416666666666666 
4 0.39296875 0.7583333333333333 0.0109375 0.005208333333333333 
4 0.42109375 0.7705729166666667 0.0067708333333333336 0.009895833333333333 
4 0.4276041666666667 0.7708333333333334 0.007291666666666667 0.011458333333333333 
13 0.42083333333333334 0.8252604166666667 0.017708333333333333 0.009895833333333333 
13 0.23463541666666668 0.8338541666666667 0.024479166666666666 0.016666666666666666 
4 0.13958333333333334 0.9096354166666667 0.011458333333333333 0.013020833333333334 
4 0.21067708333333332 0.8950520833333333 0.009895833333333333 0.005729166666666666 
4 0.23723958333333334 0.8963541666666667 0.0109375 0.00625 
13 0.28828125 0.2989583333333333 0.019270833333333334 0.026041666666666668 
4 0.31796875 0.415625 0.0109375 0.00625 
4 0.490625 0.4453125 0.007291666666666667 0.010416666666666666 
4 0.5205729166666667 0.49296875 0.009895833333333333 0.005729166666666666 
4 0.6723958333333333 0.5736979166666667 0.011458333333333333 0.0140625 
4 0.6700520833333333 0.5479166666666667 0.0078125 0.011458333333333333 
4 0.6697916666666667 0.5333333333333333 0.007291666666666667 0.0125 
4 0.6270833333333333 0.5390625 0.0125 0.007291666666666667 
4 0.52265625 0.5880208333333333 0.011979166666666667 0.008333333333333333 
4 0.5223958333333333 0.59375 0.0125 0.010416666666666666 
4 0.51015625 0.6088541666666667 0.013020833333333334 0.014583333333333334 
4 0.5174479166666667 0.5453125 0.009895833333333333 0.00625 
4 0.5174479166666667 0.5520833333333334 0.008854166666666666 0.005208333333333333 
4 0.5072916666666667 0.509375 0.00625 0.0125 
4 0.64140625 0.4765625 0.0109375 0.007291666666666667 
4 0.5083333333333333 0.9380208333333333 0.00625 0.011458333333333333 
4 0.5119791666666667 0.4197916666666667 0.008333333333333333 0.0125 
4 0.5138020833333333 0.384375 0.0067708333333333336 0.0125 
4 0.69609375 0.4328125 0.011979166666666667 0.008333333333333333 
4 0.7153645833333333 0.43385416666666665 0.013020833333333334 0.005208333333333333 
4 0.7268229166666667 0.4348958333333333 0.013020833333333334 0.00625 
4 0.6716145833333333 0.38515625 0.0109375 0.013020833333333334 
4 0.6736979166666667 0.35885416666666664 0.016145833333333335 0.013541666666666667 
5 0.49713541666666666 0.33177083333333335 0.0067708333333333336 0.0125 
4 0.4981770833333333 0.30130208333333336 0.005729166666666666 0.0109375 
4 0.5010416666666667 0.2640625 0.007291666666666667 0.011458333333333333 
4 0.68125 0.59921875 0.011458333333333333 0.008854166666666666 
4 0.6729166666666667 0.6052083333333333 0.011458333333333333 0.011458333333333333 
4 0.6401041666666667 0.5755208333333334 0.0125 0.0125 
4 0.6510416666666666 0.5986979166666667 0.010416666666666666 0.0140625 
4 0.5158854166666667 0.9375 0.008854166666666666 0.0125 
4 0.5598958333333334 0.8979166666666667 0.007291666666666667 0.0125 
4 0.5677083333333334 0.89609375 0.00625 0.009895833333333333 
4 0.57578125 0.9283854166666666 0.011979166666666667 0.0067708333333333336 
4 0.6002604166666666 0.91015625 0.011979166666666667 0.005729166666666666 
4 0.7005208333333334 0.9333333333333333 0.013541666666666667 0.00625 
4 0.7848958333333333 0.94609375 0.011458333333333333 0.008854166666666666 
4 0.7130208333333333 0.9033854166666667 0.00625 0.013020833333333334 
4 0.49322916666666666 0.8940104166666667 0.00625 0.0109375 
4 0.7856770833333333 0.8822916666666667 0.013020833333333334 0.007291666666666667 
4 0.5934895833333333 0.94296875 0.0067708333333333336 0.013020833333333334 
4 0.6903645833333333 0.9440104166666666 0.005729166666666666 0.0109375 
4 0.6838541666666667 0.9453125 0.00625 0.011458333333333333 
4 0.5567708333333333 0.7638020833333333 0.015625 0.0067708333333333336 
5 0.71875 0.7705729166666667 0.015625 0.0078125 
4 0.7419270833333333 0.7393229166666667 0.008854166666666666 0.011979166666666667 
4 0.6614583333333334 0.7244791666666667 0.0125 0.011458333333333333 
4 0.6223958333333334 0.7369791666666666 0.007291666666666667 0.011458333333333333 
5 0.7872395833333333 0.8208333333333333 0.015104166666666667 0.010416666666666666 
4 0.6669270833333333 0.6200520833333333 0.008854166666666666 0.013020833333333334 
4 0.640625 0.60234375 0.011458333333333333 0.013020833333333334 
13 0.11666666666666667 0.14114583333333333 0.026041666666666668 0.029166666666666667 
