4 0.8481770833333333 0.459375 0.011979166666666667 0.008333333333333333 
13 0.7799479166666666 0.1046875 0.0296875 0.029166666666666667 
4 0.15885416666666666 0.17369791666666667 0.011458333333333333 0.009895833333333333 
4 0.16927083333333334 0.16796875 0.011458333333333333 0.008854166666666666 
4 0.15598958333333332 0.15989583333333332 0.0078125 0.010416666666666666 
4 0.1609375 0.15729166666666666 0.008333333333333333 0.010416666666666666 
4 0.16614583333333333 0.15416666666666667 0.009375 0.0125 
4 0.17630208333333333 0.15494791666666666 0.0067708333333333336 0.009895833333333333 
4 0.18359375 0.15546875 0.0067708333333333336 0.009895833333333333 
4 0.19401041666666666 0.16666666666666666 0.0109375 0.008333333333333333 
4 0.21927083333333333 0.16041666666666668 0.00625 0.011458333333333333 
4 0.24322916666666666 0.19817708333333334 0.0125 0.0078125 
4 0.3921875 0.07578125 0.011458333333333333 0.005729166666666666 
4 0.14869791666666668 0.25104166666666666 0.0067708333333333336 0.013541666666666667 
4 0.35130208333333335 0.16510416666666666 0.0078125 0.011458333333333333 
4 0.42135416666666664 0.16979166666666667 0.008333333333333333 0.013541666666666667 
4 0.32083333333333336 0.153125 0.007291666666666667 0.011458333333333333 
4 0.27057291666666666 0.19817708333333334 0.0171875 0.0078125 
4 0.2908854166666667 0.20026041666666666 0.011979166666666667 0.0078125 
4 0.3255208333333333 0.196875 0.014583333333333334 0.007291666666666667 
4 0.34869791666666666 0.20364583333333333 0.011979166666666667 0.00625 
4 0.3763020833333333 0.20390625 0.0140625 0.008854166666666666 
4 0.4236979166666667 0.21848958333333332 0.008854166666666666 0.0140625 
4 0.06015625 0.28671875 0.008854166666666666 0.013020833333333334 
4 0.0234375 0.27265625 0.00625 0.0109375 
4 0.13645833333333332 0.23697916666666666 0.010416666666666666 0.00625 
13 0.8825520833333333 0.54140625 0.019270833333333334 0.03177083333333333 
13 0.9489583333333333 0.5971354166666667 0.014583333333333334 0.033854166666666664 
13 0.8752604166666667 0.7372395833333333 0.021354166666666667 0.030729166666666665 
13 0.8700520833333333 0.8481770833333333 0.015104166666666667 0.024479166666666666 
13 0.8705729166666667 0.81171875 0.011979166666666667 0.009895833333333333 
13 0.8526041666666667 0.9833333333333333 0.014583333333333334 0.022916666666666665 
13 0.9388020833333334 0.928125 0.025520833333333333 0.030208333333333334 
13 0.9572916666666667 0.9122395833333333 0.015625 0.016145833333333335 
13 0.9403645833333333 0.7575520833333333 0.015104166666666667 0.034895833333333334 
13 0.9432291666666667 0.7122395833333334 0.015625 0.0265625 
13 0.9447916666666667 0.6778645833333333 0.014583333333333334 0.0265625 
13 0.9484375 0.6390625 0.015625 0.026041666666666668 
13 0.9505208333333334 0.56171875 0.014583333333333334 0.025520833333333333 
4 0.1453125 0.19583333333333333 0.008333333333333333 0.011458333333333333 
13 0.9526041666666667 0.48984375 0.0125 0.022395833333333334 
4 0.029427083333333333 0.06276041666666667 0.011979166666666667 0.0109375 
4 0.10755208333333334 0.0609375 0.008854166666666666 0.005208333333333333 
4 0.12473958333333333 0.06041666666666667 0.011979166666666667 0.007291666666666667 
4 0.09557291666666666 0.06901041666666667 0.0109375 0.005729166666666666 
4 0.09609375 0.062239583333333334 0.009895833333333333 0.005729166666666666 
4 0.06848958333333334 0.1359375 0.0067708333333333336 0.011458333333333333 
4 0.05963541666666667 0.1671875 0.0078125 0.0125 
4 0.051041666666666666 0.18411458333333333 0.00625 0.013020833333333334 
4 0.13645833333333332 0.178125 0.011458333333333333 0.00625 
4 0.054427083333333334 0.2677083333333333 0.0078125 0.0125 
4 0.044270833333333336 0.3234375 0.007291666666666667 0.013541666666666667 
4 0.022135416666666668 0.39453125 0.0078125 0.013020833333333334 
4 0.12213541666666666 0.559375 0.011979166666666667 0.007291666666666667 
4 0.28177083333333336 0.5778645833333333 0.0125 0.008854166666666666 
4 0.16588541666666667 0.5856770833333333 0.011979166666666667 0.0067708333333333336 
4 0.15911458333333334 0.5588541666666667 0.009895833333333333 0.013541666666666667 
4 0.13203125 0.5984375 0.0067708333333333336 0.010416666666666666 
4 0.13515625 0.5354166666666667 0.0078125 0.0125 
4 0.11145833333333334 0.53671875 0.011458333333333333 0.008854166666666666 
4 0.109375 0.54375 0.013541666666666667 0.007291666666666667 
4 0.121875 0.5447916666666667 0.010416666666666666 0.007291666666666667 
4 0.10963541666666667 0.55 0.011979166666666667 0.00625 
4 0.12083333333333333 0.55078125 0.011458333333333333 0.005729166666666666 
4 0.12213541666666666 0.56484375 0.0109375 0.005729166666666666 
4 0.2794270833333333 0.49270833333333336 0.013020833333333334 0.00625 
4 0.121875 0.5703125 0.0125 0.005208333333333333 
4 0.11875 0.609375 0.009375 0.005208333333333333 
4 0.11953125 0.6158854166666666 0.013020833333333334 0.0067708333333333336 
4 0.18333333333333332 0.51484375 0.009375 0.011979166666666667 
4 0.13020833333333334 0.6252604166666667 0.007291666666666667 0.0140625 
4 0.29713541666666665 0.6036458333333333 0.0078125 0.0125 
4 0.11953125 0.6479166666666667 0.011979166666666667 0.007291666666666667 
4 0.11927083333333334 0.6559895833333333 0.011458333333333333 0.008854166666666666 
4 0.12890625 0.6747395833333333 0.0078125 0.013020833333333334 
4 0.11536458333333334 0.6859375 0.011979166666666667 0.007291666666666667 
4 0.32317708333333334 0.59453125 0.0140625 0.0109375 
4 0.3359375 0.5177083333333333 0.010416666666666666 0.00625 
4 0.33697916666666666 0.53046875 0.013541666666666667 0.0067708333333333336 
4 0.2942708333333333 0.56796875 0.009375 0.011979166666666667 
4 0.30494791666666665 0.515625 0.0078125 0.0125 
4 0.2838541666666667 0.5294270833333333 0.011458333333333333 0.0078125 
4 0.16588541666666667 0.4317708333333333 0.0067708333333333336 0.011458333333333333 
4 0.12890625 0.42994791666666665 0.011979166666666667 0.0078125 
4 0.12838541666666667 0.4359375 0.0109375 0.00625 
5 0.1265625 0.44166666666666665 0.014583333333333334 0.007291666666666667 
4 0.12734375 0.45208333333333334 0.0140625 0.008333333333333333 
4 0.12786458333333334 0.45989583333333334 0.015104166666666667 0.007291666666666667 
4 0.009895833333333333 0.52890625 0.007291666666666667 0.009895833333333333 
4 0.465625 0.4122395833333333 0.014583333333333334 0.008854166666666666 
4 0.46875 0.5356770833333333 0.008333333333333333 0.0140625 
4 0.46432291666666664 0.5598958333333334 0.0109375 0.0125 
4 0.4588541666666667 0.5697916666666667 0.011458333333333333 0.0125 
4 0.45598958333333334 0.58515625 0.0109375 0.0109375 
4 0.44609375 0.58828125 0.0109375 0.008854166666666666 
4 0.4453125 0.5828125 0.011458333333333333 0.00625 
4 0.44505208333333335 0.57734375 0.013020833333333334 0.0067708333333333336 
4 0.3463541666666667 0.55859375 0.015625 0.013020833333333334 
4 0.3234375 0.5453125 0.00625 0.011458333333333333 
4 0.2908854166666667 0.540625 0.013020833333333334 0.00625 
4 0.29921875 0.5583333333333333 0.0109375 0.0125 
13 0.8825520833333333 0.5786458333333333 0.015104166666666667 0.022916666666666665 
13 0.8901041666666667 0.46484375 0.01875 0.034895833333333334 
4 0.11588541666666667 0.7135416666666666 0.0140625 0.00625 
13 0.22265625 0.5591145833333333 0.0140625 0.025520833333333333 
13 0.21875 0.69765625 0.013541666666666667 0.0296875 
13 0.25078125 0.6713541666666667 0.024479166666666666 0.017708333333333333 
13 0.3296875 0.6752604166666667 0.014583333333333334 0.019270833333333334 
13 0.35442708333333334 0.6755208333333333 0.025520833333333333 0.014583333333333334 
13 0.3567708333333333 0.6575520833333334 0.027083333333333334 0.018229166666666668 
13 0.4002604166666667 0.6736979166666667 0.0203125 0.016145833333333335 
13 0.4041666666666667 0.61484375 0.017708333333333333 0.027604166666666666 
13 0.23932291666666666 0.6104166666666667 0.018229166666666668 0.034375 
13 0.21875 0.6231770833333333 0.0125 0.0234375 
13 0.22239583333333332 0.5880208333333333 0.013541666666666667 0.021875 
13 0.21979166666666666 0.5286458333333334 0.014583333333333334 0.013541666666666667 
13 0.5807291666666666 0.8502604166666666 0.025 0.015104166666666667 
13 0.24010416666666667 0.5510416666666667 0.011458333333333333 0.023958333333333335 
13 0.24244791666666668 0.50546875 0.013020833333333334 0.0234375 
13 0.40859375 0.5088541666666667 0.0140625 0.026041666666666668 
13 0.3875 0.5018229166666667 0.016666666666666666 0.0109375 
13 0.4078125 0.47239583333333335 0.013541666666666667 0.026041666666666668 
13 0.390625 0.471875 0.013541666666666667 0.023958333333333335 
13 0.3927083333333333 0.44114583333333335 0.017708333333333333 0.030208333333333334 
13 0.41354166666666664 0.39088541666666665 0.016666666666666666 0.0296875 
13 0.2328125 0.3692708333333333 0.013541666666666667 0.027083333333333334 
13 0.23125 0.4075520833333333 0.0125 0.030729166666666665 
13 0.65625 0.8505208333333333 0.023958333333333335 0.026041666666666668 
13 0.5455729166666666 0.8447916666666667 0.019270833333333334 0.019791666666666666 
13 0.8856770833333333 0.4166666666666667 0.018229166666666668 0.027083333333333334 
13 0.050520833333333334 0.8658854166666666 0.015625 0.028645833333333332 
13 0.16953125 0.11328125 0.024479166666666666 0.028645833333333332 
13 0.08255208333333333 0.2484375 0.0140625 0.028125 
13 0.08098958333333334 0.27838541666666666 0.009895833333333333 0.024479166666666666 
13 0.07760416666666667 0.39036458333333335 0.0125 0.0234375 
13 0.075 0.4234375 0.014583333333333334 0.03333333333333333 
13 0.07083333333333333 0.5005208333333333 0.014583333333333334 0.022916666666666665 
13 0.06536458333333334 0.6403645833333333 0.0140625 0.0296875 
13 0.06328125 0.6807291666666667 0.0109375 0.022916666666666665 
13 0.058333333333333334 0.7916666666666666 0.017708333333333333 0.028125 
13 0.058333333333333334 0.8247395833333333 0.022916666666666665 0.0265625 
13 0.18020833333333333 0.8140625 0.029166666666666667 0.016666666666666666 
13 0.54140625 0.821875 0.028645833333333332 0.017708333333333333 
13 0.21640625 0.8153645833333333 0.027604166666666666 0.0109375 
13 0.2559895833333333 0.8177083333333334 0.0234375 0.013541666666666667 
13 0.28463541666666664 0.8169270833333333 0.0265625 0.015104166666666667 
13 0.32057291666666665 0.82109375 0.0234375 0.0171875 
13 0.27708333333333335 0.8361979166666667 0.016666666666666666 0.016145833333333335 
13 0.35989583333333336 0.8375 0.022916666666666665 0.015625 
13 0.4390625 0.8419270833333333 0.028125 0.018229166666666668 
13 0.4666666666666667 0.8447916666666667 0.019791666666666666 0.013541666666666667 
13 0.4393229166666667 0.82421875 0.016145833333333335 0.015104166666666667 
13 0.5091145833333334 0.8479166666666667 0.022395833333333334 0.021875 
13 0.2520833333333333 0.40729166666666666 0.008333333333333333 0.020833333333333332 
13 0.2518229166666667 0.34713541666666664 0.0140625 0.025520833333333333 
13 0.2713541666666667 0.26223958333333336 0.023958333333333335 0.0171875 
13 0.45364583333333336 0.12239583333333333 0.027083333333333334 0.014583333333333334 
13 0.73125 0.6239583333333333 0.015625 0.027083333333333334 
13 0.7302083333333333 0.5921875 0.013541666666666667 0.025 
13 0.7348958333333333 0.553125 0.013541666666666667 0.028125 
13 0.7158854166666667 0.5380208333333333 0.0171875 0.021875 
13 0.71953125 0.4869791666666667 0.015104166666666667 0.025 
13 0.7372395833333333 0.4752604166666667 0.015104166666666667 0.021354166666666667 
13 0.7385416666666667 0.4484375 0.011458333333333333 0.027083333333333334 
13 0.7260416666666667 0.4244791666666667 0.028125 0.027083333333333334 
13 0.759375 0.38958333333333334 0.026041666666666668 0.023958333333333335 
13 0.41901041666666666 0.11822916666666666 0.028645833333333332 0.015625 
13 0.49557291666666664 0.12265625 0.022395833333333334 0.0140625 
13 0.23671875 0.23385416666666667 0.015104166666666667 0.021875 
13 0.5317708333333333 0.12421875 0.026041666666666668 0.016145833333333335 
13 0.6052083333333333 0.12734375 0.029166666666666667 0.0171875 
13 0.6473958333333333 0.14244791666666667 0.034375 0.018229166666666668 
13 0.75234375 0.2015625 0.024479166666666666 0.026041666666666668 
13 0.7828125 0.13229166666666667 0.027083333333333334 0.027083333333333334 
13 0.74609375 0.11614583333333334 0.0296875 0.026041666666666668 
13 0.8197916666666667 0.10260416666666666 0.021875 0.027083333333333334 
13 0.7940104166666667 0.25 0.0203125 0.025 
13 0.8395833333333333 0.3026041666666667 0.03125 0.03229166666666667 
13 0.8622395833333333 0.34348958333333335 0.027604166666666666 0.03697916666666667 
13 0.7270833333333333 0.6645833333333333 0.014583333333333334 0.025 
13 0.75546875 0.6903645833333333 0.027604166666666666 0.0171875 
13 0.7223958333333333 0.6875 0.028125 0.015625 
13 0.7158854166666667 0.8815104166666666 0.013020833333333334 0.028645833333333332 
13 0.29791666666666666 0.2625 0.021875 0.022916666666666665 
13 0.3854166666666667 0.26588541666666665 0.028125 0.022395833333333334 
13 0.38203125 0.2869791666666667 0.030729166666666665 0.0125 
13 0.41432291666666665 0.2875 0.0296875 0.017708333333333333 
13 0.4510416666666667 0.2713541666666667 0.019791666666666666 0.014583333333333334 
13 0.5317708333333333 0.27630208333333334 0.025 0.013020833333333334 
13 0.5669270833333333 0.27786458333333336 0.025520833333333333 0.019270833333333334 
13 0.5854166666666667 0.3684895833333333 0.015625 0.024479166666666666 
13 0.5786458333333333 0.4049479166666667 0.019791666666666666 0.028645833333333332 
13 0.559375 0.4473958333333333 0.013541666666666667 0.025 
13 0.5565104166666667 0.49375 0.015104166666666667 0.028125 
13 0.5723958333333333 0.4921875 0.0125 0.026041666666666668 
13 0.553125 0.521875 0.016666666666666666 0.025 
13 0.5515625 0.559375 0.017708333333333333 0.029166666666666667 
13 0.5260416666666666 0.6604166666666667 0.03125 0.022916666666666665 
13 0.46770833333333334 0.678125 0.022916666666666665 0.013541666666666667 
13 0.5393229166666667 0.6822916666666666 0.030729166666666665 0.01875 
13 0.5890625 0.6609375 0.019791666666666666 0.026041666666666668 
13 0.6888020833333334 0.8348958333333333 0.0296875 0.013541666666666667 
13 0.6830729166666667 0.8515625 0.0265625 0.014583333333333334 
13 0.7174479166666666 0.8458333333333333 0.0140625 0.030208333333333334 
4 0.1171875 0.7072916666666667 0.013541666666666667 0.00625 
13 0.06145833333333333 0.7104166666666667 0.010416666666666666 0.01875 
4 0.46770833333333334 0.7619791666666667 0.011458333333333333 0.00625 
4 0.9302083333333333 0.11614583333333334 0.015625 0.014583333333333334 
4 0.659375 0.25338541666666664 0.010416666666666666 0.0109375 
4 0.7533854166666667 0.28151041666666665 0.0140625 0.011979166666666667 
4 0.5119791666666667 0.09713541666666667 0.0125 0.0067708333333333336 
4 0.6057291666666667 0.08958333333333333 0.014583333333333334 0.011458333333333333 
4 0.6502604166666667 0.11614583333333334 0.013020833333333334 0.011458333333333333 
4 0.85078125 0.18125 0.0140625 0.0125 
4 0.86015625 0.17369791666666667 0.011979166666666667 0.011979166666666667 
4 0.86640625 0.16770833333333332 0.0140625 0.0125 
4 0.8994791666666667 0.14140625 0.013541666666666667 0.011979166666666667 
4 0.9083333333333333 0.13333333333333333 0.0125 0.011458333333333333 
4 0.95078125 0.096875 0.0140625 0.0125 
4 0.6505208333333333 0.24739583333333334 0.010416666666666666 0.011458333333333333 
4 0.8869791666666667 0.10546875 0.011458333333333333 0.013020833333333334 
4 0.8846354166666667 0.11041666666666666 0.015104166666666667 0.014583333333333334 
4 0.865625 0.13697916666666668 0.0125 0.0125 
4 0.9145833333333333 0.17395833333333333 0.0125 0.013541666666666667 
7 0.9294270833333333 0.24140625 0.0234375 0.050520833333333334 
7 0.9638020833333333 0.24270833333333333 0.025520833333333333 0.05 
4 0.815625 0.4005208333333333 0.009375 0.013541666666666667 
13 0.60703125 0.3190104166666667 0.0203125 0.021354166666666667 
4 0.9216145833333333 0.6533854166666667 0.0078125 0.013020833333333334 
4 0.78046875 0.6041666666666666 0.011979166666666667 0.00625 
4 0.6549479166666666 0.25052083333333336 0.008854166666666666 0.010416666666666666 
4 0.6286458333333333 0.23802083333333332 0.008333333333333333 0.011458333333333333 
4 0.69765625 0.3546875 0.0140625 0.013541666666666667 
4 0.5557291666666667 0.21380208333333334 0.0125 0.0067708333333333336 
4 0.6981770833333333 0.3768229166666667 0.0109375 0.0078125 
4 0.68984375 0.2833333333333333 0.011979166666666667 0.011458333333333333 
4 0.51328125 0.31197916666666664 0.011979166666666667 0.007291666666666667 
4 0.7354166666666667 0.27838541666666666 0.014583333333333334 0.015104166666666667 
4 0.7036458333333333 0.24348958333333334 0.0125 0.011979166666666667 
4 0.6416666666666667 0.23203125 0.0125 0.0109375 
4 0.6171875 0.221875 0.014583333333333334 0.010416666666666666 
4 0.6041666666666666 0.21875 0.010416666666666666 0.008333333333333333 
4 0.58984375 0.21640625 0.0140625 0.0078125 
4 0.575 0.2140625 0.0125 0.008333333333333333 
4 0.52734375 0.2125 0.013020833333333334 0.007291666666666667 
4 0.5583333333333333 0.22473958333333333 0.00625 0.011979166666666667 
4 0.6333333333333333 0.18854166666666666 0.008333333333333333 0.0125 
4 0.49140625 0.18489583333333334 0.013020833333333334 0.005208333333333333 
5 0.47994791666666664 0.18541666666666667 0.008854166666666666 0.005208333333333333 
4 0.49895833333333334 0.175 0.007291666666666667 0.0125 
4 0.5078125 0.17578125 0.00625 0.011979166666666667 
4 0.5127604166666667 0.17526041666666667 0.0067708333333333336 0.011979166666666667 
4 0.5182291666666666 0.17578125 0.00625 0.0109375 
4 0.5596354166666667 0.16432291666666668 0.009895833333333333 0.0078125 
4 0.5466145833333333 0.22473958333333333 0.005729166666666666 0.009895833333333333 
4 0.5416666666666666 0.22552083333333334 0.005208333333333333 0.009375 
4 0.7815104166666667 0.59296875 0.009895833333333333 0.0078125 
4 0.79453125 0.5828125 0.0067708333333333336 0.0125 
4 0.778125 0.6169270833333333 0.009375 0.0067708333333333336 
4 0.3533854166666667 0.3346354166666667 0.0078125 0.013020833333333334 
4 0.17786458333333333 0.3723958333333333 0.009895833333333333 0.005208333333333333 
4 0.13072916666666667 0.396875 0.0125 0.00625 
4 0.16614583333333333 0.41484375 0.007291666666666667 0.0140625 
4 0.3072916666666667 0.3653645833333333 0.007291666666666667 0.011979166666666667 
4 0.2955729166666667 0.3776041666666667 0.009895833333333333 0.007291666666666667 
4 0.33151041666666664 0.39088541666666665 0.005729166666666666 0.009895833333333333 
4 0.29661458333333335 0.4393229166666667 0.013020833333333334 0.0067708333333333336 
4 0.32864583333333336 0.4401041666666667 0.00625 0.0125 
4 0.34088541666666666 0.4239583333333333 0.009895833333333333 0.005208333333333333 
4 0.34140625 0.4010416666666667 0.0109375 0.00625 
4 0.16067708333333333 0.5190104166666667 0.0067708333333333336 0.011979166666666667 
5 0.7911458333333333 0.63203125 0.00625 0.011979166666666667 
4 0.3658854166666667 0.7231770833333333 0.0067708333333333336 0.0109375 
4 0.34739583333333335 0.7388020833333333 0.010416666666666666 0.005729166666666666 
4 0.2682291666666667 0.7361979166666667 0.011458333333333333 0.0067708333333333336 
4 0.1234375 0.796875 0.007291666666666667 0.011458333333333333 
4 0.12265625 0.81796875 0.005729166666666666 0.0109375 
4 0.22734375 0.9161458333333333 0.0109375 0.005208333333333333 
4 0.20182291666666666 0.9158854166666667 0.0109375 0.005729166666666666 
4 0.4578125 0.9059895833333333 0.011458333333333333 0.005729166666666666 
4 0.5083333333333333 0.9080729166666667 0.010416666666666666 0.005729166666666666 
4 0.46328125 0.9252604166666667 0.0109375 0.0067708333333333336 
4 0.17838541666666666 0.36640625 0.009895833333333333 0.0046875 
4 0.13385416666666666 0.34479166666666666 0.011458333333333333 0.00625 
4 0.44557291666666665 0.33932291666666664 0.005729166666666666 0.009895833333333333 
4 0.3885416666666667 0.32838541666666665 0.007291666666666667 0.009895833333333333 
4 0.7895833333333333 0.66640625 0.00625 0.011979166666666667 
4 0.8158854166666667 0.6518229166666667 0.005729166666666666 0.011979166666666667 
4 0.8140625 0.68125 0.00625 0.010416666666666666 
4 0.8135416666666667 0.6919270833333333 0.008333333333333333 0.0109375 
5 0.7736979166666667 0.65625 0.015104166666666667 0.00625 
4 0.8255208333333334 0.7171875 0.0125 0.008333333333333333 
4 0.82421875 0.72421875 0.0109375 0.005729166666666666 
4 0.8104166666666667 0.75703125 0.007291666666666667 0.011979166666666667 
4 0.8192708333333333 0.7924479166666667 0.010416666666666666 0.0078125 
5 0.6817708333333333 0.78359375 0.007291666666666667 0.009895833333333333 
5 0.6893229166666667 0.7848958333333333 0.0046875 0.009375 
4 0.8049479166666667 0.8635416666666667 0.0078125 0.0125 
4 0.9044270833333333 0.9705729166666667 0.0078125 0.013020833333333334 
4 0.784375 0.95390625 0.009375 0.011979166666666667 
4 0.7942708333333334 0.9494791666666667 0.009375 0.009375 
4 0.8106770833333333 0.9432291666666667 0.009895833333333333 0.010416666666666666 
4 0.8140625 0.93984375 0.011458333333333333 0.0109375 
4 0.8309895833333333 0.88046875 0.0109375 0.0109375 
4 0.8255208333333334 0.7713541666666667 0.010416666666666666 0.00625 
4 0.16354166666666667 0.14322916666666666 0.010416666666666666 0.0125 
4 0.15885416666666666 0.13072916666666667 0.009375 0.0125 
4 0.7109375 0.35625 0.010416666666666666 0.010416666666666666 
5 0.5005208333333333 0.25859375 0.014583333333333334 0.0484375 
4 0.16458333333333333 0.6643229166666667 0.0125 0.0078125 
4 0.3971354166666667 0.9223958333333333 0.0140625 0.00625 
4 0.19739583333333333 0.8825520833333333 0.005208333333333333 0.0109375 
4 0.20182291666666666 0.8828125 0.0067708333333333336 0.010416666666666666 
4 0.3927083333333333 0.8911458333333333 0.008333333333333333 0.014583333333333334 
4 0.40338541666666666 0.8921875 0.0067708333333333336 0.011458333333333333 
4 0.4161458333333333 0.8916666666666667 0.00625 0.013541666666666667 
4 0.4296875 0.8947916666666667 0.008333333333333333 0.011458333333333333 
4 0.18463541666666666 0.92421875 0.005729166666666666 0.0109375 
4 0.19270833333333334 0.9244791666666666 0.008333333333333333 0.0125 
4 0.3111979166666667 0.9197916666666667 0.0109375 0.007291666666666667 
4 0.3229166666666667 0.91953125 0.0125 0.0078125 
4 0.43984375 0.9044270833333333 0.011979166666666667 0.005729166666666666 
4 0.30078125 0.9005208333333333 0.013020833333333334 0.008333333333333333 
4 0.4510416666666667 0.925 0.013541666666666667 0.007291666666666667 
4 0.33828125 0.9322916666666666 0.008854166666666666 0.009375 
4 0.41432291666666665 0.9333333333333333 0.0078125 0.0125 
4 0.42916666666666664 0.9348958333333334 0.007291666666666667 0.0125 
4 0.43723958333333335 0.9361979166666666 0.0067708333333333336 0.009895833333333333 
4 0.421875 0.9372395833333333 0.007291666666666667 0.009895833333333333 
4 0.10598958333333333 0.9 0.009895833333333333 0.008333333333333333 
4 0.11875 0.9255208333333333 0.0125 0.010416666666666666 
4 0.31302083333333336 0.21302083333333333 0.00625 0.010416666666666666 
5 0.31979166666666664 0.21223958333333334 0.00625 0.011979166666666667 
4 0.2786458333333333 0.8888020833333333 0.00625 0.011979166666666667 
4 0.24713541666666666 0.8973958333333333 0.008854166666666666 0.00625 
4 0.49895833333333334 0.33229166666666665 0.007291666666666667 0.013541666666666667 
4 0.16614583333333333 0.6723958333333333 0.009375 0.005208333333333333 
4 0.43828125 0.72734375 0.0078125 0.0109375 
4 0.41640625 0.7153645833333333 0.0078125 0.013020833333333334 
4 0.10755208333333334 0.7755208333333333 0.016145833333333335 0.008333333333333333 
4 0.09088541666666666 0.7760416666666666 0.013020833333333334 0.00625 
4 0.10130208333333333 0.7822916666666667 0.011979166666666667 0.005208333333333333 
4 0.10416666666666667 0.7875 0.011458333333333333 0.00625 
4 0.12135416666666667 0.8307291666666666 0.00625 0.010416666666666666 
4 0.10911458333333333 0.8450520833333334 0.009895833333333333 0.0078125 
4 0.1828125 0.7635416666666667 0.007291666666666667 0.0125 
4 0.23567708333333334 0.89765625 0.0109375 0.0067708333333333336 
4 0.2799479166666667 0.76484375 0.0067708333333333336 0.009895833333333333 
4 0.28541666666666665 0.7651041666666667 0.00625 0.010416666666666666 
4 0.37526041666666665 0.7583333333333333 0.0109375 0.005208333333333333 
4 0.40338541666666666 0.7705729166666667 0.0067708333333333336 0.009895833333333333 
4 0.40989583333333335 0.7708333333333334 0.007291666666666667 0.011458333333333333 
13 0.403125 0.8252604166666667 0.017708333333333333 0.009895833333333333 
13 0.21692708333333333 0.8338541666666667 0.024479166666666666 0.016666666666666666 
4 0.121875 0.9096354166666667 0.011458333333333333 0.013020833333333334 
4 0.19296875 0.8950520833333333 0.009895833333333333 0.005729166666666666 
4 0.21953125 0.8963541666666667 0.0109375 0.00625 
13 0.27057291666666666 0.2989583333333333 0.019270833333333334 0.026041666666666668 
4 0.30026041666666664 0.415625 0.0109375 0.00625 
4 0.47291666666666665 0.4453125 0.007291666666666667 0.010416666666666666 
4 0.5028645833333333 0.49296875 0.009895833333333333 0.005729166666666666 
4 0.6546875 0.5736979166666667 0.011458333333333333 0.0140625 
4 0.65234375 0.5479166666666667 0.0078125 0.011458333333333333 
4 0.6520833333333333 0.5333333333333333 0.007291666666666667 0.0125 
4 0.609375 0.5390625 0.0125 0.007291666666666667 
4 0.5049479166666667 0.5880208333333333 0.011979166666666667 0.008333333333333333 
4 0.5046875 0.59375 0.0125 0.010416666666666666 
4 0.49244791666666665 0.6088541666666667 0.013020833333333334 0.014583333333333334 
4 0.49973958333333335 0.5453125 0.009895833333333333 0.00625 
4 0.49973958333333335 0.5520833333333334 0.008854166666666666 0.005208333333333333 
4 0.4895833333333333 0.509375 0.00625 0.0125 
4 0.6236979166666666 0.4765625 0.0109375 0.007291666666666667 
4 0.490625 0.9380208333333333 0.00625 0.011458333333333333 
4 0.4942708333333333 0.4197916666666667 0.008333333333333333 0.0125 
4 0.49609375 0.384375 0.0067708333333333336 0.0125 
4 0.6783854166666666 0.4328125 0.011979166666666667 0.008333333333333333 
4 0.69765625 0.43385416666666665 0.013020833333333334 0.005208333333333333 
4 0.7091145833333333 0.4348958333333333 0.013020833333333334 0.00625 
4 0.65390625 0.38515625 0.0109375 0.013020833333333334 
4 0.6559895833333333 0.35885416666666664 0.016145833333333335 0.013541666666666667 
5 0.47942708333333334 0.33177083333333335 0.0067708333333333336 0.0125 
4 0.48046875 0.30130208333333336 0.005729166666666666 0.0109375 
4 0.48333333333333334 0.2640625 0.007291666666666667 0.011458333333333333 
4 0.6635416666666667 0.59921875 0.011458333333333333 0.008854166666666666 
4 0.6552083333333333 0.6052083333333333 0.011458333333333333 0.011458333333333333 
4 0.6223958333333334 0.5755208333333334 0.0125 0.0125 
4 0.6333333333333333 0.5986979166666667 0.010416666666666666 0.0140625 
4 0.4981770833333333 0.9375 0.008854166666666666 0.0125 
4 0.5421875 0.8979166666666667 0.007291666666666667 0.0125 
4 0.55 0.89609375 0.00625 0.009895833333333333 
4 0.5580729166666667 0.9283854166666666 0.011979166666666667 0.0067708333333333336 
4 0.5825520833333333 0.91015625 0.011979166666666667 0.005729166666666666 
4 0.6828125 0.9333333333333333 0.013541666666666667 0.00625 
4 0.7671875 0.94609375 0.011458333333333333 0.008854166666666666 
4 0.6953125 0.9033854166666667 0.00625 0.013020833333333334 
4 0.47552083333333334 0.8940104166666667 0.00625 0.0109375 
4 0.76796875 0.8822916666666667 0.013020833333333334 0.007291666666666667 
4 0.57578125 0.94296875 0.0067708333333333336 0.013020833333333334 
4 0.67265625 0.9440104166666666 0.005729166666666666 0.0109375 
4 0.6661458333333333 0.9453125 0.00625 0.011458333333333333 
4 0.5390625 0.7638020833333333 0.015625 0.0067708333333333336 
5 0.7010416666666667 0.7705729166666667 0.015625 0.0078125 
4 0.72421875 0.7393229166666667 0.008854166666666666 0.011979166666666667 
4 0.64375 0.7244791666666667 0.0125 0.011458333333333333 
4 0.6046875 0.7369791666666666 0.007291666666666667 0.011458333333333333 
5 0.76953125 0.8208333333333333 0.015104166666666667 0.010416666666666666 
4 0.64921875 0.6200520833333333 0.008854166666666666 0.013020833333333334 
4 0.6229166666666667 0.60234375 0.011458333333333333 0.013020833333333334 
13 0.09895833333333333 0.14114583333333333 0.026041666666666668 0.029166666666666667 
