5 0.8544270833333333 0.05260416666666667 0.0328125 0.034375 
5 0.8934895833333333 0.05286458333333333 0.030729166666666665 0.034895833333333334 
5 0.9119791666666667 0.05130208333333333 0.030208333333333334 0.0328125 
5 0.9552083333333333 0.057291666666666664 0.03229166666666667 0.03333333333333333 
5 0.9768229166666667 0.058854166666666666 0.0328125 0.03229166666666667 
5 0.99921875 0.06145833333333333 0.03177083333333333 0.035416666666666666 
5 0.83671875 0.09036458333333333 0.0359375 0.0328125 
5 0.8591145833333333 0.09036458333333333 0.034895833333333334 0.0328125 
5 0.8830729166666667 0.08776041666666666 0.033854166666666664 0.0328125 
5 0.8973958333333333 0.09479166666666666 0.035416666666666666 0.034375 
5 0.9221354166666667 0.09166666666666666 0.033854166666666664 0.03333333333333333 
5 0.94296875 0.09114583333333333 0.0359375 0.03333333333333333 
5 0.9635416666666666 0.09088541666666666 0.035416666666666666 0.033854166666666664 
5 0.9815104166666667 0.0953125 0.03802083333333333 0.03229166666666667 
5 0.9934895833333334 0.10390625 0.0359375 0.03177083333333333 
5 0.8466145833333333 0.17604166666666668 0.0359375 0.035416666666666666 
5 0.8658854166666666 0.17708333333333334 0.034895833333333334 0.034375 
5 0.8841145833333334 0.17604166666666668 0.0328125 0.034375 
5 0.8736979166666666 0.05390625 0.033854166666666664 0.034895833333333334 
5 0.9533854166666667 0.6174479166666667 0.0421875 0.03802083333333333 
5 0.9078125 0.17916666666666667 0.03125 0.036458333333333336 
5 0.9255208333333333 0.17864583333333334 0.03333333333333333 0.035416666666666666 
5 0.9450520833333333 0.17916666666666667 0.0328125 0.036458333333333336 
5 0.8354166666666667 0.2125 0.0375 0.035416666666666666 
5 1.0138020833333334 0.34921875 0.034895833333333334 0.033854166666666664 
5 0.91484375 0.43645833333333334 0.03697916666666667 0.03958333333333333 
5 0.93515625 0.43697916666666664 0.034895833333333334 0.0375 
5 0.9565104166666667 0.4390625 0.0359375 0.0375 
5 0.97578125 0.43984375 0.0359375 0.03802083333333333 
5 0.9984375 0.44166666666666665 0.03229166666666667 0.03229166666666667 
5 0.8794270833333333 0.47291666666666665 0.043229166666666666 0.03958333333333333 
5 0.859375 0.47291666666666665 0.042708333333333334 0.041666666666666664 
5 0.8416666666666667 0.46875 0.036458333333333336 0.03333333333333333 
5 0.8197916666666667 0.46979166666666666 0.03958333333333333 0.036458333333333336 
5 0.8671875 0.5708333333333333 0.040625 0.042708333333333334 
5 0.8880208333333334 0.57265625 0.03958333333333333 0.044270833333333336 
5 0.9072916666666667 0.5721354166666667 0.041666666666666664 0.04635416666666667 
5 0.928125 0.5731770833333333 0.040625 0.04635416666666667 
5 0.9484375 0.5744791666666667 0.041666666666666664 0.04479166666666667 
5 0.9869791666666666 0.5736979166666667 0.040625 0.044270833333333336 
5 0.8151041666666666 0.6067708333333334 0.046875 0.03958333333333333 
5 0.8526041666666667 0.6098958333333333 0.042708333333333334 0.041666666666666664 
5 0.87421875 0.6127604166666667 0.044270833333333336 0.0390625 
5 0.9921875 0.34739583333333335 0.035416666666666666 0.03333333333333333 
5 0.97265625 0.34661458333333334 0.034895833333333334 0.0328125 
5 0.9528645833333333 0.34453125 0.034895833333333334 0.033854166666666664 
5 0.8841145833333334 0.30833333333333335 0.034895833333333334 0.035416666666666666 
5 0.8520833333333333 0.21796875 0.036458333333333336 0.0359375 
5 0.875 0.21614583333333334 0.0375 0.035416666666666666 
5 0.8966145833333333 0.21640625 0.0359375 0.034895833333333334 
5 0.9182291666666667 0.2171875 0.036458333333333336 0.03229166666666667 
5 0.9356770833333333 0.22057291666666667 0.03697916666666667 0.033854166666666664 
5 0.95234375 0.221875 0.03697916666666667 0.035416666666666666 
5 0.9760416666666667 0.22421875 0.0375 0.033854166666666664 
5 0.8635416666666667 0.30755208333333334 0.034375 0.0359375 
5 0.90390625 0.30911458333333336 0.034895833333333334 0.0359375 
5 0.9309895833333334 0.34479166666666666 0.0328125 0.03333333333333333 
5 0.91953125 0.30625 0.034895833333333334 0.035416666666666666 
5 0.9635416666666666 0.31223958333333335 0.03333333333333333 0.034895833333333334 
5 0.9846354166666667 0.31302083333333336 0.0328125 0.034375 
5 1.00234375 0.31197916666666664 0.0328125 0.034375 
5 0.8307291666666666 0.3377604166666667 0.0375 0.033854166666666664 
5 0.8484375 0.3421875 0.036458333333333336 0.03333333333333333 
5 0.8890625 0.34401041666666665 0.036458333333333336 0.0328125 
5 0.9138020833333333 0.34375 0.033854166666666664 0.03229166666666667 
5 0.89375 0.6169270833333333 0.04375 0.0390625 
5 0.9911458333333333 0.61953125 0.04375 0.0390625 
5 0.7958333333333333 0.7239583333333334 0.04583333333333333 0.03958333333333333 
4 0.44895833333333335 0.057291666666666664 0.011458333333333333 0.021875 
4 0.42734375 0.2955729166666667 0.011979166666666667 0.021354166666666667 
4 0.5046875 0.0328125 0.023958333333333335 0.010416666666666666 
5 0.64296875 0.5651041666666666 0.03697916666666667 0.03854166666666667 
5 0.8044270833333333 0.7359375 0.043229166666666666 0.03958333333333333 
5 0.86484375 0.7393229166666667 0.044270833333333336 0.04114583333333333 
5 0.9044270833333333 0.7427083333333333 0.0359375 0.03333333333333333 
5 0.8463541666666666 0.8236979166666667 0.036458333333333336 0.0421875 
5 0.5416666666666666 0.5604166666666667 0.036458333333333336 0.03333333333333333 
5 0.55703125 0.56796875 0.043229166666666666 0.0421875 
5 0.60390625 0.5619791666666667 0.044270833333333336 0.041666666666666664 
5 0.6268229166666667 0.5635416666666667 0.0390625 0.03958333333333333 
5 0.6596354166666667 0.5677083333333334 0.030729166666666665 0.029166666666666667 
