13 0.7638020833333333 0.6252604166666667 0.024479166666666666 0.0171875 
13 0.8604166666666667 0.6052083333333333 0.01875 0.019791666666666666 
13 0.85703125 0.6286458333333333 0.028645833333333332 0.020833333333333332 
13 0.9572916666666667 0.63671875 0.025 0.0171875 
13 0.95234375 0.6080729166666666 0.018229166666666668 0.021354166666666667 
13 0.9442708333333333 0.7966145833333333 0.026041666666666668 0.015104166666666667 
13 0.9447916666666667 0.81328125 0.029166666666666667 0.018229166666666668 
13 0.7809895833333333 0.8083333333333333 0.0171875 0.015625 
13 0.7533854166666667 0.78359375 0.019270833333333334 0.0140625 
13 0.65703125 0.7817708333333333 0.027604166666666666 0.017708333333333333 
13 0.6434895833333333 0.8028645833333333 0.0359375 0.018229166666666668 
13 0.5830729166666667 0.7989583333333333 0.0296875 0.01875 
13 0.596875 0.7776041666666667 0.027083333333333334 0.017708333333333333 
13 0.81953125 0.95234375 0.016145833333333335 0.0359375 
13 0.9427083333333334 0.9385416666666667 0.020833333333333332 0.01875 
13 0.8049479166666667 0.6018229166666667 0.019270833333333334 0.027604166666666666 
13 0.7484375 0.60234375 0.03125 0.021354166666666667 
13 0.70859375 0.6208333333333333 0.0296875 0.020833333333333332 
13 0.7731770833333333 0.421875 0.028645833333333332 0.023958333333333335 
13 0.7234375 0.41953125 0.027083333333333334 0.019270833333333334 
13 0.71953125 0.4427083333333333 0.0265625 0.015625 
13 0.67109375 0.4388020833333333 0.0234375 0.018229166666666668 
13 0.6627604166666666 0.41875 0.0328125 0.022916666666666665 
13 0.5877604166666667 0.41015625 0.027604166666666666 0.018229166666666668 
13 0.5700520833333333 0.434375 0.028645833333333332 0.022916666666666665 
13 0.53203125 0.43020833333333336 0.0265625 0.017708333333333333 
13 0.47109375 0.4109375 0.0296875 0.01875 
13 0.46979166666666666 0.4296875 0.029166666666666667 0.019791666666666666 
13 0.4322916666666667 0.43828125 0.029166666666666667 0.021354166666666667 
13 0.4354166666666667 0.40625 0.026041666666666668 0.022916666666666665 
13 0.37447916666666664 0.4015625 0.022916666666666665 0.014583333333333334 
13 0.38567708333333334 0.42578125 0.03177083333333333 0.016145833333333335 
13 0.3377604166666667 0.4234375 0.0328125 0.017708333333333333 
13 0.29296875 0.39765625 0.0296875 0.0171875 
13 0.29140625 0.41875 0.0328125 0.019791666666666666 
13 0.23802083333333332 0.39557291666666666 0.03333333333333333 0.0203125 
13 0.23619791666666667 0.4270833333333333 0.024479166666666666 0.020833333333333332 
13 0.19140625 0.4161458333333333 0.025520833333333333 0.016666666666666666 
13 0.134375 0.390625 0.025 0.019791666666666666 
13 0.57109375 0.615625 0.028645833333333332 0.020833333333333332 
13 0.6143229166666667 0.615625 0.0296875 0.019791666666666666 
13 0.65390625 0.6010416666666667 0.027604166666666666 0.016666666666666666 
13 0.6625 0.6236979166666666 0.026041666666666668 0.018229166666666668 
13 0.9596354166666666 0.45416666666666666 0.0296875 0.017708333333333333 
13 0.9765625 0.2484375 0.019791666666666666 0.015625 
13 0.9799479166666667 0.08567708333333333 0.0265625 0.011979166666666667 
13 0.33098958333333334 0.6145833333333334 0.0203125 0.023958333333333335 
13 0.0140625 0.3723958333333333 0.020833333333333332 0.03333333333333333 
13 0.008854166666666666 0.40338541666666666 0.027083333333333334 0.0171875 
13 0.004166666666666667 0.5645833333333333 0.025 0.015625 
13 0.006510416666666667 0.6341145833333334 0.025520833333333333 0.028645833333333332 
13 0.016927083333333332 0.7697916666666667 0.0265625 0.01875 
13 0.12864583333333332 0.7544270833333333 0.030208333333333334 0.030729166666666665 
13 0.15859375 0.7526041666666666 0.027604166666666666 0.029166666666666667 
13 0.15989583333333332 0.7802083333333333 0.030208333333333334 0.026041666666666668 
13 0.21145833333333333 0.7809895833333333 0.026041666666666668 0.016145833333333335 
13 0.22526041666666666 0.7614583333333333 0.0296875 0.015625 
13 0.25364583333333335 0.75234375 0.01875 0.024479166666666666 
13 0.28489583333333335 0.78515625 0.027083333333333334 0.028645833333333332 
13 0.3151041666666667 0.7893229166666667 0.029166666666666667 0.0203125 
13 0.37213541666666666 0.7677083333333333 0.027604166666666666 0.019791666666666666 
13 0.3893229166666667 0.78828125 0.028645833333333332 0.024479166666666666 
13 0.41510416666666666 0.7703125 0.026041666666666668 0.016666666666666666 
13 0.4596354166666667 0.7713541666666667 0.027604166666666666 0.019791666666666666 
13 0.46901041666666665 0.5888020833333333 0.0328125 0.022395833333333334 
13 0.41770833333333335 0.5815104166666667 0.022916666666666665 0.0203125 
13 0.4192708333333333 0.6083333333333333 0.03125 0.01875 
13 0.36380208333333336 0.5861979166666667 0.027604166666666666 0.016145833333333335 
13 0.019010416666666665 0.31354166666666666 0.015104166666666667 0.027083333333333334 
13 0.0203125 0.2677083333333333 0.019791666666666666 0.026041666666666668 
13 -0.00546875 0.26223958333333336 0.018229166666666668 0.028645833333333332 
13 0.032552083333333336 -0.004427083333333333 0.013020833333333334 0.027604166666666666 
13 0.005729166666666666 0.034375 0.021875 0.027083333333333334 
13 0.030208333333333334 0.031510416666666666 0.0125 0.025520833333333333 
13 0.03046875 0.09036458333333333 0.018229166666666668 0.028645833333333332 
13 0.002864583333333333 0.1296875 0.016145833333333335 0.03333333333333333 
13 0.0234375 0.13203125 0.0125 0.025520833333333333 
13 0.022916666666666665 0.16979166666666667 0.01875 0.027083333333333334 
13 0.003125 0.17135416666666667 0.01875 0.027083333333333334 
13 0.31640625 0.5841145833333333 0.033854166666666664 0.018229166666666668 
13 0.2747395833333333 0.6013020833333333 0.018229166666666668 0.0265625 
13 0.96328125 0.06484375 0.03177083333333333 0.016145833333333335 
13 0.28411458333333334 0.57890625 0.028645833333333332 0.0203125 
13 0.2520833333333333 0.20755208333333333 0.030208333333333334 0.019270833333333334 
13 0.19270833333333334 0.20963541666666666 0.03333333333333333 0.019270833333333334 
13 0.16510416666666666 0.19140625 0.016666666666666666 0.0265625 
13 0.28567708333333336 0.2359375 0.034895833333333334 0.020833333333333332 
13 0.39140625 0.24192708333333332 0.024479166666666666 0.016145833333333335 
13 0.43307291666666664 0.2421875 0.0359375 0.020833333333333332 
13 0.48671875 0.24557291666666667 0.022395833333333334 0.019270833333333334 
13 0.5208333333333334 0.24921875 0.023958333333333335 0.024479166666666666 
13 0.6356770833333333 0.23359375 0.025520833333333333 0.0140625 
13 0.6213541666666667 0.25442708333333336 0.03125 0.0234375 
13 0.6747395833333333 0.23385416666666667 0.034895833333333334 0.016666666666666666 
13 0.6864583333333333 0.25442708333333336 0.029166666666666667 0.016145833333333335 
13 0.7213541666666666 0.23411458333333332 0.03333333333333333 0.018229166666666668 
13 0.7669270833333334 0.2578125 0.0234375 0.01875 
13 0.77890625 0.23828125 0.0296875 0.0203125 
13 0.8208333333333333 0.26197916666666665 0.027083333333333334 0.023958333333333335 
13 0.8338541666666667 0.24036458333333333 0.03125 0.0234375 
13 0.8575520833333333 0.228125 0.011979166666666667 0.03125 
13 0.8794270833333333 0.2640625 0.027604166666666666 0.016666666666666666 
13 0.7934895833333333 0.0484375 0.011979166666666667 0.03333333333333333 
13 0.828125 0.07708333333333334 0.03125 0.019791666666666666 
13 0.7432291666666667 0.07447916666666667 0.028125 0.023958333333333335 
13 0.6971354166666667 0.07083333333333333 0.0296875 0.021875 
13 0.6776041666666667 0.045572916666666664 0.030208333333333334 0.022395833333333334 
13 0.6333333333333333 0.04609375 0.03229166666666667 0.024479166666666666 
13 0.2921875 0.2140625 0.034375 0.016666666666666666 
13 0.35598958333333336 0.20729166666666668 0.019270833333333334 0.028125 
13 0.3377604166666667 0.2359375 0.03697916666666667 0.017708333333333333 
13 0.30859375 0.053385416666666664 0.025520833333333333 0.019270833333333334 
13 0.23671875 0.5994791666666667 0.028645833333333332 0.022916666666666665 
13 0.18802083333333333 0.6 0.023958333333333335 0.016666666666666666 
13 0.1109375 0.55234375 0.021875 0.0265625 
13 0.33203125 0.9283854166666666 0.0140625 0.024479166666666666 
13 0.3140625 0.9559895833333333 0.014583333333333334 0.0265625 
13 0.4830729166666667 0.92890625 0.021354166666666667 0.0328125 
13 0.47994791666666664 0.9638020833333333 0.0171875 0.024479166666666666 
13 0.5018229166666667 0.76953125 0.027604166666666666 0.0234375 
13 0.5203125 0.5875 0.022916666666666665 0.030208333333333334 
13 0.16796875 0.016666666666666666 0.0265625 0.013541666666666667 
13 0.3065104166666667 0.023177083333333334 0.024479166666666666 0.0171875 
13 0.17083333333333334 0.058854166666666666 0.019791666666666666 0.023958333333333335 
13 0.5278645833333333 0.228125 0.0328125 0.020833333333333332 
13 0.4046875 0.03229166666666667 0.027083333333333334 0.016666666666666666 
13 0.45416666666666666 0.034895833333333334 0.023958333333333335 0.016666666666666666 
13 0.49192708333333335 0.036458333333333336 0.022395833333333334 0.014583333333333334 
13 0.54453125 0.0421875 0.030729166666666665 0.016666666666666666 
13 0.5864583333333333 0.040625 0.026041666666666668 0.017708333333333333 
13 0.5875 0.06354166666666666 0.03333333333333333 0.019791666666666666 
13 0.4825520833333333 0.0609375 0.0265625 0.026041666666666668 
13 0.45390625 0.05651041666666667 0.024479166666666666 0.019270833333333334 
13 0.39609375 0.21979166666666666 0.025520833333333333 0.015625 
13 0.4296875 0.21875 0.026041666666666668 0.021875 
13 0.478125 0.22421875 0.026041666666666668 0.0234375 
4 0.6364583333333333 0.9489583333333333 0.011458333333333333 0.0125 
4 0.6533854166666667 0.9505208333333334 0.011979166666666667 0.013541666666666667 
4 0.6614583333333334 0.9505208333333334 0.010416666666666666 0.011458333333333333 
4 0.54453125 0.9005208333333333 0.009895833333333333 0.00625 
4 0.53203125 0.9002604166666667 0.0109375 0.0067708333333333336 
4 0.6447916666666667 0.8575520833333333 0.009375 0.013020833333333334 
4 0.6700520833333333 0.9518229166666666 0.009895833333333333 0.011979166666666667 
4 0.6791666666666667 0.9513020833333333 0.010416666666666666 0.0109375 
4 0.6908854166666667 0.9536458333333333 0.0109375 0.0125 
4 0.71015625 0.9541666666666667 0.0109375 0.0125 
4 0.6973958333333333 0.9252604166666667 0.011458333333333333 0.013020833333333334 
4 0.6895833333333333 0.92578125 0.010416666666666666 0.011979166666666667 
4 0.6760416666666667 0.9247395833333333 0.0125 0.0140625 
4 0.66796875 0.9247395833333333 0.0109375 0.0109375 
4 0.74609375 0.8817708333333333 0.0109375 0.00625 
4 0.7609375 0.875 0.013541666666666667 0.00625 
4 0.915625 0.8979166666666667 0.013541666666666667 0.005208333333333333 
4 0.8307291666666666 0.865625 0.008333333333333333 0.011458333333333333 
4 0.7393229166666667 0.8622395833333333 0.0067708333333333336 0.0109375 
4 0.7065104166666667 0.8588541666666667 0.005729166666666666 0.010416666666666666 
4 0.7005208333333334 0.8559895833333333 0.007291666666666667 0.011979166666666667 
13 0.7942708333333334 0.78828125 0.023958333333333335 0.009895833333333333 
13 0.5622395833333333 0.7778645833333333 0.0234375 0.0109375 
6 0.5510416666666667 0.7229166666666667 0.015625 0.013541666666666667 
4 0.6895833333333333 0.7252604166666666 0.00625 0.013020833333333334 
4 0.6203125 0.7255208333333333 0.00625 0.009375 
4 0.6450520833333333 0.94921875 0.011979166666666667 0.011979166666666667 
4 0.6611979166666667 0.9252604166666667 0.009895833333333333 0.009895833333333333 
4 0.6552083333333333 0.9229166666666667 0.011458333333333333 0.010416666666666666 
4 0.47421875 0.6994791666666667 0.015104166666666667 0.007291666666666667 
4 0.4401041666666667 0.6997395833333333 0.0125 0.008854166666666666 
4 0.36770833333333336 0.69453125 0.0125 0.0067708333333333336 
4 0.34817708333333336 0.7057291666666666 0.0078125 0.0125 
4 0.35390625 0.70859375 0.0067708333333333336 0.0109375 
4 0.36015625 0.7083333333333334 0.009895833333333333 0.0125 
4 0.25286458333333334 0.7026041666666667 0.0067708333333333336 0.010416666666666666 
4 0.4518229166666667 0.7106770833333333 0.0067708333333333336 0.011979166666666667 
4 0.5255208333333333 0.8513020833333333 0.008333333333333333 0.011979166666666667 
4 0.51796875 0.85 0.0078125 0.0125 
4 0.52265625 0.8838541666666667 0.0140625 0.008333333333333333 
4 0.46588541666666666 0.8666666666666667 0.013020833333333334 0.008333333333333333 
4 0.35390625 0.8763020833333334 0.015104166666666667 0.008854166666666666 
4 0.24609375 0.9546875 0.0067708333333333336 0.013541666666666667 
4 0.42473958333333334 0.9635416666666666 0.011979166666666667 0.00625 
4 0.42630208333333336 0.9565104166666667 0.009895833333333333 0.0067708333333333336 
7 0.51484375 0.97265625 0.0234375 0.03802083333333333 
7 0.53984375 0.97421875 0.022395833333333334 0.0390625 
4 0.4552083333333333 0.8484375 0.007291666666666667 0.011458333333333333 
4 0.6065104166666667 0.9244791666666666 0.013020833333333334 0.013541666666666667 
4 0.6177083333333333 0.9213541666666667 0.011458333333333333 0.0125 
4 0.625 0.9239583333333333 0.011458333333333333 0.010416666666666666 
4 0.6325520833333333 0.9231770833333334 0.0109375 0.011979166666666667 
4 0.6395833333333333 0.9239583333333333 0.010416666666666666 0.0125 
4 0.6486979166666667 0.9229166666666667 0.0109375 0.011458333333333333 
4 0.6143229166666667 0.72421875 0.005729166666666666 0.011979166666666667 
4 0.7854166666666667 0.6971354166666667 0.011458333333333333 0.0067708333333333336 
4 0.8171875 0.6984375 0.015625 0.009375 
4 0.6578125 0.6893229166666667 0.014583333333333334 0.005729166666666666 
4 0.8734375 0.13541666666666666 0.009375 0.009375 
4 0.8822916666666667 0.12682291666666667 0.011458333333333333 0.0109375 
4 0.6677083333333333 0.13072916666666667 0.007291666666666667 0.0125 
4 0.81328125 0.00859375 0.0067708333333333336 0.013020833333333334 
4 0.7041666666666667 -0.0026041666666666665 0.007291666666666667 0.015625 
4 0.32890625 0.5393229166666667 0.011979166666666667 0.0109375 
4 0.12213541666666666 0.8880208333333334 0.0109375 0.011458333333333333 
4 0.42682291666666666 0.93828125 0.0109375 0.005729166666666666 
5 0.42682291666666666 0.4973958333333333 0.0203125 0.008333333333333333 
4 0.6815104166666667 0.36302083333333335 0.0078125 0.011458333333333333 
4 0.8622395833333333 0.9901041666666667 0.013020833333333334 0.0125 
4 0.915625 0.9833333333333333 0.007291666666666667 0.0125 
4 0.78828125 0.18046875 0.011979166666666667 0.0109375 
4 0.67578125 0.18697916666666667 0.0078125 0.010416666666666666 
4 0.7783854166666667 0.16640625 0.016145833333333335 0.0067708333333333336 
4 0.60859375 0.35651041666666666 0.008854166666666666 0.013020833333333334 
4 0.6497395833333334 0.67265625 0.0067708333333333336 0.0109375 
4 0.6143229166666667 0.6713541666666667 0.015104166666666667 0.009375 
4 0.6255208333333333 0.6770833333333334 0.011458333333333333 0.016666666666666666 
4 0.890625 0.5846354166666666 0.00625 0.0109375 
4 0.9216145833333333 0.6184895833333334 0.009895833333333333 0.005729166666666666 
13 0.7166666666666667 0.60078125 0.026041666666666668 0.0203125 
5 0.703125 0.5513020833333333 0.01875 0.0203125 
4 0.8416666666666667 0.51875 0.0125 0.00625 
4 0.7369791666666666 0.48776041666666664 0.00625 0.011979166666666667 
4 0.7182291666666667 0.48411458333333335 0.010416666666666666 0.0109375 
13 0.8013020833333333 0.42291666666666666 0.022395833333333334 0.021875 
4 0.5807291666666666 0.3216145833333333 0.0125 0.0067708333333333336 
4 0.971875 0.17526041666666667 0.014583333333333334 0.0078125 
4 0.5950520833333334 0.32265625 0.009895833333333333 0.0067708333333333336 
4 0.6880208333333333 0.3265625 0.013541666666666667 0.007291666666666667 
4 0.72421875 0.32890625 0.0140625 0.0078125 
4 0.7299479166666667 0.31536458333333334 0.011979166666666667 0.009895833333333333 
4 0.86015625 0.31979166666666664 0.0067708333333333336 0.011458333333333333 
4 0.846875 0.3546875 0.011458333333333333 0.007291666666666667 
4 0.9635416666666666 0.3606770833333333 0.011458333333333333 0.0067708333333333336 
4 0.97578125 0.3763020833333333 0.0067708333333333336 0.0109375 
4 0.9697916666666667 0.2671875 0.013541666666666667 0.007291666666666667 
4 0.8963541666666667 0.21875 0.008333333333333333 0.013541666666666667 
4 0.9640625 0.18697916666666667 0.0125 0.015625 
4 0.4661458333333333 0.6856770833333333 0.011458333333333333 0.0078125 
4 0.53984375 0.66953125 0.008854166666666666 0.0140625 
4 0.2830729166666667 0.6575520833333334 0.008854166666666666 0.011979166666666667 
5 0.10885416666666667 0.7682291666666666 0.017708333333333333 0.011458333333333333 
4 0.11067708333333333 0.77890625 0.013020833333333334 0.0067708333333333336 
4 0.09895833333333333 0.7546875 0.010416666666666666 0.00625 
4 0.050520833333333334 0.7463541666666667 0.010416666666666666 0.007291666666666667 
4 0.06458333333333334 0.7200520833333334 0.008333333333333333 0.013020833333333334 
4 0.06666666666666667 0.69453125 0.00625 0.0109375 
4 0.052083333333333336 0.7052083333333333 0.010416666666666666 0.00625 
4 0.04739583333333333 0.71171875 0.00625 0.0078125 
4 0.05520833333333333 0.65546875 0.0125 0.0067708333333333336 
4 0.13072916666666667 0.5018229166666667 0.011458333333333333 0.0078125 
4 0.14479166666666668 0.5033854166666667 0.014583333333333334 0.0067708333333333336 
4 0.19036458333333334 0.5182291666666666 0.0140625 0.013541666666666667 
4 0.21328125 0.465625 0.0067708333333333336 0.009375 
4 0.17786458333333333 0.459375 0.0109375 0.0125 
4 0.11510416666666666 0.4078125 0.011458333333333333 0.00625 
4 0.13723958333333333 0.31927083333333334 0.0109375 0.00625 
4 0.14348958333333334 0.2986979166666667 0.011979166666666667 0.0078125 
4 0.22265625 0.3372395833333333 0.0067708333333333336 0.009895833333333333 
4 0.12239583333333333 0.24296875 0.010416666666666666 0.0067708333333333336 
4 0.07734375 0.16197916666666667 0.013020833333333334 0.007291666666666667 
4 0.07708333333333334 0.1484375 0.011458333333333333 0.007291666666666667 
4 0.12786458333333334 0.18385416666666668 0.0078125 0.013541666666666667 
13 0.16380208333333332 0.9455729166666667 0.008854166666666666 0.018229166666666668 
13 0.14375 0.8942708333333333 0.021875 0.017708333333333333 
13 0.17942708333333332 0.89609375 0.021354166666666667 0.0109375 
4 0.013020833333333334 0.8846354166666667 0.005208333333333333 0.011979166666666667 
4 0.21432291666666667 0.9294270833333333 0.011979166666666667 0.0078125 
4 0.020572916666666666 0.88671875 0.0067708333333333336 0.0109375 
4 0.06588541666666667 0.909375 0.0067708333333333336 0.009375 
4 0.06640625 0.8216145833333334 0.0078125 0.0140625 
4 0.121875 0.8299479166666667 0.007291666666666667 0.0109375 
4 0.13020833333333334 0.8299479166666667 0.007291666666666667 0.011979166666666667 
4 0.14765625 0.82890625 0.005729166666666666 0.0109375 
4 0.1546875 0.8294270833333334 0.007291666666666667 0.013020833333333334 
4 0.16640625 0.83046875 0.009895833333333333 0.0078125 
4 0.22005208333333334 0.8346354166666666 0.0078125 0.011979166666666667 
4 0.2234375 0.94609375 0.011458333333333333 0.0078125 
4 0.20729166666666668 0.090625 0.007291666666666667 0.010416666666666666 
4 0.29244791666666664 0.6432291666666666 0.009895833333333333 0.016666666666666666 
4 0.32265625 0.17265625 0.0046875 0.011979166666666667 
4 0.5682291666666667 0.30520833333333336 0.00625 0.010416666666666666 
4 0.5627604166666667 0.3072916666666667 0.0067708333333333336 0.010416666666666666 
4 0.3536458333333333 0.29453125 0.008333333333333333 0.0109375 
4 0.3341145833333333 0.3078125 0.013020833333333334 0.009375 
4 0.5315104166666667 0.3377604166666667 0.0109375 0.005729166666666666 
4 0.4466145833333333 0.334375 0.013020833333333334 0.00625 
4 0.3802083333333333 0.3307291666666667 0.013541666666666667 0.00625 
4 0.34661458333333334 0.3299479166666667 0.013020833333333334 0.0078125 
4 0.22890625 0.3385416666666667 0.0067708333333333336 0.010416666666666666 
4 0.11484375 0.3455729166666667 0.009895833333333333 0.0067708333333333336 
4 0.4875 0.3494791666666667 0.008333333333333333 0.0125 
4 0.41380208333333335 0.34713541666666664 0.0067708333333333336 0.011979166666666667 
4 0.41848958333333336 0.35 0.0046875 0.010416666666666666 
4 0.42421875 0.3489583333333333 0.005729166666666666 0.010416666666666666 
4 0.39817708333333335 0.3463541666666667 0.0078125 0.013541666666666667 
4 0.3932291666666667 0.34609375 0.00625 0.013020833333333334 
4 0.48359375 0.36484375 0.013020833333333334 0.011979166666666667 
4 0.5067708333333333 0.3528645833333333 0.007291666666666667 0.011979166666666667 
4 0.30859375 0.46640625 0.0067708333333333336 0.011979166666666667 
4 0.30755208333333334 0.47890625 0.008854166666666666 0.0109375 
4 0.5109375 0.47291666666666665 0.013541666666666667 0.011458333333333333 
4 0.45677083333333335 0.47604166666666664 0.008333333333333333 0.015625 
4 0.5458333333333333 0.5546875 0.009375 0.011458333333333333 
13 0.5158854166666667 0.6130208333333333 0.0296875 0.016666666666666666 
4 0.32890625 0.17135416666666667 0.0067708333333333336 0.011458333333333333 
4 0.4317708333333333 0.17578125 0.009375 0.013020833333333334 
4 0.39401041666666664 0.17447916666666666 0.011979166666666667 0.013541666666666667 
4 0.40989583333333335 0.10859375 0.007291666666666667 0.0140625 
4 0.48333333333333334 0.11328125 0.013541666666666667 0.0109375 
4 0.4859375 0.13255208333333332 0.014583333333333334 0.0078125 
4 0.35208333333333336 0.12447916666666667 0.0125 0.007291666666666667 
5 0.3294270833333333 0.12395833333333334 0.0265625 0.009375 
4 0.24557291666666667 0.09557291666666666 0.013020833333333334 0.0140625 
4 0.30755208333333334 0.09557291666666666 0.0140625 0.009895833333333333 
