11 0.4393939393939394 0.501123595505618 0.21212121212121213 0.1662921348314607 
4 0.676046176046176 0.8488764044943821 0.05627705627705628 0.0348314606741573 
4 0.6168831168831169 0.8275280898876405 0.050505050505050504 0.03258426966292135 
4 0.6493506493506493 0.9702247191011236 0.046176046176046176 0.030337078651685393 
4 0.43217893217893216 0.6438202247191012 0.044733044733044736 0.035955056179775284 
4 0.5822510822510822 0.5213483146067416 0.047619047619047616 0.04269662921348315 
4 0.36075036075036077 0.4702247191011236 0.046176046176046176 0.03707865168539326 
4 0.6493506493506493 0.40561797752808987 0.049062049062049064 0.04044943820224719 
4 0.7698412698412699 0.34101123595505617 0.050505050505050504 0.03932584269662921 
4 0.7445887445887446 0.31348314606741573 0.05194805194805195 0.04044943820224719 
4 0.6652236652236653 0.2657303370786517 0.04040404040404041 0.03258426966292135 
