5 0.21276041666666667 0.05260416666666667 0.0328125 0.034375 
5 0.2518229166666667 0.05286458333333333 0.030729166666666665 0.034895833333333334 
5 0.2703125 0.05130208333333333 0.030208333333333334 0.0328125 
5 0.31354166666666666 0.057291666666666664 0.03229166666666667 0.03333333333333333 
5 0.33515625 0.058854166666666666 0.0328125 0.03229166666666667 
5 0.3575520833333333 0.06145833333333333 0.03177083333333333 0.035416666666666666 
5 0.37473958333333335 0.06015625 0.0328125 0.0359375 
5 0.19505208333333332 0.09036458333333333 0.0359375 0.0328125 
5 0.21744791666666666 0.09036458333333333 0.034895833333333334 0.0328125 
5 0.24140625 0.08776041666666666 0.033854166666666664 0.0328125 
5 0.2557291666666667 0.09479166666666666 0.035416666666666666 0.034375 
5 0.28046875 0.09166666666666666 0.033854166666666664 0.03333333333333333 
5 0.30130208333333336 0.09114583333333333 0.0359375 0.03333333333333333 
5 0.321875 0.09088541666666666 0.035416666666666666 0.033854166666666664 
5 0.33984375 0.0953125 0.03802083333333333 0.03229166666666667 
5 0.35182291666666665 0.10390625 0.0359375 0.03177083333333333 
5 0.3859375 0.09453125 0.035416666666666666 0.0328125 
5 0.20494791666666667 0.17604166666666668 0.0359375 0.035416666666666666 
5 0.22421875 0.17708333333333334 0.034895833333333334 0.034375 
5 0.24244791666666668 0.17604166666666668 0.0328125 0.034375 
5 0.23203125 0.05390625 0.033854166666666664 0.034895833333333334 
5 0.31171875 0.6174479166666667 0.0421875 0.03802083333333333 
5 0.26614583333333336 0.17916666666666667 0.03125 0.036458333333333336 
5 0.2838541666666667 0.17864583333333334 0.03333333333333333 0.035416666666666666 
5 0.3033854166666667 0.17916666666666667 0.0328125 0.036458333333333336 
5 0.19375 0.2125 0.0375 0.035416666666666666 
5 0.37213541666666666 0.34921875 0.034895833333333334 0.033854166666666664 
5 0.27317708333333335 0.43645833333333334 0.03697916666666667 0.03958333333333333 
5 0.29348958333333336 0.43697916666666664 0.034895833333333334 0.0375 
5 0.31484375 0.4390625 0.0359375 0.0375 
5 0.3341145833333333 0.43984375 0.0359375 0.03802083333333333 
5 0.3567708333333333 0.44166666666666665 0.03229166666666667 0.03229166666666667 
5 0.23776041666666667 0.47291666666666665 0.043229166666666666 0.03958333333333333 
5 0.21770833333333334 0.47291666666666665 0.042708333333333334 0.041666666666666664 
5 0.2 0.46875 0.036458333333333336 0.03333333333333333 
5 0.178125 0.46979166666666666 0.03958333333333333 0.036458333333333336 
5 0.22552083333333334 0.5708333333333333 0.040625 0.042708333333333334 
5 0.24635416666666668 0.57265625 0.03958333333333333 0.044270833333333336 
5 0.265625 0.5721354166666667 0.041666666666666664 0.04635416666666667 
5 0.2864583333333333 0.5731770833333333 0.040625 0.04635416666666667 
5 0.3067708333333333 0.5744791666666667 0.041666666666666664 0.04479166666666667 
5 0.3453125 0.5736979166666667 0.040625 0.044270833333333336 
5 0.1734375 0.6067708333333334 0.046875 0.03958333333333333 
5 0.2109375 0.6098958333333333 0.042708333333333334 0.041666666666666664 
5 0.23255208333333333 0.6127604166666667 0.044270833333333336 0.0390625 
5 0.35052083333333334 0.34739583333333335 0.035416666666666666 0.03333333333333333 
5 0.33098958333333334 0.34661458333333334 0.034895833333333334 0.0328125 
5 0.3111979166666667 0.34453125 0.034895833333333334 0.033854166666666664 
5 0.24244791666666668 0.30833333333333335 0.034895833333333334 0.035416666666666666 
5 0.21041666666666667 0.21796875 0.036458333333333336 0.0359375 
5 0.23333333333333334 0.21614583333333334 0.0375 0.035416666666666666 
5 0.25494791666666666 0.21640625 0.0359375 0.034895833333333334 
5 0.2765625 0.2171875 0.036458333333333336 0.03229166666666667 
5 0.29401041666666666 0.22057291666666667 0.03697916666666667 0.033854166666666664 
5 0.3106770833333333 0.221875 0.03697916666666667 0.035416666666666666 
5 0.334375 0.22421875 0.0375 0.033854166666666664 
5 0.221875 0.30755208333333334 0.034375 0.0359375 
5 0.26223958333333336 0.30911458333333336 0.034895833333333334 0.0359375 
5 0.28932291666666665 0.34479166666666666 0.0328125 0.03333333333333333 
5 0.27786458333333336 0.30625 0.034895833333333334 0.035416666666666666 
5 0.321875 0.31223958333333335 0.03333333333333333 0.034895833333333334 
5 0.34296875 0.31302083333333336 0.0328125 0.034375 
5 0.3606770833333333 0.31197916666666664 0.0328125 0.034375 
5 0.1890625 0.3377604166666667 0.0375 0.033854166666666664 
5 0.20677083333333332 0.3421875 0.036458333333333336 0.03333333333333333 
5 0.24739583333333334 0.34401041666666665 0.036458333333333336 0.0328125 
5 0.2721354166666667 0.34375 0.033854166666666664 0.03229166666666667 
5 0.2520833333333333 0.6169270833333333 0.04375 0.0390625 
5 0.3494791666666667 0.61953125 0.04375 0.0390625 
5 0.6817708333333333 0.32526041666666666 0.040625 0.0421875 
5 0.7434895833333334 0.32734375 0.043229166666666666 0.043229166666666666 
5 0.7614583333333333 0.32526041666666666 0.041666666666666664 0.043229166666666666 
5 0.78515625 0.3294270833333333 0.04010416666666667 0.043229166666666666 
5 0.5263020833333333 0.3606770833333333 0.044270833333333336 0.0390625 
5 0.5489583333333333 0.36015625 0.041666666666666664 0.0390625 
5 0.5682291666666667 0.36276041666666664 0.04375 0.03802083333333333 
5 0.5893229166666667 0.36223958333333334 0.0421875 0.03697916666666667 
5 0.6049479166666667 0.3645833333333333 0.044270833333333336 0.03958333333333333 
5 0.6294270833333333 0.3658854166666667 0.0421875 0.03697916666666667 
5 0.6497395833333334 0.3671875 0.043229166666666666 0.03854166666666667 
5 0.6864583333333333 0.36875 0.04583333333333333 0.040625 
5 0.7122395833333334 0.36875 0.04114583333333333 0.03958333333333333 
5 0.7278645833333334 0.37083333333333335 0.0453125 0.04375 
5 0.7692708333333333 0.37213541666666666 0.04375 0.0390625 
5 0.7911458333333333 0.3736979166666667 0.04375 0.03802083333333333 
5 0.5111979166666667 0.44114583333333335 0.04114583333333333 0.04375 
5 0.53515625 0.44427083333333334 0.0390625 0.042708333333333334 
5 0.5565104166666667 0.44583333333333336 0.04010416666666667 0.04375 
5 0.57578125 0.4471354166666667 0.03697916666666667 0.043229166666666666 
5 0.6997395833333333 0.32317708333333334 0.0421875 0.04635416666666667 
5 0.61875 0.3203125 0.041666666666666664 0.042708333333333334 
5 0.15416666666666667 0.7239583333333334 0.04583333333333333 0.03958333333333333 
5 0.5966145833333333 0.3177083333333333 0.04114583333333333 0.042708333333333334 
5 0.7276041666666667 0.19895833333333332 0.042708333333333334 0.04375 
5 0.7479166666666667 0.19973958333333333 0.041666666666666664 0.0453125 
5 0.7682291666666666 0.19895833333333332 0.04375 0.04479166666666667 
5 0.790625 0.20260416666666667 0.041666666666666664 0.042708333333333334 
5 0.5346354166666667 0.23203125 0.04635416666666667 0.043229166666666666 
5 0.5932291666666667 0.23567708333333334 0.04479166666666667 0.0390625 
5 0.61328125 0.23671875 0.0421875 0.0390625 
5 0.6341145833333334 0.2375 0.044270833333333336 0.03854166666666667 
5 0.6541666666666667 0.23984375 0.04583333333333333 0.0390625 
5 0.67578125 0.23958333333333334 0.043229166666666666 0.03958333333333333 
5 0.69375 0.24114583333333334 0.042708333333333334 0.0375 
5 0.7151041666666667 0.24114583333333334 0.042708333333333334 0.03958333333333333 
5 0.7356770833333334 0.24166666666666667 0.0421875 0.03854166666666667 
5 0.75625 0.24296875 0.04479166666666667 0.04010416666666667 
5 0.7768229166666667 0.24479166666666666 0.043229166666666666 0.03958333333333333 
5 0.7981770833333334 0.24635416666666668 0.043229166666666666 0.03958333333333333 
5 0.521875 0.3203125 0.042708333333333334 0.04791666666666667 
5 0.5408854166666667 0.31588541666666664 0.0421875 0.044270833333333336 
5 0.5794270833333334 0.3190104166666667 0.04010416666666667 0.044270833333333336 
5 0.5966145833333333 0.44947916666666665 0.04114583333333333 0.04583333333333333 
5 0.6158854166666666 0.44973958333333336 0.04114583333333333 0.04114583333333333 
5 0.6346354166666667 0.44817708333333334 0.043229166666666666 0.043229166666666666 
5 0.6768229166666667 0.4518229166666667 0.0390625 0.044270833333333336 
5 0.62421875 0.49140625 0.04114583333333333 0.0390625 
5 0.6979166666666666 0.45234375 0.041666666666666664 0.043229166666666666 
5 0.7182291666666667 0.45390625 0.041666666666666664 0.04010416666666667 
5 0.7567708333333333 0.45416666666666666 0.040625 0.041666666666666664 
5 0.52421875 0.48385416666666664 0.0453125 0.040625 
5 0.54375 0.48671875 0.04375 0.0390625 
5 0.56328125 0.48984375 0.044270833333333336 0.04010416666666667 
5 0.584375 0.49166666666666664 0.03958333333333333 0.03958333333333333 
5 0.6041666666666666 0.4901041666666667 0.042708333333333334 0.03958333333333333 
5 0.665625 0.49375 0.041666666666666664 0.041666666666666664 
5 0.7065104166666667 0.49505208333333334 0.04114583333333333 0.04010416666666667 
5 0.746875 0.49583333333333335 0.041666666666666664 0.03958333333333333 
5 0.7674479166666667 0.4953125 0.04114583333333333 0.03854166666666667 
5 0.72421875 0.8518229166666667 0.0421875 0.043229166666666666 
5 0.7596354166666667 0.85546875 0.04114583333333333 0.043229166666666666 
5 0.7794270833333333 0.85546875 0.0421875 0.044270833333333336 
5 0.8026041666666667 0.8583333333333333 0.040625 0.04479166666666667 
5 0.8197916666666667 0.8552083333333333 0.042708333333333334 0.041666666666666664 
5 0.7052083333333333 0.19739583333333333 0.041666666666666664 0.04583333333333333 
5 0.6875 0.1984375 0.042708333333333334 0.04479166666666667 
5 0.6697916666666667 0.1984375 0.03854166666666667 0.04375 
5 0.0013020833333333333 0.5651041666666666 0.03697916666666667 0.03854166666666667 
5 0.16276041666666666 0.7359375 0.043229166666666666 0.03958333333333333 
5 0.22317708333333333 0.7393229166666667 0.044270833333333336 0.04114583333333333 
5 0.26276041666666666 0.7427083333333333 0.0359375 0.03333333333333333 
5 0.2046875 0.8236979166666667 0.036458333333333336 0.0421875 
5 -0.01484375 0.5635416666666667 0.0390625 0.03958333333333333 
5 0.01796875 0.5677083333333334 0.030729166666666665 0.029166666666666667 
5 0.6489583333333333 0.19739583333333333 0.0375 0.04479166666666667 
5 0.7755208333333333 0.07421875 0.03958333333333333 0.044270833333333336 
5 0.7950520833333333 0.0734375 0.03802083333333333 0.042708333333333334 
5 0.5575520833333333 0.10703125 0.043229166666666666 0.04010416666666667 
5 0.5770833333333333 0.10989583333333333 0.042708333333333334 0.03958333333333333 
5 0.5989583333333334 0.10963541666666667 0.04583333333333333 0.04010416666666667 
5 0.6169270833333333 0.1125 0.044270833333333336 0.03854166666666667 
5 0.6611979166666667 0.1125 0.0421875 0.03854166666666667 
5 0.6830729166666667 0.11015625 0.0421875 0.03802083333333333 
5 0.7002604166666667 0.11536458333333334 0.044270833333333336 0.0390625 
5 0.7203125 0.11510416666666666 0.04479166666666667 0.03958333333333333 
5 0.74140625 0.11692708333333333 0.0421875 0.0421875 
5 0.7604166666666666 0.11875 0.04479166666666667 0.040625 
5 0.78046875 0.12109375 0.044270833333333336 0.0390625 
5 0.80234375 0.121875 0.043229166666666666 0.040625 
5 0.5268229166666667 0.18958333333333333 0.0421875 0.04479166666666667 
5 0.5484375 0.19244791666666666 0.041666666666666664 0.0453125 
5 0.5669270833333333 0.19244791666666666 0.04114583333333333 0.04635416666666667 
5 0.5872395833333334 0.19036458333333334 0.04114583333333333 0.043229166666666666 
5 0.6283854166666667 0.1953125 0.0421875 0.04583333333333333 
5 0.7526041666666666 0.06848958333333334 0.03854166666666667 0.0453125 
5 0.73125 0.06901041666666667 0.03854166666666667 0.044270833333333336 
5 0.6955729166666667 0.0703125 0.04114583333333333 0.04375 
5 0.7700520833333333 -0.013802083333333333 0.043229166666666666 0.04010416666666667 
5 0.57734375 -0.013020833333333334 0.0421875 0.03958333333333333 
5 0.6473958333333333 -0.015885416666666666 0.042708333333333334 0.04114583333333333 
5 0.6669270833333333 -0.013802083333333333 0.044270833333333336 0.04114583333333333 
5 0.6872395833333333 -0.013802083333333333 0.0421875 0.04114583333333333 
5 0.7080729166666667 -0.013802083333333333 0.044270833333333336 0.04010416666666667 
5 0.7291666666666666 -0.011979166666666667 0.04375 0.03958333333333333 
5 0.7864583333333334 -0.0078125 0.04479166666666667 0.03854166666666667 
5 0.6736979166666667 0.06848958333333334 0.044270833333333336 0.043229166666666666 
5 0.8065104166666667 -0.00546875 0.044270833333333336 0.04010416666666667 
5 0.5309895833333333 0.06067708333333333 0.04114583333333333 0.044270833333333336 
5 0.5494791666666666 0.05911458333333333 0.040625 0.044270833333333336 
5 0.56953125 0.061197916666666664 0.04114583333333333 0.044270833333333336 
5 0.5942708333333333 0.06796875 0.042708333333333334 0.043229166666666666 
5 0.6125 0.06614583333333333 0.041666666666666664 0.04479166666666667 
5 0.6333333333333333 0.06640625 0.041666666666666664 0.0421875 
5 0.6541666666666667 0.06796875 0.03958333333333333 0.043229166666666666 
