4 0.06380208333333333 0.60078125 0.011979166666666667 0.0067708333333333336 
4 0.015625 0.9184895833333333 0.0125 0.005729166666666666 
4 0.06171875 0.62578125 0.0109375 0.005729166666666666 
4 -0.0015625 0.6263020833333334 0.011458333333333333 0.005729166666666666 
4 0.1609375 0.790625 0.005208333333333333 0.010416666666666666 
4 0.14166666666666666 0.75078125 0.008333333333333333 0.013020833333333334 
4 0.13489583333333333 0.7510416666666667 0.00625 0.011458333333333333 
4 0.0359375 0.76328125 0.014583333333333334 0.0067708333333333336 
4 0.07708333333333334 0.7526041666666666 0.007291666666666667 0.013541666666666667 
4 0.0078125 0.7815104166666667 0.0125 0.005729166666666666 
4 0.002864583333333333 0.7877604166666666 0.0109375 0.011979166666666667 
4 0.12760416666666666 0.7802083333333333 0.011458333333333333 0.00625 
4 0.0036458333333333334 0.9083333333333333 0.005208333333333333 0.011458333333333333 
4 0.1015625 0.9067708333333333 0.00625 0.0125 
4 0.11067708333333333 0.9067708333333333 0.0109375 0.011458333333333333 
4 0.13177083333333334 0.9065104166666667 0.00625 0.011979166666666667 
4 0.13958333333333334 0.90703125 0.009375 0.011979166666666667 
4 0.15026041666666667 0.90625 0.013020833333333334 0.0125 
4 0.14557291666666666 0.9166666666666666 0.013020833333333334 0.007291666666666667 
4 0.18203125 0.9359375 0.0109375 0.00625 
4 0.1703125 0.9354166666666667 0.011458333333333333 0.00625 
4 0.09244791666666667 0.9372395833333333 0.011979166666666667 0.005729166666666666 
13 0.04114583333333333 0.70546875 0.019791666666666666 0.0140625 
13 0.0 0.8614583333333333 0.019791666666666666 0.014583333333333334 
13 0.020052083333333335 0.8393229166666667 0.022395833333333334 0.015104166666666667 
13 0.12317708333333334 0.7044270833333334 0.025520833333333333 0.013020833333333334 
13 0.00703125 0.7052083333333333 0.028645833333333332 0.014583333333333334 
13 0.12161458333333333 0.5427083333333333 0.0234375 0.019791666666666666 
13 0.20598958333333334 0.5388020833333333 0.0234375 0.0140625 
13 0.2 0.5231770833333333 0.020833333333333332 0.0140625 
13 0.3026041666666667 0.5765625 0.016666666666666666 0.023958333333333335 
13 0.32473958333333336 0.5895833333333333 0.0171875 0.023958333333333335 
13 0.32265625 0.5244791666666667 0.0140625 0.026041666666666668 
13 0.31614583333333335 0.4901041666666667 0.011458333333333333 0.020833333333333332 
13 0.14244791666666667 0.5216145833333333 0.0171875 0.0203125 
13 0.30104166666666665 0.4744791666666667 0.014583333333333334 0.023958333333333335 
13 0.10260416666666666 0.9963541666666667 0.027083333333333334 0.017708333333333333 
13 0.30104166666666665 0.5330729166666667 0.013541666666666667 0.025520833333333333 
13 0.3372395833333333 0.36380208333333336 0.018229166666666668 0.018229166666666668 
13 0.459375 0.07213541666666666 0.013541666666666667 0.030729166666666665 
13 0.42916666666666664 0.06458333333333334 0.026041666666666668 0.015625 
13 0.3875 0.06744791666666666 0.030208333333333334 0.015104166666666667 
13 0.3333333333333333 0.06588541666666667 0.023958333333333335 0.0203125 
13 0.296875 0.06484375 0.025 0.0140625 
13 0.2484375 0.06848958333333334 0.027083333333333334 0.025520833333333333 
13 0.21067708333333332 0.06927083333333334 0.027604166666666666 0.013541666666666667 
13 0.17239583333333333 0.06848958333333334 0.026041666666666668 0.016145833333333335 
13 0.1265625 0.06796875 0.027083333333333334 0.019270833333333334 
13 0.2908854166666667 0.39505208333333336 0.015104166666666667 0.030729166666666665 
13 0.22994791666666667 0.36041666666666666 0.018229166666666668 0.026041666666666668 
13 0.27395833333333336 0.20703125 0.022916666666666665 0.013020833333333334 
13 0.2328125 0.21067708333333332 0.020833333333333332 0.009895833333333333 
13 0.23697916666666666 0.23411458333333332 0.017708333333333333 0.0234375 
13 0.190625 0.23098958333333333 0.026041666666666668 0.019270833333333334 
13 0.175 0.209375 0.021875 0.017708333333333333 
13 0.14166666666666666 0.22864583333333333 0.035416666666666666 0.016666666666666666 
13 0.10807291666666667 0.23072916666666668 0.025520833333333333 0.020833333333333332 
13 0.05390625 0.21223958333333334 0.027604166666666666 0.0140625 
13 0.25546875 0.38515625 0.0203125 0.024479166666666666 
13 0.27057291666666666 0.365625 0.024479166666666666 0.0125 
13 0.08229166666666667 0.36432291666666666 0.01875 0.021354166666666667 
13 0.14375 0.38385416666666666 0.029166666666666667 0.013541666666666667 
13 0.016666666666666666 0.36614583333333334 0.026041666666666668 0.019791666666666666 
13 0.0010416666666666667 0.3875 0.022916666666666665 0.016666666666666666 
13 0.10625 0.5231770833333333 0.023958333333333335 0.015104166666666667 
13 0.06979166666666667 0.5416666666666666 0.030208333333333334 0.020833333333333332 
13 0.0359375 0.5408854166666667 0.026041666666666668 0.016145833333333335 
13 0.13828125 0.9955729166666667 0.025520833333333333 0.018229166666666668 
13 0.14453125 0.85546875 0.0265625 0.011979166666666667 
13 0.8567708333333334 0.20364583333333333 0.014583333333333334 0.03229166666666667 
13 0.8927083333333333 0.6174479166666667 0.017708333333333333 0.024479166666666666 
13 0.8669270833333333 0.6122395833333333 0.024479166666666666 0.022395833333333334 
13 0.8270833333333333 0.6354166666666666 0.025 0.017708333333333333 
13 0.76640625 0.63203125 0.021354166666666667 0.0140625 
13 0.73671875 0.6221354166666667 0.021354166666666667 0.0234375 
13 0.7671875 0.5940104166666667 0.028125 0.025520833333333333 
13 0.82265625 0.48046875 0.0140625 0.0171875 
13 0.8854166666666666 0.4630208333333333 0.030208333333333334 0.026041666666666668 
13 0.9169270833333333 0.44583333333333336 0.03697916666666667 0.029166666666666667 
13 0.8981770833333333 0.25807291666666665 0.027604166666666666 0.03177083333333333 
13 0.878125 0.21875 0.014583333333333334 0.023958333333333335 
13 0.8567708333333334 0.25494791666666666 0.0125 0.028645833333333332 
13 0.8583333333333333 0.28802083333333334 0.015625 0.025 
13 0.8486979166666667 0.3346354166666667 0.019270833333333334 0.0328125 
13 0.8223958333333333 0.42734375 0.016666666666666666 0.0296875 
13 0.7580729166666667 0.53828125 0.022395833333333334 0.025520833333333333 
13 0.72421875 0.5825520833333333 0.0203125 0.0234375 
13 0.69921875 0.6104166666666667 0.015104166666666667 0.017708333333333333 
13 0.6606770833333333 0.6395833333333333 0.0296875 0.029166666666666667 
13 0.60078125 0.7489583333333333 0.021354166666666667 0.03229166666666667 
13 0.91640625 0.7736979166666667 0.030729166666666665 0.0171875 
13 0.8265625 0.7752604166666667 0.025 0.022395833333333334 
13 0.775 0.7765625 0.03125 0.020833333333333332 
13 0.70625 0.7752604166666667 0.034375 0.028645833333333332 
13 0.4625 0.8411458333333334 0.0125 0.011458333333333333 
13 0.72890625 0.3611979166666667 0.025520833333333333 0.025520833333333333 
13 0.6661458333333333 0.42578125 0.01875 0.0265625 
13 0.6942708333333333 0.36354166666666665 0.026041666666666668 0.019791666666666666 
13 0.21927083333333333 0.83984375 0.020833333333333332 0.013020833333333334 
13 0.3971354166666667 0.7372395833333333 0.024479166666666666 0.025520833333333333 
13 0.34088541666666666 0.7018229166666666 0.027604166666666666 0.018229166666666668 
13 0.3072916666666667 0.71015625 0.028125 0.024479166666666666 
13 0.2453125 0.7028645833333333 0.023958333333333335 0.0265625 
13 0.34401041666666665 0.9106770833333333 0.024479166666666666 0.0234375 
13 0.34322916666666664 0.8872395833333333 0.03229166666666667 0.025520833333333333 
13 0.2981770833333333 0.8580729166666666 0.019270833333333334 0.0203125 
13 0.2828125 0.871875 0.028125 0.022916666666666665 
13 0.25338541666666664 0.8606770833333334 0.0296875 0.0234375 
13 0.2630208333333333 0.8450520833333334 0.022916666666666665 0.0171875 
13 0.6036458333333333 0.3609375 0.03229166666666667 0.01875 
13 0.6244791666666667 0.06848958333333334 0.014583333333333334 0.0265625 
13 0.56796875 0.3768229166666667 0.022395833333333334 0.018229166666666668 
13 0.55078125 0.3609375 0.0234375 0.0125 
13 0.521875 0.3611979166666667 0.025 0.015104166666666667 
13 0.47578125 0.3807291666666667 0.027604166666666666 0.016666666666666666 
13 0.46432291666666664 0.36328125 0.0265625 0.011979166666666667 
13 0.42109375 0.37994791666666666 0.024479166666666666 0.0140625 
13 0.42682291666666666 0.3645833333333333 0.0296875 0.014583333333333334 
13 0.7533854166666667 0.2203125 0.0265625 0.017708333333333333 
13 0.6971354166666667 0.21901041666666668 0.0203125 0.015104166666666667 
13 0.6966145833333334 0.19609375 0.0234375 0.0140625 
13 0.659375 0.21953125 0.026041666666666668 0.0203125 
13 0.62734375 0.20286458333333332 0.0140625 0.027604166666666666 
13 0.6255208333333333 0.16145833333333334 0.015625 0.030208333333333334 
13 0.5169270833333334 0.06692708333333333 0.021354166666666667 0.022395833333333334 
13 0.4401041666666667 0.9721354166666667 0.015625 0.0265625 
13 0.4765625 0.20677083333333332 0.03125 0.019791666666666666 
13 0.44088541666666664 0.22369791666666666 0.0234375 0.019270833333333334 
13 0.30390625 0.20833333333333334 0.025520833333333333 0.015625 
13 0.5015625 0.57265625 0.025 0.0265625 
13 0.5921875 0.5046875 0.027083333333333334 0.029166666666666667 
13 0.5635416666666667 0.5268229166666667 0.028125 0.028645833333333332 
13 0.5356770833333333 0.52578125 0.024479166666666666 0.027604166666666666 
13 0.5291666666666667 0.5640625 0.025 0.027083333333333334 
13 0.46380208333333334 0.47942708333333334 0.019270833333333334 0.0265625 
13 0.4984375 0.6328125 0.027083333333333334 0.036458333333333336 
13 0.5197916666666667 0.7802083333333333 0.021875 0.027083333333333334 
13 0.4921875 0.8151041666666666 0.016666666666666666 0.026041666666666668 
13 0.44453125 0.9346354166666667 0.018229166666666668 0.028645833333333332 
4 0.13359375 0.6252604166666667 0.009895833333333333 0.0067708333333333336 
4 0.050520833333333334 0.6018229166666667 0.011458333333333333 0.005729166666666666 
4 0.03854166666666667 0.60234375 0.011458333333333333 0.0067708333333333336 
4 0.63828125 0.28203125 0.009895833333333333 0.0078125 
4 0.6265625 0.28229166666666666 0.011458333333333333 0.007291666666666667 
4 0.625 0.5450520833333333 0.010416666666666666 0.0109375 
4 0.64921875 0.5864583333333333 0.0109375 0.011458333333333333 
4 0.6455729166666667 0.590625 0.009895833333333333 0.0125 
4 0.7143229166666667 0.6802083333333333 0.0078125 0.011458333333333333 
4 0.11458333333333333 0.8940104166666667 0.00625 0.011979166666666667 
4 0.37057291666666664 0.8359375 0.013020833333333334 0.0125 
4 0.4591145833333333 0.6440104166666667 0.008854166666666666 0.011979166666666667 
4 0.13541666666666666 0.7916666666666666 0.005208333333333333 0.010416666666666666 
4 0.03984375 0.81171875 0.005729166666666666 0.0109375 
4 0.058854166666666666 0.8276041666666667 0.004166666666666667 0.0125 
4 0.9604166666666667 0.9786458333333333 0.005208333333333333 0.010416666666666666 
4 0.38229166666666664 0.5270833333333333 0.00625 0.011458333333333333 
4 0.44375 0.6955729166666667 0.015625 0.0140625 
4 0.5458333333333333 0.6791666666666667 0.013541666666666667 0.013541666666666667 
4 0.5635416666666667 0.6489583333333333 0.0125 0.0125 
4 0.5408854166666667 0.6229166666666667 0.0109375 0.0125 
4 0.5549479166666667 0.6239583333333333 0.013020833333333334 0.0125 
4 0.540625 0.6377604166666667 0.0125 0.013020833333333334 
4 0.41953125 0.6518229166666667 0.011979166666666667 0.011979166666666667 
4 0.44192708333333336 0.653125 0.011979166666666667 0.0125 
4 0.40208333333333335 0.6265625 0.007291666666666667 0.010416666666666666 
4 0.4015625 0.596875 0.007291666666666667 0.011458333333333333 
13 0.32265625 0.4322916666666667 0.013020833333333334 0.020833333333333332 
4 0.37161458333333336 0.5421875 0.011979166666666667 0.00625 
4 0.2552083333333333 0.5028645833333333 0.013541666666666667 0.0109375 
4 0.5315104166666667 0.47109375 0.005729166666666666 0.0109375 
4 0.19479166666666667 0.6231770833333333 0.015625 0.008854166666666666 
5 0.52421875 0.4778645833333333 0.0078125 0.018229166666666668 
4 0.5145833333333333 0.46953125 0.007291666666666667 0.013020833333333334 
4 0.5015625 0.46901041666666665 0.007291666666666667 0.0109375 
4 0.553125 0.45755208333333336 0.010416666666666666 0.0067708333333333336 
4 0.48776041666666664 0.4591145833333333 0.0109375 0.0067708333333333336 
4 0.48359375 0.4296875 0.005729166666666666 0.011458333333333333 
4 0.4778645833333333 0.42942708333333335 0.005729166666666666 0.011979166666666667 
4 0.25442708333333336 0.2752604166666667 0.009895833333333333 0.0109375 
4 0.20651041666666667 0.2877604166666667 0.011979166666666667 0.0067708333333333336 
4 0.21901041666666668 0.2875 0.0109375 0.007291666666666667 
4 0.246875 0.32265625 0.010416666666666666 0.013020833333333334 
4 0.28958333333333336 0.3059895833333333 0.011458333333333333 0.0078125 
4 0.31145833333333334 0.31640625 0.007291666666666667 0.008854166666666666 
4 0.33671875 0.65234375 0.0109375 0.008854166666666666 
4 0.3692708333333333 0.6822916666666666 0.010416666666666666 0.011458333333333333 
4 0.33229166666666665 0.31796875 0.009375 0.013020833333333334 
4 0.36302083333333335 0.6924479166666667 0.009375 0.011979166666666667 
4 0.225 0.7497395833333333 0.007291666666666667 0.009895833333333333 
4 0.28020833333333334 0.7481770833333333 0.007291666666666667 0.015104166666666667 
4 0.23984375 0.7486979166666666 0.005729166666666666 0.0109375 
4 0.29609375 0.7697916666666667 0.013020833333333334 0.009375 
4 0.36770833333333336 0.8096354166666667 0.0125 0.013020833333333334 
4 0.32890625 0.7841145833333333 0.013020833333333334 0.009895833333333333 
4 0.4630208333333333 0.7731770833333333 0.011458333333333333 0.009895833333333333 
4 0.46510416666666665 0.7677083333333333 0.0125 0.011458333333333333 
4 0.4395833333333333 0.7729166666666667 0.0125 0.013541666666666667 
4 0.4161458333333333 0.6901041666666666 0.011458333333333333 0.0125 
4 0.31927083333333334 0.31744791666666666 0.0125 0.011979166666666667 
4 0.46119791666666665 0.3140625 0.0067708333333333336 0.011458333333333333 
4 0.08671875 0.434375 0.005729166666666666 0.010416666666666666 
4 0.15963541666666667 0.2755208333333333 0.008854166666666666 0.0125 
4 0.011197916666666667 0.30885416666666665 0.0109375 0.00625 
4 0.022916666666666665 0.30911458333333336 0.010416666666666666 0.0067708333333333336 
4 0.078125 0.31927083333333334 0.010416666666666666 0.011458333333333333 
4 0.047135416666666666 0.30963541666666666 0.011979166666666667 0.005729166666666666 
4 0.134375 0.28958333333333336 0.014583333333333334 0.00625 
4 0.16145833333333334 0.3184895833333333 0.007291666666666667 0.011979166666666667 
4 0.15963541666666667 0.33671875 0.005729166666666666 0.009895833333333333 
4 0.0020833333333333333 0.46588541666666666 0.0125 0.005729166666666666 
4 0.08020833333333334 0.43411458333333336 0.00625 0.011979166666666667 
4 0.1609375 0.4328125 0.008333333333333333 0.011458333333333333 
4 0.012239583333333333 0.4466145833333333 0.0140625 0.0078125 
4 0.09583333333333334 0.4453125 0.0125 0.007291666666666667 
4 0.10729166666666666 0.44453125 0.011458333333333333 0.005729166666666666 
4 0.13177083333333334 0.44375 0.013541666666666667 0.007291666666666667 
4 0.18203125 0.4734375 0.0067708333333333336 0.010416666666666666 
4 0.16666666666666666 0.4739583333333333 0.007291666666666667 0.011458333333333333 
4 0.0953125 0.47265625 0.009375 0.0140625 
4 0.16380208333333332 0.58984375 0.005729166666666666 0.011979166666666667 
4 0.00234375 0.5927083333333333 0.0067708333333333336 0.011458333333333333 
4 0.17604166666666668 0.2760416666666667 0.008333333333333333 0.011458333333333333 
4 0.0890625 0.15286458333333333 0.013541666666666667 0.0078125 
4 0.5052083333333334 0.3138020833333333 0.007291666666666667 0.009895833333333333 
4 0.25859375 0.16197916666666667 0.0046875 0.010416666666666666 
4 0.5520833333333334 0.3140625 0.00625 0.008333333333333333 
4 0.546875 0.31302083333333336 0.007291666666666667 0.011458333333333333 
4 0.4588541666666667 0.2833333333333333 0.0125 0.008333333333333333 
4 0.5119791666666667 0.271875 0.010416666666666666 0.0125 
4 0.3880208333333333 0.15989583333333332 0.005208333333333333 0.008333333333333333 
4 0.38177083333333334 0.15989583333333332 0.007291666666666667 0.011458333333333333 
4 0.37447916666666664 0.16953125 0.007291666666666667 0.0109375 
4 0.4700520833333333 0.15885416666666666 0.0067708333333333336 0.011458333333333333 
4 0.5755208333333334 0.09244791666666667 0.015625 0.011979166666666667 
4 0.5177083333333333 0.14739583333333334 0.0125 0.007291666666666667 
4 0.44765625 0.14817708333333332 0.013020833333333334 0.0078125 
4 0.4356770833333333 0.14739583333333334 0.011979166666666667 0.00625 
4 0.33359375 0.16302083333333334 0.0067708333333333336 0.011458333333333333 
4 0.25 0.16276041666666666 0.008333333333333333 0.013020833333333334 
4 0.16770833333333332 0.13203125 0.013541666666666667 0.0067708333333333336 
4 0.20885416666666667 0.16380208333333332 0.0125 0.013020833333333334 
4 0.4921875 0.14765625 0.0125 0.0078125 
4 0.39869791666666665 0.14791666666666667 0.0109375 0.00625 
4 0.3533854166666667 0.14921875 0.011979166666666667 0.0067708333333333336 
4 0.3171875 0.12994791666666666 0.013541666666666667 0.0067708333333333336 
4 0.27057291666666666 0.1171875 0.0109375 0.013541666666666667 
4 0.3671875 0.11666666666666667 0.009375 0.013541666666666667 
4 0.12526041666666668 0.16536458333333334 0.008854166666666666 0.013020833333333334 
4 0.10833333333333334 0.16328125 0.007291666666666667 0.0109375 
4 0.031510416666666666 0.12395833333333334 0.009895833333333333 0.0125 
4 0.010677083333333334 0.12395833333333334 0.005729166666666666 0.010416666666666666 
4 0.08098958333333334 0.13307291666666668 0.013020833333333334 0.005729166666666666 
4 0.96015625 0.9674479166666666 0.005729166666666666 0.0109375 
4 0.8515625 0.5580729166666667 0.00625 0.009895833333333333 
4 0.7236979166666667 0.7346354166666667 0.0067708333333333336 0.0109375 
4 0.7145833333333333 0.725 0.011458333333333333 0.009375 
4 0.7041666666666667 0.73125 0.011458333333333333 0.011458333333333333 
4 0.678125 0.73203125 0.0125 0.013020833333333334 
4 0.66328125 0.7338541666666667 0.011979166666666667 0.011458333333333333 
4 0.7692708333333333 0.6861979166666666 0.008333333333333333 0.009895833333333333 
4 0.96640625 0.6518229166666667 0.008854166666666666 0.0109375 
4 0.8559895833333333 0.6838541666666667 0.005729166666666666 0.010416666666666666 
4 0.94375 0.6268229166666667 0.0125 0.009895833333333333 
4 0.6010416666666667 0.6140625 0.010416666666666666 0.0125 
4 0.6330729166666667 0.58671875 0.0140625 0.0140625 
4 0.6231770833333333 0.5630208333333333 0.0140625 0.014583333333333334 
4 0.64765625 0.5385416666666667 0.013020833333333334 0.013541666666666667 
4 0.9205729166666666 0.5455729166666666 0.0109375 0.008854166666666666 
4 0.8171875 0.7239583333333334 0.00625 0.011458333333333333 
4 0.9338541666666667 0.5463541666666667 0.010416666666666666 0.008333333333333333 
4 0.8643229166666667 0.5434895833333333 0.013020833333333334 0.0078125 
4 0.8408854166666667 0.5481770833333334 0.0109375 0.0109375 
4 0.8078125 0.5247395833333334 0.010416666666666666 0.0140625 
4 0.9049479166666666 0.35911458333333335 0.0140625 0.0109375 
4 0.9098958333333333 0.3533854166666667 0.011458333333333333 0.009895833333333333 
4 0.9138020833333333 0.3489583333333333 0.009895833333333333 0.010416666666666666 
4 0.7372395833333333 0.49114583333333334 0.0109375 0.010416666666666666 
4 0.9372395833333333 0.39140625 0.011979166666666667 0.0140625 
4 0.91953125 0.38359375 0.009895833333333333 0.009895833333333333 
4 0.7731770833333333 0.4270833333333333 0.011979166666666667 0.008333333333333333 
4 0.77421875 0.42213541666666665 0.0109375 0.008854166666666666 
4 0.74375 0.4 0.009375 0.011458333333333333 
4 0.7309895833333333 0.73359375 0.0078125 0.009895833333333333 
4 0.7018229166666666 0.7575520833333333 0.0140625 0.0109375 
4 0.72734375 0.2674479166666667 0.009895833333333333 0.011979166666666667 
4 0.9546875 0.9778645833333334 0.00625 0.009895833333333333 
4 0.9541666666666667 0.9666666666666667 0.00625 0.010416666666666666 
4 0.9481770833333333 0.96640625 0.0067708333333333336 0.008854166666666666 
4 0.9481770833333333 0.9786458333333333 0.005729166666666666 0.011458333333333333 
4 0.9424479166666667 0.97734375 0.005729166666666666 0.0109375 
4 0.9598958333333333 0.9145833333333333 0.011458333333333333 0.009375 
4 0.9065104166666667 0.8338541666666667 0.005729166666666666 0.010416666666666666 
4 0.9557291666666666 0.91875 0.010416666666666666 0.009375 
4 0.9526041666666667 0.9229166666666667 0.010416666666666666 0.010416666666666666 
4 0.9481770833333333 0.9265625 0.009895833333333333 0.010416666666666666 
4 0.9450520833333333 0.9307291666666667 0.009895833333333333 0.010416666666666666 
4 0.9447916666666667 0.9497395833333333 0.0125 0.0078125 
4 0.61484375 0.9208333333333333 0.011979166666666667 0.00625 
4 0.6138020833333333 0.9088541666666666 0.0109375 0.00625 
4 0.6171875 0.8848958333333333 0.010416666666666666 0.00625 
4 0.9268229166666667 0.8526041666666667 0.0109375 0.011458333333333333 
4 0.9236979166666667 0.8557291666666667 0.011979166666666667 0.009375 
4 0.9200520833333333 0.8606770833333334 0.009895833333333333 0.0109375 
4 0.9114583333333334 0.8674479166666667 0.010416666666666666 0.011979166666666667 
4 0.9041666666666667 0.87265625 0.011458333333333333 0.013020833333333334 
4 0.74765625 0.39036458333333335 0.008854166666666666 0.011979166666666667 
6 0.97109375 0.3 0.008854166666666666 0.017708333333333333 
4 0.31744791666666666 0.9932291666666667 0.0109375 0.013541666666666667 
4 0.7950520833333333 0.125 0.005729166666666666 0.009375 
4 0.9528645833333333 0.15104166666666666 0.0067708333333333336 0.008333333333333333 
4 0.9520833333333333 0.14088541666666668 0.005208333333333333 0.009895833333333333 
4 0.9518229166666666 0.13046875 0.005729166666666666 0.011979166666666667 
4 0.9520833333333333 0.11953125 0.005208333333333333 0.009895833333333333 
4 0.9513020833333333 0.10807291666666667 0.005729166666666666 0.008854166666666666 
4 0.9510416666666667 0.09713541666666667 0.007291666666666667 0.011979166666666667 
4 0.95078125 0.08567708333333333 0.005729166666666666 0.0109375 
4 0.9325520833333333 0.1 0.0067708333333333336 0.013541666666666667 
4 0.95 0.07213541666666666 0.00625 0.0109375 
4 0.9317708333333333 0.06588541666666667 0.00625 0.009895833333333333 
13 0.6625 0.0703125 0.021875 0.015625 
4 0.80703125 0.1171875 0.0109375 0.005208333333333333 
4 0.8057291666666667 0.11197916666666667 0.010416666666666666 0.005208333333333333 
4 0.7481770833333333 0.12135416666666667 0.0109375 0.007291666666666667 
4 0.9221354166666667 0.11484375 0.009895833333333333 0.0067708333333333336 
4 0.7348958333333333 0.11432291666666666 0.010416666666666666 0.008854166666666666 
4 0.43802083333333336 0.8088541666666667 0.013541666666666667 0.0125 
4 0.34375 0.8153645833333333 0.010416666666666666 0.008854166666666666 
4 0.3580729166666667 0.8375 0.008854166666666666 0.010416666666666666 
4 0.3533854166666667 0.8328125 0.013020833333333334 0.013541666666666667 
4 0.37604166666666666 0.85859375 0.010416666666666666 0.013020833333333334 
4 0.27369791666666665 0.9216145833333333 0.009895833333333333 0.013020833333333334 
4 0.25078125 0.921875 0.011979166666666667 0.009375 
4 0.5463541666666667 0.9057291666666667 0.0125 0.010416666666666666 
4 0.5309895833333333 0.9671875 0.011979166666666667 0.008333333333333333 
4 0.5059895833333333 0.9661458333333334 0.011979166666666667 0.008333333333333333 
4 0.39140625 0.98125 0.0109375 0.007291666666666667 
4 0.38046875 0.9700520833333334 0.009895833333333333 0.0109375 
4 0.95546875 0.165625 0.008854166666666666 0.011458333333333333 
4 0.921875 0.08828125 0.010416666666666666 0.005729166666666666 
4 0.9893229166666667 0.27734375 0.0078125 0.0109375 
4 0.96484375 0.15911458333333334 0.011979166666666667 0.0078125 
4 0.9893229166666667 0.25703125 0.0078125 0.0109375 
4 0.9830729166666666 0.22734375 0.009895833333333333 0.011979166666666667 
4 0.7364583333333333 0.2682291666666667 0.00625 0.010416666666666666 
4 0.721875 0.28046875 0.010416666666666666 0.005729166666666666 
4 0.9697916666666667 0.25494791666666666 0.00625 0.009895833333333333 
4 0.9791666666666666 0.13151041666666666 0.011458333333333333 0.005729166666666666 
4 0.9911458333333333 0.14348958333333334 0.009375 0.005729166666666666 
4 0.9885416666666667 0.15234375 0.00625 0.011979166666666667 
4 0.9872395833333333 0.175 0.005729166666666666 0.011458333333333333 
4 0.98203125 0.17552083333333332 0.005729166666666666 0.009375 
4 0.9755208333333333 0.17552083333333332 0.005208333333333333 0.009375 
4 0.9674479166666666 0.17109375 0.0109375 0.008854166666666666 
4 0.9666666666666667 0.165625 0.010416666666666666 0.007291666666666667 
4 0.9640625 0.15130208333333334 0.011458333333333333 0.0067708333333333336 
4 0.9122395833333333 0.09375 0.011979166666666667 0.009375 
4 0.9635416666666666 0.1453125 0.0125 0.00625 
4 0.9658854166666667 0.13854166666666667 0.0140625 0.007291666666666667 
4 0.9572916666666667 0.21875 0.009375 0.011458333333333333 
4 0.9708333333333333 0.203125 0.010416666666666666 0.011458333333333333 
4 0.9653645833333333 0.19348958333333333 0.0109375 0.013020833333333334 
4 0.7153645833333333 0.16223958333333333 0.0078125 0.008854166666666666 
4 0.7104166666666667 0.15807291666666667 0.008333333333333333 0.011979166666666667 
4 0.7966145833333333 0.20651041666666667 0.005729166666666666 0.011979166666666667 
4 0.9416666666666667 0.18776041666666668 0.008333333333333333 0.011979166666666667 
4 0.9578125 0.17734375 0.008333333333333333 0.0109375 
4 0.9330729166666667 0.15625 0.005729166666666666 0.011458333333333333 
4 0.9325520833333333 0.13958333333333334 0.0078125 0.0125 
4 0.9330729166666667 0.12708333333333333 0.005729166666666666 0.010416666666666666 
