4 0.5799479166666667 0.60078125 0.011979166666666667 0.0067708333333333336 
4 0.07109375 0.8434895833333333 0.0078125 0.005729166666666666 
4 0.490625 0.7942708333333334 0.005208333333333333 0.010416666666666666 
4 0.14322916666666666 0.8692708333333333 0.00625 0.011458333333333333 
5 0.061197916666666664 0.8440104166666667 0.013020833333333334 0.0067708333333333336 
5 0.08203125 0.84296875 0.011979166666666667 0.0067708333333333336 
4 0.15572916666666667 0.8536458333333333 0.0125 0.010416666666666666 
4 0.2453125 0.79609375 0.011458333333333333 0.0078125 
4 0.2747395833333333 0.7854166666666667 0.013020833333333334 0.009375 
4 0.4783854166666667 0.7828125 0.011979166666666667 0.00625 
4 0.37395833333333334 0.7841145833333333 0.011458333333333333 0.0067708333333333336 
4 0.3625 0.7848958333333333 0.010416666666666666 0.00625 
4 0.38385416666666666 0.7536458333333333 0.010416666666666666 0.0125 
4 0.26640625 0.7536458333333333 0.0109375 0.009375 
4 0.30104166666666665 0.75234375 0.0125 0.008854166666666666 
4 0.33307291666666666 0.76484375 0.009895833333333333 0.0067708333333333336 
4 0.2859375 0.7723958333333333 0.0125 0.008333333333333333 
4 0.15833333333333333 0.80078125 0.009375 0.0109375 
4 0.16432291666666668 0.7557291666666667 0.008854166666666666 0.00625 
4 0.08645833333333333 0.81171875 0.011458333333333333 0.005729166666666666 
4 0.08619791666666667 0.8052083333333333 0.011979166666666667 0.007291666666666667 
4 0.16302083333333334 0.7192708333333333 0.008333333333333333 0.0125 
4 0.16822916666666668 0.7044270833333334 0.011458333333333333 0.0078125 
13 0.07317708333333334 0.7450520833333333 0.019270833333333334 0.013020833333333334 
4 0.05546875 0.6364583333333333 0.0109375 0.00625 
4 0.0609375 0.6466145833333333 0.011458333333333333 0.005729166666666666 
4 0.06145833333333333 0.6533854166666667 0.009375 0.005729166666666666 
4 0.0609375 0.6614583333333334 0.007291666666666667 0.010416666666666666 
4 0.065625 0.6776041666666667 0.013541666666666667 0.010416666666666666 
5 0.05286458333333333 0.6622395833333333 0.0109375 0.013020833333333334 
4 0.0484375 0.8440104166666667 0.010416666666666666 0.005729166666666666 
4 0.041666666666666664 0.87890625 0.009375 0.0067708333333333336 
4 0.04088541666666667 0.88515625 0.0140625 0.0067708333333333336 
4 0.3265625 0.99765625 0.011458333333333333 0.0067708333333333336 
4 0.153125 0.9815104166666667 0.009375 0.0067708333333333336 
4 0.15234375 0.9877604166666667 0.0109375 0.0067708333333333336 
4 0.15494791666666666 0.8880208333333334 0.0067708333333333336 0.011458333333333333 
4 0.26796875 0.9942708333333333 0.013020833333333334 0.007291666666666667 
4 0.27317708333333335 0.9838541666666667 0.011979166666666667 0.007291666666666667 
4 0.31145833333333334 0.9885416666666667 0.011458333333333333 0.00625 
4 0.31276041666666665 0.9828125 0.011979166666666667 0.005208333333333333 
4 0.31354166666666666 0.9770833333333333 0.011458333333333333 0.00625 
4 0.40859375 0.90859375 0.005729166666666666 0.0109375 
4 0.43333333333333335 0.9111979166666667 0.007291666666666667 0.0140625 
4 0.27708333333333335 0.91796875 0.010416666666666666 0.005729166666666666 
4 0.3619791666666667 0.93984375 0.011458333333333333 0.0067708333333333336 
4 0.4518229166666667 0.91875 0.011979166666666667 0.007291666666666667 
4 0.3640625 0.9200520833333333 0.0125 0.005729166666666666 
4 0.35104166666666664 0.9104166666666667 0.00625 0.011458333333333333 
4 0.15286458333333333 0.96796875 0.0067708333333333336 0.0109375 
4 0.15234375 0.6549479166666666 0.005729166666666666 0.0109375 
4 0.3026041666666667 0.6408854166666667 0.005208333333333333 0.009895833333333333 
4 0.296875 0.6411458333333333 0.00625 0.010416666666666666 
4 0.16276041666666666 0.4 0.0067708333333333336 0.011458333333333333 
4 0.103125 0.4361979166666667 0.013541666666666667 0.0078125 
4 0.1765625 0.390625 0.0125 0.00625 
4 0.1765625 0.3848958333333333 0.011458333333333333 0.005208333333333333 
4 0.17682291666666666 0.3802083333333333 0.013020833333333334 0.00625 
4 0.06588541666666667 0.2953125 0.0109375 0.009375 
4 0.05416666666666667 0.2984375 0.00625 0.010416666666666666 
4 0.06458333333333334 0.334375 0.011458333333333333 0.008333333333333333 
4 0.06432291666666666 0.32317708333333334 0.009895833333333333 0.005729166666666666 
4 0.08333333333333333 0.42682291666666666 0.011458333333333333 0.0067708333333333336 
4 0.12760416666666666 0.3888020833333333 0.007291666666666667 0.009895833333333333 
4 0.12786458333333334 0.3796875 0.0067708333333333336 0.009375 
4 0.16380208333333332 0.37526041666666665 0.0067708333333333336 0.0140625 
4 0.1625 0.41171875 0.00625 0.0109375 
13 0.475 0.36614583333333334 0.015625 0.011458333333333333 
4 0.17447916666666666 0.47760416666666666 0.011458333333333333 0.00625 
4 0.29609375 0.3765625 0.011979166666666667 0.00625 
4 0.30807291666666664 0.36276041666666664 0.005729166666666666 0.0109375 
4 0.34609375 0.3125 0.0109375 0.007291666666666667 
4 0.38046875 0.31145833333333334 0.013020833333333334 0.007291666666666667 
4 0.41458333333333336 0.32135416666666666 0.010416666666666666 0.011458333333333333 
4 0.39453125 0.31145833333333334 0.009895833333333333 0.007291666666666667 
5 0.44609375 0.3106770833333333 0.0140625 0.0078125 
4 0.06510416666666667 0.284375 0.0125 0.00625 
4 0.39296875 0.27838541666666666 0.0067708333333333336 0.013020833333333334 
4 0.44375 0.28151041666666665 0.00625 0.0109375 
4 0.43828125 0.28020833333333334 0.005729166666666666 0.011458333333333333 
4 0.425 0.2825520833333333 0.00625 0.0109375 
4 0.45286458333333335 0.2916666666666667 0.009895833333333333 0.007291666666666667 
4 0.17447916666666666 0.44947916666666665 0.011458333333333333 0.007291666666666667 
4 0.29010416666666666 0.4515625 0.010416666666666666 0.007291666666666667 
4 0.20286458333333332 0.6419270833333334 0.0067708333333333336 0.0109375 
4 0.16979166666666667 0.5645833333333333 0.0125 0.005208333333333333 
4 0.19166666666666668 0.6416666666666667 0.00625 0.009375 
13 0.10416666666666667 0.61875 0.010416666666666666 0.017708333333333333 
4 0.26328125 0.5932291666666667 0.0067708333333333336 0.011458333333333333 
4 0.28984375 0.5947916666666667 0.0078125 0.011458333333333333 
4 0.35494791666666664 0.5932291666666667 0.005729166666666666 0.011458333333333333 
4 0.3463541666666667 0.59375 0.00625 0.011458333333333333 
4 0.45026041666666666 0.5916666666666667 0.005729166666666666 0.010416666666666666 
4 0.41302083333333334 0.603125 0.0125 0.00625 
4 0.3234375 0.6049479166666667 0.013541666666666667 0.0067708333333333336 
4 0.24453125 0.6296875 0.013020833333333334 0.007291666666666667 
4 0.19765625 0.6309895833333333 0.013020833333333334 0.0067708333333333336 
4 0.21640625 0.6065104166666667 0.011979166666666667 0.005729166666666666 
4 0.20208333333333334 0.60703125 0.011458333333333333 0.0078125 
4 0.17005208333333333 0.5528645833333333 0.0140625 0.0067708333333333336 
4 0.2908854166666667 0.45677083333333335 0.0109375 0.009375 
4 0.17161458333333332 0.53984375 0.011979166666666667 0.005729166666666666 
4 0.05755208333333333 0.5619791666666667 0.0109375 0.008333333333333333 
4 0.05963541666666667 0.528125 0.0109375 0.00625 
4 0.05807291666666667 0.5229166666666667 0.0109375 0.005208333333333333 
4 0.3736979166666667 0.43697916666666664 0.0078125 0.011458333333333333 
4 0.4122395833333333 0.4359375 0.0067708333333333336 0.010416666666666666 
4 0.403125 0.44765625 0.011458333333333333 0.0067708333333333336 
4 0.3885416666666667 0.44765625 0.0125 0.0067708333333333336 
4 0.48046875 0.446875 0.011979166666666667 0.008333333333333333 
4 0.38984375 0.4744791666666667 0.009895833333333333 0.0125 
4 0.37786458333333334 0.47734375 0.005729166666666666 0.0109375 
4 0.353125 0.4778645833333333 0.007291666666666667 0.011979166666666667 
4 0.3341145833333333 0.47239583333333335 0.0109375 0.007291666666666667 
4 0.5317708333333333 0.9184895833333333 0.0125 0.005729166666666666 
4 0.5778645833333333 0.62578125 0.0109375 0.005729166666666666 
4 0.5145833333333333 0.6263020833333334 0.011458333333333333 0.005729166666666666 
4 0.6770833333333334 0.790625 0.005208333333333333 0.010416666666666666 
4 0.6578125 0.75078125 0.008333333333333333 0.013020833333333334 
4 0.6510416666666666 0.7510416666666667 0.00625 0.011458333333333333 
4 0.5119791666666667 0.75078125 0.007291666666666667 0.0140625 
4 0.5520833333333334 0.76328125 0.014583333333333334 0.0067708333333333336 
4 0.5932291666666667 0.7526041666666666 0.007291666666666667 0.013541666666666667 
4 0.5239583333333333 0.7815104166666667 0.0125 0.005729166666666666 
4 0.5190104166666667 0.7877604166666666 0.0109375 0.011979166666666667 
4 0.64375 0.7802083333333333 0.011458333333333333 0.00625 
4 0.5197916666666667 0.9083333333333333 0.005208333333333333 0.011458333333333333 
4 0.51328125 0.9091145833333333 0.005729166666666666 0.009895833333333333 
4 0.6177083333333333 0.9067708333333333 0.00625 0.0125 
4 0.6268229166666667 0.9067708333333333 0.0109375 0.011458333333333333 
4 0.6479166666666667 0.9065104166666667 0.00625 0.011979166666666667 
4 0.6557291666666667 0.90703125 0.009375 0.011979166666666667 
4 0.66640625 0.90625 0.013020833333333334 0.0125 
4 0.66171875 0.9166666666666666 0.013020833333333334 0.007291666666666667 
4 0.6981770833333333 0.9359375 0.0109375 0.00625 
4 0.6864583333333333 0.9354166666666667 0.011458333333333333 0.00625 
4 0.60859375 0.9372395833333333 0.011979166666666667 0.005729166666666666 
5 0.190625 0.3380208333333333 0.016666666666666666 0.008333333333333333 
4 0.44088541666666664 0.2916666666666667 0.011979166666666667 0.00625 
4 0.4046875 0.2921875 0.011458333333333333 0.00625 
4 0.05546875 0.2640625 0.005729166666666666 0.010416666666666666 
13 0.5572916666666666 0.70546875 0.019791666666666666 0.0140625 
13 0.23385416666666667 0.8799479166666667 0.021875 0.030729166666666665 
13 0.20807291666666666 0.8572916666666667 0.021354166666666667 0.021875 
13 0.23151041666666666 0.76953125 0.009895833333333333 0.021354166666666667 
13 0.21458333333333332 0.7755208333333333 0.0125 0.021875 
13 0.21458333333333332 0.7296875 0.014583333333333334 0.025 
13 0.29401041666666666 0.7122395833333334 0.0171875 0.0296875 
13 0.2734375 0.70703125 0.023958333333333335 0.013020833333333334 
13 0.303125 0.8458333333333333 0.026041666666666668 0.016666666666666666 
13 0.30963541666666666 0.8614583333333333 0.025520833333333333 0.016666666666666666 
13 0.47760416666666666 0.8598958333333333 0.022916666666666665 0.015625 
13 0.5161458333333333 0.8614583333333333 0.019791666666666666 0.014583333333333334 
13 0.5361979166666667 0.8393229166666667 0.022395833333333334 0.015104166666666667 
13 0.4940104166666667 0.8393229166666667 0.024479166666666666 0.024479166666666666 
13 0.6393229166666666 0.7044270833333334 0.025520833333333333 0.013020833333333334 
13 0.20885416666666667 0.8953125 0.017708333333333333 0.03229166666666667 
13 0.5231770833333333 0.7052083333333333 0.028645833333333332 0.014583333333333334 
13 0.47109375 0.6854166666666667 0.027604166666666666 0.016666666666666666 
13 0.3484375 0.7072916666666667 0.017708333333333333 0.017708333333333333 
13 0.34765625 0.6877604166666667 0.022395833333333334 0.015104166666666667 
13 0.325 0.68828125 0.01875 0.018229166666666668 
13 0.6377604166666667 0.5427083333333333 0.0234375 0.019791666666666666 
13 0.7221354166666667 0.5388020833333333 0.0234375 0.0140625 
13 0.7161458333333334 0.5231770833333333 0.020833333333333332 0.0140625 
13 0.81875 0.5765625 0.016666666666666666 0.023958333333333335 
13 0.8408854166666667 0.5895833333333333 0.0171875 0.023958333333333335 
13 0.8388020833333333 0.5244791666666667 0.0140625 0.026041666666666668 
13 0.8322916666666667 0.4901041666666667 0.011458333333333333 0.020833333333333332 
13 0.65859375 0.5216145833333333 0.0171875 0.0203125 
13 0.20494791666666667 0.9783854166666667 0.018229166666666668 0.0296875 
13 0.07421875 0.7611979166666667 0.022395833333333334 0.013020833333333334 
13 0.8171875 0.4744791666666667 0.014583333333333334 0.023958333333333335 
13 0.61875 0.9963541666666667 0.027083333333333334 0.017708333333333333 
13 0.4778645833333333 0.9989583333333333 0.0265625 0.016666666666666666 
13 0.10755208333333334 0.5518229166666667 0.011979166666666667 0.0265625 
13 0.3885416666666667 0.9989583333333333 0.022916666666666665 0.016666666666666666 
13 0.36276041666666664 0.9794270833333333 0.009895833333333333 0.0234375 
13 0.08541666666666667 0.9752604166666666 0.015625 0.022395833333333334 
13 0.12213541666666666 0.13046875 0.018229166666666668 0.0265625 
13 0.1109375 0.31354166666666666 0.017708333333333333 0.017708333333333333 
13 0.11380208333333333 0.39401041666666664 0.016145833333333335 0.030729166666666665 
13 0.8171875 0.5330729166666667 0.013541666666666667 0.025520833333333333 
13 0.8533854166666667 0.36380208333333336 0.018229166666666668 0.018229166666666668 
13 0.25703125 0.19010416666666666 0.015104166666666667 0.026041666666666668 
13 0.375 0.5263020833333333 0.023958333333333335 0.015104166666666667 
13 0.38307291666666665 0.54609375 0.030729166666666665 0.021354166666666667 
13 0.34348958333333335 0.5440104166666667 0.025520833333333333 0.0140625 
13 0.21875 0.5825520833333333 0.021875 0.0296875 
13 0.24244791666666668 0.5421875 0.015104166666666667 0.011458333333333333 
13 0.22265625 0.5263020833333333 0.027604166666666666 0.03177083333333333 
13 0.2526041666666667 0.5080729166666667 0.026041666666666668 0.025520833333333333 
13 0.225 0.43203125 0.025 0.028645833333333332 
13 0.24739583333333334 0.36744791666666665 0.014583333333333334 0.024479166666666666 
13 0.23046875 0.36328125 0.016145833333333335 0.028645833333333332 
13 0.23151041666666666 0.2609375 0.0234375 0.03854166666666667 
13 0.23567708333333334 0.23229166666666667 0.024479166666666666 0.029166666666666667 
13 0.2526041666666667 0.22838541666666667 0.011458333333333333 0.0203125 
13 0.2390625 0.18723958333333332 0.0125 0.022395833333333334 
13 0.4114583333333333 0.54296875 0.01875 0.013020833333333334 
13 0.25755208333333335 0.12265625 0.011979166666666667 0.022395833333333334 
13 0.23932291666666666 0.1015625 0.022395833333333334 0.028125 
13 0.9755208333333333 0.07213541666666666 0.013541666666666667 0.030729166666666665 
13 0.9453125 0.06458333333333334 0.026041666666666668 0.015625 
13 0.9036458333333334 0.06744791666666666 0.030208333333333334 0.015104166666666667 
13 0.8494791666666667 0.06588541666666667 0.023958333333333335 0.0203125 
13 0.8130208333333333 0.06484375 0.025 0.0140625 
13 0.7645833333333333 0.06848958333333334 0.027083333333333334 0.025520833333333333 
13 0.7268229166666667 0.06927083333333334 0.027604166666666666 0.013541666666666667 
13 0.6885416666666667 0.06848958333333334 0.026041666666666668 0.016145833333333335 
13 0.6427083333333333 0.06796875 0.027083333333333334 0.019270833333333334 
13 0.43671875 0.07734375 0.022395833333333334 0.0140625 
13 0.39921875 0.07838541666666667 0.0296875 0.015104166666666667 
13 0.4197916666666667 0.5270833333333333 0.020833333333333332 0.014583333333333334 
13 0.45729166666666665 0.5432291666666667 0.023958333333333335 0.016666666666666666 
13 0.80703125 0.39505208333333336 0.015104166666666667 0.030729166666666665 
13 0.74609375 0.36041666666666666 0.018229166666666668 0.026041666666666668 
13 0.7901041666666667 0.20703125 0.022916666666666665 0.013020833333333334 
13 0.7489583333333333 0.21067708333333332 0.020833333333333332 0.009895833333333333 
13 0.753125 0.23411458333333332 0.017708333333333333 0.0234375 
13 0.7067708333333333 0.23098958333333333 0.026041666666666668 0.019270833333333334 
13 0.6911458333333333 0.209375 0.021875 0.017708333333333333 
13 0.6578125 0.22864583333333333 0.035416666666666666 0.016666666666666666 
13 0.62421875 0.23072916666666668 0.025520833333333333 0.020833333333333332 
13 0.5700520833333333 0.21223958333333334 0.027604166666666666 0.0140625 
13 0.49661458333333336 0.21302083333333333 0.0265625 0.017708333333333333 
13 0.45729166666666665 0.21510416666666668 0.020833333333333332 0.015625 
13 0.41458333333333336 0.21484375 0.025 0.015104166666666667 
13 0.7716145833333333 0.38515625 0.0203125 0.024479166666666666 
13 0.78671875 0.365625 0.024479166666666666 0.0125 
13 0.5984375 0.36432291666666666 0.01875 0.021354166666666667 
13 0.46979166666666666 0.5255208333333333 0.025 0.015625 
13 0.6598958333333333 0.38385416666666666 0.029166666666666667 0.013541666666666667 
13 0.34609375 0.3697916666666667 0.019270833333333334 0.015625 
13 0.4046875 0.36953125 0.023958333333333335 0.015104166666666667 
13 0.44114583333333335 0.37083333333333335 0.025 0.014583333333333334 
13 0.5328125 0.36614583333333334 0.026041666666666668 0.019791666666666666 
13 0.5171875 0.3875 0.022916666666666665 0.016666666666666666 
13 0.44973958333333336 0.38697916666666665 0.0265625 0.015625 
13 0.40260416666666665 0.3859375 0.03125 0.014583333333333334 
13 0.35520833333333335 0.38671875 0.035416666666666666 0.013020833333333334 
13 0.6223958333333334 0.5231770833333333 0.023958333333333335 0.015104166666666667 
13 0.5859375 0.5416666666666666 0.030208333333333334 0.020833333333333332 
13 0.5520833333333334 0.5408854166666667 0.026041666666666668 0.016145833333333335 
13 0.49921875 0.5432291666666667 0.019270833333333334 0.014583333333333334 
13 0.6544270833333333 0.9955729166666667 0.025520833333333333 0.018229166666666668 
13 0.6606770833333333 0.85546875 0.0265625 0.011979166666666667 
4 0.05677083333333333 0.2375 0.00625 0.011458333333333333 
4 0.36875 0.03697916666666667 0.011458333333333333 0.008333333333333333 
4 0.18463541666666666 0.03697916666666667 0.0109375 0.00625 
4 0.18828125 0.10494791666666667 0.011979166666666667 0.005729166666666666 
13 0.9786458333333333 0.8411458333333334 0.0125 0.011458333333333333 
4 0.15104166666666666 0.08463541666666667 0.00625 0.013020833333333334 
4 0.07057291666666667 0.17317708333333334 0.0109375 0.0067708333333333336 
4 0.37916666666666665 0.16666666666666666 0.009375 0.011458333333333333 
4 0.06796875 0.215625 0.011979166666666667 0.008333333333333333 
4 0.17916666666666667 0.2859375 0.013541666666666667 0.00625 
4 0.18151041666666667 0.2794270833333333 0.011979166666666667 0.0067708333333333336 
4 0.18151041666666667 0.27369791666666665 0.009895833333333333 0.005729166666666666 
4 0.3338541666666667 0.20416666666666666 0.007291666666666667 0.010416666666666666 
4 0.18463541666666666 0.21822916666666667 0.011979166666666667 0.00625 
4 0.18463541666666666 0.21223958333333334 0.009895833333333333 0.0067708333333333336 
4 0.18567708333333333 0.20572916666666666 0.011979166666666667 0.008333333333333333 
4 0.18645833333333334 0.18671875 0.011458333333333333 0.005729166666666666 
4 0.3028645833333333 0.21171875 0.011979166666666667 0.0109375 
4 0.4296875 0.19140625 0.005208333333333333 0.011979166666666667 
4 0.45677083333333335 0.16458333333333333 0.008333333333333333 0.010416666666666666 
4 0.4002604166666667 0.16588541666666667 0.0067708333333333336 0.0109375 
4 0.31354166666666666 0.17291666666666666 0.008333333333333333 0.010416666666666666 
4 0.0703125 0.17916666666666667 0.011458333333333333 0.00625 
4 0.44609375 0.15442708333333333 0.0109375 0.0067708333333333336 
4 0.434375 0.15494791666666666 0.011458333333333333 0.0067708333333333336 
4 0.41119791666666666 0.1546875 0.011979166666666667 0.007291666666666667 
4 0.48463541666666665 0.13515625 0.0140625 0.0067708333333333336 
4 0.4583333333333333 0.13489583333333333 0.0125 0.007291666666666667 
4 0.43125 0.13489583333333333 0.0125 0.007291666666666667 
4 0.39895833333333336 0.1359375 0.0125 0.008333333333333333 
4 0.44192708333333336 0.12473958333333333 0.0067708333333333336 0.009895833333333333 
4 0.3893229166666667 0.12552083333333333 0.0078125 0.0125 
4 0.36223958333333334 0.12447916666666667 0.0067708333333333336 0.013541666666666667 
4 0.30833333333333335 0.13541666666666666 0.011458333333333333 0.011458333333333333 
4 0.31744791666666666 0.128125 0.0109375 0.011458333333333333 
4 0.05963541666666667 0.16432291666666668 0.005729166666666666 0.011979166666666667 
13 0.7354166666666667 0.83984375 0.020833333333333332 0.013020833333333334 
13 0.91328125 0.7372395833333333 0.024479166666666666 0.025520833333333333 
13 0.85703125 0.7018229166666666 0.027604166666666666 0.018229166666666668 
13 0.8234375 0.71015625 0.028125 0.024479166666666666 
13 0.7614583333333333 0.7028645833333333 0.023958333333333335 0.0265625 
13 0.86015625 0.9106770833333333 0.024479166666666666 0.0234375 
13 0.859375 0.8872395833333333 0.03229166666666667 0.025520833333333333 
13 0.8143229166666667 0.8580729166666666 0.019270833333333334 0.0203125 
13 0.7989583333333333 0.871875 0.028125 0.022916666666666665 
13 0.76953125 0.8606770833333334 0.0296875 0.0234375 
13 0.7791666666666667 0.8450520833333334 0.022916666666666665 0.0171875 
13 0.9919270833333333 0.3807291666666667 0.027604166666666666 0.016666666666666666 
13 0.98046875 0.36328125 0.0265625 0.011979166666666667 
13 0.9372395833333333 0.37994791666666666 0.024479166666666666 0.0140625 
13 0.94296875 0.3645833333333333 0.0296875 0.014583333333333334 
13 0.95625 0.9721354166666667 0.015625 0.0265625 
13 0.9927083333333333 0.20677083333333332 0.03125 0.019791666666666666 
13 0.95703125 0.22369791666666666 0.0234375 0.019270833333333334 
13 0.8200520833333333 0.20833333333333334 0.025520833333333333 0.015625 
13 0.9799479166666667 0.47942708333333334 0.019270833333333334 0.0265625 
13 0.9606770833333333 0.9346354166666667 0.018229166666666668 0.028645833333333332 
4 0.6497395833333334 0.6252604166666667 0.009895833333333333 0.0067708333333333336 
4 0.5666666666666667 0.6018229166666667 0.011458333333333333 0.005729166666666666 
4 0.5546875 0.60234375 0.011458333333333333 0.0067708333333333336 
4 0.37421875 0.6544270833333333 0.0046875 0.011979166666666667 
4 0.6307291666666667 0.8940104166666667 0.00625 0.011979166666666667 
4 0.88671875 0.8359375 0.013020833333333334 0.0125 
4 0.9752604166666666 0.6440104166666667 0.008854166666666666 0.011979166666666667 
4 0.6515625 0.7916666666666666 0.005208333333333333 0.010416666666666666 
4 0.5559895833333334 0.81171875 0.005729166666666666 0.0109375 
4 0.575 0.8276041666666667 0.004166666666666667 0.0125 
4 0.20208333333333334 0.42473958333333334 0.011458333333333333 0.0046875 
4 0.8984375 0.5270833333333333 0.00625 0.011458333333333333 
4 0.9598958333333333 0.6955729166666667 0.015625 0.0140625 
4 0.9356770833333333 0.6518229166666667 0.011979166666666667 0.011979166666666667 
4 0.9580729166666667 0.653125 0.011979166666666667 0.0125 
4 0.9182291666666667 0.6265625 0.007291666666666667 0.010416666666666666 
4 0.9177083333333333 0.596875 0.007291666666666667 0.011458333333333333 
13 0.8388020833333333 0.4322916666666667 0.013020833333333334 0.020833333333333332 
4 0.8877604166666667 0.5421875 0.011979166666666667 0.00625 
4 0.7713541666666667 0.5028645833333333 0.013541666666666667 0.0109375 
4 0.7109375 0.6231770833333333 0.015625 0.008854166666666666 
4 0.9997395833333333 0.4296875 0.005729166666666666 0.011458333333333333 
4 0.9940104166666667 0.42942708333333335 0.005729166666666666 0.011979166666666667 
4 0.7705729166666667 0.2752604166666667 0.009895833333333333 0.0109375 
4 0.72265625 0.2877604166666667 0.011979166666666667 0.0067708333333333336 
4 0.73515625 0.2875 0.0109375 0.007291666666666667 
4 0.7630208333333334 0.32265625 0.010416666666666666 0.013020833333333334 
4 0.8057291666666667 0.3059895833333333 0.011458333333333333 0.0078125 
4 0.8276041666666667 0.31640625 0.007291666666666667 0.008854166666666666 
4 0.8528645833333334 0.65234375 0.0109375 0.008854166666666666 
4 0.8854166666666666 0.6822916666666666 0.010416666666666666 0.011458333333333333 
4 0.8484375 0.31796875 0.009375 0.013020833333333334 
4 0.8791666666666667 0.6924479166666667 0.009375 0.011979166666666667 
4 0.7411458333333333 0.7497395833333333 0.007291666666666667 0.009895833333333333 
4 0.7963541666666667 0.7481770833333333 0.007291666666666667 0.015104166666666667 
4 0.7559895833333333 0.7486979166666666 0.005729166666666666 0.0109375 
4 0.8122395833333333 0.7697916666666667 0.013020833333333334 0.009375 
4 0.8838541666666667 0.8096354166666667 0.0125 0.013020833333333334 
4 0.8450520833333334 0.7841145833333333 0.013020833333333334 0.009895833333333333 
4 0.9791666666666666 0.7731770833333333 0.011458333333333333 0.009895833333333333 
4 0.98125 0.7677083333333333 0.0125 0.011458333333333333 
4 0.9557291666666666 0.7729166666666667 0.0125 0.013541666666666667 
4 0.9322916666666666 0.6901041666666666 0.011458333333333333 0.0125 
4 0.8354166666666667 0.31744791666666666 0.0125 0.011979166666666667 
4 0.97734375 0.3140625 0.0067708333333333336 0.011458333333333333 
4 0.6028645833333334 0.434375 0.005729166666666666 0.010416666666666666 
4 0.67578125 0.2755208333333333 0.008854166666666666 0.0125 
4 0.5135416666666667 0.3216145833333333 0.005208333333333333 0.009895833333333333 
4 0.5080729166666667 0.32109375 0.005729166666666666 0.0109375 
4 0.52734375 0.30885416666666665 0.0109375 0.00625 
4 0.5390625 0.30911458333333336 0.010416666666666666 0.0067708333333333336 
4 0.5942708333333333 0.31927083333333334 0.010416666666666666 0.011458333333333333 
4 0.56328125 0.30963541666666666 0.011979166666666667 0.005729166666666666 
4 0.6505208333333333 0.28958333333333336 0.014583333333333334 0.00625 
4 0.6776041666666667 0.3184895833333333 0.007291666666666667 0.011979166666666667 
4 0.67578125 0.33671875 0.005729166666666666 0.009895833333333333 
4 0.5182291666666666 0.46588541666666666 0.0125 0.005729166666666666 
4 0.29453125 0.465625 0.011979166666666667 0.010416666666666666 
4 0.2799479166666667 0.5291666666666667 0.0078125 0.011458333333333333 
4 0.5963541666666666 0.43411458333333336 0.00625 0.011979166666666667 
4 0.49270833333333336 0.15364583333333334 0.014583333333333334 0.00625 
4 0.6770833333333334 0.4328125 0.008333333333333333 0.011458333333333333 
4 0.49713541666666666 0.4356770833333333 0.005729166666666666 0.009895833333333333 
4 0.49192708333333335 0.43515625 0.005729166666666666 0.009895833333333333 
4 0.5283854166666667 0.4466145833333333 0.0140625 0.0078125 
4 0.6119791666666666 0.4453125 0.0125 0.007291666666666667 
4 0.6234375 0.44453125 0.011458333333333333 0.005729166666666666 
4 0.6479166666666667 0.44375 0.013541666666666667 0.007291666666666667 
4 0.6981770833333333 0.4734375 0.0067708333333333336 0.010416666666666666 
4 0.6828125 0.4739583333333333 0.007291666666666667 0.011458333333333333 
4 0.6114583333333333 0.47265625 0.009375 0.0140625 
4 0.6799479166666667 0.58984375 0.005729166666666666 0.011979166666666667 
4 0.5184895833333333 0.5927083333333333 0.0067708333333333336 0.011458333333333333 
4 0.49765625 0.60234375 0.016145833333333335 0.005729166666666666 
4 0.6921875 0.2760416666666667 0.008333333333333333 0.011458333333333333 
4 0.6052083333333333 0.15286458333333333 0.013541666666666667 0.0078125 
4 0.7747395833333334 0.16197916666666667 0.0046875 0.010416666666666666 
4 0.975 0.2833333333333333 0.0125 0.008333333333333333 
4 0.9041666666666667 0.15989583333333332 0.005208333333333333 0.008333333333333333 
4 0.8979166666666667 0.15989583333333332 0.007291666666666667 0.011458333333333333 
4 0.890625 0.16953125 0.007291666666666667 0.0109375 
4 0.9861979166666667 0.15885416666666666 0.0067708333333333336 0.011458333333333333 
4 0.9638020833333333 0.14817708333333332 0.013020833333333334 0.0078125 
4 0.9518229166666666 0.14739583333333334 0.011979166666666667 0.00625 
4 0.8497395833333333 0.16302083333333334 0.0067708333333333336 0.011458333333333333 
4 0.7661458333333333 0.16276041666666666 0.008333333333333333 0.013020833333333334 
4 0.6838541666666667 0.13203125 0.013541666666666667 0.0067708333333333336 
4 0.725 0.16380208333333332 0.0125 0.013020833333333334 
4 0.91484375 0.14791666666666667 0.0109375 0.00625 
4 0.86953125 0.14921875 0.011979166666666667 0.0067708333333333336 
4 0.8333333333333334 0.12994791666666666 0.013541666666666667 0.0067708333333333336 
4 0.78671875 0.1171875 0.0109375 0.013541666666666667 
4 0.8833333333333333 0.11666666666666667 0.009375 0.013541666666666667 
4 0.4765625 0.16510416666666666 0.007291666666666667 0.010416666666666666 
4 0.64140625 0.16536458333333334 0.008854166666666666 0.013020833333333334 
4 0.6244791666666667 0.16328125 0.007291666666666667 0.0109375 
4 0.54765625 0.12395833333333334 0.009895833333333333 0.0125 
4 0.5268229166666667 0.12395833333333334 0.005729166666666666 0.010416666666666666 
4 0.5971354166666667 0.13307291666666668 0.013020833333333334 0.005729166666666666 
4 0.83359375 0.9932291666666667 0.0109375 0.013541666666666667 
4 0.9541666666666667 0.8088541666666667 0.013541666666666667 0.0125 
4 0.8598958333333333 0.8153645833333333 0.010416666666666666 0.008854166666666666 
4 0.87421875 0.8375 0.008854166666666666 0.010416666666666666 
4 0.86953125 0.8328125 0.013020833333333334 0.013541666666666667 
4 0.8921875 0.85859375 0.010416666666666666 0.013020833333333334 
4 0.78984375 0.9216145833333333 0.009895833333333333 0.013020833333333334 
4 0.7669270833333334 0.921875 0.011979166666666667 0.009375 
4 0.9075520833333334 0.98125 0.0109375 0.007291666666666667 
4 0.8966145833333333 0.9700520833333334 0.009895833333333333 0.0109375 
13 0.34791666666666665 0.075 0.027083333333333334 0.022916666666666665 
