11 0.5038200339558574 0.48538961038961037 0.4202037351443124 0.3961038961038961 
4 0.035653650254668934 0.7784090909090909 0.015280135823429542 0.02922077922077922 
5 0.45543293718166383 0.8076298701298701 0.0466893039049236 0.03571428571428571 
4 0.40492359932088284 0.8603896103896104 0.025466893039049237 0.025974025974025976 
4 0.3654499151103565 0.8441558441558441 0.021222410865874362 0.024350649350649352 
4 0.33446519524617996 0.9253246753246753 0.022071307300509338 0.027597402597402596 
4 0.2236842105263158 0.8883928571428571 0.017826825127334467 0.026785714285714284 
4 0.24915110356536502 0.7824675324675324 0.019524617996604415 0.024350649350649352 
4 0.2928692699490662 0.45454545454545453 0.015280135823429542 0.024350649350649352 
4 0.567062818336163 0.6830357142857143 0.03225806451612903 0.020292207792207792 
4 0.2975382003395586 0.3729707792207792 0.021222410865874362 0.026785714285714284 
4 0.45373514431239387 0.2857142857142857 0.03310696095076401 0.01948051948051948 
4 0.3815789473684211 0.3189935064935065 0.029711375212224108 0.025974025974025976 
4 0.3930390492359932 0.275974025974026 0.035653650254668934 0.024350649350649352 
4 0.06112054329371817 0.2690746753246753 0.02037351443123939 0.0349025974025974 
4 0.1494057724957555 0.13392857142857142 0.01867572156196944 0.030844155844155844 
4 0.5212224108658744 0.7288961038961039 0.028862478777589132 0.01948051948051948 
4 0.618421052631579 0.6858766233766234 0.02801358234295416 0.021103896103896104 
4 0.9634974533106961 0.512987012987013 0.03904923599320883 0.017857142857142856 
4 0.9142614601018676 0.8457792207792207 0.03225806451612903 0.022727272727272728 
4 0.9622241086587436 0.9123376623376623 0.016129032258064516 0.02922077922077922 
4 0.4397283531409168 0.7650162337662337 0.03225806451612903 0.028409090909090908 
4 0.29838709677419356 0.5791396103896104 0.022920203735144314 0.0349025974025974 
4 0.2703735144312394 0.6006493506493507 0.021222410865874362 0.030844155844155844 
4 0.21604414261460103 0.4549512987012987 0.0365025466893039 0.03977272727272727 
4 0.18208828522920203 0.42086038961038963 0.038200339558573854 0.03165584415584415 
4 0.8539898132427843 0.833198051948052 0.03735144312393888 0.025162337662337664 
4 0.6494057724957555 0.6290584415584416 0.027164685908319185 0.024350649350649352 
4 0.7584889643463497 0.7037337662337663 0.031409168081494056 0.01948051948051948 
4 0.9206281833616299 0.5974025974025974 0.02801358234295416 0.017857142857142856 
4 0.8331918505942275 0.39042207792207795 0.031409168081494056 0.027597402597402596 
4 0.629881154499151 0.304788961038961 0.025466893039049237 0.026785714285714284 
4 0.4796264855687606 0.2544642857142857 0.028862478777589132 0.013798701298701298 
4 0.7258064516129032 0.5750811688311688 0.01867572156196944 0.021915584415584416 
4 0.08404074702886248 0.06209415584415585 0.01867572156196944 0.026785714285714284 
