11 1.03046875 0.2515625 0.17447916666666666 0.17291666666666666 
11 0.36796875 0.43671875 0.1703125 0.17552083333333332 
5 0.9625 0.19557291666666668 0.065625 0.06510416666666667 
5 0.8260416666666667 0.928125 0.03229166666666667 0.06875 
5 0.6473958333333333 0.037760416666666664 0.028125 0.07552083333333333 
4 1.0049479166666666 0.16302083333333334 0.0203125 0.019791666666666666 
4 0.5690104166666666 -0.00026041666666666666 0.0140625 0.021354166666666667 
4 0.6947916666666667 0.253125 0.015625 0.025 
4 0.76484375 0.4984375 0.0140625 0.022916666666666665 
4 0.8578125 0.7817708333333333 0.0125 0.019791666666666666 
4 0.81640625 0.8231770833333333 0.013020833333333334 0.021354166666666667 
4 0.22682291666666668 0.3296875 0.015104166666666667 0.021875 
4 0.2078125 0.2552083333333333 0.010416666666666666 0.021875 
