13 0.03307291666666667 0.6604166666666667 0.03802083333333333 0.030208333333333334 
13 -0.020572916666666666 0.21354166666666666 0.0515625 0.05 
4 0.6088541666666667 0.3651041666666667 0.025 0.01875 
4 0.39895833333333336 0.42890625 0.020833333333333332 0.016145833333333335 
4 0.7854166666666667 0.08619791666666667 0.025 0.0265625 
13 0.3541666666666667 0.11614583333333334 0.041666666666666664 0.05416666666666667 
13 0.32916666666666666 0.21640625 0.06145833333333333 0.044270833333333336 
13 0.21015625 0.31692708333333336 0.0421875 0.0203125 
13 0.47994791666666664 0.43333333333333335 0.044270833333333336 0.06979166666666667 
13 0.26614583333333336 0.5927083333333333 0.057291666666666664 0.046875 
13 0.43776041666666665 0.6213541666666667 0.05364583333333333 0.040625 
13 0.61015625 0.07369791666666667 0.043229166666666666 0.05260416666666667 
