4 0.14739583333333334 0.0036458333333333334 0.017708333333333333 0.015625 
4 0.13385416666666666 0.017447916666666667 0.015625 0.015104166666666667 
4 0.12265625 0.03307291666666667 0.015104166666666667 0.0171875 
4 0.10859375 0.0453125 0.015104166666666667 0.015625 
4 0.09322916666666667 0.06067708333333333 0.017708333333333333 0.019270833333333334 
4 0.078125 0.0765625 0.016666666666666666 0.017708333333333333 
4 0.06302083333333333 0.09192708333333334 0.016666666666666666 0.0171875 
4 0.04453125 0.10911458333333333 0.018229166666666668 0.0171875 
4 -0.0026041666666666665 0.034375 0.015625 0.014583333333333334 
4 0.06510416666666667 0.22395833333333334 0.014583333333333334 0.013541666666666667 
4 0.07682291666666667 0.23489583333333333 0.013020833333333334 0.014583333333333334 
4 0.08828125 0.24713541666666666 0.013020833333333334 0.015104166666666667 
4 0.10104166666666667 0.25885416666666666 0.013541666666666667 0.015625 
4 0.11692708333333333 0.2721354166666667 0.0140625 0.016145833333333335 
4 0.15625 0.31276041666666665 0.013541666666666667 0.015104166666666667 
4 0.17083333333333334 0.3265625 0.014583333333333334 0.016666666666666666 
4 0.1875 0.34270833333333334 0.013541666666666667 0.014583333333333334 
4 0.19895833333333332 0.78984375 0.01875 0.018229166666666668 
4 0.36770833333333336 0.284375 0.013541666666666667 0.014583333333333334 
4 0.3541666666666667 0.2981770833333333 0.016666666666666666 0.018229166666666668 
4 0.3375 0.3151041666666667 0.017708333333333333 0.017708333333333333 
4 0.32005208333333335 0.3346354166666667 0.0171875 0.0171875 
4 0.35442708333333334 0.35052083333333334 0.018229166666666668 0.019791666666666666 
4 0.3390625 0.3658854166666667 0.017708333333333333 0.018229166666666668 
4 0.30104166666666665 0.3536458333333333 0.014583333333333334 0.015625 
4 0.2838541666666667 0.37005208333333334 0.014583333333333334 0.013020833333333334 
4 0.32578125 0.3807291666666667 0.015104166666666667 0.014583333333333334 
4 0.30963541666666666 0.3958333333333333 0.0140625 0.015625 
4 0.36666666666666664 0.9515625 0.014583333333333334 0.014583333333333334 
4 0.35182291666666665 0.9388020833333334 0.015104166666666667 0.0171875 
4 0.33567708333333335 0.9229166666666667 0.015104166666666667 0.015625 
4 0.31979166666666664 0.90625 0.0125 0.015625 
4 0.303125 0.88984375 0.014583333333333334 0.0171875 
4 0.2869791666666667 0.87578125 0.015625 0.0171875 
4 0.24244791666666668 0.8309895833333333 0.013020833333333334 0.015104166666666667 
4 0.20677083333333332 0.3614583333333333 0.017708333333333333 0.016666666666666666 
4 0.18333333333333332 0.7736979166666667 0.0125 0.016145833333333335 
4 0.02734375 0.6231770833333333 0.015104166666666667 0.016145833333333335 
4 0.16744791666666667 0.75859375 0.018229166666666668 0.018229166666666668 
4 0.15286458333333333 0.74296875 0.015104166666666667 0.016145833333333335 
4 0.13828125 0.72890625 0.013020833333333334 0.0140625 
4 0.12239583333333333 0.7143229166666667 0.013541666666666667 0.016145833333333335 
4 0.10911458333333333 0.7002604166666667 0.0140625 0.016145833333333335 
4 0.0921875 0.68359375 0.014583333333333334 0.015104166666666667 
4 0.07552083333333333 0.6690104166666667 0.015625 0.016145833333333335 
4 0.06067708333333333 0.6544270833333333 0.016145833333333335 0.015104166666666667 
4 0.04479166666666667 0.6380208333333334 0.015625 0.014583333333333334 
4 0.21380208333333334 0.80390625 0.016145833333333335 0.016145833333333335 
4 0.22578125 0.8153645833333333 0.0140625 0.0171875 
4 0.21692708333333333 0.90546875 0.019270833333333334 0.019270833333333334 
4 0.20755208333333333 0.9416666666666667 0.0140625 0.017708333333333333 
4 0.134375 0.88046875 0.015625 0.015104166666666667 
4 0.14661458333333333 0.8940104166666667 0.011979166666666667 0.015104166666666667 
4 0.11276041666666667 0.8598958333333333 0.0171875 0.019791666666666666 
4 0.08125 0.8296875 0.015625 0.017708333333333333 
4 0.09635416666666667 0.8052083333333333 0.016666666666666666 0.017708333333333333 
4 0.06588541666666667 0.8158854166666667 0.013020833333333334 0.0140625 
4 0.05286458333333333 0.8013020833333333 0.018229166666666668 0.018229166666666668 
4 0.03359375 0.7807291666666667 0.019270833333333334 0.020833333333333332 
4 0.05078125 0.7630208333333334 0.018229166666666668 0.017708333333333333 
4 0.0140625 0.7630208333333334 0.017708333333333333 0.017708333333333333 
4 0.0010416666666666667 0.7513020833333334 0.014583333333333334 0.015104166666666667 
4 0.007552083333333333 0.7361979166666667 0.0171875 0.018229166666666668 
13 0.40859375 0.07395833333333333 0.08697916666666666 0.09166666666666666 
13 0.6231770833333333 0.2703125 0.06510416666666667 0.065625 
4 0.56875 0.07942708333333333 0.016666666666666666 0.0171875 
4 0.5950520833333334 0.10338541666666666 0.016145833333333335 0.015104166666666667 
4 0.60625 0.09140625 0.015625 0.016145833333333335 
4 0.6208333333333333 0.0765625 0.013541666666666667 0.0125 
4 0.63515625 0.06171875 0.015104166666666667 0.016145833333333335 
4 0.5950520833333334 0.6161458333333333 0.015104166666666667 0.016666666666666666 
4 0.5802083333333333 0.6309895833333333 0.016666666666666666 0.0171875 
4 0.5638020833333334 0.5984375 0.0171875 0.01875 
4 0.5489583333333333 0.6127604166666667 0.016666666666666666 0.015104166666666667 
4 0.5364583333333334 0.6260416666666667 0.015625 0.017708333333333333 
4 0.5825520833333333 0.11614583333333334 0.0171875 0.016666666666666666 
4 0.553125 0.0953125 0.015625 0.017708333333333333 
4 0.5606770833333333 0.1390625 0.0140625 0.013541666666666667 
4 0.5375 0.11119791666666666 0.014583333333333334 0.016145833333333335 
4 0.4596354166666667 0.24244791666666668 0.0203125 0.0203125 
4 0.4440104166666667 0.25729166666666664 0.0171875 0.016666666666666666 
4 0.3966145833333333 0.2546875 0.0171875 0.019791666666666666 
4 0.82578125 0.8950520833333333 0.021354166666666667 0.021354166666666667 
4 0.38307291666666665 0.9671875 0.018229166666666668 0.017708333333333333 
4 0.74609375 0.09791666666666667 0.019270833333333334 0.017708333333333333 
4 0.73046875 0.08125 0.016145833333333335 0.016666666666666666 
4 0.6098958333333333 0.036458333333333336 0.01875 0.019791666666666666 
5 0.6947916666666667 0.04791666666666667 0.017708333333333333 0.017708333333333333 
4 0.7338541666666667 0.0359375 0.015625 0.016666666666666666 
4 0.42135416666666664 0.28046875 0.01875 0.019270833333333334 
4 0.4744791666666667 0.2265625 0.016666666666666666 0.015625 
4 0.48802083333333335 0.21328125 0.014583333333333334 0.015104166666666667 
4 0.43203125 0.21848958333333332 0.0171875 0.016145833333333335 
4 0.44505208333333335 0.2046875 0.015104166666666667 0.015625 
4 0.4591145833333333 0.19166666666666668 0.015104166666666667 0.015625 
4 0.4734375 0.17682291666666666 0.016666666666666666 0.0171875 
4 0.48854166666666665 0.16276041666666666 0.015625 0.0171875 
4 0.5033854166666667 0.19791666666666666 0.011979166666666667 0.014583333333333334 
4 0.5161458333333333 0.18411458333333333 0.013541666666666667 0.016145833333333335 
4 0.53125 0.16848958333333333 0.013541666666666667 0.015104166666666667 
4 0.54375 0.1546875 0.01875 0.015625 
4 0.50859375 0.14036458333333332 0.013020833333333334 0.015104166666666667 
4 0.52265625 0.12682291666666667 0.015104166666666667 0.015104166666666667 
4 0.36432291666666666 0.5140625 0.016145833333333335 0.017708333333333333 
4 0.43671875 0.5861979166666667 0.016145833333333335 0.0171875 
4 0.4236979166666667 0.5723958333333333 0.015104166666666667 0.016666666666666666 
4 0.40703125 0.5580729166666667 0.018229166666666668 0.0203125 
4 0.42916666666666664 0.6096354166666667 0.022916666666666665 0.0234375 
4 0.40963541666666664 0.24244791666666668 0.015104166666666667 0.015104166666666667 
4 0.3828125 0.26796875 0.016666666666666666 0.0171875 
4 0.4041666666666667 0.2989583333333333 0.017708333333333333 0.017708333333333333 
4 0.39114583333333336 0.31302083333333336 0.016666666666666666 0.016666666666666666 
4 0.58125 0.7291666666666666 0.016666666666666666 0.01875 
4 0.6252604166666667 0.76953125 0.0171875 0.0171875 
4 0.6411458333333333 0.7854166666666667 0.016666666666666666 0.01875 
4 0.79921875 0.8716145833333333 0.0140625 0.016145833333333335 
4 0.8424479166666666 0.8776041666666666 0.016145833333333335 0.016666666666666666 
4 0.84921875 0.8572916666666667 0.0171875 0.015625 
4 0.8247395833333333 0.8447916666666667 0.015104166666666667 0.015625 
4 0.8395833333333333 0.8294270833333334 0.015625 0.0171875 
4 0.8591145833333333 0.8096354166666667 0.016145833333333335 0.015104166666666667 
4 0.87734375 0.83984375 0.015104166666666667 0.016145833333333335 
4 0.8947916666666667 0.8252604166666667 0.017708333333333333 0.018229166666666668 
4 0.90859375 0.8104166666666667 0.0171875 0.016666666666666666 
4 0.9223958333333333 0.7955729166666666 0.016666666666666666 0.0140625 
4 0.9380208333333333 0.78046875 0.017708333333333333 0.016145833333333335 
4 0.9596354166666666 0.7580729166666667 0.015104166666666667 0.015104166666666667 
4 0.9763020833333333 0.7424479166666667 0.0171875 0.0171875 
4 0.9294270833333333 0.7377604166666667 0.015104166666666667 0.016145833333333335 
4 0.9989583333333333 0.71796875 0.015625 0.016145833333333335 
4 0.8434895833333333 0.3109375 0.016145833333333335 0.016666666666666666 
4 0.8583333333333333 0.34713541666666664 0.017708333333333333 0.018229166666666668 
4 0.8721354166666667 0.3307291666666667 0.015104166666666667 0.016666666666666666 
4 0.8890625 0.3138020833333333 0.014583333333333334 0.0140625 
4 0.8619791666666666 0.2921875 0.016666666666666666 0.017708333333333333 
4 0.8489583333333334 0.19895833333333332 0.014583333333333334 0.014583333333333334 
4 0.8625 0.21197916666666666 0.017708333333333333 0.016666666666666666 
4 0.8776041666666666 0.22786458333333334 0.014583333333333334 0.0140625 
4 0.96171875 0.30885416666666665 0.0171875 0.019791666666666666 
4 0.6080729166666666 0.7536458333333333 0.0171875 0.017708333333333333 
4 0.6408854166666667 0.5697916666666667 0.018229166666666668 0.020833333333333332 
4 0.62578125 0.5859375 0.016145833333333335 0.017708333333333333 
4 0.6932291666666667 -0.0033854166666666668 0.017708333333333333 0.016145833333333335 
4 0.70859375 0.01015625 0.015104166666666667 0.015104166666666667 
4 0.7216145833333333 0.022916666666666665 0.0171875 0.016666666666666666 
4 0.715625 0.06770833333333333 0.016666666666666666 0.017708333333333333 
4 0.74609375 0.04869791666666667 0.015104166666666667 0.016145833333333335 
4 0.759375 0.06328125 0.017708333333333333 0.019270833333333334 
4 0.77734375 0.07760416666666667 0.016145833333333335 0.017708333333333333 
4 0.7911458333333333 0.0921875 0.016666666666666666 0.015625 
4 0.76640625 0.11927083333333334 0.018229166666666668 0.016666666666666666 
4 0.78515625 0.13802083333333334 0.015104166666666667 0.014583333333333334 
4 0.8057291666666667 0.10729166666666666 0.017708333333333333 0.016666666666666666 
4 0.8208333333333333 0.12109375 0.017708333333333333 0.0171875 
4 0.8041666666666667 0.15546875 0.014583333333333334 0.0140625 
4 0.8184895833333333 0.16848958333333333 0.015104166666666667 0.011979166666666667 
4 0.83203125 0.18307291666666667 0.015104166666666667 0.0140625 
4 0.8278645833333333 0.328125 0.016145833333333335 0.01875 
4 0.7901041666666667 0.3658854166666667 0.015625 0.016145833333333335 
4 0.8203125 0.38671875 0.017708333333333333 0.016145833333333335 
4 0.775 0.4309895833333333 0.015625 0.015104166666666667 
4 0.7776041666666667 0.378125 0.015625 0.013541666666666667 
4 0.7497395833333333 0.4075520833333333 0.015104166666666667 0.015104166666666667 
4 0.7359375 0.42161458333333335 0.015625 0.016145833333333335 
4 0.7471354166666667 0.46171875 0.016145833333333335 0.016145833333333335 
4 0.6786458333333333 0.47994791666666664 0.014583333333333334 0.016145833333333335 
4 0.66484375 0.4934895833333333 0.015104166666666667 0.0171875 
4 0.70234375 0.50859375 0.013020833333333334 0.0140625 
4 0.6364583333333333 0.52265625 0.0125 0.0140625 
4 0.9763020833333333 0.3234375 0.015104166666666667 0.014583333333333334 
4 0.9901041666666667 0.33697916666666666 0.017708333333333333 0.016666666666666666 
4 0.9822916666666667 0.27838541666666666 0.014583333333333334 0.015104166666666667 
4 0.9671875 0.2640625 0.016666666666666666 0.016666666666666666 
4 0.9513020833333333 0.24973958333333332 0.018229166666666668 0.019270833333333334 
4 0.9203125 0.21875 0.016666666666666666 0.016666666666666666 
4 0.90390625 0.20130208333333333 0.018229166666666668 0.015104166666666667 
4 0.8877604166666667 0.18723958333333332 0.0171875 0.018229166666666668 
4 0.8744791666666667 0.17317708333333334 0.015625 0.015104166666666667 
4 0.86015625 0.16041666666666668 0.016145833333333335 0.015625 
4 0.84296875 0.14348958333333334 0.015104166666666667 0.0171875 
4 0.9942708333333333 0.0010416666666666667 0.016666666666666666 0.01875 
