11 0.5377604166666666 0.38203125 0.24947916666666667 0.24010416666666667 
4 0.9807291666666667 0.0036458333333333334 0.017708333333333333 0.015625 
4 0.9671875 0.017447916666666667 0.015625 0.015104166666666667 
4 0.9559895833333333 0.03307291666666667 0.015104166666666667 0.0171875 
4 0.9419270833333333 0.0453125 0.015104166666666667 0.015625 
4 0.9265625 0.06067708333333333 0.017708333333333333 0.019270833333333334 
4 0.9114583333333334 0.0765625 0.016666666666666666 0.017708333333333333 
4 0.8963541666666667 0.09192708333333334 0.016666666666666666 0.0171875 
4 0.8778645833333333 0.10911458333333333 0.018229166666666668 0.0171875 
4 0.80703125 0.00078125 0.0140625 0.0140625 
4 0.8307291666666666 0.034375 0.015625 0.014583333333333334 
4 0.8122395833333333 0.05182291666666667 0.016145833333333335 0.016145833333333335 
4 0.8065104166666667 0.040364583333333336 0.015104166666666667 0.015104166666666667 
4 0.8255208333333334 0.022135416666666668 0.016666666666666666 0.0171875 
4 0.7890625 0.03984375 0.017708333333333333 0.0171875 
4 0.7890625 0.019270833333333334 0.016666666666666666 0.015625 
4 0.8984375 0.22395833333333334 0.014583333333333334 0.013541666666666667 
4 0.91015625 0.23489583333333333 0.013020833333333334 0.014583333333333334 
4 0.9216145833333333 0.24713541666666666 0.013020833333333334 0.015104166666666667 
4 0.934375 0.25885416666666666 0.013541666666666667 0.015625 
4 0.9502604166666667 0.2721354166666667 0.0140625 0.016145833333333335 
4 0.9895833333333334 0.31276041666666665 0.013541666666666667 0.015104166666666667 
4 1.0041666666666667 0.3265625 0.014583333333333334 0.016666666666666666 
4 0.6861979166666666 0.8127604166666667 0.018229166666666668 0.019270833333333334 
4 0.65546875 0.8440104166666667 0.0171875 0.016145833333333335 
4 0.8606770833333334 0.6231770833333333 0.015104166666666667 0.016145833333333335 
4 0.7567708333333333 0.6752604166666667 0.01875 0.0203125 
4 0.73984375 0.6596354166666667 0.016145833333333335 0.0171875 
4 0.725 0.6450520833333333 0.016666666666666666 0.015104166666666667 
4 0.8276041666666667 0.5901041666666667 0.014583333333333334 0.016666666666666666 
4 0.8140625 0.5768229166666666 0.014583333333333334 0.016145833333333335 
4 0.8 0.5625 0.0125 0.016666666666666666 
4 0.7838541666666666 0.5450520833333333 0.014583333333333334 0.0171875 
4 0.765625 0.5296875 0.0125 0.015625 
4 0.7145833333333333 0.5 0.015625 0.014583333333333334 
4 0.7203125 0.48463541666666665 0.017708333333333333 0.0171875 
4 0.6854166666666667 0.46041666666666664 0.013541666666666667 0.017708333333333333 
4 0.6729166666666667 0.42734375 0.009375 0.0171875 
4 0.6627604166666666 0.3651041666666667 0.0078125 0.01875 
4 0.6697916666666667 0.3260416666666667 0.010416666666666666 0.01875 
4 0.65859375 0.3143229166666667 0.009895833333333333 0.018229166666666668 
4 0.6872395833333333 0.30416666666666664 0.0140625 0.015625 
4 0.6786458333333333 0.296875 0.013541666666666667 0.017708333333333333 
4 0.66640625 0.29010416666666666 0.009895833333333333 0.017708333333333333 
4 0.6294270833333333 0.2046875 0.016145833333333335 0.0125 
4 0.64375 0.21067708333333332 0.016666666666666666 0.015104166666666667 
4 0.65078125 0.21953125 0.018229166666666668 0.019270833333333334 
4 0.6776041666666667 0.16875 0.010416666666666666 0.013541666666666667 
4 0.6463541666666667 0.18567708333333333 0.027083333333333334 0.025520833333333333 
4 0.6255208333333333 0.19036458333333334 0.01875 0.0171875 
4 0.671875 0.8268229166666666 0.015625 0.015104166666666667 
4 0.7044270833333334 0.7947916666666667 0.016145833333333335 0.015625 
4 1.00078125 0.75859375 0.018229166666666668 0.018229166666666668 
4 0.7169270833333333 0.7807291666666667 0.015104166666666667 0.014583333333333334 
4 0.9861979166666667 0.74296875 0.015104166666666667 0.016145833333333335 
4 0.9716145833333333 0.72890625 0.013020833333333334 0.0140625 
4 0.9557291666666666 0.7143229166666667 0.013541666666666667 0.016145833333333335 
4 0.9424479166666667 0.7002604166666667 0.0140625 0.016145833333333335 
4 0.9255208333333333 0.68359375 0.014583333333333334 0.015104166666666667 
4 0.9088541666666666 0.6690104166666667 0.015625 0.016145833333333335 
4 0.8940104166666667 0.6544270833333333 0.016145833333333335 0.015104166666666667 
4 0.878125 0.6380208333333334 0.015625 0.014583333333333334 
4 0.9677083333333333 0.88046875 0.015625 0.015104166666666667 
4 0.9799479166666667 0.8940104166666667 0.011979166666666667 0.015104166666666667 
4 0.94609375 0.8598958333333333 0.0171875 0.019791666666666666 
4 0.9145833333333333 0.8296875 0.015625 0.017708333333333333 
4 0.9296875 0.8052083333333333 0.016666666666666666 0.017708333333333333 
4 0.89921875 0.8158854166666667 0.013020833333333334 0.0140625 
4 0.8861979166666667 0.8013020833333333 0.018229166666666668 0.018229166666666668 
4 0.8669270833333333 0.7807291666666667 0.019270833333333334 0.020833333333333332 
4 0.8841145833333334 0.7630208333333334 0.018229166666666668 0.017708333333333333 
4 0.8473958333333333 0.7630208333333334 0.017708333333333333 0.017708333333333333 
4 0.834375 0.7513020833333334 0.014583333333333334 0.015104166666666667 
4 0.8408854166666667 0.7361979166666667 0.0171875 0.018229166666666668 
4 0.615625 0.93515625 0.015625 0.0140625 
4 0.63828125 0.9145833333333333 0.0171875 0.016666666666666666 
4 0.6526041666666667 0.89765625 0.015625 0.015104166666666667 
4 0.6666666666666666 0.8846354166666667 0.016666666666666666 0.0171875 
4 0.7166666666666667 0.8348958333333333 0.01875 0.019791666666666666 
4 0.13880208333333333 0.17994791666666668 0.016145833333333335 0.013020833333333334 
4 0.12005208333333334 0.17421875 0.018229166666666668 0.013020833333333334 
4 0.10208333333333333 0.16640625 0.016666666666666666 0.0109375 
4 0.08255208333333333 0.15963541666666667 0.0171875 0.0109375 
4 0.06197916666666667 0.15208333333333332 0.01875 0.011458333333333333 
4 0.29453125 0.13203125 0.016145833333333335 0.0140625 
4 0.2765625 0.12239583333333333 0.015625 0.013541666666666667 
4 0.22057291666666667 0.12473958333333333 0.018229166666666668 0.015104166666666667 
4 0.25625 0.11354166666666667 0.017708333333333333 0.014583333333333334 
4 0.2265625 0.09661458333333334 0.017708333333333333 0.0140625 
4 0.20494791666666667 0.08776041666666666 0.015104166666666667 0.013020833333333334 
4 0.18541666666666667 0.07864583333333333 0.014583333333333334 0.011458333333333333 
4 0.16614583333333333 0.06979166666666667 0.01875 0.013541666666666667 
4 0.14427083333333332 0.0625 0.019791666666666666 0.0125 
4 0.1234375 0.054427083333333334 0.016666666666666666 0.011979166666666667 
4 0.1 0.061197916666666664 0.016666666666666666 0.011979166666666667 
4 0.10364583333333334 0.046614583333333334 0.017708333333333333 0.011979166666666667 
13 0.06796875 0.403125 0.09427083333333333 0.10416666666666667 
4 0.1921875 0.20494791666666667 0.014583333333333334 0.013020833333333334 
4 0.20963541666666666 0.21432291666666667 0.016145833333333335 0.013020833333333334 
4 0.2265625 0.22213541666666667 0.013541666666666667 0.011979166666666667 
4 0.5854166666666667 0.030208333333333334 0.017708333333333333 0.016666666666666666 
4 0.6018229166666667 0.04609375 0.018229166666666668 0.019270833333333334 
4 0.6213541666666667 0.06510416666666667 0.015625 0.017708333333333333 
4 0.6369791666666667 0.0796875 0.016666666666666666 0.016666666666666666 
4 0.6361979166666667 0.04453125 0.018229166666666668 0.018229166666666668 
4 0.6799479166666667 0.03203125 0.015104166666666667 0.0171875 
4 0.6575520833333334 0.0109375 0.0171875 0.017708333333333333 
4 0.24296875 0.23203125 0.0140625 0.011979166666666667 
4 0.37161458333333336 0.37786458333333334 0.0078125 0.016145833333333335 
4 0.37005208333333334 0.3578125 0.008854166666666666 0.015625 
5 0.3723958333333333 0.33541666666666664 0.010416666666666666 0.025 
4 0.36822916666666666 0.3104166666666667 0.0125 0.016666666666666666 
4 0.35546875 0.646875 0.018229166666666668 0.01875 
4 0.28151041666666665 0.9255208333333333 0.015104166666666667 0.010416666666666666 
4 0.2677083333333333 0.9143229166666667 0.014583333333333334 0.016145833333333335 
4 0.25416666666666665 0.9018229166666667 0.013541666666666667 0.013020833333333334 
4 0.21328125 0.9109375 0.0171875 0.017708333333333333 
4 0.23619791666666667 0.8838541666666667 0.016145833333333335 0.016666666666666666 
4 0.1921875 0.7744791666666667 0.016666666666666666 0.017708333333333333 
5 0.24869791666666666 0.75078125 0.0546875 0.05572916666666667 
4 0.14270833333333333 0.6817708333333333 0.016666666666666666 0.016666666666666666 
4 0.15677083333333333 0.66796875 0.014583333333333334 0.015104166666666667 
4 0.16927083333333334 0.6544270833333333 0.013541666666666667 0.0140625 
4 0.18489583333333334 0.6388020833333333 0.01875 0.018229166666666668 
4 0.20130208333333333 0.62109375 0.018229166666666668 0.016145833333333335 
4 0.2591145833333333 0.62578125 0.0171875 0.019270833333333334 
4 0.28098958333333335 0.6033854166666667 0.0171875 0.0171875 
4 0.29713541666666665 0.5859375 0.015104166666666667 0.015625 
4 0.2838541666666667 0.5380208333333333 0.015625 0.016666666666666666 
4 0.3026041666666667 0.4921875 0.017708333333333333 0.016666666666666666 
4 0.29739583333333336 0.5236979166666667 0.017708333333333333 0.016145833333333335 
4 0.3341145833333333 0.5473958333333333 0.0203125 0.021875 
4 0.36484375 0.515625 0.022395833333333334 0.022916666666666665 
4 0.32421875 0.28046875 0.016145833333333335 0.015104166666666667 
4 0.3072916666666667 0.26953125 0.017708333333333333 0.015104166666666667 
4 0.28984375 0.259375 0.019270833333333334 0.016666666666666666 
4 0.25833333333333336 0.23932291666666666 0.017708333333333333 0.0140625 
4 0.3729166666666667 0.40520833333333334 0.010416666666666666 0.016666666666666666 
4 0.37604166666666666 0.4244791666666667 0.009375 0.015625 
4 0.4125 0.5549479166666667 0.017708333333333333 0.016145833333333335 
4 0.40130208333333334 0.5424479166666667 0.015104166666666667 0.0140625 
4 0.5544270833333333 -0.00026041666666666666 0.0140625 0.0140625 
4 0.5690104166666666 0.013541666666666667 0.016145833333333335 0.01875 
4 0.49765625 0.23932291666666666 0.018229166666666668 0.013020833333333334 
4 0.37994791666666666 0.18385416666666668 0.019270833333333334 0.015625 
4 0.39427083333333335 0.22630208333333332 0.015625 0.016145833333333335 
4 0.39947916666666666 0.3859375 0.009375 0.021875 
5 0.5611979166666666 0.5309895833333333 0.027604166666666666 0.0140625 
4 0.5359375 0.5348958333333333 0.016666666666666666 0.008333333333333333 
4 0.22552083333333334 0.925 0.020833333333333332 0.01875 
4 0.0890625 0.9174479166666667 0.022916666666666665 0.022395833333333334 
4 0.030208333333333334 0.7015625 0.021875 0.019791666666666666 
4 0.28932291666666665 0.6747395833333333 0.019270833333333334 0.019270833333333334 
4 0.02890625 0.1390625 0.019270833333333334 0.015625 
4 0.0453125 0.14348958333333334 0.01875 0.0140625 
4 0.7317708333333334 0.8200520833333333 0.019791666666666666 0.0203125 
4 0.7463541666666667 0.8028645833333333 0.01875 0.018229166666666668 
4 0.7760416666666666 0.7729166666666667 0.016666666666666666 0.017708333333333333 
4 0.76328125 0.7861979166666667 0.018229166666666668 0.018229166666666668 
