13 0.5473958333333333 0.6794270833333333 0.03854166666666667 0.025520833333333333 
13 0.8122395833333333 0.5046875 0.03177083333333333 0.04583333333333333 
13 0.615625 0.5466145833333333 0.034375 0.043229166666666666 
13 0.6854166666666667 0.7604166666666666 0.04375 0.03333333333333333 
13 0.078125 0.87890625 0.046875 0.04010416666666667 
13 0.8328125 0.30026041666666664 0.046875 0.05677083333333333 
4 0.7341145833333333 0.8395833333333333 0.024479166666666666 0.019791666666666666 
5 0.053125 0.28411458333333334 0.03125 0.0296875 
4 0.7505208333333333 0.6096354166666667 0.009375 0.018229166666666668 
4 0.7359375 0.6033854166666667 0.014583333333333334 0.0203125 
13 0.13411458333333334 0.5872395833333334 0.03802083333333333 0.0390625 
