4 0.81953125 0.14088541666666668 0.0171875 0.016145833333333335 
4 0.790625 0.11223958333333334 0.016666666666666666 0.015104166666666667 
4 0.7830729166666667 0.15546875 0.016145833333333335 0.016145833333333335 
4 0.76640625 0.13802083333333334 0.016145833333333335 0.015625 
4 0.75 0.12291666666666666 0.017708333333333333 0.017708333333333333 
4 0.7341145833333333 0.109375 0.0140625 0.013541666666666667 
4 0.7739583333333333 0.09635416666666667 0.016666666666666666 0.017708333333333333 
4 0.7588541666666667 0.08098958333333334 0.014583333333333334 0.015104166666666667 
4 0.7197916666666667 0.09427083333333333 0.014583333333333334 0.015625 
4 0.70234375 0.07864583333333333 0.016145833333333335 0.014583333333333334 
4 0.73984375 0.06302083333333333 0.016145833333333335 0.016666666666666666 
4 0.7263020833333333 0.04895833333333333 0.016145833333333335 0.016666666666666666 
4 0.6895833333333333 0.06484375 0.016666666666666666 0.015104166666666667 
4 0.67578125 0.051041666666666666 0.016145833333333335 0.017708333333333333 
4 0.7119791666666667 0.03671875 0.013541666666666667 0.015104166666666667 
4 0.6994791666666667 0.024739583333333332 0.016666666666666666 0.015104166666666667 
4 0.68671875 0.010677083333333334 0.016145833333333335 0.015104166666666667 
4 0.659375 0.03567708333333333 0.016666666666666666 0.016145833333333335 
4 0.6434895833333333 0.022916666666666665 0.0171875 0.016666666666666666 
4 0.6721354166666667 -0.0026041666666666665 0.016145833333333335 0.015625 
4 0.9190104166666667 -0.0015625 0.016145833333333335 0.01875 
4 0.8481770833333333 0.16822916666666668 0.016145833333333335 0.016666666666666666 
4 0.5640625 0.07994791666666666 0.017708333333333333 0.016145833333333335 
4 0.5783854166666667 0.06666666666666667 0.016145833333333335 0.014583333333333334 
4 0.5932291666666667 0.049479166666666664 0.017708333333333333 0.01875 
4 0.5549479166666667 0.03802083333333333 0.016145833333333335 0.015625 
4 0.5677083333333334 0.025520833333333333 0.016666666666666666 0.015625 
4 0.8328125 0.15416666666666667 0.015625 0.016666666666666666 
4 0.8005208333333333 0.17395833333333333 0.013541666666666667 0.015625 
4 0.8552083333333333 0.7838541666666666 0.016666666666666666 0.017708333333333333 
4 0.9807291666666667 0.8369791666666667 0.017708333333333333 0.015625 
4 0.9671875 0.85078125 0.015625 0.015104166666666667 
4 0.9559895833333333 0.86640625 0.015104166666666667 0.0171875 
4 0.9419270833333333 0.8786458333333333 0.015104166666666667 0.015625 
4 0.9265625 0.8940104166666667 0.017708333333333333 0.019270833333333334 
4 0.9114583333333334 0.9098958333333333 0.016666666666666666 0.017708333333333333 
4 0.8963541666666667 0.9252604166666667 0.016666666666666666 0.0171875 
4 0.8778645833333333 0.9424479166666667 0.018229166666666668 0.0171875 
4 0.8403645833333333 0.8005208333333333 0.0171875 0.015625 
4 0.80703125 0.8341145833333333 0.0140625 0.0140625 
4 0.8307291666666666 0.8677083333333333 0.015625 0.014583333333333334 
4 0.8122395833333333 0.88515625 0.016145833333333335 0.016145833333333335 
4 0.8065104166666667 0.8736979166666666 0.015104166666666667 0.015104166666666667 
4 0.8255208333333334 0.85546875 0.016666666666666666 0.0171875 
4 0.7890625 0.8731770833333333 0.017708333333333333 0.0171875 
4 0.7890625 0.8526041666666667 0.016666666666666666 0.015625 
4 1.003125 0.66328125 0.017708333333333333 0.0171875 
4 0.99296875 0.64375 0.0171875 0.01875 
4 0.97734375 0.65859375 0.0171875 0.018229166666666668 
4 0.9598958333333333 0.678125 0.016666666666666666 0.016666666666666666 
4 0.8268229166666666 0.196875 0.016145833333333335 0.016666666666666666 
4 0.6776041666666667 1.0020833333333334 0.010416666666666666 0.013541666666666667 
4 0.76875 0.31588541666666664 0.016666666666666666 0.0140625 
4 0.7888020833333333 0.2955729166666667 0.0203125 0.0171875 
4 0.80390625 0.2794270833333333 0.0171875 0.0171875 
4 0.1625 0.45078125 0.015625 0.0140625 
4 0.11666666666666667 0.4078125 0.015625 0.015625 
4 0.09973958333333334 0.3885416666666667 0.016145833333333335 0.016666666666666666 
4 0.08203125 0.37135416666666665 0.018229166666666668 0.016666666666666666 
4 0.06536458333333334 0.3567708333333333 0.015104166666666667 0.015625 
4 0.25885416666666666 0.4552083333333333 0.017708333333333333 0.01875 
4 0.2453125 0.44114583333333335 0.015625 0.014583333333333334 
4 0.24036458333333333 0.4234375 0.0067708333333333336 0.015625 
4 0.3307291666666667 0.3190104166666667 0.016666666666666666 0.016145833333333335 
4 0.31536458333333334 0.3346354166666667 0.019270833333333334 0.018229166666666668 
4 0.3020833333333333 0.35078125 0.014583333333333334 0.015104166666666667 
4 0.2859375 0.36614583333333334 0.017708333333333333 0.01875 
4 0.27265625 0.37994791666666666 0.018229166666666668 0.016145833333333335 
4 0.3302083333333333 0.26953125 0.016666666666666666 0.015104166666666667 
4 0.31484375 0.28411458333333334 0.0140625 0.015104166666666667 
4 0.2986979166666667 0.3026041666666667 0.016145833333333335 0.016666666666666666 
4 0.28151041666666665 0.31979166666666664 0.016145833333333335 0.016666666666666666 
4 0.26640625 0.33645833333333336 0.018229166666666668 0.016666666666666666 
4 0.24973958333333332 0.35208333333333336 0.015104166666666667 0.015625 
4 0.2375 0.36380208333333336 0.015625 0.015104166666666667 
4 0.15390625 0.353125 0.0171875 0.01875 
4 0.14114583333333333 0.34088541666666666 0.013541666666666667 0.016145833333333335 
4 0.12630208333333334 0.32734375 0.0140625 0.015104166666666667 
4 0.11354166666666667 0.3143229166666667 0.01875 0.019270833333333334 
4 0.09895833333333333 0.30026041666666664 0.016666666666666666 0.0171875 
4 0.08307291666666666 0.28359375 0.019270833333333334 0.018229166666666668 
4 0.06744791666666666 0.26979166666666665 0.0140625 0.015625 
4 0.14609375 0.4354166666666667 0.016145833333333335 0.015625 
4 0.17708333333333334 0.46510416666666665 0.016666666666666666 0.017708333333333333 
4 0.20807291666666666 0.49505208333333334 0.0140625 0.015104166666666667 
4 0.10208333333333333 0.9997395833333333 0.016666666666666666 0.0109375 
4 0.08255208333333333 0.99296875 0.0171875 0.0109375 
4 0.06197916666666667 0.9854166666666667 0.01875 0.011458333333333333 
4 0.29453125 0.9653645833333333 0.016145833333333335 0.0140625 
4 0.2765625 0.9557291666666666 0.015625 0.013541666666666667 
4 0.22057291666666667 0.9580729166666667 0.018229166666666668 0.015104166666666667 
4 0.25625 0.946875 0.017708333333333333 0.014583333333333334 
4 0.2265625 0.9299479166666667 0.017708333333333333 0.0140625 
4 0.20494791666666667 0.92109375 0.015104166666666667 0.013020833333333334 
4 0.18541666666666667 0.9119791666666667 0.014583333333333334 0.011458333333333333 
4 0.16614583333333333 0.903125 0.01875 0.013541666666666667 
4 0.14427083333333332 0.8958333333333334 0.019791666666666666 0.0125 
4 0.1234375 0.8877604166666667 0.016666666666666666 0.011979166666666667 
4 0.1 0.89453125 0.016666666666666666 0.011979166666666667 
4 0.10364583333333334 0.8799479166666667 0.017708333333333333 0.011979166666666667 
4 0.3221354166666667 0.5158854166666667 0.0140625 0.015104166666666667 
4 0.3072916666666667 0.5010416666666667 0.015625 0.017708333333333333 
4 0.2911458333333333 0.48671875 0.017708333333333333 0.018229166666666668 
4 0.27682291666666664 0.47161458333333334 0.0171875 0.0171875 
4 0.325 0.6083333333333333 0.017708333333333333 0.017708333333333333 
4 0.30963541666666666 0.5934895833333333 0.016145833333333335 0.016145833333333335 
4 0.29401041666666666 0.5791666666666667 0.016145833333333335 0.015625 
4 0.2794270833333333 0.56328125 0.015104166666666667 0.0140625 
4 0.26588541666666665 0.55078125 0.016145833333333335 0.016145833333333335 
4 0.2520833333333333 0.5372395833333333 0.014583333333333334 0.015104166666666667 
4 0.2390625 0.525 0.014583333333333334 0.015625 
4 0.225 0.5106770833333333 0.016666666666666666 0.016145833333333335 
8 0.46875 0.28984375 0.11458333333333333 0.1140625 
8 0.5083333333333333 0.25104166666666666 0.11145833333333334 0.11145833333333334 
13 0.8130208333333333 0.6169270833333333 0.08541666666666667 0.0859375 
13 0.7653645833333333 0.6658854166666667 0.030729166666666665 0.0328125 
13 0.27317708333333335 0.10520833333333333 0.028645833333333332 0.025 
13 0.26848958333333334 0.05 0.0828125 0.06145833333333333 
4 0.42083333333333334 0.17552083333333332 0.015625 0.015625 
4 0.40078125 0.19557291666666668 0.0140625 0.018229166666666668 
4 0.3885416666666667 0.20833333333333334 0.016666666666666666 0.016666666666666666 
4 0.40625 0.2421875 0.016666666666666666 0.016666666666666666 
4 0.3729166666666667 0.22421875 0.016666666666666666 0.018229166666666668 
4 0.38958333333333334 0.2591145833333333 0.017708333333333333 0.018229166666666668 
4 0.375 0.275 0.01875 0.017708333333333333 
4 0.3580729166666667 0.29140625 0.018229166666666668 0.018229166666666668 
4 0.34453125 0.30494791666666665 0.015104166666666667 0.015104166666666667 
4 0.71015625 0.3765625 0.018229166666666668 0.019791666666666666 
4 0.6927083333333334 0.39375 0.016666666666666666 0.016666666666666666 
4 0.6765625 0.40989583333333335 0.017708333333333333 0.017708333333333333 
4 0.5854166666666667 0.8635416666666667 0.017708333333333333 0.016666666666666666 
4 0.6018229166666667 0.8794270833333333 0.018229166666666668 0.019270833333333334 
4 0.6213541666666667 0.8984375 0.015625 0.017708333333333333 
4 0.6369791666666667 0.9130208333333333 0.016666666666666666 0.016666666666666666 
4 0.6361979166666667 0.8778645833333333 0.018229166666666668 0.018229166666666668 
4 0.6799479166666667 0.8653645833333333 0.015104166666666667 0.0171875 
4 0.6575520833333334 0.8442708333333333 0.0171875 0.017708333333333333 
4 0.6268229166666667 0.8130208333333333 0.015104166666666667 0.015625 
4 0.6002604166666666 0.7877604166666666 0.0171875 0.0171875 
4 0.5869791666666667 0.77421875 0.015625 0.016145833333333335 
4 0.5692708333333333 0.7578125 0.016666666666666666 0.017708333333333333 
4 0.5552083333333333 0.74375 0.014583333333333334 0.017708333333333333 
4 0.5395833333333333 0.7278645833333334 0.01875 0.019270833333333334 
4 0.5229166666666667 0.71171875 0.017708333333333333 0.018229166666666668 
4 0.5221354166666666 0.6200520833333333 0.016145833333333335 0.0171875 
4 0.5065104166666666 0.6966145833333334 0.016145833333333335 0.018229166666666668 
4 0.6033854166666667 0.48463541666666665 0.019270833333333334 0.016145833333333335 
4 0.5825520833333333 0.5065104166666666 0.016145833333333335 0.0171875 
4 0.42578125 0.20989583333333334 0.016145833333333335 0.017708333333333333 
4 0.434375 0.16145833333333334 0.013541666666666667 0.0125 
4 0.4484375 0.14765625 0.014583333333333334 0.015104166666666667 
4 0.5393229166666667 0.0546875 0.015104166666666667 0.016666666666666666 
4 0.5247395833333334 0.06927083333333334 0.016145833333333335 0.016666666666666666 
4 0.5486979166666667 0.09609375 0.013020833333333334 0.015104166666666667 
4 0.5328125 0.11197916666666667 0.015625 0.015625 
4 0.51875 0.12578125 0.016666666666666666 0.016145833333333335 
4 0.5083333333333333 0.08541666666666667 0.014583333333333334 0.013541666666666667 
4 0.49505208333333334 0.09869791666666666 0.0140625 0.0140625 
4 0.50546875 0.13958333333333334 0.0171875 0.016666666666666666 
4 0.49296875 0.15182291666666667 0.016145833333333335 0.015104166666666667 
4 0.4791666666666667 0.16666666666666666 0.016666666666666666 0.015625 
4 0.459375 0.18776041666666668 0.016666666666666666 0.016145833333333335 
4 0.44375 0.20338541666666668 0.015625 0.015104166666666667 
4 0.5674479166666667 0.521875 0.0171875 0.017708333333333333 
4 0.5544270833333333 0.5359375 0.016145833333333335 0.015625 
4 0.5411458333333333 0.5489583333333333 0.015625 0.016666666666666666 
4 0.515625 0.5755208333333334 0.016666666666666666 0.016666666666666666 
4 0.4588541666666667 0.7221354166666667 0.013541666666666667 0.0140625 
4 0.49114583333333334 0.5997395833333333 0.01875 0.0171875 
4 0.33671875 0.5315104166666667 0.0171875 0.018229166666666668 
4 0.35234375 0.5450520833333333 0.016145833333333335 0.015104166666666667 
4 0.36770833333333336 0.5611979166666666 0.014583333333333334 0.015104166666666667 
4 0.3828125 0.575 0.016666666666666666 0.015625 
4 0.4002604166666667 0.5932291666666667 0.0171875 0.015625 
4 0.33932291666666664 0.6244791666666667 0.019270833333333334 0.017708333333333333 
4 0.35520833333333335 0.6380208333333334 0.014583333333333334 0.015625 
4 0.39947916666666666 0.65546875 0.016666666666666666 0.019270833333333334 
4 0.39348958333333334 0.6763020833333333 0.018229166666666668 0.016145833333333335 
4 0.40989583333333335 0.6921875 0.016666666666666666 0.014583333333333334 
4 0.42473958333333334 0.70703125 0.015104166666666667 0.0171875 
4 0.44088541666666664 0.7213541666666666 0.015104166666666667 0.016666666666666666 
4 0.4546875 0.7354166666666667 0.015625 0.014583333333333334 
4 0.46796875 0.7479166666666667 0.016145833333333335 0.01875 
4 0.5239583333333333 0.7830729166666667 0.015625 0.016145833333333335 
4 0.51328125 0.79296875 0.0140625 0.013020833333333334 
4 0.5265625 0.8057291666666667 0.016666666666666666 0.014583333333333334 
4 0.5421875 0.8223958333333333 0.013541666666666667 0.015625 
4 0.5544270833333333 0.8330729166666667 0.0140625 0.0140625 
4 0.5690104166666666 0.846875 0.016145833333333335 0.01875 
4 0.9669270833333333 0.00703125 0.019270833333333334 0.0203125 
4 1.00390625 0.08125 0.0171875 0.01875 
4 0.8729166666666667 0.2625 0.025 0.019791666666666666 
4 0.8986979166666667 0.2677083333333333 0.0203125 0.019791666666666666 
4 0.91171875 0.28072916666666664 0.018229166666666668 0.017708333333333333 
4 0.93046875 0.2981770833333333 0.021354166666666667 0.0203125 
4 0.9450520833333333 0.3138020833333333 0.018229166666666668 0.019270833333333334 
4 0.9606770833333333 0.32890625 0.015104166666666667 0.016145833333333335 
4 0.02890625 0.9723958333333333 0.019270833333333334 0.015625 
4 0.0453125 0.9768229166666667 0.01875 0.0140625 
4 0.06015625 0.3140625 0.019270833333333334 0.021875 
4 0.42994791666666665 0.21744791666666666 0.015104166666666667 0.016145833333333335 
4 0.8140625 0.18645833333333334 0.021875 0.019791666666666666 
4 0.996875 0.022916666666666665 0.015625 0.01875 
4 0.984375 0.023697916666666666 0.015625 0.016145833333333335 
4 0.9825520833333333 0.008333333333333333 0.015104166666666667 0.014583333333333334 
4 0.9671875 -0.005729166666666666 0.017708333333333333 0.017708333333333333 
4 0.934375 0.014322916666666666 0.016666666666666666 0.0171875 
4 0.9520833333333333 0.029166666666666667 0.017708333333333333 0.01875 
4 0.9645833333333333 0.04505208333333333 0.015625 0.016145833333333335 
4 0.9880208333333333 0.065625 0.017708333333333333 0.016666666666666666 
4 0.8989583333333333 0.2171875 0.015625 0.015625 
4 0.9143229166666667 0.23333333333333334 0.015104166666666667 0.017708333333333333 
4 0.9341145833333333 0.25234375 0.015104166666666667 0.0171875 
4 0.9557291666666666 0.2734375 0.017708333333333333 0.016666666666666666 
4 0.9697916666666667 0.28828125 0.013541666666666667 0.016145833333333335 
4 0.984375 0.3026041666666667 0.014583333333333334 0.016666666666666666 
4 0.9921875 0.3580729166666667 0.016666666666666666 0.0171875 
