13 0.24739583333333334 0.8627604166666667 0.030208333333333334 0.03177083333333333 
13 0.5231770833333333 0.9731770833333333 0.04739583333333333 0.05572916666666667 
13 0.59453125 0.5317708333333333 0.07239583333333334 0.06145833333333333 
13 0.4109375 0.35833333333333334 0.04895833333333333 0.04375 
13 0.5661458333333333 0.259375 0.05 0.03125 
13 0.07552083333333333 0.5921875 0.042708333333333334 0.05416666666666667 
13 0.07890625 0.4122395833333333 0.05364583333333333 0.03802083333333333 
4 0.1015625 0.24166666666666667 0.022916666666666665 0.017708333333333333 
4 0.09427083333333333 0.21536458333333333 0.025 0.018229166666666668 
4 0.11901041666666666 0.20807291666666666 0.025520833333333333 0.018229166666666668 
5 0.05078125 0.22109375 0.0328125 0.024479166666666666 
