4 0.13385416666666666 0.00859375 0.015625 0.015104166666666667 
4 0.12265625 0.02421875 0.015104166666666667 0.0171875 
4 0.10859375 0.036458333333333336 0.015104166666666667 0.015625 
4 0.09322916666666667 0.05182291666666667 0.017708333333333333 0.019270833333333334 
4 0.078125 0.06770833333333333 0.016666666666666666 0.017708333333333333 
4 0.06302083333333333 0.08307291666666666 0.016666666666666666 0.0171875 
4 0.04453125 0.10026041666666667 0.018229166666666668 0.0171875 
4 -0.0026041666666666665 0.025520833333333333 0.015625 0.014583333333333334 
4 0.06510416666666667 0.21510416666666668 0.014583333333333334 0.013541666666666667 
4 0.07682291666666667 0.22604166666666667 0.013020833333333334 0.014583333333333334 
4 0.08828125 0.23828125 0.013020833333333334 0.015104166666666667 
4 0.10104166666666667 0.25 0.013541666666666667 0.015625 
4 0.11692708333333333 0.26328125 0.0140625 0.016145833333333335 
4 0.15625 0.30390625 0.013541666666666667 0.015104166666666667 
4 0.17083333333333334 0.3177083333333333 0.014583333333333334 0.016666666666666666 
4 0.1875 0.3338541666666667 0.013541666666666667 0.014583333333333334 
4 0.19895833333333332 0.7809895833333333 0.01875 0.018229166666666668 
4 0.36770833333333336 0.2755208333333333 0.013541666666666667 0.014583333333333334 
4 0.3541666666666667 0.28932291666666665 0.016666666666666666 0.018229166666666668 
4 0.3375 0.30625 0.017708333333333333 0.017708333333333333 
4 0.32005208333333335 0.32578125 0.0171875 0.0171875 
4 0.35442708333333334 0.3416666666666667 0.018229166666666668 0.019791666666666666 
4 0.3390625 0.35703125 0.017708333333333333 0.018229166666666668 
4 0.30104166666666665 0.34479166666666666 0.014583333333333334 0.015625 
4 0.2838541666666667 0.3611979166666667 0.014583333333333334 0.013020833333333334 
4 0.32578125 0.371875 0.015104166666666667 0.014583333333333334 
4 0.30963541666666666 0.38697916666666665 0.0140625 0.015625 
4 0.36666666666666664 0.9427083333333334 0.014583333333333334 0.014583333333333334 
4 0.35182291666666665 0.9299479166666667 0.015104166666666667 0.0171875 
4 0.33567708333333335 0.9140625 0.015104166666666667 0.015625 
4 0.31979166666666664 0.8973958333333333 0.0125 0.015625 
4 0.303125 0.8809895833333333 0.014583333333333334 0.0171875 
4 0.2869791666666667 0.8669270833333333 0.015625 0.0171875 
4 0.24244791666666668 0.8221354166666667 0.013020833333333334 0.015104166666666667 
4 0.20677083333333332 0.35260416666666666 0.017708333333333333 0.016666666666666666 
4 0.18333333333333332 0.76484375 0.0125 0.016145833333333335 
4 0.02734375 0.6143229166666667 0.015104166666666667 0.016145833333333335 
4 0.16744791666666667 0.7497395833333333 0.018229166666666668 0.018229166666666668 
4 0.15286458333333333 0.7341145833333333 0.015104166666666667 0.016145833333333335 
4 0.13828125 0.7200520833333334 0.013020833333333334 0.0140625 
4 0.12239583333333333 0.70546875 0.013541666666666667 0.016145833333333335 
4 0.10911458333333333 0.69140625 0.0140625 0.016145833333333335 
4 0.0921875 0.6747395833333333 0.014583333333333334 0.015104166666666667 
4 0.07552083333333333 0.66015625 0.015625 0.016145833333333335 
4 0.06067708333333333 0.6455729166666667 0.016145833333333335 0.015104166666666667 
4 0.04479166666666667 0.6291666666666667 0.015625 0.014583333333333334 
4 0.21380208333333334 0.7950520833333333 0.016145833333333335 0.016145833333333335 
4 0.22578125 0.8065104166666667 0.0140625 0.0171875 
4 0.21692708333333333 0.8966145833333333 0.019270833333333334 0.019270833333333334 
4 0.20755208333333333 0.9328125 0.0140625 0.017708333333333333 
4 0.134375 0.8716145833333333 0.015625 0.015104166666666667 
4 0.14661458333333333 0.88515625 0.011979166666666667 0.015104166666666667 
4 0.11276041666666667 0.8510416666666667 0.0171875 0.019791666666666666 
4 0.08125 0.8208333333333333 0.015625 0.017708333333333333 
4 0.09635416666666667 0.7963541666666667 0.016666666666666666 0.017708333333333333 
4 0.06588541666666667 0.80703125 0.013020833333333334 0.0140625 
4 0.05286458333333333 0.7924479166666667 0.018229166666666668 0.018229166666666668 
4 0.03359375 0.771875 0.019270833333333334 0.020833333333333332 
4 0.05078125 0.7541666666666667 0.018229166666666668 0.017708333333333333 
4 0.0140625 0.7541666666666667 0.017708333333333333 0.017708333333333333 
4 0.0010416666666666667 0.7424479166666667 0.014583333333333334 0.015104166666666667 
4 0.007552083333333333 0.72734375 0.0171875 0.018229166666666668 
13 0.40859375 0.06510416666666667 0.08697916666666666 0.09166666666666666 
13 0.6231770833333333 0.26145833333333335 0.06510416666666667 0.065625 
4 0.56875 0.07057291666666667 0.016666666666666666 0.0171875 
4 0.5950520833333334 0.09453125 0.016145833333333335 0.015104166666666667 
4 0.60625 0.08255208333333333 0.015625 0.016145833333333335 
4 0.6208333333333333 0.06770833333333333 0.013541666666666667 0.0125 
4 0.63515625 0.05286458333333333 0.015104166666666667 0.016145833333333335 
4 0.5950520833333334 0.6072916666666667 0.015104166666666667 0.016666666666666666 
4 0.5802083333333333 0.6221354166666667 0.016666666666666666 0.0171875 
4 0.5638020833333334 0.5895833333333333 0.0171875 0.01875 
4 0.5489583333333333 0.60390625 0.016666666666666666 0.015104166666666667 
4 0.5364583333333334 0.6171875 0.015625 0.017708333333333333 
4 0.5825520833333333 0.10729166666666666 0.0171875 0.016666666666666666 
4 0.553125 0.08645833333333333 0.015625 0.017708333333333333 
4 0.5606770833333333 0.13020833333333334 0.0140625 0.013541666666666667 
4 0.5375 0.10234375 0.014583333333333334 0.016145833333333335 
4 0.4596354166666667 0.23359375 0.0203125 0.0203125 
4 0.4440104166666667 0.2484375 0.0171875 0.016666666666666666 
4 0.3966145833333333 0.24583333333333332 0.0171875 0.019791666666666666 
4 0.82578125 0.8861979166666667 0.021354166666666667 0.021354166666666667 
4 0.38307291666666665 0.9583333333333334 0.018229166666666668 0.017708333333333333 
4 0.74609375 0.0890625 0.019270833333333334 0.017708333333333333 
4 0.73046875 0.07239583333333334 0.016145833333333335 0.016666666666666666 
4 0.6098958333333333 0.027604166666666666 0.01875 0.019791666666666666 
5 0.6947916666666667 0.0390625 0.017708333333333333 0.017708333333333333 
4 0.7338541666666667 0.027083333333333334 0.015625 0.016666666666666666 
4 0.42135416666666664 0.2716145833333333 0.01875 0.019270833333333334 
4 0.4744791666666667 0.21770833333333334 0.016666666666666666 0.015625 
4 0.48802083333333335 0.20442708333333334 0.014583333333333334 0.015104166666666667 
4 0.43203125 0.20963541666666666 0.0171875 0.016145833333333335 
4 0.44505208333333335 0.19583333333333333 0.015104166666666667 0.015625 
4 0.4591145833333333 0.1828125 0.015104166666666667 0.015625 
4 0.4734375 0.16796875 0.016666666666666666 0.0171875 
4 0.48854166666666665 0.15390625 0.015625 0.0171875 
4 0.5033854166666667 0.1890625 0.011979166666666667 0.014583333333333334 
4 0.5161458333333333 0.17526041666666667 0.013541666666666667 0.016145833333333335 
4 0.53125 0.15963541666666667 0.013541666666666667 0.015104166666666667 
4 0.54375 0.14583333333333334 0.01875 0.015625 
4 0.50859375 0.13151041666666666 0.013020833333333334 0.015104166666666667 
4 0.52265625 0.11796875 0.015104166666666667 0.015104166666666667 
4 0.36432291666666666 0.5052083333333334 0.016145833333333335 0.017708333333333333 
4 0.43671875 0.57734375 0.016145833333333335 0.0171875 
4 0.4236979166666667 0.5635416666666667 0.015104166666666667 0.016666666666666666 
4 0.40703125 0.54921875 0.018229166666666668 0.0203125 
4 0.42916666666666664 0.60078125 0.022916666666666665 0.0234375 
4 0.40963541666666664 0.23359375 0.015104166666666667 0.015104166666666667 
4 0.3828125 0.2591145833333333 0.016666666666666666 0.0171875 
4 0.4041666666666667 0.29010416666666666 0.017708333333333333 0.017708333333333333 
4 0.39114583333333336 0.30416666666666664 0.016666666666666666 0.016666666666666666 
4 0.58125 0.7203125 0.016666666666666666 0.01875 
4 0.6252604166666667 0.7606770833333333 0.0171875 0.0171875 
4 0.6411458333333333 0.7765625 0.016666666666666666 0.01875 
4 0.79921875 0.8627604166666667 0.0140625 0.016145833333333335 
4 0.8424479166666666 0.86875 0.016145833333333335 0.016666666666666666 
4 0.84921875 0.8484375 0.0171875 0.015625 
4 0.8247395833333333 0.8359375 0.015104166666666667 0.015625 
4 0.8395833333333333 0.8205729166666667 0.015625 0.0171875 
4 0.8591145833333333 0.80078125 0.016145833333333335 0.015104166666666667 
4 0.87734375 0.8309895833333333 0.015104166666666667 0.016145833333333335 
4 0.8947916666666667 0.81640625 0.017708333333333333 0.018229166666666668 
4 0.90859375 0.8015625 0.0171875 0.016666666666666666 
4 0.9223958333333333 0.78671875 0.016666666666666666 0.0140625 
4 0.9380208333333333 0.7716145833333333 0.017708333333333333 0.016145833333333335 
4 0.9596354166666666 0.74921875 0.015104166666666667 0.015104166666666667 
4 0.9763020833333333 0.73359375 0.0171875 0.0171875 
4 0.9294270833333333 0.72890625 0.015104166666666667 0.016145833333333335 
4 0.9989583333333333 0.7091145833333333 0.015625 0.016145833333333335 
4 0.8434895833333333 0.3020833333333333 0.016145833333333335 0.016666666666666666 
4 0.8583333333333333 0.33828125 0.017708333333333333 0.018229166666666668 
4 0.8721354166666667 0.321875 0.015104166666666667 0.016666666666666666 
4 0.8890625 0.30494791666666665 0.014583333333333334 0.0140625 
4 0.8619791666666666 0.2833333333333333 0.016666666666666666 0.017708333333333333 
4 0.8489583333333334 0.19010416666666666 0.014583333333333334 0.014583333333333334 
4 0.8625 0.203125 0.017708333333333333 0.016666666666666666 
4 0.8776041666666666 0.21901041666666668 0.014583333333333334 0.0140625 
4 0.96171875 0.3 0.0171875 0.019791666666666666 
4 0.6080729166666666 0.7447916666666666 0.0171875 0.017708333333333333 
4 0.6408854166666667 0.5609375 0.018229166666666668 0.020833333333333332 
4 0.62578125 0.5770833333333333 0.016145833333333335 0.017708333333333333 
4 0.70859375 0.0013020833333333333 0.015104166666666667 0.015104166666666667 
4 0.7216145833333333 0.0140625 0.0171875 0.016666666666666666 
4 0.715625 0.058854166666666666 0.016666666666666666 0.017708333333333333 
4 0.74609375 0.03984375 0.015104166666666667 0.016145833333333335 
4 0.759375 0.054427083333333334 0.017708333333333333 0.019270833333333334 
4 0.77734375 0.06875 0.016145833333333335 0.017708333333333333 
4 0.7911458333333333 0.08333333333333333 0.016666666666666666 0.015625 
4 0.76640625 0.11041666666666666 0.018229166666666668 0.016666666666666666 
4 0.78515625 0.12916666666666668 0.015104166666666667 0.014583333333333334 
4 0.8057291666666667 0.0984375 0.017708333333333333 0.016666666666666666 
4 0.8208333333333333 0.11223958333333334 0.017708333333333333 0.0171875 
4 0.8041666666666667 0.14661458333333333 0.014583333333333334 0.0140625 
4 0.8184895833333333 0.15963541666666667 0.015104166666666667 0.011979166666666667 
4 0.83203125 0.17421875 0.015104166666666667 0.0140625 
4 0.8278645833333333 0.31927083333333334 0.016145833333333335 0.01875 
4 0.7901041666666667 0.35703125 0.015625 0.016145833333333335 
4 0.8203125 0.37786458333333334 0.017708333333333333 0.016145833333333335 
4 0.775 0.42213541666666665 0.015625 0.015104166666666667 
4 0.7776041666666667 0.3692708333333333 0.015625 0.013541666666666667 
4 0.7497395833333333 0.39869791666666665 0.015104166666666667 0.015104166666666667 
4 0.7359375 0.4127604166666667 0.015625 0.016145833333333335 
4 0.7471354166666667 0.45286458333333335 0.016145833333333335 0.016145833333333335 
4 0.6786458333333333 0.47109375 0.014583333333333334 0.016145833333333335 
4 0.66484375 0.48463541666666665 0.015104166666666667 0.0171875 
4 0.70234375 0.49973958333333335 0.013020833333333334 0.0140625 
4 0.6364583333333333 0.5138020833333333 0.0125 0.0140625 
4 0.9763020833333333 0.3145833333333333 0.015104166666666667 0.014583333333333334 
4 0.9901041666666667 0.328125 0.017708333333333333 0.016666666666666666 
4 0.9822916666666667 0.26953125 0.014583333333333334 0.015104166666666667 
4 0.9671875 0.2552083333333333 0.016666666666666666 0.016666666666666666 
4 0.9513020833333333 0.24088541666666666 0.018229166666666668 0.019270833333333334 
4 0.9203125 0.20989583333333334 0.016666666666666666 0.016666666666666666 
4 0.90390625 0.19244791666666666 0.018229166666666668 0.015104166666666667 
4 0.8877604166666667 0.17838541666666666 0.0171875 0.018229166666666668 
4 0.8744791666666667 0.16432291666666668 0.015625 0.015104166666666667 
4 0.86015625 0.1515625 0.016145833333333335 0.015625 
4 0.84296875 0.13463541666666667 0.015104166666666667 0.0171875 
