13 0.23984375 0.3419270833333333 0.06510416666666667 0.0484375 
13 0.40963541666666664 0.61640625 0.050520833333333334 0.03802083333333333 
13 0.28828125 0.6638020833333333 0.05364583333333333 0.030729166666666665 
13 0.5122395833333333 0.5875 0.0234375 0.04479166666666667 
4 0.3424479166666667 0.9747395833333333 0.0140625 0.0234375 
4 0.3606770833333333 0.9578125 0.0171875 0.013541666666666667 
4 0.9747395833333333 0.75078125 0.018229166666666668 0.018229166666666668 
4 0.9807291666666667 0.73125 0.01875 0.021875 
4 0.8625 0.69453125 0.01875 0.0234375 
13 0.5231770833333333 1.0122395833333333 0.05572916666666667 0.049479166666666664 
