7 0.8432291666666667 -0.018489583333333334 0.04895833333333333 0.1015625 
7 0.9182291666666667 -0.01875 0.04583333333333333 0.10208333333333333 
7 0.9924479166666667 -0.016145833333333335 0.0484375 0.103125 
13 0.5411458333333333 0.6200520833333333 0.05520833333333333 0.05260416666666667 
13 -0.0005208333333333333 0.26328125 0.046875 0.05677083333333333 
13 0.3731770833333333 0.39427083333333335 0.0515625 0.057291666666666664 
4 0.9802083333333333 0.5442708333333334 0.028125 0.017708333333333333 
10 1.0002604166666667 0.3885416666666667 0.17239583333333333 0.09791666666666667 
10 0.58046875 0.134375 0.32864583333333336 0.32083333333333336 
4 0.5572916666666666 0.4973958333333333 0.019791666666666666 0.011458333333333333 
