4 0.02265625 0.771875 0.018229166666666668 0.019791666666666666 
4 -0.002864583333333333 0.5885416666666666 0.0140625 0.013541666666666667 
4 0.01015625 0.5752604166666667 0.016145833333333335 0.016145833333333335 
4 0.0234375 0.5604166666666667 0.016666666666666666 0.016666666666666666 
4 0.0375 0.54765625 0.016666666666666666 0.018229166666666668 
4 0.05130208333333333 0.5315104166666667 0.015104166666666667 0.0171875 
4 0.06328125 0.51953125 0.013020833333333334 0.015104166666666667 
4 0.07604166666666666 0.5067708333333333 0.017708333333333333 0.017708333333333333 
4 0.08958333333333333 0.49192708333333335 0.015625 0.016145833333333335 
4 0.09635416666666667 0.5005208333333333 0.017708333333333333 0.019791666666666666 
4 0.003125 0.13046875 0.015625 0.016145833333333335 
4 0.01796875 0.11510416666666666 0.0171875 0.016666666666666666 
4 0.031510416666666666 0.10234375 0.016145833333333335 0.016145833333333335 
4 0.04609375 0.08723958333333333 0.0171875 0.016145833333333335 
4 0.059895833333333336 0.07239583333333334 0.016666666666666666 0.015625 
4 0.047135416666666666 0.03723958333333333 0.016145833333333335 0.009895833333333333 
4 0.031510416666666666 0.049479166666666664 0.015104166666666667 0.014583333333333334 
4 0.016666666666666666 0.06484375 0.015625 0.0171875 
4 -0.0020833333333333333 0.084375 0.017708333333333333 0.017708333333333333 
4 0.00390625 0.7536458333333333 0.016145833333333335 0.017708333333333333 
4 0.007552083333333333 0.7057291666666666 0.015104166666666667 0.016666666666666666 
4 0.08567708333333333 0.8317708333333333 0.016145833333333335 0.01875 
4 0.07083333333333333 0.8171875 0.015625 0.015625 
4 0.053125 0.80078125 0.017708333333333333 0.0171875 
4 0.0859375 0.78203125 0.016666666666666666 0.018229166666666668 
4 0.03854166666666667 0.7869791666666667 0.017708333333333333 0.01875 
4 0.06510416666666667 0.7622395833333333 0.015625 0.016145833333333335 
4 0.05130208333333333 0.7479166666666667 0.016145833333333335 0.016666666666666666 
4 0.0375 0.7354166666666667 0.016666666666666666 0.017708333333333333 
4 0.02265625 0.72109375 0.018229166666666668 0.019270833333333334 
4 0.01484375 1.0015625 0.016145833333333335 0.016666666666666666 
4 -0.0005208333333333333 0.9875 0.015625 0.016666666666666666 
4 0.11770833333333333 0.5153645833333333 0.015625 0.016145833333333335 
4 0.09296875 0.53984375 0.016145833333333335 0.0171875 
4 0.07786458333333333 0.55546875 0.018229166666666668 0.018229166666666668 
4 0.0609375 0.57265625 0.015625 0.016145833333333335 
4 0.04453125 0.5890625 0.018229166666666668 0.017708333333333333 
4 0.10572916666666667 0.5278645833333333 0.013541666666666667 0.015104166666666667 
4 0.13307291666666668 0.4986979166666667 0.016145833333333335 0.016145833333333335 
4 0.14583333333333334 0.48541666666666666 0.016666666666666666 0.016666666666666666 
4 0.16328125 0.4166666666666667 0.015104166666666667 0.015625 
4 0.14609375 0.43333333333333335 0.016145833333333335 0.014583333333333334 
4 0.13307291666666668 0.44765625 0.013020833333333334 0.015104166666666667 
4 0.13802083333333334 0.4661458333333333 0.014583333333333334 0.015625 
13 0.13411458333333334 0.24192708333333332 0.058854166666666666 0.058854166666666666 
13 0.30130208333333336 0.55078125 0.08697916666666666 0.08385416666666666 
13 0.5880208333333333 0.8239583333333333 0.08541666666666667 0.0875 
4 0.7010416666666667 0.58828125 0.013541666666666667 0.016145833333333335 
4 0.6791666666666667 0.5515625 0.013541666666666667 0.015625 
4 0.6700520833333333 0.5328125 0.015104166666666667 0.01875 
4 0.5122395833333333 0.23828125 0.0140625 0.016145833333333335 
4 0.4986979166666667 0.22369791666666666 0.0171875 0.0171875 
4 0.37838541666666664 0.19635416666666666 0.013020833333333334 0.016666666666666666 
4 0.6973958333333333 0.44166666666666665 0.0125 0.017708333333333333 
4 0.6890625 0.4203125 0.0125 0.019791666666666666 
4 0.68203125 0.40208333333333335 0.011979166666666667 0.016666666666666666 
4 0.6752604166666667 0.38307291666666665 0.011979166666666667 0.019270833333333334 
4 0.6669270833333333 0.36484375 0.0140625 0.021354166666666667 
4 0.65625 0.3419270833333333 0.014583333333333334 0.019270833333333334 
4 0.6442708333333333 0.31953125 0.0125 0.019270833333333334 
4 0.63515625 0.30026041666666664 0.011979166666666667 0.018229166666666668 
4 0.6236979166666666 0.28203125 0.015104166666666667 0.018229166666666668 
4 0.6125 0.26276041666666666 0.013541666666666667 0.015104166666666667 
4 0.590625 0.23177083333333334 0.013541666666666667 0.015625 
4 0.5776041666666667 0.21614583333333334 0.014583333333333334 0.015625 
4 0.5635416666666667 0.19869791666666667 0.015625 0.019270833333333334 
4 0.48489583333333336 0.20677083333333332 0.016666666666666666 0.017708333333333333 
4 0.46979166666666666 0.19270833333333334 0.015625 0.013541666666666667 
4 0.45208333333333334 0.18645833333333334 0.01875 0.008333333333333333 
4 0.43255208333333334 0.19192708333333333 0.015104166666666667 0.016145833333333335 
4 0.50703125 0.17838541666666666 0.016145833333333335 0.016145833333333335 
4 0.5494791666666666 0.18229166666666666 0.013541666666666667 0.016666666666666666 
4 0.534375 0.16744791666666667 0.013541666666666667 0.016145833333333335 
4 0.43645833333333334 0.17552083333333332 0.017708333333333333 0.013541666666666667 
4 0.40520833333333334 0.16119791666666666 0.009375 0.0140625 
4 0.40182291666666664 0.13932291666666666 0.0171875 0.018229166666666668 
4 0.3846354166666667 0.12317708333333334 0.019270833333333334 0.0171875 
4 0.6888020833333334 0.5684895833333333 0.0140625 0.015104166666666667 
4 0.71640625 0.6057291666666667 0.011979166666666667 0.013541666666666667 
4 0.35104166666666664 0.10338541666666666 0.01875 0.015104166666666667 
4 0.7276041666666667 0.6221354166666667 0.015625 0.0171875 
4 0.42135416666666664 0.70078125 0.015625 0.016145833333333335 
4 0.3807291666666667 0.690625 0.015625 0.015625 
4 0.39401041666666664 0.6791666666666667 0.013020833333333334 0.013541666666666667 
4 0.40729166666666666 0.6635416666666667 0.015625 0.014583333333333334 
4 0.425 0.6466145833333333 0.017708333333333333 0.0171875 
4 0.5075520833333333 0.6135416666666667 0.0171875 0.01875 
4 0.48098958333333336 0.6390625 0.0140625 0.014583333333333334 
4 0.4549479166666667 0.6166666666666667 0.016145833333333335 0.017708333333333333 
4 0.47239583333333335 0.5986979166666667 0.015625 0.018229166666666668 
4 0.5046875 0.5643229166666667 0.016666666666666666 0.018229166666666668 
4 0.5348958333333333 0.5328125 0.019791666666666666 0.019791666666666666 
4 0.575 0.5263020833333333 0.017708333333333333 0.0171875 
4 0.6080729166666666 0.3885416666666667 0.015104166666666667 0.019791666666666666 
4 0.5979166666666667 0.36822916666666666 0.013541666666666667 0.019791666666666666 
4 0.5861979166666667 0.3463541666666667 0.013020833333333334 0.017708333333333333 
4 0.57734375 0.32786458333333335 0.015104166666666667 0.018229166666666668 
4 0.5661458333333333 0.3098958333333333 0.015625 0.019791666666666666 
4 0.5533854166666666 0.2911458333333333 0.011979166666666667 0.015625 
4 0.5403645833333334 0.27369791666666665 0.0140625 0.0171875 
4 0.5270833333333333 0.25625 0.015625 0.017708333333333333 
4 0.7703125 0.57265625 0.014583333333333334 0.018229166666666668 
4 0.7591145833333334 0.5559895833333334 0.0140625 0.018229166666666668 
4 0.7455729166666667 0.5359375 0.015104166666666667 0.019791666666666666 
4 0.7354166666666667 0.5200520833333333 0.014583333333333334 0.018229166666666668 
4 0.7260416666666667 0.503125 0.0125 0.016666666666666666 
4 0.71640625 0.48463541666666665 0.011979166666666667 0.0171875 
4 0.7072916666666667 0.4661458333333333 0.0125 0.017708333333333333 
4 0.7484375 0.6046875 0.014583333333333334 0.014583333333333334 
4 0.72890625 0.58359375 0.015104166666666667 0.0171875 
4 0.36822916666666666 0.11328125 0.016666666666666666 0.0140625 
4 0.5151041666666667 0.14791666666666667 0.014583333333333334 0.016666666666666666 
4 0.37994791666666666 0.74375 0.0140625 0.014583333333333334 
4 0.8325520833333333 0.9682291666666667 0.016145833333333335 0.015625 
4 0.8106770833333333 0.9916666666666667 0.016145833333333335 0.016666666666666666 
4 0.79765625 1.0044270833333333 0.016145833333333335 0.015104166666666667 
4 0.49973958333333335 0.13359375 0.0140625 0.016145833333333335 
4 0.47291666666666665 0.12760416666666666 0.017708333333333333 0.016666666666666666 
4 0.48463541666666665 0.11953125 0.0171875 0.016145833333333335 
4 0.4666666666666667 0.10520833333333333 0.016666666666666666 0.015625 
4 0.44895833333333335 0.0921875 0.016666666666666666 0.016666666666666666 
4 0.43359375 0.08020833333333334 0.0140625 0.013541666666666667 
4 0.4153645833333333 0.08489583333333334 0.018229166666666668 0.015625 
4 0.4161458333333333 0.06875 0.016666666666666666 0.013541666666666667 
4 0.39895833333333336 0.058333333333333334 0.014583333333333334 0.014583333333333334 
4 0.38229166666666664 0.05130208333333333 0.016666666666666666 0.008854166666666666 
4 0.8033854166666666 0.815625 0.015104166666666667 0.019791666666666666 
4 0.7872395833333333 0.8322916666666667 0.016145833333333335 0.015625 
4 0.7721354166666666 0.84765625 0.015104166666666667 0.015104166666666667 
4 0.7559895833333333 0.8627604166666667 0.019270833333333334 0.019270833333333334 
4 0.7416666666666667 0.87734375 0.015625 0.016145833333333335 
4 0.7268229166666667 0.8932291666666666 0.016145833333333335 0.016666666666666666 
4 0.7135416666666666 0.9078125 0.016666666666666666 0.016666666666666666 
4 0.6989583333333333 0.9234375 0.017708333333333333 0.019791666666666666 
4 0.6825520833333333 0.93984375 0.015104166666666667 0.016145833333333335 
4 0.6192708333333333 1.003125 0.015625 0.017708333333333333 
4 0.39557291666666666 0.7278645833333334 0.019270833333333334 0.019270833333333334 
4 0.36770833333333336 0.7059895833333333 0.016666666666666666 0.0171875 
4 0.31666666666666665 0.7565104166666666 0.014583333333333334 0.015104166666666667 
4 0.4356770833333333 0.6872395833333333 0.021354166666666667 0.0203125 
4 0.4513020833333333 0.6703125 0.019270833333333334 0.017708333333333333 
4 0.46796875 0.65234375 0.016145833333333335 0.016145833333333335 
4 0.3684895833333333 0.30755208333333334 0.019270833333333334 0.019270833333333334 
4 0.28463541666666664 0.29322916666666665 0.0203125 0.020833333333333332 
4 0.007552083333333333 0.6283854166666667 0.0203125 0.018229166666666668 
4 0.10130208333333333 0.7955729166666666 0.0203125 0.019270833333333334 
4 0.11666666666666667 0.81328125 0.016666666666666666 0.018229166666666668 
4 0.13359375 0.8403645833333333 0.019270833333333334 0.0203125 
4 0.17057291666666666 0.9145833333333333 0.0171875 0.01875 
11 1.0315104166666667 0.6822916666666666 0.2453125 0.25416666666666665 
4 0.65234375 0.4354166666666667 0.0171875 0.023958333333333335 
4 0.36666666666666664 0.2078125 0.017708333333333333 0.01875 
4 0.02578125 0.61015625 0.021354166666666667 0.025520833333333333 
4 0.5716145833333334 0.54453125 0.021354166666666667 0.022395833333333334 
4 0.3450520833333333 0.7283854166666667 0.015104166666666667 0.016145833333333335 
4 0.40208333333333335 0.34010416666666665 0.016666666666666666 0.01875 
4 0.38203125 0.3190104166666667 0.0171875 0.018229166666666668 
4 0.3880208333333333 0.32786458333333335 0.015625 0.0140625 
4 0.39505208333333336 0.3338541666666667 0.015104166666666667 0.016666666666666666 
4 0.3223958333333333 0.30364583333333334 0.016666666666666666 0.015625 
4 0.34036458333333336 0.2877604166666667 0.016145833333333335 0.016145833333333335 
4 0.3763020833333333 0.25026041666666665 0.019270833333333334 0.016145833333333335 
4 0.3963541666666667 0.22942708333333334 0.017708333333333333 0.0203125 
4 0.32786458333333335 0.7963541666666667 0.016145833333333335 0.016666666666666666 
4 0.34453125 0.7799479166666666 0.016145833333333335 0.0171875 
4 0.36302083333333335 0.76015625 0.019791666666666666 0.0171875 
4 0.075 0.05651041666666667 0.019791666666666666 0.0203125 
4 0.28984375 0.98125 0.015104166666666667 0.016666666666666666 
4 0.25494791666666666 0.94765625 0.016145833333333335 0.016145833333333335 
4 0.23776041666666667 0.9299479166666667 0.015104166666666667 0.0171875 
4 0.22890625 0.90859375 0.0078125 0.015104166666666667 
4 0.24192708333333332 0.8864583333333333 0.019270833333333334 0.017708333333333333 
4 0.29140625 0.834375 0.016145833333333335 0.015625 
4 0.24244791666666668 0.8338541666666667 0.016145833333333335 0.016666666666666666 
4 0.228125 0.8484375 0.016666666666666666 0.016666666666666666 
4 0.17708333333333334 0.8700520833333333 0.016666666666666666 0.016145833333333335 
4 0.16354166666666667 0.85625 0.015625 0.01875 
4 0.15104166666666666 0.85703125 0.015625 0.016145833333333335 
4 0.14921875 0.8416666666666667 0.015104166666666667 0.014583333333333334 
4 0.13385416666666666 0.8276041666666667 0.017708333333333333 0.017708333333333333 
4 0.10104166666666667 0.84765625 0.016666666666666666 0.0171875 
4 0.11875 0.8625 0.017708333333333333 0.01875 
4 0.13125 0.8783854166666667 0.015625 0.016145833333333335 
4 0.1546875 0.8989583333333333 0.017708333333333333 0.016666666666666666 
4 0.18958333333333333 0.9333333333333333 0.017708333333333333 0.01875 
4 0.2046875 0.9481770833333333 0.015625 0.019270833333333334 
4 0.21796875 0.9622395833333334 0.016145833333333335 0.016145833333333335 
4 0.24739583333333334 0.98984375 0.015625 0.0171875 
4 0.26171875 1.00390625 0.018229166666666668 0.019270833333333334 
4 0.2713541666666667 0.9619791666666667 0.013541666666666667 0.015625 
5 0.29765625 0.7776041666666667 0.024479166666666666 0.025 
4 0.3072916666666667 0.8174479166666667 0.016666666666666666 0.016145833333333335 
4 0.33046875 0.0921875 0.018229166666666668 0.013541666666666667 
4 0.30494791666666665 0.07786458333333333 0.0171875 0.015104166666666667 
4 0.28489583333333335 0.07109375 0.01875 0.013020833333333334 
4 0.26796875 0.06354166666666666 0.015104166666666667 0.0125 
4 0.24713541666666666 0.05416666666666667 0.0171875 0.0125 
4 0.22708333333333333 0.04765625 0.016666666666666666 0.013020833333333334 
4 0.30963541666666666 0.3182291666666667 0.016145833333333335 0.014583333333333334 
4 0.296875 0.33229166666666665 0.016666666666666666 0.015625 
4 0.28072916666666664 0.34765625 0.017708333333333333 0.018229166666666668 
4 0.26614583333333336 0.36302083333333335 0.01875 0.01875 
4 0.24895833333333334 0.3802083333333333 0.014583333333333334 0.016666666666666666 
4 0.23515625 0.39427083333333335 0.016145833333333335 0.015625 
4 0.22109375 0.41067708333333336 0.0171875 0.0171875 
4 0.23984375 0.3372395833333333 0.0171875 0.016145833333333335 
4 0.2265625 0.3515625 0.016666666666666666 0.015625 
4 0.21354166666666666 0.36640625 0.014583333333333334 0.016145833333333335 
4 0.2 0.37838541666666664 0.01875 0.019270833333333334 
4 0.18385416666666668 0.39479166666666665 0.017708333333333333 0.015625 
4 0.20494791666666667 0.42526041666666664 0.015104166666666667 0.018229166666666668 
4 0.18958333333333333 0.44140625 0.014583333333333334 0.016145833333333335 
4 0.17421875 0.45677083333333335 0.016145833333333335 0.015625 
4 0.15911458333333334 0.47317708333333336 0.016145833333333335 0.015104166666666667 
4 0.32890625 0.7455729166666667 0.018229166666666668 0.016145833333333335 
4 0.8447916666666667 0.9546875 0.017708333333333333 0.017708333333333333 
4 0.859375 0.940625 0.017708333333333333 0.017708333333333333 
4 0.8752604166666667 0.9244791666666666 0.016145833333333335 0.015625 
4 0.8903645833333333 0.909375 0.016145833333333335 0.015625 
4 0.9583333333333334 0.8346354166666666 0.019791666666666666 0.011979166666666667 
4 0.9010416666666666 0.4825520833333333 0.0125 0.018229166666666668 
4 0.9135416666666667 0.4817708333333333 0.011458333333333333 0.01875 
4 0.9260416666666667 0.48098958333333336 0.011458333333333333 0.018229166666666668 
4 0.9049479166666666 0.4557291666666667 0.0109375 0.016666666666666666 
4 0.8908854166666667 0.44895833333333335 0.011979166666666667 0.015625 
