4 0.05182291666666667 0.8833333333333333 0.013020833333333334 0.021875 
13 0.85625 0.7239583333333334 0.059375 0.052083333333333336 
13 1.0072916666666667 0.20651041666666667 0.057291666666666664 0.0609375 
13 0.5729166666666666 0.10182291666666667 0.04375 0.05572916666666667 
13 0.3411458333333333 0.26197916666666665 0.040625 0.06458333333333334 
13 0.19557291666666668 0.30833333333333335 0.06822916666666666 0.04479166666666667 
13 0.11536458333333334 0.48828125 0.058854166666666666 0.033854166666666664 
13 0.5234375 0.35234375 0.04583333333333333 0.0828125 
13 0.32734375 0.8528645833333334 0.05260416666666667 0.0390625 
13 0.70078125 0.6854166666666667 0.030729166666666665 0.04479166666666667 
13 0.7427083333333333 0.7721354166666666 0.03333333333333333 0.04010416666666667 
4 0.04010416666666667 0.8859375 0.010416666666666666 0.019791666666666666 
4 0.8080729166666667 0.771875 0.016145833333333335 0.019791666666666666 
4 0.6354166666666666 0.8817708333333333 0.01875 0.016666666666666666 
4 0.6111979166666667 0.8552083333333333 0.016145833333333335 0.027083333333333334 
4 0.15078125 0.09427083333333333 0.03177083333333333 0.017708333333333333 
4 0.9138020833333333 0.48151041666666666 0.015104166666666667 0.019270833333333334 
4 0.5028645833333333 0.57734375 0.016145833333333335 0.021354166666666667 
13 0.2799479166666667 0.6981770833333333 0.0265625 0.0421875 
4 0.03359375 0.8315104166666667 0.024479166666666666 0.0171875 
4 0.037760416666666664 0.8619791666666666 0.022395833333333334 0.017708333333333333 
4 0.6546875 0.86953125 0.022916666666666665 0.011979166666666667 
4 0.6442708333333333 0.8463541666666666 0.023958333333333335 0.019791666666666666 
