4 0.8559895833333333 0.771875 0.018229166666666668 0.019791666666666666 
4 0.82421875 0.7388020833333333 0.016145833333333335 0.018229166666666668 
4 0.8080729166666667 0.7244791666666667 0.018229166666666668 0.017708333333333333 
4 0.79375 0.71015625 0.016666666666666666 0.018229166666666668 
4 0.7796875 0.696875 0.016666666666666666 0.016666666666666666 
4 0.8127604166666667 0.66796875 0.009895833333333333 0.0171875 
4 0.8169270833333333 0.65 0.016145833333333335 0.01875 
4 0.8158854166666667 0.60234375 0.0203125 0.018229166666666668 
4 0.83046875 0.5885416666666666 0.0140625 0.013541666666666667 
4 0.8434895833333333 0.5752604166666667 0.016145833333333335 0.016145833333333335 
4 0.8567708333333334 0.5604166666666667 0.016666666666666666 0.016666666666666666 
4 0.8708333333333333 0.54765625 0.016666666666666666 0.018229166666666668 
4 0.8846354166666667 0.5315104166666667 0.015104166666666667 0.0171875 
4 0.8966145833333333 0.51953125 0.013020833333333334 0.015104166666666667 
4 0.909375 0.5067708333333333 0.017708333333333333 0.017708333333333333 
4 0.9229166666666667 0.49192708333333335 0.015625 0.016145833333333335 
4 0.9296875 0.5005208333333333 0.017708333333333333 0.019791666666666666 
4 0.77890625 0.19010416666666666 0.016145833333333335 0.017708333333333333 
4 0.7934895833333333 0.17473958333333334 0.0171875 0.016145833333333335 
4 0.8083333333333333 0.16015625 0.016666666666666666 0.016145833333333335 
4 0.8236979166666667 0.14479166666666668 0.0171875 0.016666666666666666 
4 0.8364583333333333 0.13046875 0.015625 0.016145833333333335 
4 0.8513020833333333 0.11510416666666666 0.0171875 0.016666666666666666 
4 0.86484375 0.10234375 0.016145833333333335 0.016145833333333335 
4 0.8794270833333333 0.08723958333333333 0.0171875 0.016145833333333335 
4 0.8932291666666666 0.07239583333333334 0.016666666666666666 0.015625 
4 0.88046875 0.03723958333333333 0.016145833333333335 0.009895833333333333 
4 0.86484375 0.049479166666666664 0.015104166666666667 0.014583333333333334 
4 0.85 0.06484375 0.015625 0.0171875 
4 0.83125 0.084375 0.017708333333333333 0.017708333333333333 
4 0.8372395833333334 0.7536458333333333 0.016145833333333335 0.017708333333333333 
4 0.8260416666666667 0.6916666666666667 0.016666666666666666 0.01875 
4 0.8046875 0.1125 0.017708333333333333 0.016666666666666666 
4 0.8408854166666667 0.7057291666666666 0.015104166666666667 0.016666666666666666 
4 0.81953125 0.97421875 0.0171875 0.016145833333333335 
4 0.790625 0.9455729166666667 0.016666666666666666 0.015104166666666667 
4 0.7830729166666667 0.9888020833333333 0.016145833333333335 0.016145833333333335 
4 0.76640625 0.9713541666666666 0.016145833333333335 0.015625 
4 0.75 0.95625 0.017708333333333333 0.017708333333333333 
4 0.7341145833333333 0.9427083333333334 0.0140625 0.013541666666666667 
4 0.7739583333333333 0.9296875 0.016666666666666666 0.017708333333333333 
4 0.7588541666666667 0.9143229166666667 0.014583333333333334 0.015104166666666667 
4 0.7197916666666667 0.9276041666666667 0.014583333333333334 0.015625 
4 0.70234375 0.9119791666666667 0.016145833333333335 0.014583333333333334 
4 0.73984375 0.8963541666666667 0.016145833333333335 0.016666666666666666 
4 0.7263020833333333 0.8822916666666667 0.016145833333333335 0.016666666666666666 
4 0.6895833333333333 0.8981770833333333 0.016666666666666666 0.015104166666666667 
4 0.67578125 0.884375 0.016145833333333335 0.017708333333333333 
4 0.7119791666666667 0.8700520833333333 0.013541666666666667 0.015104166666666667 
4 0.6994791666666667 0.8580729166666666 0.016666666666666666 0.015104166666666667 
4 0.68671875 0.8440104166666667 0.016145833333333335 0.015104166666666667 
4 0.659375 0.8690104166666667 0.016666666666666666 0.016145833333333335 
4 0.6434895833333333 0.85625 0.0171875 0.016666666666666666 
4 0.6721354166666667 0.8307291666666666 0.016145833333333335 0.015625 
4 0.9190104166666667 0.8317708333333333 0.016145833333333335 0.01875 
4 0.9041666666666667 0.8171875 0.015625 0.015625 
4 0.8864583333333333 0.80078125 0.017708333333333333 0.0171875 
4 0.9192708333333334 0.78203125 0.016666666666666666 0.018229166666666668 
4 0.871875 0.7869791666666667 0.017708333333333333 0.01875 
4 0.8984375 0.7622395833333333 0.015625 0.016145833333333335 
4 0.8846354166666667 0.7479166666666667 0.016145833333333335 0.016666666666666666 
4 0.8708333333333333 0.7354166666666667 0.016666666666666666 0.017708333333333333 
4 0.8559895833333333 0.72109375 0.018229166666666668 0.019270833333333334 
4 0.8177083333333334 0.09791666666666667 0.017708333333333333 0.016666666666666666 
4 0.7890625 0.12734375 0.015625 0.016145833333333335 
4 0.8481770833333333 1.0015625 0.016145833333333335 0.016666666666666666 
4 0.62109375 0.5541666666666667 0.019270833333333334 0.008333333333333333 
4 0.6291666666666667 0.5013020833333334 0.013541666666666667 0.015104166666666667 
4 0.61640625 0.48515625 0.013020833333333334 0.015104166666666667 
4 0.61015625 0.4671875 0.008854166666666666 0.017708333333333333 
4 0.6041666666666666 0.44869791666666664 0.0125 0.0203125 
4 0.59609375 0.42942708333333335 0.011979166666666667 0.016145833333333335 
4 0.5880208333333333 0.4119791666666667 0.013541666666666667 0.016666666666666666 
4 0.5864583333333333 0.3927083333333333 0.013541666666666667 0.020833333333333332 
4 0.7627604166666667 0.20598958333333334 0.018229166666666668 0.0171875 
4 0.7390625 0.23098958333333333 0.017708333333333333 0.018229166666666668 
4 0.72109375 0.24973958333333332 0.0171875 0.018229166666666668 
4 0.7028645833333333 0.2682291666666667 0.015104166666666667 0.014583333333333334 
4 0.6869791666666667 0.28463541666666664 0.014583333333333334 0.0140625 
4 0.671875 0.2989583333333333 0.016666666666666666 0.016666666666666666 
4 0.6572916666666667 0.3151041666666667 0.016666666666666666 0.015625 
4 0.64375 0.32838541666666665 0.016666666666666666 0.018229166666666668 
4 0.6291666666666667 0.34401041666666665 0.014583333333333334 0.015104166666666667 
4 0.6151041666666667 0.3578125 0.016666666666666666 0.017708333333333333 
4 0.6002604166666666 0.35833333333333334 0.015104166666666667 0.014583333333333334 
4 0.7744791666666667 0.14296875 0.015625 0.015104166666666667 
4 0.7604166666666666 0.15755208333333334 0.015625 0.0140625 
4 0.7411458333333333 0.17630208333333333 0.015625 0.015104166666666667 
4 0.7270833333333333 0.18958333333333333 0.015625 0.015625 
4 0.7140625 0.2046875 0.0125 0.0125 
4 0.6979166666666666 0.2203125 0.016666666666666666 0.016666666666666666 
4 0.68359375 0.23541666666666666 0.0140625 0.013541666666666667 
4 0.66875 0.25104166666666666 0.013541666666666667 0.014583333333333334 
4 0.6536458333333334 0.26614583333333336 0.017708333333333333 0.015625 
4 0.6393229166666666 0.28098958333333335 0.016145833333333335 0.0171875 
4 0.6208333333333333 0.30052083333333335 0.016666666666666666 0.015625 
4 0.64453125 0.5151041666666667 0.016145833333333335 0.016666666666666666 
4 0.64375 0.5645833333333333 0.016666666666666666 0.016666666666666666 
4 0.5640625 0.91328125 0.017708333333333333 0.016145833333333335 
4 0.6979166666666666 0.5658854166666667 0.016666666666666666 0.018229166666666668 
4 0.5783854166666667 0.9 0.016145833333333335 0.014583333333333334 
4 0.5932291666666667 0.8828125 0.017708333333333333 0.01875 
4 0.5549479166666667 0.8713541666666667 0.016145833333333335 0.015625 
4 0.5677083333333334 0.8588541666666667 0.016666666666666666 0.015625 
4 0.5973958333333333 0.821875 0.007291666666666667 0.015625 
4 0.5911458333333334 0.8020833333333334 0.016666666666666666 0.017708333333333333 
4 0.6533854166666667 0.81328125 0.0203125 0.019270833333333334 
4 0.6393229166666666 0.7971354166666667 0.016145833333333335 0.0171875 
4 0.6223958333333334 0.7817708333333333 0.017708333333333333 0.016666666666666666 
4 0.6075520833333333 0.7684895833333333 0.018229166666666668 0.016145833333333335 
4 0.5885416666666666 0.7494791666666667 0.01875 0.01875 
4 0.5747395833333333 0.7356770833333334 0.0140625 0.015104166666666667 
4 0.5611979166666666 0.7231770833333333 0.0140625 0.0140625 
4 0.546875 0.7088541666666667 0.015625 0.015625 
4 0.5640625 0.61328125 0.016666666666666666 0.0171875 
4 0.5778645833333333 0.5981770833333333 0.0140625 0.015104166666666667 
4 0.6010416666666667 0.5630208333333333 0.013541666666666667 0.015625 
4 0.5885416666666666 0.58203125 0.013541666666666667 0.018229166666666668 
4 0.7658854166666667 0.6828125 0.0171875 0.017708333333333333 
4 0.7502604166666667 0.6690104166666667 0.018229166666666668 0.018229166666666668 
4 0.7369791666666666 0.65546875 0.0125 0.015104166666666667 
4 0.71875 0.6375 0.015625 0.016666666666666666 
4 0.70546875 0.6247395833333333 0.015104166666666667 0.016145833333333335 
4 0.6908854166666667 0.6096354166666667 0.0171875 0.016145833333333335 
4 0.6731770833333334 0.59375 0.019270833333333334 0.019791666666666666 
4 0.75703125 0.62421875 0.013020833333333334 0.0140625 
4 0.7432291666666667 0.6114583333333333 0.016666666666666666 0.017708333333333333 
4 0.7278645833333334 0.5966145833333333 0.0171875 0.019270833333333334 
4 0.7127604166666667 0.5807291666666666 0.016145833333333335 0.01875 
4 0.8328125 0.9875 0.015625 0.016666666666666666 
4 0.9510416666666667 0.5153645833333333 0.015625 0.016145833333333335 
4 0.9263020833333333 0.53984375 0.016145833333333335 0.0171875 
4 0.9111979166666667 0.55546875 0.018229166666666668 0.018229166666666668 
4 0.8942708333333333 0.57265625 0.015625 0.016145833333333335 
4 0.8778645833333333 0.5890625 0.018229166666666668 0.017708333333333333 
4 0.9390625 0.5278645833333333 0.013541666666666667 0.015104166666666667 
4 0.96640625 0.4986979166666667 0.016145833333333335 0.016145833333333335 
4 0.9791666666666666 0.48541666666666666 0.016666666666666666 0.016666666666666666 
4 0.9966145833333333 0.4166666666666667 0.015104166666666667 0.015625 
4 0.9794270833333333 0.43333333333333335 0.016145833333333335 0.014583333333333334 
4 0.96640625 0.44765625 0.013020833333333334 0.015104166666666667 
4 0.9713541666666666 0.4661458333333333 0.014583333333333334 0.015625 
4 0.6049479166666667 0.31614583333333335 0.013020833333333334 0.015625 
4 0.5908854166666667 0.3299479166666667 0.018229166666666668 0.0171875 
4 0.55390625 0.36223958333333334 0.016145833333333335 0.013020833333333334 
4 0.09713541666666667 0.7075520833333333 0.0171875 0.0140625 
4 0.11822916666666666 0.69765625 0.017708333333333333 0.013020833333333334 
4 0.13567708333333334 0.6890625 0.018229166666666668 0.014583333333333334 
4 0.17890625 0.6703125 0.018229166666666668 0.013541666666666667 
4 0.15885416666666666 0.6794270833333333 0.017708333333333333 0.0140625 
4 0.20026041666666666 0.6606770833333333 0.019270833333333334 0.015104166666666667 
4 0.5213541666666667 0.35390625 0.013541666666666667 0.011979166666666667 
4 0.30416666666666664 0.19375 0.0125 0.01875 
4 0.2864583333333333 0.15625 0.0125 0.016666666666666666 
4 0.27760416666666665 0.13619791666666667 0.011458333333333333 0.016145833333333335 
4 0.26901041666666664 0.11927083333333334 0.0140625 0.017708333333333333 
4 0.2609375 0.10286458333333333 0.0125 0.016145833333333335 
4 0.21067708333333332 0.090625 0.011979166666666667 0.015625 
4 0.20052083333333334 0.0734375 0.014583333333333334 0.013541666666666667 
4 0.11953125 0.0453125 0.015104166666666667 0.014583333333333334 
4 0.13255208333333332 0.04244791666666667 0.015104166666666667 0.0140625 
4 0.1546875 0.03463541666666667 0.016666666666666666 0.013020833333333334 
4 0.19791666666666666 0.04505208333333333 0.016666666666666666 0.0171875 
4 0.24505208333333334 0.06614583333333333 0.0109375 0.016666666666666666 
4 0.23671875 0.04921875 0.013020833333333334 0.018229166666666668 
4 0.22916666666666666 0.03203125 0.015625 0.0203125 
4 0.22291666666666668 0.0125 0.011458333333333333 0.015625 
13 0.9674479166666666 0.24192708333333332 0.058854166666666666 0.058854166666666666 
13 0.27317708333333335 0.9385416666666667 0.028645833333333332 0.025 
13 0.26848958333333334 0.8833333333333333 0.0828125 0.06145833333333333 
4 0.29583333333333334 0.17604166666666668 0.0125 0.016666666666666666 
4 0.3125 0.21328125 0.0125 0.0171875 
4 0.2703125 0.6268229166666667 0.017708333333333333 0.015104166666666667 
4 0.3216145833333333 0.2328125 0.011979166666666667 0.017708333333333333 
4 0.32708333333333334 0.5984375 0.016666666666666666 0.011458333333333333 
4 0.25546875 0.5578125 0.0140625 0.009375 
4 0.24036458333333333 0.5645833333333333 0.0171875 0.013541666666666667 
4 0.21640625 0.5869791666666667 0.016145833333333335 0.011458333333333333 
4 0.22057291666666667 0.5731770833333333 0.0203125 0.0140625 
4 0.19895833333333332 0.5822916666666667 0.016666666666666666 0.0125 
4 0.17890625 0.5927083333333333 0.016145833333333335 0.011458333333333333 
4 0.15963541666666667 0.6013020833333333 0.018229166666666668 0.013020833333333334 
4 0.13984375 0.6109375 0.019270833333333334 0.013541666666666667 
4 0.12005208333333334 0.6197916666666666 0.018229166666666668 0.0125 
4 0.10182291666666667 0.6278645833333333 0.016145833333333335 0.011979166666666667 
4 0.0859375 0.6369791666666667 0.009375 0.009375 
4 0.34010416666666665 0.37421875 0.007291666666666667 0.0171875 
4 0.334375 0.35651041666666666 0.0125 0.015104166666666667 
4 0.3768229166666667 0.3421875 0.015104166666666667 0.014583333333333334 
4 0.3143229166666667 0.31171875 0.013020833333333334 0.016145833333333335 
4 0.3567708333333333 0.30833333333333335 0.011458333333333333 0.016666666666666666 
4 0.34869791666666666 0.29244791666666664 0.013020833333333334 0.019270833333333334 
4 0.3390625 0.27239583333333334 0.0125 0.019791666666666666 
4 0.30625 0.2953125 0.011458333333333333 0.016666666666666666 
4 0.29791666666666666 0.27838541666666666 0.013541666666666667 0.018229166666666668 
4 0.33046875 0.2520833333333333 0.011979166666666667 0.01875 
4 0.2908854166666667 0.26171875 0.011979166666666667 0.018229166666666668 
4 0.28151041666666665 0.24192708333333332 0.0140625 0.019270833333333334 
4 0.27421875 0.22317708333333333 0.015104166666666667 0.018229166666666668 
4 0.26328125 0.20234375 0.013020833333333334 0.018229166666666668 
4 0.25494791666666666 0.18255208333333334 0.013020833333333334 0.019270833333333334 
4 0.24557291666666667 0.16380208333333332 0.015104166666666667 0.0203125 
4 0.23671875 0.14427083333333332 0.013020833333333334 0.017708333333333333 
4 0.434375 0.9947916666666666 0.013541666666666667 0.0125 
4 0.4484375 0.9809895833333333 0.014583333333333334 0.015104166666666667 
4 0.5044270833333333 0.34713541666666664 0.016145833333333335 0.011979166666666667 
4 0.4864583333333333 0.3424479166666667 0.015625 0.009895833333333333 
4 0.46328125 0.33958333333333335 0.0140625 0.008333333333333333 
4 0.44244791666666666 0.33880208333333334 0.016145833333333335 0.0078125 
4 0.4231770833333333 0.3416666666666667 0.0140625 0.008333333333333333 
4 0.40390625 0.34661458333333334 0.0203125 0.011979166666666667 
4 0.5486979166666667 0.6268229166666667 0.0171875 0.015104166666666667 
4 0.5307291666666667 0.6364583333333333 0.019791666666666666 0.014583333333333334 
4 0.4356770833333333 0.6359375 0.018229166666666668 0.014583333333333334 
4 0.42604166666666665 0.6453125 0.01875 0.011458333333333333 
4 0.4002604166666667 0.6354166666666666 0.0171875 0.010416666666666666 
4 0.40338541666666666 0.6479166666666667 0.015104166666666667 0.009375 
4 0.38203125 0.6390625 0.016145833333333335 0.010416666666666666 
4 0.36302083333333335 0.6283854166666667 0.017708333333333333 0.0140625 
4 0.3807291666666667 0.6270833333333333 0.015625 0.0125 
4 0.3611979166666667 0.6151041666666667 0.018229166666666668 0.015625 
4 0.34739583333333335 0.6177083333333333 0.014583333333333334 0.013541666666666667 
4 0.5393229166666667 0.8880208333333334 0.015104166666666667 0.016666666666666666 
4 0.5247395833333334 0.9026041666666667 0.016145833333333335 0.016666666666666666 
4 0.5486979166666667 0.9294270833333333 0.013020833333333334 0.015104166666666667 
4 0.5328125 0.9453125 0.015625 0.015625 
4 0.51875 0.9591145833333333 0.016666666666666666 0.016145833333333335 
4 0.5083333333333333 0.91875 0.014583333333333334 0.013541666666666667 
4 0.49505208333333334 0.93203125 0.0140625 0.0140625 
4 0.50546875 0.9729166666666667 0.0171875 0.016666666666666666 
4 0.49296875 0.98515625 0.016145833333333335 0.015104166666666667 
4 0.4791666666666667 1.0 0.016666666666666666 0.015625 
11 0.45807291666666666 0.4973958333333333 0.23385416666666667 0.240625 
4 0.784375 0.6296875 0.01875 0.013541666666666667 
4 0.8408854166666667 0.6283854166666667 0.0203125 0.018229166666666668 
4 0.9346354166666667 0.7955729166666666 0.0203125 0.019270833333333334 
4 0.95 0.81328125 0.016666666666666666 0.018229166666666668 
4 0.9669270833333333 0.8403645833333333 0.019270833333333334 0.0203125 
4 1.00390625 0.9145833333333333 0.0171875 0.01875 
4 0.09479166666666666 0.71953125 0.019791666666666666 0.016145833333333335 
4 0.8591145833333333 0.61015625 0.021354166666666667 0.025520833333333333 
4 0.57578125 0.7877604166666666 0.022395833333333334 0.022395833333333334 
4 0.56015625 0.7703125 0.0203125 0.01875 
4 0.5466145833333333 0.7575520833333333 0.018229166666666668 0.018229166666666668 
4 0.5325520833333334 0.7450520833333333 0.021354166666666667 0.021354166666666667 
4 0.5177083333333333 0.7309895833333333 0.019791666666666666 0.019270833333333334 
4 0.10494791666666667 0.047135416666666666 0.022395833333333334 0.022395833333333334 
4 0.07578125 0.7171875 0.019270833333333334 0.014583333333333334 
4 0.11197916666666667 0.7114583333333333 0.01875 0.015625 
4 0.13151041666666666 0.7020833333333333 0.021354166666666667 0.015625 
4 0.15234375 0.69296875 0.019270833333333334 0.016145833333333335 
4 0.17083333333333334 0.684375 0.019791666666666666 0.015625 
4 0.19036458333333334 0.6763020833333333 0.018229166666666668 0.015104166666666667 
4 0.21510416666666668 0.6640625 0.019791666666666666 0.015625 
4 0.23307291666666666 0.65625 0.018229166666666668 0.015625 
4 0.24921875 0.6479166666666667 0.018229166666666668 0.015625 
4 0.26666666666666666 0.6393229166666666 0.016666666666666666 0.0140625 
4 0.28489583333333335 0.6317708333333333 0.017708333333333333 0.013541666666666667 
4 0.48541666666666666 0.69921875 0.015625 0.0171875 
4 0.4708333333333333 0.68359375 0.016666666666666666 0.0171875 
4 0.45729166666666665 0.6705729166666666 0.017708333333333333 0.018229166666666668 
4 0.44192708333333336 0.659375 0.0171875 0.014583333333333334 
4 0.4239583333333333 0.65390625 0.017708333333333333 0.0140625 
4 0.3234375 0.6145833333333334 0.019791666666666666 0.013541666666666667 
4 0.2953125 0.5013020833333334 0.009375 0.0203125 
4 0.29322916666666665 0.5440104166666667 0.020833333333333332 0.025520833333333333 
4 0.7505208333333333 0.21953125 0.017708333333333333 0.018229166666666668 
4 0.9083333333333333 0.05651041666666667 0.019791666666666666 0.0203125 
4 0.996875 0.85625 0.015625 0.01875 
4 0.984375 0.85703125 0.015625 0.016145833333333335 
4 0.9825520833333333 0.8416666666666667 0.015104166666666667 0.014583333333333334 
4 0.9671875 0.8276041666666667 0.017708333333333333 0.017708333333333333 
4 0.934375 0.84765625 0.016666666666666666 0.0171875 
4 0.9520833333333333 0.8625 0.017708333333333333 0.01875 
4 0.9645833333333333 0.8783854166666667 0.015625 0.016145833333333335 
4 0.9880208333333333 0.8989583333333333 0.017708333333333333 0.016666666666666666 
4 0.9924479166666667 0.47317708333333336 0.016145833333333335 0.015104166666666667 
13 0.6580729166666667 0.3578125 0.034895833333333334 0.0375 
