4 0.08567708333333333 -0.0015625 0.016145833333333335 0.01875 
4 0.01484375 0.16822916666666668 0.016145833333333335 0.016666666666666666 
4 -0.0005208333333333333 0.15416666666666667 0.015625 0.016666666666666666 
4 0.35 0.6919270833333333 0.01875 0.011979166666666667 
4 0.021875 0.7838541666666666 0.016666666666666666 0.017708333333333333 
4 0.14739583333333334 0.8369791666666667 0.017708333333333333 0.015625 
4 0.13385416666666666 0.85078125 0.015625 0.015104166666666667 
4 0.12265625 0.86640625 0.015104166666666667 0.0171875 
4 0.10859375 0.8786458333333333 0.015104166666666667 0.015625 
4 0.09322916666666667 0.8940104166666667 0.017708333333333333 0.019270833333333334 
4 0.078125 0.9098958333333333 0.016666666666666666 0.017708333333333333 
4 0.06302083333333333 0.9252604166666667 0.016666666666666666 0.0171875 
4 0.04453125 0.9424479166666667 0.018229166666666668 0.0171875 
4 0.00703125 0.8005208333333333 0.0171875 0.015625 
4 -0.0026041666666666665 0.8677083333333333 0.015625 0.014583333333333334 
4 0.30026041666666664 0.6822916666666666 0.018229166666666668 0.008333333333333333 
4 0.16979166666666667 0.66328125 0.017708333333333333 0.0171875 
4 0.15963541666666667 0.64375 0.0171875 0.01875 
4 0.14401041666666667 0.65859375 0.0171875 0.018229166666666668 
4 0.1265625 0.678125 0.016666666666666666 0.016666666666666666 
4 0.24739583333333334 0.7346354166666667 0.016666666666666666 0.0171875 
4 0.23072916666666668 0.7533854166666667 0.019791666666666666 0.019270833333333334 
4 0.20963541666666666 0.77421875 0.0171875 0.0171875 
13 0.9911458333333333 0.30546875 0.08854166666666667 0.0890625 
13 0.5880208333333333 -0.009375 0.08541666666666667 0.0875 
13 0.40859375 0.9072916666666667 0.08697916666666666 0.09166666666666666 
13 -0.0203125 0.6169270833333333 0.08541666666666667 0.0859375 
4 0.32109375 0.6825520833333333 0.0171875 0.011979166666666667 
4 0.37161458333333336 0.69921875 0.0171875 0.011979166666666667 
4 0.56875 0.9127604166666666 0.016666666666666666 0.0171875 
4 0.5950520833333334 0.93671875 0.016145833333333335 0.015104166666666667 
4 0.60625 0.9247395833333333 0.015625 0.016145833333333335 
4 0.6208333333333333 0.9098958333333333 0.013541666666666667 0.0125 
4 0.63515625 0.8950520833333333 0.015104166666666667 0.016145833333333335 
4 0.8325520833333333 0.13489583333333333 0.016145833333333335 0.015625 
4 0.8106770833333333 0.15833333333333333 0.016145833333333335 0.016666666666666666 
4 0.79765625 0.17109375 0.016145833333333335 0.015104166666666667 
4 0.784375 0.18515625 0.015625 0.018229166666666668 
4 0.7697916666666667 0.19973958333333333 0.016666666666666666 0.0171875 
4 0.6895833333333333 0.26848958333333334 0.015625 0.016145833333333335 
4 0.70390625 0.26796875 0.0171875 0.019270833333333334 
4 0.66875 0.37213541666666666 0.0125 0.016145833333333335 
4 0.6778645833333333 0.41380208333333335 0.008854166666666666 0.016145833333333335 
4 0.6708333333333333 0.4322916666666667 0.009375 0.022916666666666665 
4 0.68203125 0.44140625 0.0078125 0.0171875 
4 0.6783854166666666 0.4583333333333333 0.015104166666666667 0.01875 
4 0.6799479166666667 0.48411458333333335 0.009895833333333333 0.016145833333333335 
4 0.6783854166666666 0.5036458333333333 0.0078125 0.017708333333333333 
4 0.7294270833333333 0.6255208333333333 0.016145833333333335 0.016666666666666666 
4 0.7494791666666667 0.6442708333333333 0.016666666666666666 0.017708333333333333 
4 0.7666666666666667 0.6611979166666667 0.015625 0.016145833333333335 
4 0.790625 0.68515625 0.015625 0.015104166666666667 
4 0.809375 0.7026041666666667 0.01875 0.019791666666666666 
4 0.8231770833333333 0.7182291666666667 0.015104166666666667 0.015625 
4 0.5825520833333333 0.9494791666666667 0.0171875 0.016666666666666666 
4 0.553125 0.9286458333333333 0.015625 0.017708333333333333 
4 0.5606770833333333 0.9723958333333333 0.0140625 0.013541666666666667 
4 0.7872395833333333 -0.0010416666666666667 0.016145833333333335 0.015625 
4 0.7721354166666666 0.014322916666666666 0.015104166666666667 0.015104166666666667 
4 0.7559895833333333 0.029427083333333333 0.019270833333333334 0.019270833333333334 
4 0.7416666666666667 0.04401041666666667 0.015625 0.016145833333333335 
4 0.7268229166666667 0.059895833333333336 0.016145833333333335 0.016666666666666666 
4 0.7135416666666666 0.07447916666666667 0.016666666666666666 0.016666666666666666 
4 0.6989583333333333 0.09010416666666667 0.017708333333333333 0.019791666666666666 
4 0.6825520833333333 0.10651041666666666 0.015104166666666667 0.016145833333333335 
4 0.6192708333333333 0.16979166666666667 0.015625 0.017708333333333333 
4 0.6177083333333333 0.19375 0.014583333333333334 0.014583333333333334 
4 0.6192708333333333 0.21119791666666668 0.0125 0.015104166666666667 
4 0.5572916666666666 0.2794270833333333 0.020833333333333332 0.019270833333333334 
4 0.5151041666666667 0.70546875 0.013541666666666667 0.016145833333333335 
4 0.5598958333333334 0.6796875 0.0125 0.017708333333333333 
4 0.5716145833333334 0.6635416666666667 0.0171875 0.013541666666666667 
4 0.6010416666666667 0.6395833333333333 0.017708333333333333 0.01875 
4 0.61484375 0.6255208333333333 0.0171875 0.015625 
4 0.63125 0.60625 0.015625 0.019791666666666666 
4 0.5375 0.94453125 0.014583333333333334 0.016145833333333335 
4 0.2559895833333333 0.5895833333333333 0.0140625 0.01875 
4 0.36744791666666665 0.6125 0.0203125 0.019791666666666666 
4 0.38828125 0.59140625 0.021354166666666667 0.022395833333333334 
4 0.40520833333333334 0.5723958333333333 0.016666666666666666 0.01875 
4 0.13359375 0.00703125 0.019270833333333334 0.0203125 
4 0.17057291666666666 0.08125 0.0171875 0.01875 
4 0.03958333333333333 0.2625 0.025 0.019791666666666666 
4 0.06536458333333334 0.2677083333333333 0.0203125 0.019791666666666666 
4 0.07838541666666667 0.28072916666666664 0.018229166666666668 0.017708333333333333 
4 0.09713541666666667 0.2981770833333333 0.021354166666666667 0.0203125 
4 0.11171875 0.3138020833333333 0.018229166666666668 0.019270833333333334 
4 0.12734375 0.32890625 0.015104166666666667 0.016145833333333335 
11 0.43385416666666665 0.45364583333333336 0.409375 0.42291666666666666 
4 0.74609375 0.93125 0.019270833333333334 0.017708333333333333 
4 0.73046875 0.9145833333333333 0.016145833333333335 0.016666666666666666 
4 0.6098958333333333 0.8697916666666666 0.01875 0.019791666666666666 
5 0.6947916666666667 0.88125 0.017708333333333333 0.017708333333333333 
4 0.7338541666666667 0.8692708333333333 0.015625 0.016666666666666666 
4 0.7458333333333333 0.5901041666666667 0.019791666666666666 0.01875 
4 0.48854166666666665 0.99609375 0.015625 0.0171875 
4 0.53125 1.0018229166666666 0.013541666666666667 0.015104166666666667 
4 0.54375 0.9880208333333333 0.01875 0.015625 
4 0.50859375 0.9736979166666667 0.013020833333333334 0.015104166666666667 
4 0.52265625 0.96015625 0.015104166666666667 0.015104166666666667 
4 0.428125 0.6739583333333333 0.01875 0.010416666666666666 
4 0.58671875 0.72578125 0.016145833333333335 0.015104166666666667 
4 0.49192708333333335 0.6997395833333333 0.016145833333333335 0.0109375 
4 0.4705729166666667 0.70390625 0.018229166666666668 0.0109375 
4 0.45078125 0.70546875 0.016145833333333335 0.008854166666666666 
4 0.43020833333333336 0.70703125 0.01875 0.0078125 
4 0.41015625 0.70703125 0.015104166666666667 0.0078125 
4 0.39010416666666664 0.7041666666666667 0.016666666666666666 0.009375 
5 0.3177083333333333 0.60078125 0.0375 0.0140625 
4 0.4869791666666667 0.25104166666666666 0.017708333333333333 0.014583333333333334 
4 0.6052083333333333 0.7450520833333333 0.014583333333333334 0.015104166666666667 
4 0.6231770833333333 0.7627604166666667 0.015104166666666667 0.015104166666666667 
4 0.640625 0.7794270833333333 0.015625 0.016145833333333335 
4 0.659375 0.7963541666666667 0.014583333333333334 0.013541666666666667 
4 0.28984375 0.14791666666666667 0.015104166666666667 0.016666666666666666 
4 0.25494791666666666 0.11432291666666666 0.016145833333333335 0.016145833333333335 
4 0.23776041666666667 0.09661458333333334 0.015104166666666667 0.0171875 
4 0.22890625 0.07526041666666666 0.0078125 0.015104166666666667 
4 0.24192708333333332 0.053125 0.019270833333333334 0.017708333333333333 
4 0.29140625 0.0010416666666666667 0.016145833333333335 0.015625 
4 0.24244791666666668 0.0005208333333333333 0.016145833333333335 0.016666666666666666 
4 0.228125 0.015104166666666667 0.016666666666666666 0.016666666666666666 
4 0.17708333333333334 0.03671875 0.016666666666666666 0.016145833333333335 
4 0.16354166666666667 0.022916666666666665 0.015625 0.01875 
4 0.15104166666666666 0.023697916666666666 0.015625 0.016145833333333335 
4 0.14921875 0.008333333333333333 0.015104166666666667 0.014583333333333334 
4 0.13385416666666666 -0.005729166666666666 0.017708333333333333 0.017708333333333333 
4 0.10104166666666667 0.014322916666666666 0.016666666666666666 0.0171875 
4 0.11875 0.029166666666666667 0.017708333333333333 0.01875 
4 0.13125 0.04505208333333333 0.015625 0.016145833333333335 
4 0.1546875 0.065625 0.017708333333333333 0.016666666666666666 
4 0.18958333333333333 0.1 0.017708333333333333 0.01875 
4 0.2046875 0.11484375 0.015625 0.019270833333333334 
4 0.21796875 0.12890625 0.016145833333333335 0.016145833333333335 
4 0.24739583333333334 0.15651041666666668 0.015625 0.0171875 
4 0.26171875 0.17057291666666666 0.018229166666666668 0.019270833333333334 
4 0.065625 0.2171875 0.015625 0.015625 
4 0.08098958333333334 0.23333333333333334 0.015104166666666667 0.017708333333333333 
4 0.10078125 0.25234375 0.015104166666666667 0.0171875 
4 0.12239583333333333 0.2734375 0.017708333333333333 0.016666666666666666 
4 0.13645833333333332 0.28828125 0.013541666666666667 0.016145833333333335 
4 0.15104166666666666 0.3026041666666667 0.014583333333333334 0.016666666666666666 
4 0.15885416666666666 0.3580729166666667 0.016666666666666666 0.0171875 
4 0.22708333333333333 0.5393229166666667 0.015625 0.0203125 
4 0.2713541666666667 0.12864583333333332 0.013541666666666667 0.015625 
4 0.6265625 0.8161458333333333 0.014583333333333334 0.014583333333333334 
4 0.6716145833333333 0.81015625 0.0140625 0.013020833333333334 
4 0.6932291666666667 0.8299479166666667 0.017708333333333333 0.016145833333333335 
4 0.70859375 0.8434895833333333 0.015104166666666667 0.015104166666666667 
4 0.7216145833333333 0.85625 0.0171875 0.016666666666666666 
4 0.715625 0.9010416666666666 0.016666666666666666 0.017708333333333333 
4 0.74609375 0.88203125 0.015104166666666667 0.016145833333333335 
4 0.759375 0.8966145833333333 0.017708333333333333 0.019270833333333334 
4 0.77734375 0.9109375 0.016145833333333335 0.017708333333333333 
4 0.7911458333333333 0.9255208333333333 0.016666666666666666 0.015625 
4 0.76640625 0.9526041666666667 0.018229166666666668 0.016666666666666666 
4 0.78515625 0.9713541666666666 0.015104166666666667 0.014583333333333334 
4 0.8057291666666667 0.940625 0.017708333333333333 0.016666666666666666 
4 0.8208333333333333 0.9544270833333334 0.017708333333333333 0.0171875 
4 0.8041666666666667 0.9888020833333333 0.014583333333333334 0.0140625 
4 0.8184895833333333 1.0018229166666666 0.015104166666666667 0.011979166666666667 
4 0.9138020833333333 0.6096354166666667 0.016145833333333335 0.0171875 
4 0.92734375 0.5950520833333334 0.015104166666666667 0.015104166666666667 
4 0.9484375 0.5736979166666667 0.017708333333333333 0.0171875 
4 0.91171875 0.559375 0.015104166666666667 0.016666666666666666 
4 0.93515625 0.534375 0.0171875 0.016666666666666666 
4 0.9669270833333333 0.5533854166666666 0.0140625 0.015104166666666667 
4 0.9510416666666667 0.5182291666666666 0.014583333333333334 0.015625 
4 0.9643229166666667 0.5049479166666667 0.015104166666666667 0.016145833333333335 
4 0.9791666666666666 0.4901041666666667 0.016666666666666666 0.015625 
4 0.9955729166666667 0.47317708333333336 0.0171875 0.0171875 
4 0.896875 0.5747395833333333 0.013541666666666667 0.013020833333333334 
4 0.884375 0.5859375 0.015625 0.016666666666666666 
4 0.8989583333333333 0.6234375 0.017708333333333333 0.01875 
4 0.8447916666666667 0.12135416666666667 0.017708333333333333 0.017708333333333333 
4 0.86015625 0.99375 0.016145833333333335 0.015625 
4 0.84296875 0.9768229166666667 0.015104166666666667 0.0171875 
4 0.8869791666666667 0.7791666666666667 0.01875 0.017708333333333333 
4 0.8708333333333333 0.7640625 0.017708333333333333 0.017708333333333333 
4 0.84921875 0.74453125 0.015104166666666667 0.015104166666666667 
4 0.859375 0.10729166666666666 0.017708333333333333 0.017708333333333333 
4 0.8833333333333333 0.6403645833333333 0.015625 0.016145833333333335 
4 0.8752604166666667 0.09114583333333333 0.016145833333333335 0.015625 
4 0.8903645833333333 0.07604166666666666 0.016145833333333335 0.015625 
4 0.9583333333333334 0.0013020833333333333 0.019791666666666666 0.011979166666666667 
4 0.9942708333333333 0.834375 0.016666666666666666 0.01875 
4 0.9549479166666667 0.7958333333333333 0.019270833333333334 0.019791666666666666 
4 0.87578125 0.71875 0.022395833333333334 0.020833333333333332 
