11 0.6684895833333333 0.2515625 0.17447916666666666 0.17291666666666666 
11 0.005989583333333334 0.43671875 0.1703125 0.17552083333333332 
5 0.6005208333333333 0.19557291666666668 0.065625 0.06510416666666667 
5 0.4640625 0.928125 0.03229166666666667 0.06875 
5 0.28541666666666665 0.037760416666666664 0.028125 0.07552083333333333 
4 0.6598958333333333 0.5177083333333333 0.010416666666666666 0.020833333333333332 
4 0.6768229166666667 0.12734375 0.016145833333333335 0.0203125 
4 0.64296875 0.16302083333333334 0.0203125 0.019791666666666666 
4 0.20703125 -0.00026041666666666666 0.0140625 0.021354166666666667 
4 0.3328125 0.253125 0.015625 0.025 
4 0.40286458333333336 0.4984375 0.0140625 0.022916666666666665 
4 0.49583333333333335 0.7817708333333333 0.0125 0.019791666666666666 
4 0.4544270833333333 0.8231770833333333 0.013020833333333334 0.021354166666666667 
