7 0.009895833333333333 0.018489583333333334 0.04895833333333333 0.1015625 
7 0.08489583333333334 0.018229166666666668 0.04583333333333333 0.10208333333333333 
7 0.15911458333333334 0.020833333333333332 0.0484375 0.103125 
7 0.253125 0.02109375 0.046875 0.10364583333333334 
7 0.3421875 0.0625 0.046875 0.10416666666666667 
13 0.6760416666666667 0.6486979166666667 0.051041666666666666 0.05260416666666667 
5 0.8354166666666667 0.9588541666666667 0.030208333333333334 0.041666666666666664 
4 0.146875 0.58125 0.028125 0.017708333333333333 
4 0.28203125 0.8510416666666667 0.0140625 0.025 
5 0.7953125 0.9653645833333333 0.029166666666666667 0.0390625 
4 0.31276041666666665 0.6661458333333333 0.008854166666666666 0.01875 
8 0.9046875 0.22395833333333334 0.06875 0.09270833333333334 
10 0.16692708333333334 0.42552083333333335 0.17239583333333333 0.09791666666666667 
