13 0.07057291666666667 0.7166666666666667 0.0515625 0.05 
13 -0.01953125 0.35703125 0.0484375 0.0359375 
13 0.018229166666666668 0.27890625 0.06354166666666666 0.04739583333333333 
4 0.3424479166666667 0.14140625 0.0140625 0.0234375 
4 0.3606770833333333 0.12447916666666667 0.0171875 0.013541666666666667 
4 0.7 0.8682291666666667 0.025 0.01875 
4 0.4901041666666667 0.93203125 0.020833333333333332 0.016145833333333335 
4 0.8765625 0.5893229166666667 0.025 0.0265625 
4 0.8317708333333333 0.37057291666666664 0.017708333333333333 0.024479166666666666 
13 0.5231770833333333 0.17890625 0.05572916666666667 0.049479166666666664 
13 0.41432291666666665 0.2643229166666667 0.04739583333333333 0.0328125 
13 0.28125 0.31927083333333334 0.05625 0.042708333333333334 
13 0.371875 0.403125 0.051041666666666666 0.035416666666666666 
13 0.4453125 0.6192708333333333 0.041666666666666664 0.05416666666666667 
13 0.4203125 0.71953125 0.06145833333333333 0.044270833333333336 
13 0.30130208333333336 0.8200520833333333 0.0421875 0.0203125 
13 0.57109375 0.9364583333333333 0.044270833333333336 0.06979166666666667 
13 0.7013020833333333 0.5768229166666666 0.043229166666666666 0.05260416666666667 
13 0.7158854166666667 0.40911458333333334 0.058854166666666666 0.04114583333333333 
13 0.77734375 0.23984375 0.05364583333333333 0.050520833333333334 
