4 0.05182291666666667 0.3802083333333333 0.013020833333333334 0.021875 
13 0.85625 0.22083333333333333 0.059375 0.052083333333333336 
13 0.32734375 0.3497395833333333 0.05260416666666667 0.0390625 
13 0.22369791666666666 0.5411458333333333 0.04635416666666667 0.035416666666666666 
13 0.03802083333333333 0.62265625 0.05416666666666667 0.043229166666666666 
13 0.31171875 0.67421875 0.049479166666666664 0.05677083333333333 
13 0.02421875 0.7682291666666666 0.03697916666666667 0.04479166666666667 
13 0.06875 0.8666666666666667 0.051041666666666666 0.035416666666666666 
13 0.3658854166666667 0.596875 0.0453125 0.03229166666666667 
13 0.70078125 0.18229166666666666 0.030729166666666665 0.04479166666666667 
13 0.7427083333333333 0.26901041666666664 0.03333333333333333 0.04010416666666667 
4 0.04010416666666667 0.3828125 0.010416666666666666 0.019791666666666666 
4 0.8080729166666667 0.26875 0.016145833333333335 0.019791666666666666 
4 0.6106770833333334 0.8197916666666667 0.0265625 0.01875 
4 0.5955729166666667 0.8825520833333333 0.028645833333333332 0.018229166666666668 
13 0.6533854166666667 0.696875 0.0421875 0.05625 
4 0.6354166666666666 0.37864583333333335 0.01875 0.016666666666666666 
4 0.6111979166666667 0.35208333333333336 0.016145833333333335 0.027083333333333334 
4 0.5028645833333333 0.07421875 0.016145833333333335 0.021354166666666667 
13 0.2799479166666667 0.19505208333333332 0.0265625 0.0421875 
4 0.03359375 0.32838541666666665 0.024479166666666666 0.0171875 
4 0.037760416666666664 0.35885416666666664 0.022395833333333334 0.017708333333333333 
4 0.6546875 0.36640625 0.022916666666666665 0.011979166666666667 
4 0.6442708333333333 0.34322916666666664 0.023958333333333335 0.019791666666666666 
