13 0.14869791666666668 0.3419270833333333 0.06510416666666667 0.0484375 
13 0.3184895833333333 0.61640625 0.050520833333333334 0.03802083333333333 
13 0.19713541666666667 0.6638020833333333 0.05364583333333333 0.030729166666666665 
13 0.42109375 0.5875 0.0234375 0.04479166666666667 
4 0.2513020833333333 0.9747395833333333 0.0140625 0.0234375 
4 0.26953125 0.9578125 0.0171875 0.013541666666666667 
4 0.88359375 0.75078125 0.018229166666666668 0.018229166666666668 
4 0.8895833333333333 0.73125 0.01875 0.021875 
4 0.7713541666666667 0.69453125 0.01875 0.0234375 
13 0.43203125 1.0122395833333333 0.05572916666666667 0.049479166666666664 
