13 0.5125 0.30546875 0.08854166666666667 0.0890625 
13 0.109375 -0.009375 0.08541666666666667 0.0875 
4 0.09010416666666667 0.9127604166666666 0.016666666666666666 0.0171875 
4 0.11640625 0.93671875 0.016145833333333335 0.015104166666666667 
4 0.12760416666666666 0.9247395833333333 0.015625 0.016145833333333335 
4 0.1421875 0.9098958333333333 0.013541666666666667 0.0125 
4 0.15651041666666668 0.8950520833333333 0.015104166666666667 0.016145833333333335 
4 0.35390625 0.13489583333333333 0.016145833333333335 0.015625 
4 0.33203125 0.15833333333333333 0.016145833333333335 0.016666666666666666 
4 0.3190104166666667 0.17109375 0.016145833333333335 0.015104166666666667 
4 0.30572916666666666 0.18515625 0.015625 0.018229166666666668 
4 0.2911458333333333 0.19973958333333333 0.016666666666666666 0.0171875 
4 0.2109375 0.26848958333333334 0.015625 0.016145833333333335 
4 0.22526041666666666 0.26796875 0.0171875 0.019270833333333334 
4 0.19010416666666666 0.37213541666666666 0.0125 0.016145833333333335 
4 0.19921875 0.41380208333333335 0.008854166666666666 0.016145833333333335 
4 0.1921875 0.4322916666666667 0.009375 0.022916666666666665 
4 0.20338541666666668 0.44140625 0.0078125 0.0171875 
4 0.19973958333333333 0.4583333333333333 0.015104166666666667 0.01875 
4 0.20130208333333333 0.48411458333333335 0.009895833333333333 0.016145833333333335 
4 0.19973958333333333 0.5036458333333333 0.0078125 0.017708333333333333 
4 0.25078125 0.6255208333333333 0.016145833333333335 0.016666666666666666 
4 0.2708333333333333 0.6442708333333333 0.016666666666666666 0.017708333333333333 
4 0.28802083333333334 0.6611979166666667 0.015625 0.016145833333333335 
4 0.31197916666666664 0.68515625 0.015625 0.015104166666666667 
4 0.3307291666666667 0.7026041666666667 0.01875 0.019791666666666666 
4 0.34453125 0.7182291666666667 0.015104166666666667 0.015625 
4 0.10390625 0.9494791666666667 0.0171875 0.016666666666666666 
4 0.07447916666666667 0.9286458333333333 0.015625 0.017708333333333333 
4 0.08203125 0.9723958333333333 0.0140625 0.013541666666666667 
4 0.30859375 -0.0010416666666666667 0.016145833333333335 0.015625 
4 0.29348958333333336 0.014322916666666666 0.015104166666666667 0.015104166666666667 
4 0.27734375 0.029427083333333333 0.019270833333333334 0.019270833333333334 
4 0.2630208333333333 0.04401041666666667 0.015625 0.016145833333333335 
4 0.24817708333333333 0.059895833333333336 0.016145833333333335 0.016666666666666666 
4 0.23489583333333333 0.07447916666666667 0.016666666666666666 0.016666666666666666 
4 0.2203125 0.09010416666666667 0.017708333333333333 0.019791666666666666 
4 0.20390625 0.10651041666666666 0.015104166666666667 0.016145833333333335 
4 0.140625 0.16979166666666667 0.015625 0.017708333333333333 
4 0.1390625 0.19375 0.014583333333333334 0.014583333333333334 
4 0.140625 0.21119791666666668 0.0125 0.015104166666666667 
4 0.07864583333333333 0.2794270833333333 0.020833333333333332 0.019270833333333334 
4 0.036458333333333336 0.70546875 0.013541666666666667 0.016145833333333335 
4 0.08125 0.6796875 0.0125 0.017708333333333333 
4 0.09296875 0.6635416666666667 0.0171875 0.013541666666666667 
4 0.12239583333333333 0.6395833333333333 0.017708333333333333 0.01875 
4 0.13619791666666667 0.6255208333333333 0.0171875 0.015625 
4 0.15260416666666668 0.60625 0.015625 0.019791666666666666 
4 0.058854166666666666 0.94453125 0.014583333333333334 0.016145833333333335 
11 -0.04479166666666667 0.45364583333333336 0.409375 0.42291666666666666 
4 0.9036458333333334 0.64375 0.01875 0.017708333333333333 
4 0.85 0.25755208333333335 0.021875 0.0171875 
4 0.71875 0.31796875 0.014583333333333334 0.0171875 
4 0.2674479166666667 0.93125 0.019270833333333334 0.017708333333333333 
4 0.2518229166666667 0.9145833333333333 0.016145833333333335 0.016666666666666666 
4 0.13125 0.8697916666666666 0.01875 0.019791666666666666 
5 0.21614583333333334 0.88125 0.017708333333333333 0.017708333333333333 
4 0.2552083333333333 0.8692708333333333 0.015625 0.016666666666666666 
4 0.2671875 0.5901041666666667 0.019791666666666666 0.01875 
4 0.009895833333333333 0.99609375 0.015625 0.0171875 
4 0.05260416666666667 1.0018229166666666 0.013541666666666667 0.015104166666666667 
4 0.06510416666666667 0.9880208333333333 0.01875 0.015625 
4 0.029947916666666668 0.9736979166666667 0.013020833333333334 0.015104166666666667 
4 0.04401041666666667 0.96015625 0.015104166666666667 0.015104166666666667 
4 0.10807291666666667 0.72578125 0.016145833333333335 0.015104166666666667 
4 0.01328125 0.6997395833333333 0.016145833333333335 0.0109375 
4 0.008333333333333333 0.25104166666666666 0.017708333333333333 0.014583333333333334 
4 0.1265625 0.7450520833333333 0.014583333333333334 0.015104166666666667 
4 0.14453125 0.7627604166666667 0.015104166666666667 0.015104166666666667 
4 0.16197916666666667 0.7794270833333333 0.015625 0.016145833333333335 
4 0.77265625 0.7786458333333334 0.016145833333333335 0.016666666666666666 
4 0.7872395833333333 0.7611979166666667 0.016145833333333335 0.015104166666666667 
4 0.8052083333333333 0.74375 0.023958333333333335 0.022916666666666665 
4 0.8333333333333334 0.715625 0.014583333333333334 0.015625 
4 0.8044270833333333 0.69296875 0.018229166666666668 0.019270833333333334 
4 0.83671875 0.66171875 0.016145833333333335 0.0171875 
4 0.8515625 0.64609375 0.017708333333333333 0.016145833333333335 
4 0.88046875 0.6143229166666667 0.016145833333333335 0.016145833333333335 
4 0.9177083333333333 0.6291666666666667 0.013541666666666667 0.015625 
4 0.93359375 0.61171875 0.018229166666666668 0.018229166666666668 
4 0.89609375 0.5997395833333333 0.0171875 0.019270833333333334 
4 0.9114583333333334 0.584375 0.017708333333333333 0.016666666666666666 
4 0.9268229166666667 0.5658854166666667 0.0171875 0.016145833333333335 
4 0.9411458333333333 0.5536458333333333 0.014583333333333334 0.016666666666666666 
4 0.73359375 0.3026041666666667 0.0171875 0.015625 
4 0.721875 0.2630208333333333 0.017708333333333333 0.017708333333333333 
4 0.7515625 0.28541666666666665 0.016666666666666666 0.01875 
4 0.8018229166666667 0.24114583333333334 0.015104166666666667 0.007291666666666667 
4 0.82578125 0.24635416666666668 0.0234375 0.015625 
4 0.7265625 0.1375 0.015625 0.013541666666666667 
4 0.746875 0.14895833333333333 0.017708333333333333 0.013541666666666667 
4 0.7682291666666666 0.15703125 0.015625 0.011979166666666667 
4 0.7864583333333334 0.16536458333333334 0.016666666666666666 0.0109375 
4 0.8065104166666667 0.17161458333333332 0.016145833333333335 0.009895833333333333 
4 0.8268229166666666 0.17864583333333334 0.018229166666666668 0.0125 
4 0.8489583333333334 0.18697916666666667 0.015625 0.011458333333333333 
4 0.8692708333333333 0.19479166666666667 0.015625 0.0125 
4 0.8885416666666667 0.203125 0.01875 0.014583333333333334 
4 0.9075520833333334 0.2125 0.0171875 0.014583333333333334 
4 0.928125 0.22369791666666666 0.016666666666666666 0.0140625 
4 0.7421875 0.75546875 0.015625 0.0171875 
4 0.7591145833333334 0.7924479166666667 0.015104166666666667 0.015104166666666667 
4 0.7442708333333333 0.8065104166666667 0.015625 0.016145833333333335 
4 0.6109375 0.14114583333333333 0.01875 0.014583333333333334 
4 0.67890625 0.12864583333333332 0.019270833333333334 0.015625 
4 0.6986979166666667 0.12317708333333334 0.018229166666666668 0.015104166666666667 
4 0.6796875 0.10989583333333333 0.016666666666666666 0.015625 
4 0.66328125 0.10052083333333334 0.0171875 0.015625 
4 0.5408854166666667 0.0033854166666666668 0.0171875 0.0109375 
4 0.9481770833333333 0.23307291666666666 0.018229166666666668 0.015104166666666667 
4 0.18072916666666666 0.7963541666666667 0.014583333333333334 0.013541666666666667 
4 0.6294270833333333 0.1546875 0.018229166666666668 0.015625 
4 0.64921875 0.16822916666666668 0.016145833333333335 0.013541666666666667 
4 0.665625 0.17734375 0.016666666666666666 0.013020833333333334 
4 0.6830729166666667 0.18802083333333333 0.016145833333333335 0.013541666666666667 
4 0.14791666666666667 0.8161458333333333 0.014583333333333334 0.014583333333333334 
4 0.19296875 0.81015625 0.0140625 0.013020833333333334 
4 0.21458333333333332 0.8299479166666667 0.017708333333333333 0.016145833333333335 
4 0.22994791666666667 0.8434895833333333 0.015104166666666667 0.015104166666666667 
4 0.24296875 0.85625 0.0171875 0.016666666666666666 
4 0.23697916666666666 0.9010416666666666 0.016666666666666666 0.017708333333333333 
4 0.2674479166666667 0.88203125 0.015104166666666667 0.016145833333333335 
4 0.28072916666666664 0.8966145833333333 0.017708333333333333 0.019270833333333334 
4 0.2986979166666667 0.9109375 0.016145833333333335 0.017708333333333333 
4 0.3125 0.9255208333333333 0.016666666666666666 0.015625 
4 0.2877604166666667 0.9526041666666667 0.018229166666666668 0.016666666666666666 
4 0.3065104166666667 0.9713541666666666 0.015104166666666667 0.014583333333333334 
4 0.32708333333333334 0.940625 0.017708333333333333 0.016666666666666666 
4 0.3421875 0.9544270833333334 0.017708333333333333 0.0171875 
4 0.3255208333333333 0.9888020833333333 0.014583333333333334 0.0140625 
4 0.33984375 1.0018229166666666 0.015104166666666667 0.011979166666666667 
4 0.43515625 0.6096354166666667 0.016145833333333335 0.0171875 
4 0.44869791666666664 0.5950520833333334 0.015104166666666667 0.015104166666666667 
4 0.46979166666666666 0.5736979166666667 0.017708333333333333 0.0171875 
4 0.43307291666666664 0.559375 0.015104166666666667 0.016666666666666666 
4 0.45651041666666664 0.534375 0.0171875 0.016666666666666666 
4 0.48828125 0.5533854166666666 0.0140625 0.015104166666666667 
4 0.47239583333333335 0.5182291666666666 0.014583333333333334 0.015625 
4 0.4856770833333333 0.5049479166666667 0.015104166666666667 0.016145833333333335 
4 0.53359375 0.5072916666666667 0.018229166666666668 0.01875 
4 0.5005208333333333 0.4901041666666667 0.016666666666666666 0.015625 
4 0.5169270833333334 0.47317708333333336 0.0171875 0.0171875 
4 0.53359375 0.4549479166666667 0.0171875 0.0171875 
4 0.553125 0.48802083333333335 0.015625 0.016666666666666666 
4 0.5682291666666667 0.47265625 0.017708333333333333 0.0171875 
4 0.5848958333333333 0.4552083333333333 0.016666666666666666 0.016666666666666666 
4 0.6005208333333333 0.44036458333333334 0.015625 0.016145833333333335 
4 0.5552083333333333 0.43411458333333336 0.014583333333333334 0.013020833333333334 
4 0.5703125 0.4192708333333333 0.015625 0.015625 
4 0.5846354166666666 0.4036458333333333 0.0171875 0.015625 
4 0.6036458333333333 0.3846354166666667 0.01875 0.018229166666666668 
4 0.6169270833333333 0.42213541666666665 0.016145833333333335 0.0171875 
4 0.6333333333333333 0.40520833333333334 0.01875 0.017708333333333333 
4 0.6484375 0.3893229166666667 0.016666666666666666 0.0171875 
4 0.62109375 0.36796875 0.0171875 0.0171875 
4 0.65390625 0.3328125 0.015104166666666667 0.016666666666666666 
4 0.6674479166666667 0.31875 0.016145833333333335 0.015625 
4 0.6893229166666667 0.34921875 0.0140625 0.015104166666666667 
4 0.7036458333333333 0.33307291666666666 0.016666666666666666 0.016145833333333335 
4 0.7010416666666667 0.19713541666666667 0.01875 0.015104166666666667 
4 0.41822916666666665 0.5747395833333333 0.013541666666666667 0.013020833333333334 
4 0.40572916666666664 0.5859375 0.015625 0.016666666666666666 
4 0.4203125 0.6234375 0.017708333333333333 0.01875 
4 0.36614583333333334 0.12135416666666667 0.017708333333333333 0.017708333333333333 
4 0.3815104166666667 0.99375 0.016145833333333335 0.015625 
4 0.36432291666666666 0.9768229166666667 0.015104166666666667 0.0171875 
4 0.4083333333333333 0.7791666666666667 0.01875 0.017708333333333333 
4 0.3921875 0.7640625 0.017708333333333333 0.017708333333333333 
4 0.37057291666666664 0.74453125 0.015104166666666667 0.015104166666666667 
4 0.3807291666666667 0.10729166666666666 0.017708333333333333 0.017708333333333333 
4 0.4046875 0.6403645833333333 0.015625 0.016145833333333335 
4 0.3966145833333333 0.09114583333333333 0.016145833333333335 0.015625 
4 0.41171875 0.07604166666666666 0.016145833333333335 0.015625 
4 0.4796875 0.0013020833333333333 0.019791666666666666 0.011979166666666667 
4 0.6841145833333333 0.99765625 0.016145833333333335 0.015104166666666667 
5 0.6635416666666667 1.0018229166666666 0.05520833333333333 0.05572916666666667 
4 0.515625 0.834375 0.016666666666666666 0.01875 
4 0.47630208333333335 0.7958333333333333 0.019270833333333334 0.019791666666666666 
4 0.3971354166666667 0.71875 0.022395833333333334 0.020833333333333332 
