7 0.16927083333333334 0.44765625 0.08333333333333333 0.09635416666666667 
7 0.6833333333333333 0.65703125 0.046875 0.10052083333333334 
7 0.759375 0.6598958333333333 0.04791666666666667 0.10208333333333333 
7 0.8541666666666666 0.6393229166666666 0.05 0.1015625 
7 0.9294270833333333 0.6424479166666667 0.0484375 0.10572916666666667 
7 0.8432291666666667 0.81484375 0.04895833333333333 0.1015625 
7 0.9182291666666667 0.8145833333333333 0.04583333333333333 0.10208333333333333 
7 0.9924479166666667 0.8171875 0.0484375 0.103125 
7 0.44375 0.37135416666666665 0.05416666666666667 0.08541666666666667 
7 0.48671875 0.3765625 0.0515625 0.07916666666666666 
7 0.546875 0.38385416666666666 0.052083333333333336 0.08229166666666667 
7 0.42994791666666665 0.46927083333333336 0.0515625 0.07916666666666666 
7 0.471875 0.47213541666666664 0.05 0.0796875 
13 0.6450520833333333 0.016666666666666666 0.28177083333333336 0.2760416666666667 
7 0.9575520833333333 0.4671875 0.0453125 0.103125 
7 0.73203125 0.4627604166666667 0.04635416666666667 0.10364583333333334 
7 0.8067708333333333 0.46380208333333334 0.04791666666666667 0.10052083333333334 
7 0.8817708333333333 0.46588541666666666 0.046875 0.1015625 
7 0.53125 0.478125 0.053125 0.08333333333333333 
7 0.20442708333333334 0.42109375 0.07760416666666667 0.09322916666666667 
7 0.24921875 0.38958333333333334 0.0828125 0.09375 
4 0.9606770833333333 0.2869791666666667 0.0140625 0.016666666666666666 
4 0.90625 0.2799479166666667 0.013541666666666667 0.0203125 
4 0.88984375 0.2791666666666667 0.013020833333333334 0.020833333333333332 
4 0.8786458333333333 0.28046875 0.013541666666666667 0.022395833333333334 
4 0.86328125 0.28203125 0.011979166666666667 0.0171875 
4 0.9744791666666667 0.28567708333333336 0.010416666666666666 0.0171875 
4 0.9950520833333333 0.28619791666666666 0.0109375 0.0203125 
7 0.30572916666666666 0.3458333333333333 0.07916666666666666 0.08854166666666667 
7 0.38125 0.7208333333333333 0.07083333333333333 0.084375 
7 0.41796875 0.69765625 0.07135416666666666 0.0859375 
7 0.4239583333333333 0.7919270833333333 0.07604166666666666 0.08802083333333334 
7 0.4591145833333333 0.771875 0.08177083333333333 0.08958333333333333 
10 0.58046875 0.9677083333333333 0.32864583333333336 0.32083333333333336 
