7 0.8432291666666667 0.018489583333333334 0.04895833333333333 0.1015625 
7 0.9182291666666667 0.018229166666666668 0.04583333333333333 0.10208333333333333 
7 0.9924479166666667 0.020833333333333332 0.0484375 0.103125 
13 0.5411458333333333 0.65703125 0.05520833333333333 0.05260416666666667 
13 -0.0005208333333333333 0.30026041666666664 0.046875 0.05677083333333333 
13 0.3731770833333333 0.43125 0.0515625 0.057291666666666664 
4 0.9802083333333333 0.58125 0.028125 0.017708333333333333 
7 0.4239583333333333 -0.004427083333333333 0.07604166666666666 0.08802083333333334 
7 0.4591145833333333 -0.024479166666666666 0.08177083333333333 0.08958333333333333 
10 1.0002604166666667 0.42552083333333335 0.17239583333333333 0.09791666666666667 
10 0.58046875 0.17135416666666667 0.32864583333333336 0.32083333333333336 
4 0.5572916666666666 0.534375 0.019791666666666666 0.011458333333333333 
