11 1.03046875 0.5567708333333333 0.17447916666666666 0.17291666666666666 
11 0.36796875 0.7419270833333333 0.1703125 0.17552083333333332 
4 0.5473958333333333 0.0390625 0.01875 0.026041666666666668 
5 0.9625 0.50078125 0.065625 0.06510416666666667 
5 0.6473958333333333 0.34296875 0.028125 0.07552083333333333 
4 1.0049479166666666 0.46822916666666664 0.0203125 0.019791666666666666 
4 0.5690104166666666 0.30494791666666665 0.0140625 0.021354166666666667 
4 0.6947916666666667 0.5583333333333333 0.015625 0.025 
4 0.76484375 0.8036458333333333 0.0140625 0.022916666666666665 
4 0.22682291666666668 0.6348958333333333 0.015104166666666667 0.021875 
4 0.2078125 0.5604166666666667 0.010416666666666666 0.021875 
