7 0.43046875 0.47421875 0.04739583333333333 0.09947916666666666 
7 0.020833333333333332 0.6393229166666666 0.05 0.1015625 
7 0.09609375 0.6424479166666667 0.0484375 0.10572916666666667 
7 0.1890625 0.6424479166666667 0.04375 0.0984375 
7 0.26588541666666665 0.6447916666666667 0.04635416666666667 0.10104166666666667 
7 0.009895833333333333 0.81484375 0.04895833333333333 0.1015625 
7 0.08489583333333334 0.8145833333333333 0.04583333333333333 0.10208333333333333 
7 0.15911458333333334 0.8171875 0.0484375 0.103125 
7 0.253125 0.8174479166666667 0.046875 0.10364583333333334 
7 0.35885416666666664 0.7078125 0.046875 0.10104166666666667 
7 0.43463541666666666 0.7091145833333333 0.04635416666666667 0.1015625 
7 0.3421875 0.8588541666666667 0.046875 0.10416666666666667 
7 0.35546875 0.47265625 0.050520833333333334 0.10364583333333334 
7 0.2796875 0.4705729166666667 0.046875 0.10052083333333334 
7 0.20338541666666668 0.46796875 0.049479166666666664 0.1015625 
13 0.69140625 0.5799479166666667 0.09010416666666667 0.1015625 
7 0.12421875 0.4671875 0.0453125 0.103125 
13 1.0002604166666667 0.25 0.0328125 0.053125 
13 0.88125 0.55859375 0.078125 0.11510416666666666 
13 0.9625 0.5802083333333333 0.08125 0.115625 
7 0.0484375 0.46588541666666666 0.046875 0.1015625 
4 0.3111979166666667 0.21588541666666666 0.011979166666666667 0.019270833333333334 
4 0.31223958333333335 0.27734375 0.018229166666666668 0.008854166666666666 
4 0.21666666666666667 0.28515625 0.016666666666666666 0.022395833333333334 
4 0.12734375 0.2869791666666667 0.0140625 0.016666666666666666 
4 0.07291666666666667 0.2799479166666667 0.013541666666666667 0.0203125 
4 0.05651041666666667 0.2791666666666667 0.013020833333333334 0.020833333333333332 
4 0.0453125 0.28046875 0.013541666666666667 0.022395833333333334 
4 0.029947916666666668 0.28203125 0.011979166666666667 0.0171875 
4 0.27760416666666665 0.20859375 0.014583333333333334 0.022395833333333334 
4 0.14114583333333333 0.28567708333333336 0.010416666666666666 0.0171875 
4 0.16171875 0.28619791666666666 0.0109375 0.0203125 
8 0.9046875 1.0203125 0.06875 0.09270833333333334 
7 0.4947916666666667 0.5348958333333333 0.042708333333333334 0.08020833333333334 
7 0.49192708333333335 0.6190104166666667 0.044270833333333336 0.08385416666666666 
