11 0.5589189189189189 0.5711878685762426 0.4172972972972973 0.3251895534962089 
4 0.17189189189189188 0.930497051390059 0.034594594594594595 0.031171019376579612 
4 0.9059459459459459 0.23083403538331929 0.025945945945945945 0.02695871946082561 
4 0.8756756756756757 0.3184498736310025 0.032432432432432434 0.04717775905644482 
4 0.8594594594594595 0.36773378264532436 0.017297297297297298 0.02274641954507161 
4 0.6989189189189189 0.3243470935130581 0.022702702702702703 0.020219039595619208 
5 0.8524324324324324 0.508424599831508 0.022702702702702703 0.037910699241786014 
4 0.8535135135135136 0.546335299073294 0.014054054054054054 0.02443133951137321 
5 0.9335135135135135 0.558972198820556 0.05945945945945946 0.02611625947767481 
5 0.9075675675675675 0.43260320134793595 0.02054054054054054 0.04633529907329402 
5 0.8513513513513513 0.45871946082561077 0.018378378378378378 0.039595619208087615 
4 0.8535135135135136 0.4026958719460826 0.018378378378378378 0.02695871946082561 
4 0.8567567567567568 0.5926705981465881 0.014054054054054054 0.02780117944397641 
4 0.8551351351351352 0.6238416175231677 0.015135135135135135 0.02780117944397641 
4 0.8610810810810811 0.6592249368155013 0.018378378378378378 0.02780117944397641 
4 0.92 0.6798652064026959 0.017297297297297298 0.02864363942712721 
4 0.9124324324324324 0.6183656276326874 0.017297297297297298 0.030328559393428812 
4 0.8540540540540541 0.976832350463353 0.04108108108108108 0.02780117944397641 
4 0.7854054054054054 0.9418702611625948 0.03351351351351351 0.011794439764111205 
4 0.7810810810810811 0.9271272114574558 0.03135135135135135 0.012636899747262006 
4 0.7810810810810811 0.9119629317607414 0.03567567567567568 0.012636899747262006 
4 0.7772972972972974 0.8951137320977254 0.03891891891891892 0.016006739679865205 
4 0.7708108108108108 0.8803706823925863 0.03891891891891892 0.018534119629317607 
4 0.9210810810810811 0.1979780960404381 0.02810810810810811 0.03201347935973041 
4 0.9243243243243243 0.10320134793597305 0.032432432432432434 0.03622577927548441 
4 0.7605405405405405 0.2653748946925021 0.02702702702702703 0.02864363942712721 
4 0.06054054054054054 0.4772535804549284 0.01945945945945946 0.02611625947767481 
4 0.07297297297297298 0.33740522325189554 0.016216216216216217 0.02611625947767481 
4 0.09297297297297297 0.34498736310025274 0.017297297297297298 0.02611625947767481 
4 0.11513513513513514 0.35383319292333615 0.016216216216216217 0.02695871946082561 
4 0.13945945945945945 0.36057287278854255 0.015135135135135135 0.02695871946082561 
4 0.1810810810810811 0.37531592249368156 0.014054054054054054 0.02780117944397641 
4 0.08162162162162162 0.4860994102780118 0.018378378378378378 0.02527379949452401 
4 0.10270270270270271 0.4941027801179444 0.017297297297297298 0.02611625947767481 
4 0.12432432432432433 0.4995787700084246 0.01945945945945946 0.02527379949452401 
4 0.3410810810810811 0.5720303285593934 0.02054054054054054 0.03369839932603201 
4 0.03891891891891892 0.4730412805391744 0.017297297297297298 0.02443133951137321 
4 0.7497297297297297 0.18871103622577928 0.02054054054054054 0.020219039595619208 
4 0.30594594594594593 0.8361415332771693 0.034594594594594595 0.03454085930918281 
4 0.26 0.8260320134793597 0.02054054054054054 0.016006739679865205 
4 0.23135135135135135 0.8550968828980623 0.02810810810810811 0.02527379949452401 
4 0.2064864864864865 0.8921651221566975 0.025945945945945945 0.02190395956192081 
4 0.1437837837837838 0.962089300758214 0.02810810810810811 0.02358887952822241 
4 0.8221621621621622 0.05012636899747262 0.02702702702702703 0.02780117944397641 
4 0.8048648648648649 0.08129738837405223 0.02702702702702703 0.02780117944397641 
4 0.7848648648648648 0.11583824768323504 0.025945945945945945 0.02443133951137321 
4 0.7664864864864865 0.15501263689974726 0.021621621621621623 0.02190395956192081 
4 0.7648648648648648 0.8639427127211458 0.03783783783783784 0.02274641954507161 
4 0.7616216216216216 0.8466722830665543 0.03783783783783784 0.02358887952822241 
4 0.7421621621621621 0.83150800336984 0.03783783783783784 0.02695871946082561 
4 0.64 0.9165964616680707 0.01945945945945946 0.02695871946082561 
4 0.5654054054054054 0.8791069924178602 0.017297297297297298 0.02948609941027801 
4 0.5616216216216217 0.9085930918281382 0.018378378378378378 0.02780117944397641 
4 0.5837837837837838 0.879949452401011 0.015135135135135135 0.02611625947767481 
4 0.5827027027027027 0.9119629317607414 0.01945945945945946 0.02611625947767481 
4 0.6021621621621621 0.8807919123841618 0.017297297297297298 0.02780117944397641 
4 0.6005405405405405 0.9132266217354675 0.018378378378378378 0.030328559393428812 
4 0.6216216216216216 0.8824768323504634 0.017297297297297298 0.02780117944397641 
4 0.62 0.9170176916596462 0.016216216216216217 0.02611625947767481 
4 0.6421621621621622 0.8837405223251895 0.017297297297297298 0.02864363942712721 
4 0.6627027027027027 0.8845829823083403 0.015135135135135135 0.02864363942712721 
4 0.5459459459459459 0.8778433024431339 0.01945945945945946 0.02695871946082561 
4 0.6594594594594595 0.922072451558551 0.015135135135135135 0.02611625947767481 
4 0.6794594594594595 0.9254422914911542 0.018378378378378378 0.031171019376579612 
4 0.6994594594594594 0.9309182813816343 0.017297297297297298 0.02864363942712721 
4 0.6816216216216217 0.8892165122156698 0.016216216216216217 0.02611625947767481 
4 0.7005405405405405 0.8913226621735467 0.01945945945945946 0.030328559393428812 
4 0.7194594594594594 0.9005897219882055 0.016216216216216217 0.02527379949452401 
4 0.7167567567567568 0.9292333614153327 0.017297297297297298 0.02527379949452401 
4 0.7297297297297297 0.22072451558550968 0.02810810810810811 0.030328559393428812 
4 0.9135135135135135 0.5867733782645325 0.01945945945945946 0.02780117944397641 
4 0.5410810810810811 0.9077506318449874 0.016216216216216217 0.02948609941027801 
4 0.5448648648648649 0.9743049705139006 0.021621621621621623 0.02274641954507161 
4 0.7248648648648649 0.8197135636057288 0.02702702702702703 0.02358887952822241 
4 0.5097297297297297 0.8327716933445661 0.03567567567567568 0.02611625947767481 
4 0.6983783783783784 0.8125526537489469 0.023783783783783784 0.02948609941027801 
4 0.6772972972972973 0.8058129738837405 0.016216216216216217 0.02780117944397641 
4 0.6556756756756756 0.8041280539174389 0.018378378378378378 0.02780117944397641 
4 0.6345945945945946 0.8053917438921652 0.017297297297297298 0.02695871946082561 
4 0.6172972972972973 0.8091828138163437 0.017297297297297298 0.02611625947767481 
4 0.5978378378378378 0.8091828138163437 0.01945945945945946 0.02948609941027801 
4 0.5745945945945946 0.8096040438079192 0.02702702702702703 0.03201347935973041 
4 0.5518918918918919 0.8108677337826453 0.02702702702702703 0.031171019376579612 
4 0.5302702702702703 0.8218197135636057 0.03567567567567568 0.02780117944397641 
4 0.4962162162162162 0.8466722830665543 0.032432432432432434 0.02695871946082561 
4 0.5221621621621622 0.9730412805391744 0.021621621621621623 0.02695871946082561 
4 0.4789189189189189 0.8597304128053918 0.03891891891891892 0.02274641954507161 
4 0.4664864864864865 0.8736310025273799 0.03135135135135135 0.016849199663016005 
4 0.4718918918918919 0.8913226621735467 0.03135135135135135 0.020219039595619208 
4 0.45837837837837836 0.9035383319292334 0.02810810810810811 0.014321819713563605 
4 0.44756756756756755 0.9203875315922494 0.034594594594594595 0.010951979780960405 
4 0.44594594594594594 0.938921651221567 0.03135135135135135 0.016006739679865205 
4 0.4697297297297297 0.9549283909014322 0.02702702702702703 0.02611625947767481 
4 0.4881081081081081 0.9604043807919124 0.02702702702702703 0.02527379949452401 
4 0.5037837837837837 0.9696714406065712 0.02810810810810811 0.02695871946082561 
4 0.053513513513513515 0.33108677337826453 0.016216216216216217 0.02358887952822241 
