11 0.5380293863439931 0.4754043126684636 0.40363007778738114 0.3160377358490566 
4 0.22515125324114088 0.5141509433962265 0.03197925669835782 0.01752021563342318 
4 0.7873811581676751 0.05963611859838275 0.024200518582541054 0.012803234501347708 
4 0.7929991356957649 0.04481132075471698 0.023336214347450302 0.010107816711590296 
4 0.49265341400172863 0.8123315363881402 0.01901469317199654 0.01954177897574124 
4 0.5345721694036301 0.6853099730458221 0.03197925669835782 0.0215633423180593 
4 0.6331028522039758 0.6233153638814016 0.028522039757994815 0.0215633423180593 
4 0.4079515989628349 0.625 0.032843560933448576 0.024932614555256066 
4 0.3444252376836647 0.557277628032345 0.028522039757994815 0.02425876010781671 
4 0.31892826274848746 0.5727762803234502 0.027657735522904063 0.022911051212938006 
4 0.05099394987035436 0.5387466307277629 0.01901469317199654 0.02358490566037736 
4 0.03327571305099395 0.5380727762803235 0.021607605877268798 0.02223719676549865 
4 0.3297320656871219 0.4299191374663073 0.014693171996542784 0.02425876010781671 
11 0.35220397579948143 0.14150943396226415 0.08210890233362143 0.06334231805929919 
4 0.6806395851339672 0.3224393530997305 0.03025064822817632 0.02223719676549865 
4 0.6901469317199654 0.2722371967654987 0.037165082108902334 0.02425876010781671 
4 0.5211754537597234 0.31502695417789756 0.0449438202247191 0.020889487870619946 
4 0.10198789974070872 0.3891509433962264 0.027657735522904063 0.011455525606469003 
4 0.23509075194468454 0.3028975741239892 0.020743301642178046 0.020889487870619946 
4 0.25064822817631804 0.2799865229110512 0.020743301642178046 0.020889487870619946 
4 0.26490924805531546 0.2580862533692722 0.021607605877268798 0.0215633423180593 
4 0.21866897147796024 0.23820754716981132 0.01901469317199654 0.018194070080862535 
4 0.27787381158167673 0.23315363881401618 0.023336214347450302 0.0215633423180593 
4 0.2912705272255834 0.11960916442048518 0.013828867761452032 0.02358490566037736 
4 0.7791702679343129 0.07243935309973046 0.028522039757994815 0.011455525606469003 
4 0.7761452031114953 0.08659029649595687 0.024200518582541054 0.00876010781671159 
4 0.9433880726015558 0.043463611859838276 0.021607605877268798 0.011455525606469003 
4 0.9360414866032843 0.05559299191374663 0.03457216940363008 0.010107816711590296 
4 0.7515125324114088 0.7587601078167115 0.025064822817631807 0.02425876010781671 
4 0.8128781331028522 0.25134770889487873 0.014693171996542784 0.022911051212938006 
4 0.9014693171996543 0.12668463611859837 0.032843560933448576 0.013477088948787063 
4 0.9481417458945549 0.028638814016172506 0.029386343993085567 0.014150943396226415 
4 0.797752808988764 0.032008086253369275 0.029386343993085567 0.012803234501347708 
4 0.18409680207433016 0.29110512129380056 0.027657735522904063 0.02830188679245283 
4 0.1996542783059637 0.2692048517520216 0.027657735522904063 0.02358490566037736 
4 0.07044079515989628 0.39555256064690025 0.02679343128781331 0.012129380053908356 
4 0.21780466724286948 0.32850404312668463 0.027657735522904063 0.024932614555256066 
4 0.06698357821953328 0.3557951482479784 0.04062229904926534 0.02021563342318059 
4 0.945980985306828 0.4956199460916442 0.023336214347450302 0.010107816711590296 
4 0.7679343128781331 0.5539083557951483 0.02679343128781331 0.022911051212938006 
4 0.7726879861711322 0.4828167115902965 0.012100259291270527 0.01954177897574124 
4 0.7251512532411409 0.41745283018867924 0.01728608470181504 0.02223719676549865 
4 0.8297320656871219 0.45350404312668463 0.027657735522904063 0.014824797843665768 
4 0.8634399308556612 0.4423854447439353 0.029386343993085567 0.01549865229110512 
4 0.8063958513396715 0.42318059299191374 0.027657735522904063 0.01752021563342318 
4 0.9075194468452895 0.10983827493261455 0.02592912705272256 0.012129380053908356 
4 0.9140017286084702 0.09804582210242588 0.023336214347450302 0.011455525606469003 
4 0.9196197061365601 0.08288409703504043 0.02592912705272256 0.008086253369272238 
4 0.9291270527225584 0.06974393530997304 0.02592912705272256 0.00876010781671159 
4 0.06309420916162489 0.16307277628032346 0.01901469317199654 0.022911051212938006 
