11 0.5858531317494601 0.5109519797809604 0.357451403887689 0.2771693344566133 
4 0.7526997840172787 0.6133108677337826 0.032397408207343416 0.02695871946082561 
4 0.06965442764578833 0.42459983150800334 0.020518358531317494 0.02864363942712721 
4 0.14038876889848811 0.44608256107834876 0.017278617710583154 0.02611625947767481 
4 0.1695464362850972 0.45577085088458297 0.017278617710583154 0.02358887952822241 
4 0.19168466522678185 0.46082561078348777 0.014038876889848811 0.02190395956192081 
4 0.27483801295896326 0.9465037910699242 0.024838012958963283 0.02274641954507161 
4 0.3174946004319654 0.8871103622577927 0.02591792656587473 0.02864363942712721 
4 0.3396328293736501 0.8538331929233361 0.03131749460043196 0.02780117944397641 
4 0.3714902807775378 0.8100252737994945 0.023758099352051837 0.02611625947767481 
4 0.6803455723542117 0.7413647851727043 0.03455723542116631 0.02527379949452401 
4 0.6501079913606912 0.8066554338668913 0.02591792656587473 0.02780117944397641 
4 0.6241900647948164 0.7868576242628476 0.038876889848812095 0.02190395956192081 
4 0.7267818574514039 0.7278854254422915 0.03455723542116631 0.016849199663016005 
4 0.7705183585313174 0.7215669755686605 0.03779697624190065 0.019376579612468407 
4 0.7683585313174947 0.7788542544229149 0.035637149028077755 0.010951979780960405 
4 0.6927645788336934 0.3226621735467565 0.035637149028077755 0.02527379949452401 
4 0.8498920086393088 0.02106149957877001 0.03023758099352052 0.03201347935973041 
4 0.7132829373650108 0.2868576242628475 0.029157667386609073 0.02274641954507161 
4 0.7489200863930886 0.2055602358887953 0.029157667386609073 0.02864363942712721 
4 0.7791576673866091 0.15037910699241785 0.026997840172786176 0.02611625947767481 
4 0.8185745140388769 0.07708508845829823 0.02591792656587473 0.02780117944397641 
4 0.9206263498920086 0.12384161752316765 0.024838012958963283 0.030328559393428812 
4 0.10691144708423327 0.2994945240101095 0.012958963282937365 0.02274641954507161 
4 0.16846652267818574 0.3201347935973041 0.017278617710583154 0.02864363942712721 
4 0.19546436285097193 0.32898062342038753 0.01511879049676026 0.02780117944397641 
4 0.21706263498920086 0.33487784330244313 0.017278617710583154 0.02780117944397641 
4 0.296976241900648 0.9165964616680707 0.03023758099352052 0.02864363942712721 
4 0.7408207343412527 0.8213984835720304 0.038876889848812095 0.02527379949452401 
4 0.7176025917926566 0.8496208930075821 0.03347732181425486 0.02443133951137321 
4 0.7143628509719222 0.8694187026116259 0.03347732181425486 0.02190395956192081 
4 0.6819654427645788 0.8917438921651222 0.042116630669546434 0.02780117944397641 
4 0.11825053995680346 0.44271272114574556 0.0183585313174946 0.031171019376579612 
