11 0.5305584826132771 0.43636363636363634 0.41412012644889357 0.4235294117647059 
4 0.541095890410959 0.9524064171122995 0.01791359325605901 0.031016042780748664 
4 0.6459430979978925 0.9684491978609626 0.018967334035827187 0.03529411764705882 
4 0.6375131717597471 0.8385026737967914 0.014752370916754479 0.038502673796791446 
4 0.5152792413066386 0.795187165775401 0.03161222339304531 0.039572192513368985 
4 0.660168598524763 0.6470588235294118 0.032665964172813484 0.040641711229946524 
4 0.7655426765015806 0.5037433155080214 0.01791359325605901 0.03208556149732621 
4 0.8240252897787145 0.36310160427807486 0.040042149631190724 0.0374331550802139 
4 0.5806111696522656 0.17593582887700535 0.029504741833508957 0.033155080213903745 
4 0.553740779768177 0.06844919786096257 0.022128556375131718 0.034224598930481284 
