4 0.5966145833333333 0.6739583333333333 0.009895833333333333 0.007291666666666667 
4 0.33932291666666664 0.76015625 0.009895833333333333 0.0046875 
4 0.35104166666666664 0.7502604166666667 0.008333333333333333 0.0036458333333333334 
4 0.37578125 0.8200520833333333 0.008854166666666666 0.0036458333333333334 
4 0.37447916666666664 0.8046875 0.009375 0.005208333333333333 
4 0.375 0.81484375 0.009375 0.0036458333333333334 
4 0.3734375 0.7940104166666667 0.008333333333333333 0.0046875 
4 0.35234375 0.7794270833333333 0.0078125 0.0036458333333333334 
4 0.375 0.76875 0.008333333333333333 0.003125 
4 0.40598958333333335 0.75703125 0.0046875 0.009895833333333333 
4 0.37213541666666666 0.78359375 0.009895833333333333 0.0046875 
4 0.37395833333333334 0.7739583333333333 0.008333333333333333 0.003125 
4 0.35234375 0.7705729166666667 0.009895833333333333 0.0036458333333333334 
4 0.34140625 0.7708333333333334 0.008854166666666666 0.003125 
4 0.37734375 0.7591145833333334 0.0046875 0.008854166666666666 
4 0.38359375 0.759375 0.0036458333333333334 0.009375 
4 0.30364583333333334 0.7518229166666667 0.008333333333333333 0.0036458333333333334 
4 0.21145833333333333 0.7713541666666667 0.009375 0.003125 
4 0.37395833333333334 0.8432291666666667 0.009375 0.004166666666666667 
7 0.5356770833333333 0.8661458333333333 0.022395833333333334 0.046875 
7 0.50546875 0.8669270833333333 0.0234375 0.04635416666666667 
7 0.47421875 0.86796875 0.022395833333333334 0.04635416666666667 
7 0.4375 0.8697916666666666 0.022916666666666665 0.046875 
7 0.40546875 0.8708333333333333 0.0234375 0.046875 
7 0.53359375 0.7955729166666666 0.0234375 0.04635416666666667 
7 0.50234375 0.79609375 0.022395833333333334 0.04635416666666667 
7 0.47213541666666664 0.7973958333333333 0.0234375 0.046875 
7 0.4348958333333333 0.7989583333333333 0.022916666666666665 0.046875 
7 0.40260416666666665 0.8 0.023958333333333335 0.046875 
10 0.7502604166666667 0.7901041666666667 0.21822916666666667 0.103125 
1 0.8513020833333333 0.56953125 0.10260416666666666 0.09427083333333333 
1 0.7096354166666666 0.5760416666666667 0.1390625 0.13125 
1 0.6549479166666666 0.24973958333333332 0.0703125 0.0671875 
4 0.3890625 0.7588541666666667 0.004166666666666667 0.008333333333333333 
4 0.4114583333333333 0.7559895833333333 0.004166666666666667 0.008854166666666666 
4 0.10338541666666666 0.43515625 0.0046875 0.011979166666666667 
4 0.5614583333333333 0.6643229166666667 0.003125 0.0078125 
4 0.28567708333333336 0.6395833333333333 0.008854166666666666 0.007291666666666667 
4 0.33151041666666664 0.7169270833333333 0.0036458333333333334 0.0078125 
4 0.32005208333333335 0.7190104166666667 0.0036458333333333334 0.0067708333333333336 
4 0.5276041666666667 0.6919270833333333 0.004166666666666667 0.0078125 
4 0.58125 0.69140625 0.004166666666666667 0.009895833333333333 
4 0.5291666666666667 0.6651041666666667 0.004166666666666667 0.011458333333333333 
13 0.04583333333333333 0.9106770833333333 0.015625 0.009895833333333333 
4 0.45390625 0.7447916666666666 0.0078125 0.003125 
13 0.05286458333333333 0.8283854166666667 0.015104166666666667 0.016145833333333335 
13 0.078125 0.7671875 0.014583333333333334 0.01875 
13 0.03828125 0.5890625 0.0140625 0.017708333333333333 
13 0.07630208333333334 0.4973958333333333 0.018229166666666668 0.008333333333333333 
13 0.03828125 0.20989583333333334 0.008854166666666666 0.01875 
3 0.7494791666666667 0.7934895833333333 0.36041666666666666 0.17135416666666667 
4 0.2526041666666667 0.6559895833333333 0.010416666666666666 0.0109375 
4 0.25338541666666664 0.6458333333333334 0.0067708333333333336 0.008333333333333333 
4 0.253125 0.63125 0.008333333333333333 0.010416666666666666 
4 0.25234375 0.6236979166666666 0.0078125 0.008854166666666666 
4 0.2513020833333333 0.6166666666666667 0.0078125 0.008333333333333333 
4 0.24166666666666667 0.6231770833333333 0.010416666666666666 0.011979166666666667 
4 0.240625 0.6466145833333333 0.008333333333333333 0.009895833333333333 
4 0.24166666666666667 0.6552083333333333 0.008333333333333333 0.007291666666666667 
4 0.2421875 0.6627604166666666 0.008333333333333333 0.0078125 
4 0.24036458333333333 0.63828125 0.008854166666666666 0.008854166666666666 
4 0.24088541666666666 0.6309895833333333 0.008854166666666666 0.008854166666666666 
4 0.22083333333333333 0.66015625 0.008333333333333333 0.009895833333333333 
4 0.21666666666666667 0.6197916666666666 0.009375 0.008333333333333333 
4 0.0625 0.42630208333333336 0.003125 0.008854166666666666 
4 0.08567708333333333 0.16901041666666666 0.0046875 0.008854166666666666 
4 0.0484375 0.10833333333333334 0.008333333333333333 0.004166666666666667 
4 0.4549479166666667 0.7497395833333333 0.008854166666666666 0.0036458333333333334 
1 0.8419270833333333 0.278125 0.08697916666666666 0.09270833333333334 
