5 0.28151041666666665 0.8958333333333334 0.008854166666666666 0.00625 
9 0.7890625 0.3731770833333333 0.015625 0.016145833333333335 
0 0.3450520833333333 0.6153645833333333 0.04739583333333333 0.050520833333333334 
9 0.6880208333333333 0.38723958333333336 0.019791666666666666 0.018229166666666668 
9 0.7080729166666667 0.40546875 0.0171875 0.0171875 
9 0.7276041666666667 0.42291666666666666 0.01875 0.017708333333333333 
9 0.7671875 0.42265625 0.01875 0.019270833333333334 
9 0.7872395833333333 0.44036458333333334 0.018229166666666668 0.019270833333333334 
9 0.7666666666666667 0.33958333333333335 0.015625 0.015625 
9 0.7880208333333333 0.3497395833333333 0.016666666666666666 0.016145833333333335 
9 0.7682291666666666 0.36328125 0.015625 0.016145833333333335 
9 0.815625 0.3625 0.016666666666666666 0.016666666666666666 
9 0.815625 0.38567708333333334 0.017708333333333333 0.016145833333333335 
9 0.8401041666666667 0.3736979166666667 0.015625 0.016145833333333335 
9 0.8377604166666667 0.3966145833333333 0.016145833333333335 0.016145833333333335 
9 0.8354166666666667 0.4192708333333333 0.016666666666666666 0.015625 
9 0.80703125 0.45859375 0.0171875 0.018229166666666668 
0 0.23151041666666666 0.6869791666666667 0.05572916666666667 0.06041666666666667 
5 0.012239583333333333 0.05807291666666667 0.0109375 0.0046875 
5 0.007291666666666667 0.059375 0.010416666666666666 0.004166666666666667 
5 0.0020833333333333333 0.06276041666666667 0.010416666666666666 0.0046875 
5 -0.0005208333333333333 0.06458333333333334 0.009375 0.004166666666666667 
5 0.009895833333333333 0.0765625 0.00625 0.008333333333333333 
0 0.30703125 0.63984375 0.059895833333333336 0.058854166666666666 
11 0.20911458333333333 0.7416666666666667 0.0265625 0.023958333333333335 
5 0.6479166666666667 0.5927083333333333 0.005208333333333333 0.007291666666666667 
0 0.5361979166666667 0.03515625 0.0359375 0.034895833333333334 
0 0.36328125 0.10911458333333333 0.0296875 0.0296875 
0 0.57421875 0.4765625 0.05572916666666667 0.059375 
0 0.63046875 0.35651041666666666 0.059895833333333336 0.059895833333333336 
0 0.2911458333333333 0.12942708333333333 0.034375 0.034895833333333334 
0 0.10286458333333333 0.22213541666666667 0.034895833333333334 0.03177083333333333 
0 0.2 0.18567708333333333 0.029166666666666667 0.033854166666666664 
0 0.21328125 0.20625 0.0265625 0.027083333333333334 
0 0.36953125 0.24583333333333332 0.027604166666666666 0.027083333333333334 
0 0.4510416666666667 0.08046875 0.029166666666666667 0.028645833333333332 
0 0.43359375 0.06197916666666667 0.0296875 0.029166666666666667 
0 0.4192708333333333 0.0390625 0.027083333333333334 0.027083333333333334 
0 0.40520833333333334 0.01796875 0.028125 0.0265625 
5 0.6614583333333334 0.5859375 0.005208333333333333 0.00625 
5 0.6393229166666666 0.5973958333333333 0.005729166666666666 0.007291666666666667 
5 0.23723958333333334 0.9223958333333333 0.008854166666666666 0.00625 
5 0.5950520833333334 0.83203125 0.008854166666666666 0.0046875 
5 0.5674479166666667 0.8502604166666666 0.0078125 0.0036458333333333334 
5 0.5700520833333333 0.8486979166666667 0.008854166666666666 0.0036458333333333334 
5 0.571875 0.8466145833333333 0.008333333333333333 0.0036458333333333334 
5 0.5744791666666667 0.8450520833333334 0.007291666666666667 0.0036458333333333334 
5 0.5776041666666667 0.84375 0.008333333333333333 0.004166666666666667 
5 0.5854166666666667 0.8390625 0.008333333333333333 0.004166666666666667 
5 0.5875 0.8372395833333334 0.008333333333333333 0.0046875 
5 0.5908854166666667 0.8354166666666667 0.008854166666666666 0.003125 
5 0.5940104166666667 0.8338541666666667 0.0078125 0.004166666666666667 
5 0.5989583333333334 0.83046875 0.007291666666666667 0.0036458333333333334 
5 0.5916666666666667 0.8520833333333333 0.008333333333333333 0.004166666666666667 
5 0.5013020833333334 0.80234375 0.0067708333333333336 0.008854166666666666 
5 0.47994791666666664 0.8067708333333333 0.0078125 0.00625 
5 0.521875 0.7963541666666667 0.008333333333333333 0.00625 
5 0.5140625 0.7841145833333333 0.008333333333333333 0.005729166666666666 
5 0.5111979166666667 0.7796875 0.0078125 0.005208333333333333 
5 0.5096354166666667 0.77734375 0.0078125 0.005729166666666666 
5 0.5825520833333333 0.76953125 0.008854166666666666 0.0067708333333333336 
5 0.5721354166666667 0.7526041666666666 0.008854166666666666 0.00625 
5 0.3072916666666667 0.8239583333333333 0.010416666666666666 0.00625 
5 0.56171875 0.8533854166666667 0.0078125 0.0036458333333333334 
5 0.5895833333333333 0.85390625 0.008333333333333333 0.0036458333333333334 
5 0.5729166666666666 0.7432291666666667 0.004166666666666667 0.007291666666666667 
5 0.596875 0.8486979166666667 0.008333333333333333 0.0036458333333333334 
5 0.6247395833333333 0.8411458333333334 0.008854166666666666 0.004166666666666667 
5 0.6395833333333333 0.8393229166666667 0.00625 0.0067708333333333336 
5 0.63515625 0.8278645833333333 0.005729166666666666 0.0078125 
5 0.6299479166666667 0.8177083333333334 0.0067708333333333336 0.008333333333333333 
5 0.6122395833333333 0.82265625 0.009895833333333333 0.0046875 
5 0.6208333333333333 0.8338541666666667 0.008333333333333333 0.003125 
5 0.6083333333333333 0.8421875 0.008333333333333333 0.004166666666666667 
5 0.6052083333333333 0.84375 0.008333333333333333 0.004166666666666667 
5 0.6018229166666667 0.8455729166666667 0.008854166666666666 0.0036458333333333334 
5 0.5947916666666667 0.8502604166666666 0.008333333333333333 0.0026041666666666665 
5 0.5830729166666667 0.8572916666666667 0.0078125 0.003125 
5 0.09661458333333334 0.017708333333333333 0.0036458333333333334 0.009375 
5 0.09973958333333334 0.015104166666666667 0.0036458333333333334 0.009375 
5 0.11432291666666666 0.02578125 0.0046875 0.005729166666666666 
5 0.09114583333333333 0.01796875 0.005208333333333333 0.0078125 
5 0.5375 0.8583333333333333 0.00625 0.007291666666666667 
5 0.57265625 0.8635416666666667 0.008854166666666666 0.003125 
5 0.575 0.8619791666666666 0.009375 0.004166666666666667 
5 0.5791666666666667 0.8606770833333334 0.008333333333333333 0.0036458333333333334 
5 0.58125 0.8588541666666667 0.008333333333333333 0.004166666666666667 
5 0.5901041666666667 0.7559895833333333 0.00625 0.0078125 
5 0.7213541666666666 0.7744791666666667 0.007291666666666667 0.00625 
5 0.6059895833333333 0.85234375 0.0078125 0.0036458333333333334 
5 0.60234375 0.72421875 0.0078125 0.005729166666666666 
5 0.6809895833333334 0.73203125 0.0078125 0.005729166666666666 
5 0.6669270833333333 0.7072916666666667 0.008854166666666666 0.007291666666666667 
5 0.6651041666666667 0.7049479166666667 0.008333333333333333 0.0067708333333333336 
5 0.6221354166666667 0.7572916666666667 0.0078125 0.00625 
5 0.6203125 0.7559895833333333 0.008333333333333333 0.005729166666666666 
5 0.6192708333333333 0.7533854166666667 0.007291666666666667 0.005729166666666666 
5 0.6177083333333333 0.74921875 0.00625 0.0046875 
5 0.6044270833333333 0.7307291666666667 0.008854166666666666 0.00625 
5 0.6013020833333333 0.7455729166666667 0.005729166666666666 0.008854166666666666 
5 0.5979166666666667 0.7216145833333333 0.007291666666666667 0.005729166666666666 
5 0.6864583333333333 0.7578125 0.007291666666666667 0.005208333333333333 
5 0.2916666666666667 0.975 0.008333333333333333 0.004166666666666667 
5 0.2903645833333333 0.9770833333333333 0.008854166666666666 0.003125 
5 0.2875 0.9791666666666666 0.007291666666666667 0.003125 
5 0.2838541666666667 0.9802083333333333 0.010416666666666666 0.004166666666666667 
5 0.28151041666666665 0.9822916666666667 0.009895833333333333 0.004166666666666667 
5 0.18776041666666668 0.9791666666666666 0.005729166666666666 0.007291666666666667 
5 0.18984375 0.978125 0.005729166666666666 0.007291666666666667 
5 0.19166666666666668 0.9768229166666667 0.005208333333333333 0.0067708333333333336 
5 0.19348958333333333 0.9763020833333333 0.0046875 0.0067708333333333336 
5 0.6848958333333334 0.7559895833333333 0.008333333333333333 0.005729166666666666 
5 0.6877604166666667 0.759375 0.0078125 0.005208333333333333 
5 0.7203125 0.77265625 0.007291666666666667 0.005729166666666666 
5 0.70625 0.7505208333333333 0.008333333333333333 0.005208333333333333 
5 0.7192708333333333 0.77109375 0.007291666666666667 0.005729166666666666 
5 0.7192708333333333 0.7557291666666667 0.00625 0.008333333333333333 
5 0.7171875 0.7677083333333333 0.007291666666666667 0.00625 
5 0.715625 0.7661458333333333 0.007291666666666667 0.005208333333333333 
5 0.7151041666666667 0.7638020833333333 0.007291666666666667 0.0046875 
5 0.7125 0.7611979166666667 0.007291666666666667 0.005729166666666666 
5 0.7122395833333334 0.7591145833333334 0.0078125 0.005729166666666666 
5 0.7106770833333333 0.7572916666666667 0.0078125 0.005208333333333333 
5 0.7088541666666667 0.7533854166666667 0.007291666666666667 0.005729166666666666 
5 0.7057291666666666 0.7484375 0.007291666666666667 0.005208333333333333 
5 0.68828125 0.7614583333333333 0.0067708333333333336 0.005208333333333333 
5 0.7033854166666667 0.7450520833333333 0.0078125 0.005729166666666666 
5 0.70234375 0.7432291666666667 0.0067708333333333336 0.005208333333333333 
5 0.7044270833333334 0.7869791666666667 0.0078125 0.00625 
5 0.7 0.7802083333333333 0.007291666666666667 0.005208333333333333 
5 0.6989583333333333 0.7783854166666667 0.007291666666666667 0.005729166666666666 
5 0.69765625 0.7765625 0.0067708333333333336 0.005208333333333333 
5 0.6950520833333333 0.7716145833333333 0.0078125 0.005729166666666666 
5 0.69140625 0.76640625 0.0078125 0.005729166666666666 
5 0.6903645833333333 0.7645833333333333 0.0067708333333333336 0.005208333333333333 
5 0.6098958333333333 0.8515625 0.007291666666666667 0.003125 
5 0.6033854166666667 0.8544270833333333 0.008854166666666666 0.0036458333333333334 
5 0.63359375 0.6015625 0.0046875 0.00625 
5 0.5236979166666667 0.7221354166666667 0.0067708333333333336 0.005729166666666666 
5 0.47682291666666665 0.6958333333333333 0.005729166666666666 0.00625 
5 0.47317708333333336 0.6981770833333333 0.0046875 0.0067708333333333336 
5 0.4708333333333333 0.7 0.005208333333333333 0.007291666666666667 
5 0.4783854166666667 0.7234375 0.0078125 0.005208333333333333 
5 0.47682291666666665 0.7252604166666666 0.0078125 0.005729166666666666 
5 0.4739583333333333 0.7260416666666667 0.008333333333333333 0.005208333333333333 
5 0.42994791666666665 0.7625 0.005729166666666666 0.009375 
5 0.3533854166666667 0.7963541666666667 0.008854166666666666 0.00625 
5 0.50390625 0.73359375 0.0067708333333333336 0.005729166666666666 
5 0.5138020833333333 0.728125 0.0078125 0.00625 
5 0.48854166666666665 0.6953125 0.00625 0.009375 
5 0.51484375 0.7197916666666667 0.0109375 0.008333333333333333 
5 0.47682291666666665 0.9661458333333334 0.0067708333333333336 0.008333333333333333 
5 0.44114583333333335 0.9028645833333333 0.00625 0.0078125 
5 0.4557291666666667 0.97265625 0.005208333333333333 0.0078125 
5 0.44921875 0.9606770833333333 0.0067708333333333336 0.0078125 
5 0.4432291666666667 0.9513020833333333 0.00625 0.0078125 
5 0.44192708333333336 0.9658854166666667 0.005729166666666666 0.0078125 
5 0.4348958333333333 0.9544270833333334 0.00625 0.008854166666666666 
5 0.4231770833333333 0.93515625 0.0067708333333333336 0.008854166666666666 
5 0.4979166666666667 0.703125 0.008333333333333333 0.00625 
5 0.49375 0.6864583333333333 0.005208333333333333 0.00625 
5 0.42526041666666664 0.9213541666666667 0.005729166666666666 0.007291666666666667 
5 0.5955729166666667 0.6231770833333333 0.005729166666666666 0.0078125 
5 0.66953125 0.5973958333333333 0.0078125 0.00625 
5 0.6604166666666667 0.6033854166666667 0.008333333333333333 0.0067708333333333336 
5 0.6481770833333333 0.61015625 0.008854166666666666 0.0067708333333333336 
5 0.6994791666666667 0.615625 0.008333333333333333 0.00625 
5 0.6817708333333333 0.61640625 0.008333333333333333 0.005729166666666666 
5 0.6846354166666667 0.625 0.008854166666666666 0.007291666666666667 
5 0.709375 0.6580729166666667 0.00625 0.0078125 
5 0.7049479166666667 0.6606770833333333 0.005729166666666666 0.0078125 
5 0.7026041666666667 0.66171875 0.00625 0.0067708333333333336 
5 0.5890625 0.6309895833333333 0.00625 0.008854166666666666 
5 0.4981770833333333 0.6833333333333333 0.005729166666666666 0.00625 
5 0.6427083333333333 0.65078125 0.007291666666666667 0.005729166666666666 
5 0.6263020833333334 0.6604166666666667 0.009895833333333333 0.007291666666666667 
5 0.6145833333333334 0.65625 0.008333333333333333 0.00625 
5 0.6046875 0.6729166666666667 0.009375 0.00625 
5 0.5947916666666667 0.6791666666666667 0.009375 0.007291666666666667 
5 0.5466145833333333 0.6635416666666667 0.0067708333333333336 0.007291666666666667 
5 0.5315104166666667 0.6630208333333333 0.005729166666666666 0.007291666666666667 
5 0.5294270833333333 0.6640625 0.005729166666666666 0.00625 
5 0.5419270833333333 0.6768229166666667 0.008854166666666666 0.005729166666666666 
5 0.4158854166666667 0.9239583333333333 0.0067708333333333336 0.008333333333333333 
5 0.4197916666666667 0.9127604166666666 0.005208333333333333 0.0067708333333333336 
5 0.5981770833333333 0.8575520833333333 0.008854166666666666 0.0036458333333333334 
5 0.58828125 0.88984375 0.008854166666666666 0.0036458333333333334 
5 0.63515625 0.8518229166666667 0.008854166666666666 0.0026041666666666665 
5 0.6361979166666667 0.8611979166666667 0.0078125 0.0036458333333333334 
5 0.6299479166666667 0.8549479166666667 0.0078125 0.0036458333333333334 
5 0.6244791666666667 0.8583333333333333 0.008333333333333333 0.003125 
5 0.6119791666666666 0.8671875 0.009375 0.004166666666666667 
5 0.60625 0.8700520833333333 0.008333333333333333 0.0036458333333333334 
5 0.6130208333333333 0.87578125 0.008333333333333333 0.0036458333333333334 
5 0.6106770833333334 0.8770833333333333 0.008854166666666666 0.004166666666666667 
5 0.5903645833333333 0.8799479166666667 0.009895833333333333 0.0036458333333333334 
5 0.5765625 0.8877604166666667 0.009375 0.0036458333333333334 
5 0.65546875 0.8619791666666666 0.005729166666666666 0.008333333333333333 
5 0.57890625 0.8859375 0.009895833333333333 0.004166666666666667 
5 0.56796875 0.8776041666666666 0.0078125 0.004166666666666667 
5 0.57109375 0.87578125 0.005729166666666666 0.0026041666666666665 
5 0.5713541666666667 0.8736979166666666 0.008333333333333333 0.0036458333333333334 
5 0.5744791666666667 0.8723958333333334 0.009375 0.004166666666666667 
5 0.5765625 0.8703125 0.007291666666666667 0.004166666666666667 
5 0.5796875 0.8692708333333333 0.008333333333333333 0.004166666666666667 
5 0.5864583333333333 0.8640625 0.008333333333333333 0.004166666666666667 
5 0.5895833333333333 0.8627604166666667 0.009375 0.0046875 
5 0.64453125 0.8427083333333333 0.005729166666666666 0.008333333333333333 
5 0.6450520833333333 0.8666666666666667 0.008854166666666666 0.005208333333333333 
5 0.41380208333333335 0.9020833333333333 0.0046875 0.007291666666666667 
5 0.41901041666666666 0.85078125 0.0046875 0.0078125 
5 0.40729166666666666 0.89140625 0.00625 0.008854166666666666 
5 0.40130208333333334 0.8815104166666666 0.0067708333333333336 0.0078125 
5 0.3953125 0.8721354166666667 0.00625 0.0078125 
5 0.3875 0.8752604166666667 0.00625 0.0078125 
5 0.39401041666666664 0.8859375 0.0067708333333333336 0.008333333333333333 
5 0.4 0.8971354166666666 0.005208333333333333 0.0078125 
5 0.40625 0.9067708333333333 0.00625 0.008333333333333333 
5 0.40651041666666665 0.8453125 0.005729166666666666 0.008333333333333333 
5 0.4140625 0.8385416666666666 0.00625 0.008333333333333333 
5 0.42864583333333334 0.84453125 0.008333333333333333 0.005729166666666666 
5 0.63828125 0.8770833333333333 0.0036458333333333334 0.008333333333333333 
5 0.46197916666666666 0.8994791666666667 0.008333333333333333 0.00625 
5 0.46380208333333334 0.9018229166666667 0.0078125 0.005729166666666666 
5 0.47734375 0.9231770833333334 0.0067708333333333336 0.0046875 
5 0.47890625 0.9255208333333333 0.0067708333333333336 0.005208333333333333 
5 0.48385416666666664 0.9309895833333334 0.00625 0.005729166666666666 
5 0.72421875 0.81484375 0.0078125 0.008854166666666666 
5 0.6856770833333333 0.85703125 0.0078125 0.0078125 
5 0.6184895833333334 0.9044270833333333 0.008854166666666666 0.0067708333333333336 
5 0.6059895833333333 0.9125 0.0067708333333333336 0.00625 
