0 0.4046875 0.6700520833333333 0.036458333333333336 0.03802083333333333 
0 0.4119791666666667 0.6236979166666666 0.04375 0.043229166666666666 
0 0.31588541666666664 0.6875 0.04739583333333333 0.041666666666666664 
0 0.30703125 0.6395833333333333 0.050520833333333334 0.04895833333333333 
0 0.3533854166666667 0.57578125 0.0390625 0.0421875 
0 0.39869791666666665 0.5768229166666666 0.0515625 0.05364583333333333 
5 0.16328125 0.19583333333333333 0.008854166666666666 0.009375 
5 0.35911458333333335 0.925 0.0078125 0.009375 
5 0.35885416666666664 0.9197916666666667 0.005208333333333333 0.008333333333333333 
5 0.34375 0.8791666666666667 0.00625 0.008333333333333333 
5 0.33203125 0.8763020833333334 0.005729166666666666 0.0067708333333333336 
5 0.3268229166666667 0.8875 0.005729166666666666 0.007291666666666667 
5 0.33515625 0.9015625 0.005729166666666666 0.007291666666666667 
5 0.33645833333333336 0.9065104166666667 0.005208333333333333 0.0067708333333333336 
5 0.32135416666666666 0.8783854166666667 0.004166666666666667 0.0067708333333333336 
0 0.7635416666666667 0.95625 0.028125 0.029166666666666667 
0 0.95703125 0.44765625 0.0265625 0.022395833333333334 
0 0.8708333333333333 0.7736979166666667 0.021875 0.0234375 
0 0.8190104166666666 0.8208333333333333 0.04739583333333333 0.046875 
0 0.7697916666666667 0.8200520833333333 0.03333333333333333 0.04010416666666667 
0 0.7359375 0.81484375 0.035416666666666666 0.04010416666666667 
0 0.6471354166666666 0.8356770833333333 0.049479166666666664 0.050520833333333334 
0 0.6255208333333333 0.8638020833333333 0.036458333333333336 0.033854166666666664 
0 0.653125 1.0104166666666667 0.034375 0.03333333333333333 
0 0.90703125 1.00546875 0.0265625 0.033854166666666664 
0 0.6346354166666667 0.9911458333333333 0.03802083333333333 0.0375 
0 0.98125 0.17083333333333334 0.06354166666666666 0.059375 
0 0.9169270833333333 0.8916666666666667 0.024479166666666666 0.023958333333333335 
0 0.5307291666666667 0.8671875 0.03854166666666667 0.041666666666666664 
0 0.5973958333333333 0.7205729166666667 0.05625 0.05260416666666667 
0 0.49921875 0.6825520833333333 0.06927083333333334 0.05677083333333333 
0 0.6244791666666667 0.6776041666666667 0.06041666666666667 0.057291666666666664 
0 0.6526041666666667 0.6395833333333333 0.05520833333333333 0.05625 
0 0.6734375 0.6015625 0.05520833333333333 0.05 
0 0.5388020833333333 0.5544270833333333 0.05364583333333333 0.049479166666666664 
0 0.5255208333333333 0.6440104166666667 0.06041666666666667 0.05572916666666667 
0 0.5497395833333333 0.60859375 0.05677083333333333 0.05364583333333333 
0 0.5205729166666667 0.803125 0.0484375 0.051041666666666666 
0 0.5229166666666667 0.9497395833333333 0.030208333333333334 0.04635416666666667 
0 0.71796875 0.8872395833333333 0.019270833333333334 0.022395833333333334 
0 0.55703125 0.94609375 0.0265625 0.04010416666666667 
0 0.5885416666666666 0.9489583333333333 0.028125 0.040625 
0 0.7796875 0.7356770833333334 0.021875 0.027604166666666666 
0 0.8315104166666667 0.7380208333333333 0.0234375 0.027083333333333334 
0 0.753125 0.73359375 0.026041666666666668 0.028645833333333332 
0 0.02109375 0.6747395833333333 0.043229166666666666 0.044270833333333336 
0 0.11848958333333333 0.6692708333333334 0.04114583333333333 0.03854166666666667 
0 0.11640625 0.6283854166666667 0.0453125 0.04114583333333333 
0 0.11796875 0.5848958333333333 0.0390625 0.03229166666666667 
0 0.21171875 0.6216145833333333 0.03697916666666667 0.043229166666666666 
0 0.21276041666666667 0.6963541666666667 0.028645833333333332 0.026041666666666668 
0 0.013541666666666667 0.5911458333333334 0.04479166666666667 0.04583333333333333 
0 0.78359375 0.6817708333333333 0.0453125 0.041666666666666664 
0 0.1078125 0.7643229166666666 0.035416666666666666 0.033854166666666664 
0 0.12109375 0.7111979166666667 0.04010416666666667 0.044270833333333336 
0 0.49505208333333334 0.9354166666666667 0.016145833333333335 0.027083333333333334 
0 0.67890625 0.76875 0.0578125 0.04895833333333333 
