5 0.4153645833333333 0.421875 0.0067708333333333336 0.007291666666666667 
5 0.465625 0.20052083333333334 0.005208333333333333 0.009375 
5 0.39895833333333336 0.34088541666666666 0.004166666666666667 0.005729166666666666 
5 0.35 0.3859375 0.005208333333333333 0.00625 
5 0.3098958333333333 0.43984375 0.007291666666666667 0.008854166666666666 
5 0.43802083333333336 0.4713541666666667 0.009375 0.00625 
5 0.4778645833333333 0.4703125 0.009895833333333333 0.007291666666666667 
5 0.4635416666666667 0.44453125 0.009375 0.0067708333333333336 
5 0.440625 0.4078125 0.004166666666666667 0.00625 
5 0.29583333333333334 0.49375 0.00625 0.00625 
5 0.2234375 0.5989583333333334 0.008333333333333333 0.009375 
5 0.21953125 0.5958333333333333 0.0078125 0.009375 
5 0.08515625 0.7197916666666667 0.0078125 0.009375 
5 0.259375 0.6609375 0.00625 0.008333333333333333 
5 0.2565104166666667 0.66328125 0.005729166666666666 0.0078125 
5 0.22890625 0.6677083333333333 0.009895833333333333 0.007291666666666667 
5 0.23151041666666666 0.67109375 0.008854166666666666 0.0078125 
5 0.21302083333333333 0.6861979166666666 0.00625 0.008854166666666666 
5 0.16041666666666668 0.7231770833333333 0.007291666666666667 0.0078125 
5 0.2203125 0.6763020833333333 0.007291666666666667 0.005729166666666666 
5 0.15703125 0.7255208333333333 0.005729166666666666 0.007291666666666667 
5 0.8455729166666667 0.05807291666666667 0.0109375 0.0046875 
5 0.840625 0.059375 0.010416666666666666 0.004166666666666667 
5 0.8354166666666667 0.06276041666666667 0.010416666666666666 0.0046875 
5 0.8328125 0.06458333333333334 0.009375 0.004166666666666667 
5 0.8260416666666667 0.06770833333333333 0.010416666666666666 0.004166666666666667 
5 0.7760416666666666 0.06666666666666667 0.009375 0.00625 
5 0.8114583333333333 0.09635416666666667 0.005208333333333333 0.007291666666666667 
5 0.8432291666666667 0.0765625 0.00625 0.008333333333333333 
5 0.8091145833333333 0.09817708333333333 0.0046875 0.005729166666666666 
5 0.24401041666666667 0.7653645833333333 0.0078125 0.0067708333333333336 
5 0.5302083333333333 0.453125 0.005208333333333333 0.007291666666666667 
5 0.23567708333333334 0.771875 0.005729166666666666 0.005208333333333333 
5 0.48828125 0.42994791666666665 0.008854166666666666 0.0067708333333333336 
5 0.5221354166666666 0.43515625 0.005729166666666666 0.0078125 
5 0.5255208333333333 0.43307291666666664 0.00625 0.0078125 
5 0.5315104166666667 0.43072916666666666 0.005729166666666666 0.007291666666666667 
5 0.5356770833333333 0.428125 0.0046875 0.007291666666666667 
5 0.546875 0.44140625 0.00625 0.008854166666666666 
5 0.5453125 0.44296875 0.00625 0.008854166666666666 
5 0.5333333333333333 0.4510416666666667 0.00625 0.007291666666666667 
5 0.528125 0.4546875 0.005208333333333333 0.007291666666666667 
5 0.8059895833333334 0.09895833333333333 0.005729166666666666 0.007291666666666667 
5 0.5236979166666667 0.45703125 0.005729166666666666 0.0067708333333333336 
5 0.7255208333333333 0.12916666666666668 0.008333333333333333 0.004166666666666667 
5 0.73125 0.128125 0.00625 0.003125 
5 0.7403645833333333 0.13098958333333333 0.005729166666666666 0.005729166666666666 
5 0.7630208333333334 0.12421875 0.005208333333333333 0.0067708333333333336 
5 0.765625 0.12213541666666666 0.005208333333333333 0.0067708333333333336 
5 0.7567708333333333 0.058854166666666666 0.00625 0.007291666666666667 
5 0.6606770833333333 0.14427083333333332 0.005729166666666666 0.005208333333333333 
5 0.7109375 0.12265625 0.009375 0.0078125 
0 0.459375 0.6046875 0.06041666666666667 0.059375 
0 0.3736979166666667 0.6536458333333334 0.04010416666666667 0.042708333333333334 
0 0.5111979166666667 0.5703125 0.03697916666666667 0.040625 
0 0.9361979166666666 0.22213541666666667 0.034895833333333334 0.03177083333333333 
0 0.03802083333333333 0.303125 0.028125 0.030208333333333334 
0 0.7 0.459375 0.03333333333333333 0.03229166666666667 
0 0.7317708333333334 0.45078125 0.03229166666666667 0.0328125 
0 0.6442708333333333 0.2765625 0.041666666666666664 0.03958333333333333 
0 0.5736979166666667 0.2109375 0.033854166666666664 0.03125 
5 0.9299479166666667 0.017708333333333333 0.0036458333333333334 0.009375 
5 0.9330729166666667 0.015104166666666667 0.0036458333333333334 0.009375 
5 0.94765625 0.02578125 0.0046875 0.005729166666666666 
5 0.9244791666666666 0.01796875 0.005208333333333333 0.0078125 
