4 0.565625 0.31484375 0.011458333333333333 0.008854166666666666 
5 0.6997395833333333 0.4315104166666667 0.008854166666666666 0.011979166666666667 
4 0.64375 0.43125 0.009375 0.011458333333333333 
4 0.65390625 0.42552083333333335 0.009895833333333333 0.0125 
4 0.6638020833333333 0.4203125 0.008854166666666666 0.0125 
4 0.6645833333333333 0.4078125 0.009375 0.0125 
4 0.67421875 0.41640625 0.008854166666666666 0.013020833333333334 
4 0.6893229166666667 0.40911458333333334 0.008854166666666666 0.011979166666666667 
4 0.68984375 0.3963541666666667 0.009895833333333333 0.013541666666666667 
4 0.7 0.4046875 0.009375 0.0125 
4 0.7 0.39114583333333336 0.009375 0.0125 
4 0.7049479166666667 0.3888020833333333 0.008854166666666666 0.011979166666666667 
4 0.7098958333333333 0.39921875 0.009375 0.0109375 
4 0.7104166666666667 0.38619791666666664 0.008333333333333333 0.0109375 
4 0.7203125 0.3815104166666667 0.009375 0.011979166666666667 
4 0.7153645833333333 0.3971354166666667 0.008854166666666666 0.011979166666666667 
4 0.7203125 0.39453125 0.008333333333333333 0.0109375 
4 0.72578125 0.3924479166666667 0.008854166666666666 0.011979166666666667 
4 0.6234375 0.48072916666666665 0.010416666666666666 0.0125 
4 0.6330729166666667 0.4747395833333333 0.008854166666666666 0.011979166666666667 
4 0.6377604166666667 0.471875 0.008854166666666666 0.011458333333333333 
4 0.6486979166666667 0.46796875 0.008854166666666666 0.0109375 
4 0.6583333333333333 0.4635416666666667 0.010416666666666666 0.0125 
4 0.6583333333333333 0.44973958333333336 0.009375 0.011979166666666667 
4 0.66875 0.45807291666666666 0.008333333333333333 0.011979166666666667 
4 0.6692708333333334 0.44557291666666665 0.009375 0.011979166666666667 
4 0.6739583333333333 0.45598958333333334 0.008333333333333333 0.011979166666666667 
4 0.6791666666666667 0.45338541666666665 0.008333333333333333 0.011979166666666667 
4 0.6893229166666667 0.44869791666666664 0.009895833333333333 0.013020833333333334 
4 0.69453125 0.44635416666666666 0.0078125 0.011458333333333333 
4 0.69453125 0.43385416666666665 0.008854166666666666 0.011458333333333333 
4 0.7104166666666667 0.35911458333333335 0.008333333333333333 0.011979166666666667 
4 0.7049479166666667 0.36171875 0.008854166666666666 0.011979166666666667 
4 0.7 0.3645833333333333 0.008333333333333333 0.011458333333333333 
4 0.5830729166666667 0.24427083333333333 0.011979166666666667 0.009375 
4 0.50625 0.37604166666666666 0.009375 0.0125 
4 0.5138020833333333 0.3802083333333333 0.0078125 0.011458333333333333 
4 0.57109375 0.30911458333333336 0.011979166666666667 0.008854166666666666 
4 0.5739583333333333 0.3028645833333333 0.0125 0.008854166666666666 
4 0.5765625 0.29739583333333336 0.011458333333333333 0.008333333333333333 
4 0.59375 0.26979166666666665 0.009375 0.014583333333333334 
4 0.5856770833333333 0.23932291666666666 0.011979166666666667 0.009895833333333333 
4 0.690625 0.3697916666666667 0.009375 0.011458333333333333 
4 0.6 0.24166666666666667 0.00625 0.009375 
4 0.6356770833333333 0.2046875 0.0109375 0.008333333333333333 
4 0.6075520833333333 0.17838541666666666 0.008854166666666666 0.0140625 
4 0.6940104166666666 0.3263020833333333 0.008854166666666666 0.011979166666666667 
4 0.6802083333333333 0.3611979166666667 0.009375 0.013020833333333334 
4 0.7244791666666667 0.32317708333333334 0.0125 0.009895833333333333 
4 0.7283854166666667 0.3333333333333333 0.013020833333333334 0.010416666666666666 
4 0.7338541666666667 0.34270833333333334 0.0125 0.008333333333333333 
4 0.6744791666666666 0.3765625 0.009375 0.0125 
4 0.7 0.44427083333333334 0.008333333333333333 0.011458333333333333 
4 0.7046875 0.42916666666666664 0.009375 0.011458333333333333 
4 0.59921875 0.28958333333333336 0.009895833333333333 0.011458333333333333 
4 0.7098958333333333 0.42578125 0.009375 0.011979166666666667 
5 0.421875 0.5841145833333333 0.025 0.0140625 
5 0.4744791666666667 0.50234375 0.016666666666666666 0.025520833333333333 
0 0.77890625 0.18489583333333334 0.0328125 0.03125 
0 0.8817708333333333 0.13932291666666666 0.025 0.021354166666666667 
0 0.9299479166666667 0.12265625 0.03177083333333333 0.0296875 
0 0.96796875 0.10677083333333333 0.030729166666666665 0.026041666666666668 
0 0.91640625 0.228125 0.022395833333333334 0.026041666666666668 
0 0.8721354166666667 0.240625 0.0296875 0.035416666666666666 
0 0.9411458333333333 0.20260416666666667 0.029166666666666667 0.034375 
4 0.5911458333333334 0.23333333333333334 0.010416666666666666 0.007291666666666667 
4 0.58671875 0.2677083333333333 0.0078125 0.011458333333333333 
4 0.7572916666666667 0.39609375 0.011458333333333333 0.009895833333333333 
4 0.7096354166666666 0.4395833333333333 0.008854166666666666 0.011458333333333333 
4 0.71484375 0.43671875 0.008854166666666666 0.011979166666666667 
4 0.6411458333333333 0.4984375 0.009375 0.0125 
4 0.6515625 0.4942708333333333 0.009375 0.011458333333333333 
4 0.6713541666666667 0.48515625 0.010416666666666666 0.0140625 
4 0.6825520833333333 0.48125 0.008854166666666666 0.0125 
5 0.6875 0.4778645833333333 0.009375 0.011979166666666667 
4 0.6927083333333334 0.4752604166666667 0.008333333333333333 0.011979166666666667 
0 0.6736979166666667 0.55703125 0.0546875 0.05572916666666667 
0 0.7208333333333333 0.53515625 0.05625 0.0515625 
4 0.7723958333333333 0.5138020833333333 0.011458333333333333 0.009895833333333333 
5 0.7984375 0.50234375 0.013541666666666667 0.011979166666666667 
5 0.7807291666666667 0.4127604166666667 0.011458333333333333 0.018229166666666668 
4 0.7559895833333333 0.3888020833333333 0.011979166666666667 0.009895833333333333 
4 0.75234375 0.38307291666666665 0.011979166666666667 0.008854166666666666 
4 0.75078125 0.3776041666666667 0.009895833333333333 0.007291666666666667 
4 0.7486979166666666 0.37265625 0.009895833333333333 0.0078125 
4 0.7450520833333333 0.36822916666666666 0.011979166666666667 0.008333333333333333 
4 0.7440104166666667 0.3625 0.011979166666666667 0.009375 
4 0.73984375 0.3578125 0.011979166666666667 0.009375 
4 0.7393229166666667 0.35182291666666665 0.0109375 0.008854166666666666 
0 0.77578125 0.28177083333333336 0.06302083333333333 0.06875 
5 0.84921875 0.4421875 0.013020833333333334 0.016666666666666666 
5 0.85859375 0.43802083333333336 0.013020833333333334 0.01875 
0 0.9013020833333333 0.41953125 0.034895833333333334 0.030729166666666665 
