5 0.4153645833333333 0.7447916666666666 0.0067708333333333336 0.007291666666666667 
5 0.465625 0.5234375 0.005208333333333333 0.009375 
5 0.39895833333333336 0.6638020833333333 0.004166666666666667 0.005729166666666666 
5 0.35 0.7088541666666667 0.005208333333333333 0.00625 
5 0.3098958333333333 0.7627604166666667 0.007291666666666667 0.008854166666666666 
5 0.43802083333333336 0.7942708333333334 0.009375 0.00625 
5 0.4778645833333333 0.7932291666666667 0.009895833333333333 0.007291666666666667 
5 0.4635416666666667 0.7674479166666667 0.009375 0.0067708333333333336 
5 0.440625 0.7307291666666667 0.004166666666666667 0.00625 
5 0.29583333333333334 0.8166666666666667 0.00625 0.00625 
5 0.2234375 0.921875 0.008333333333333333 0.009375 
5 0.21953125 0.91875 0.0078125 0.009375 
5 0.259375 0.9838541666666667 0.00625 0.008333333333333333 
5 0.2565104166666667 0.9861979166666667 0.005729166666666666 0.0078125 
5 0.22890625 0.990625 0.009895833333333333 0.007291666666666667 
5 0.23151041666666666 0.9940104166666667 0.008854166666666666 0.0078125 
5 0.2203125 0.99921875 0.007291666666666667 0.005729166666666666 
5 0.8455729166666667 0.3809895833333333 0.0109375 0.0046875 
5 0.840625 0.38229166666666664 0.010416666666666666 0.004166666666666667 
5 0.8354166666666667 0.38567708333333334 0.010416666666666666 0.0046875 
5 0.8328125 0.3875 0.009375 0.004166666666666667 
5 0.8260416666666667 0.390625 0.010416666666666666 0.004166666666666667 
5 0.7760416666666666 0.38958333333333334 0.009375 0.00625 
5 0.5625 0.24036458333333333 0.005208333333333333 0.008854166666666666 
5 0.8114583333333333 0.4192708333333333 0.005208333333333333 0.007291666666666667 
5 0.8432291666666667 0.39947916666666666 0.00625 0.008333333333333333 
5 0.8091145833333333 0.42109375 0.0046875 0.005729166666666666 
5 0.5302083333333333 0.7760416666666666 0.005208333333333333 0.007291666666666667 
5 0.48828125 0.7528645833333333 0.008854166666666666 0.0067708333333333336 
5 0.5221354166666666 0.7580729166666667 0.005729166666666666 0.0078125 
5 0.5255208333333333 0.7559895833333333 0.00625 0.0078125 
5 0.5315104166666667 0.7536458333333333 0.005729166666666666 0.007291666666666667 
5 0.5356770833333333 0.7510416666666667 0.0046875 0.007291666666666667 
5 0.546875 0.7643229166666666 0.00625 0.008854166666666666 
5 0.5453125 0.7658854166666667 0.00625 0.008854166666666666 
5 0.5333333333333333 0.7739583333333333 0.00625 0.007291666666666667 
5 0.528125 0.7776041666666667 0.005208333333333333 0.007291666666666667 
5 0.8059895833333334 0.421875 0.005729166666666666 0.007291666666666667 
5 0.5236979166666667 0.7799479166666666 0.005729166666666666 0.0067708333333333336 
5 0.7255208333333333 0.45208333333333334 0.008333333333333333 0.004166666666666667 
5 0.73125 0.4510416666666667 0.00625 0.003125 
5 0.7403645833333333 0.45390625 0.005729166666666666 0.005729166666666666 
5 0.7630208333333334 0.4471354166666667 0.005208333333333333 0.0067708333333333336 
5 0.765625 0.44505208333333335 0.005208333333333333 0.0067708333333333336 
5 0.7567708333333333 0.38177083333333334 0.00625 0.007291666666666667 
5 0.6606770833333333 0.4671875 0.005729166666666666 0.005208333333333333 
5 0.7109375 0.44557291666666665 0.009375 0.0078125 
0 0.459375 0.9276041666666667 0.06041666666666667 0.059375 
0 0.3736979166666667 0.9765625 0.04010416666666667 0.042708333333333334 
0 0.5111979166666667 0.8932291666666666 0.03697916666666667 0.040625 
0 0.9361979166666666 0.5450520833333333 0.034895833333333334 0.03177083333333333 
0 0.03802083333333333 0.6260416666666667 0.028125 0.030208333333333334 
0 0.35104166666666664 0.1234375 0.025 0.03125 
0 0.0765625 0.015885416666666666 0.023958333333333335 0.025520833333333333 
0 0.5966145833333333 -0.0046875 0.049479166666666664 0.041666666666666664 
0 0.7 0.7822916666666667 0.03333333333333333 0.03229166666666667 
0 0.7317708333333334 0.7736979166666667 0.03229166666666667 0.0328125 
0 0.6442708333333333 0.5994791666666667 0.041666666666666664 0.03958333333333333 
0 0.5736979166666667 0.5338541666666666 0.033854166666666664 0.03125 
0 0.48723958333333334 0.2640625 0.04635416666666667 0.042708333333333334 
0 0.4864583333333333 0.22265625 0.04375 0.04010416666666667 
5 0.9299479166666667 0.340625 0.0036458333333333334 0.009375 
5 0.9330729166666667 0.3380208333333333 0.0036458333333333334 0.009375 
5 0.94765625 0.34869791666666666 0.0046875 0.005729166666666666 
5 0.9244791666666666 0.34088541666666666 0.005208333333333333 0.0078125 
