4 0.21302083333333333 0.31484375 0.011458333333333333 0.008854166666666666 
5 0.34713541666666664 0.4315104166666667 0.008854166666666666 0.011979166666666667 
4 0.2911458333333333 0.43125 0.009375 0.011458333333333333 
4 0.30130208333333336 0.42552083333333335 0.009895833333333333 0.0125 
4 0.3111979166666667 0.4203125 0.008854166666666666 0.0125 
4 0.31197916666666664 0.4078125 0.009375 0.0125 
4 0.3216145833333333 0.41640625 0.008854166666666666 0.013020833333333334 
4 0.33671875 0.40911458333333334 0.008854166666666666 0.011979166666666667 
4 0.3372395833333333 0.3963541666666667 0.009895833333333333 0.013541666666666667 
4 0.34739583333333335 0.4046875 0.009375 0.0125 
4 0.34739583333333335 0.39114583333333336 0.009375 0.0125 
4 0.35234375 0.3888020833333333 0.008854166666666666 0.011979166666666667 
4 0.3572916666666667 0.39921875 0.009375 0.0109375 
4 0.3578125 0.38619791666666664 0.008333333333333333 0.0109375 
4 0.36770833333333336 0.3815104166666667 0.009375 0.011979166666666667 
4 0.36276041666666664 0.3971354166666667 0.008854166666666666 0.011979166666666667 
4 0.36770833333333336 0.39453125 0.008333333333333333 0.0109375 
4 0.3731770833333333 0.3924479166666667 0.008854166666666666 0.011979166666666667 
4 0.2708333333333333 0.48072916666666665 0.010416666666666666 0.0125 
4 0.28046875 0.4747395833333333 0.008854166666666666 0.011979166666666667 
4 0.28515625 0.471875 0.008854166666666666 0.011458333333333333 
4 0.29609375 0.46796875 0.008854166666666666 0.0109375 
4 0.30572916666666666 0.4635416666666667 0.010416666666666666 0.0125 
4 0.30572916666666666 0.44973958333333336 0.009375 0.011979166666666667 
4 0.31614583333333335 0.45807291666666666 0.008333333333333333 0.011979166666666667 
4 0.31666666666666665 0.44557291666666665 0.009375 0.011979166666666667 
4 0.32135416666666666 0.45598958333333334 0.008333333333333333 0.011979166666666667 
4 0.3265625 0.45338541666666665 0.008333333333333333 0.011979166666666667 
4 0.33671875 0.44869791666666664 0.009895833333333333 0.013020833333333334 
4 0.3419270833333333 0.44635416666666666 0.0078125 0.011458333333333333 
4 0.3419270833333333 0.43385416666666665 0.008854166666666666 0.011458333333333333 
4 0.3578125 0.35911458333333335 0.008333333333333333 0.011979166666666667 
4 0.35234375 0.36171875 0.008854166666666666 0.011979166666666667 
4 0.34739583333333335 0.3645833333333333 0.008333333333333333 0.011458333333333333 
4 0.23046875 0.24427083333333333 0.011979166666666667 0.009375 
4 0.15364583333333334 0.37604166666666666 0.009375 0.0125 
4 0.16119791666666666 0.3802083333333333 0.0078125 0.011458333333333333 
4 0.21848958333333332 0.30911458333333336 0.011979166666666667 0.008854166666666666 
4 0.22135416666666666 0.3028645833333333 0.0125 0.008854166666666666 
4 0.22395833333333334 0.29739583333333336 0.011458333333333333 0.008333333333333333 
4 0.24114583333333334 0.26979166666666665 0.009375 0.014583333333333334 
4 0.23307291666666666 0.23932291666666666 0.011979166666666667 0.009895833333333333 
4 0.3380208333333333 0.3697916666666667 0.009375 0.011458333333333333 
4 0.24739583333333334 0.24166666666666667 0.00625 0.009375 
4 0.2830729166666667 0.2046875 0.0109375 0.008333333333333333 
4 0.25494791666666666 0.17838541666666666 0.008854166666666666 0.0140625 
4 0.34140625 0.3263020833333333 0.008854166666666666 0.011979166666666667 
4 0.32760416666666664 0.3611979166666667 0.009375 0.013020833333333334 
4 0.371875 0.32317708333333334 0.0125 0.009895833333333333 
4 0.37578125 0.3333333333333333 0.013020833333333334 0.010416666666666666 
4 0.38125 0.34270833333333334 0.0125 0.008333333333333333 
4 0.321875 0.3765625 0.009375 0.0125 
4 0.34739583333333335 0.44427083333333334 0.008333333333333333 0.011458333333333333 
4 0.35208333333333336 0.42916666666666664 0.009375 0.011458333333333333 
4 0.24661458333333333 0.28958333333333336 0.009895833333333333 0.011458333333333333 
4 0.3572916666666667 0.42578125 0.009375 0.011979166666666667 
5 0.7239583333333334 0.07395833333333333 0.051041666666666666 0.028125 
5 0.7276041666666667 0.08307291666666666 0.051041666666666666 0.028645833333333332 
5 0.71875 0.09817708333333333 0.025 0.018229166666666668 
5 0.7328125 0.10416666666666667 0.04479166666666667 0.027083333333333334 
0 0.7684895833333333 0.4158854166666667 0.0296875 0.027604166666666666 
0 0.79609375 0.4270833333333333 0.0296875 0.026041666666666668 
0 0.82421875 0.43645833333333334 0.028645833333333332 0.026041666666666668 
0 0.88671875 0.3580729166666667 0.027604166666666666 0.027604166666666666 
5 0.06927083333333334 0.5841145833333333 0.025 0.0140625 
5 0.121875 0.50234375 0.016666666666666666 0.025520833333333333 
0 0.42630208333333336 0.18489583333333334 0.0328125 0.03125 
0 0.5291666666666667 0.13932291666666666 0.025 0.021354166666666667 
0 0.57734375 0.12265625 0.03177083333333333 0.0296875 
0 0.6153645833333333 0.10677083333333333 0.030729166666666665 0.026041666666666668 
0 0.5638020833333334 0.228125 0.022395833333333334 0.026041666666666668 
0 0.51953125 0.240625 0.0296875 0.035416666666666666 
0 0.6747395833333333 0.56015625 0.05364583333333333 0.058854166666666666 
0 0.5885416666666666 0.20260416666666667 0.029166666666666667 0.034375 
0 0.8184895833333333 0.3346354166666667 0.0296875 0.0265625 
0 0.8484375 0.3455729166666667 0.029166666666666667 0.028645833333333332 
0 0.7484375 0.37604166666666666 0.023958333333333335 0.029166666666666667 
4 0.23854166666666668 0.23333333333333334 0.010416666666666666 0.007291666666666667 
4 0.23411458333333332 0.2677083333333333 0.0078125 0.011458333333333333 
0 0.6947916666666667 0.19973958333333333 0.03333333333333333 0.034895833333333334 
4 0.4046875 0.39609375 0.011458333333333333 0.009895833333333333 
4 0.35703125 0.4395833333333333 0.008854166666666666 0.011458333333333333 
4 0.36223958333333334 0.43671875 0.008854166666666666 0.011979166666666667 
4 0.28854166666666664 0.4984375 0.009375 0.0125 
4 0.2989583333333333 0.4942708333333333 0.009375 0.011458333333333333 
4 0.31875 0.48515625 0.010416666666666666 0.0140625 
4 0.3299479166666667 0.48125 0.008854166666666666 0.0125 
5 0.33489583333333334 0.4778645833333333 0.009375 0.011979166666666667 
4 0.34010416666666665 0.4752604166666667 0.008333333333333333 0.011979166666666667 
0 0.32109375 0.55703125 0.0546875 0.05572916666666667 
0 0.36822916666666666 0.53515625 0.05625 0.0515625 
4 0.4197916666666667 0.5138020833333333 0.011458333333333333 0.009895833333333333 
5 0.44583333333333336 0.50234375 0.013541666666666667 0.011979166666666667 
5 0.428125 0.4127604166666667 0.011458333333333333 0.018229166666666668 
4 0.40338541666666666 0.3888020833333333 0.011979166666666667 0.009895833333333333 
4 0.3997395833333333 0.38307291666666665 0.011979166666666667 0.008854166666666666 
4 0.39817708333333335 0.3776041666666667 0.009895833333333333 0.007291666666666667 
4 0.39609375 0.37265625 0.009895833333333333 0.0078125 
4 0.3924479166666667 0.36822916666666666 0.011979166666666667 0.008333333333333333 
4 0.39140625 0.3625 0.011979166666666667 0.009375 
4 0.38723958333333336 0.3578125 0.011979166666666667 0.009375 
4 0.38671875 0.35182291666666665 0.0109375 0.008854166666666666 
0 0.4231770833333333 0.28177083333333336 0.06302083333333333 0.06875 
5 0.49661458333333336 0.4421875 0.013020833333333334 0.016666666666666666 
5 0.5059895833333333 0.43802083333333336 0.013020833333333334 0.01875 
0 0.5486979166666667 0.41953125 0.034895833333333334 0.030729166666666665 
