4 0.5747395833333333 0.5822916666666667 0.009895833333333333 0.007291666666666667 
4 0.31744791666666666 0.6684895833333333 0.009895833333333333 0.0046875 
4 0.32916666666666666 0.65859375 0.008333333333333333 0.0036458333333333334 
4 0.35390625 0.7283854166666667 0.008854166666666666 0.0036458333333333334 
4 0.35260416666666666 0.7130208333333333 0.009375 0.005208333333333333 
4 0.353125 0.7231770833333333 0.009375 0.0036458333333333334 
4 0.3515625 0.70234375 0.008333333333333333 0.0046875 
4 0.33046875 0.6877604166666667 0.0078125 0.0036458333333333334 
4 0.353125 0.6770833333333334 0.008333333333333333 0.003125 
4 0.3841145833333333 0.6653645833333334 0.0046875 0.009895833333333333 
4 0.3502604166666667 0.6919270833333333 0.009895833333333333 0.0046875 
4 0.35208333333333336 0.6822916666666666 0.008333333333333333 0.003125 
4 0.33046875 0.67890625 0.009895833333333333 0.0036458333333333334 
4 0.31953125 0.6791666666666667 0.008854166666666666 0.003125 
4 0.35546875 0.6674479166666667 0.0046875 0.008854166666666666 
4 0.36171875 0.6677083333333333 0.0036458333333333334 0.009375 
4 0.28177083333333336 0.66015625 0.008333333333333333 0.0036458333333333334 
4 0.18958333333333333 0.6796875 0.009375 0.003125 
4 0.35208333333333336 0.7515625 0.009375 0.004166666666666667 
7 0.5138020833333333 0.7744791666666667 0.022395833333333334 0.046875 
7 0.48359375 0.7752604166666667 0.0234375 0.04635416666666667 
7 0.45234375 0.7763020833333333 0.022395833333333334 0.04635416666666667 
7 0.415625 0.778125 0.022916666666666665 0.046875 
7 0.38359375 0.7791666666666667 0.0234375 0.046875 
7 0.51171875 0.70390625 0.0234375 0.04635416666666667 
7 0.48046875 0.7044270833333334 0.022395833333333334 0.04635416666666667 
7 0.45026041666666666 0.7057291666666666 0.0234375 0.046875 
7 0.41302083333333334 0.7072916666666667 0.022916666666666665 0.046875 
7 0.3807291666666667 0.7083333333333334 0.023958333333333335 0.046875 
10 0.7283854166666667 0.6984375 0.21822916666666667 0.103125 
1 0.8294270833333334 0.4778645833333333 0.10260416666666666 0.09427083333333333 
1 0.6877604166666667 0.484375 0.1390625 0.13125 
1 0.6330729166666667 0.15807291666666667 0.0703125 0.0671875 
4 0.3671875 0.6671875 0.004166666666666667 0.008333333333333333 
4 0.38958333333333334 0.6643229166666667 0.004166666666666667 0.008854166666666666 
4 0.08151041666666667 0.34348958333333335 0.0046875 0.011979166666666667 
4 0.5395833333333333 0.57265625 0.003125 0.0078125 
4 0.2638020833333333 0.5479166666666667 0.008854166666666666 0.007291666666666667 
4 0.30963541666666666 0.6252604166666667 0.0036458333333333334 0.0078125 
4 0.2981770833333333 0.62734375 0.0036458333333333334 0.0067708333333333336 
4 0.5057291666666667 0.6002604166666666 0.004166666666666667 0.0078125 
4 0.559375 0.5997395833333333 0.004166666666666667 0.009895833333333333 
4 0.5072916666666667 0.5734375 0.004166666666666667 0.011458333333333333 
13 0.023958333333333335 0.8190104166666666 0.015625 0.009895833333333333 
4 0.43203125 0.653125 0.0078125 0.003125 
13 0.030989583333333334 0.73671875 0.015104166666666667 0.016145833333333335 
13 0.05625 0.6755208333333333 0.014583333333333334 0.01875 
13 0.01640625 0.4973958333333333 0.0140625 0.017708333333333333 
13 0.054427083333333334 0.40572916666666664 0.018229166666666668 0.008333333333333333 
13 0.01640625 0.11822916666666666 0.008854166666666666 0.01875 
3 0.7276041666666667 0.7018229166666666 0.36041666666666666 0.17135416666666667 
4 0.23072916666666668 0.5643229166666667 0.010416666666666666 0.0109375 
4 0.23151041666666666 0.5541666666666667 0.0067708333333333336 0.008333333333333333 
4 0.23125 0.5395833333333333 0.008333333333333333 0.010416666666666666 
4 0.23046875 0.53203125 0.0078125 0.008854166666666666 
4 0.22942708333333334 0.525 0.0078125 0.008333333333333333 
4 0.21979166666666666 0.5315104166666667 0.010416666666666666 0.011979166666666667 
4 0.21875 0.5549479166666667 0.008333333333333333 0.009895833333333333 
4 0.21979166666666666 0.5635416666666667 0.008333333333333333 0.007291666666666667 
4 0.2203125 0.57109375 0.008333333333333333 0.0078125 
4 0.21848958333333332 0.5466145833333333 0.008854166666666666 0.008854166666666666 
4 0.21901041666666668 0.5393229166666667 0.008854166666666666 0.008854166666666666 
4 0.19895833333333332 0.5684895833333333 0.008333333333333333 0.009895833333333333 
4 0.19479166666666667 0.528125 0.009375 0.008333333333333333 
4 0.040625 0.3346354166666667 0.003125 0.008854166666666666 
4 0.06380208333333333 0.07734375 0.0046875 0.008854166666666666 
4 0.0265625 0.016666666666666666 0.008333333333333333 0.004166666666666667 
4 0.43307291666666664 0.6580729166666667 0.008854166666666666 0.0036458333333333334 
1 0.8200520833333333 0.18645833333333334 0.08697916666666666 0.09270833333333334 
