9 0.7890625 0.69609375 0.015625 0.016145833333333335 
0 0.3450520833333333 0.93828125 0.04739583333333333 0.050520833333333334 
9 0.6880208333333333 0.71015625 0.019791666666666666 0.018229166666666668 
9 0.7080729166666667 0.7283854166666667 0.0171875 0.0171875 
9 0.7276041666666667 0.7458333333333333 0.01875 0.017708333333333333 
9 0.7671875 0.7455729166666667 0.01875 0.019270833333333334 
9 0.7872395833333333 0.76328125 0.018229166666666668 0.019270833333333334 
9 0.7666666666666667 0.6625 0.015625 0.015625 
9 0.7880208333333333 0.67265625 0.016666666666666666 0.016145833333333335 
9 0.7682291666666666 0.6861979166666666 0.015625 0.016145833333333335 
9 0.815625 0.6854166666666667 0.016666666666666666 0.016666666666666666 
9 0.815625 0.70859375 0.017708333333333333 0.016145833333333335 
9 0.8401041666666667 0.6966145833333334 0.015625 0.016145833333333335 
9 0.8377604166666667 0.71953125 0.016145833333333335 0.016145833333333335 
9 0.8354166666666667 0.7421875 0.016666666666666666 0.015625 
9 0.80703125 0.7815104166666667 0.0171875 0.018229166666666668 
0 0.23151041666666666 1.0098958333333334 0.05572916666666667 0.06041666666666667 
5 0.012239583333333333 0.3809895833333333 0.0109375 0.0046875 
5 0.007291666666666667 0.38229166666666664 0.010416666666666666 0.004166666666666667 
5 0.0020833333333333333 0.38567708333333334 0.010416666666666666 0.0046875 
5 -0.0005208333333333333 0.3875 0.009375 0.004166666666666667 
5 0.40729166666666666 0.16848958333333333 0.007291666666666667 0.0067708333333333336 
5 0.35911458333333335 0.09166666666666666 0.0078125 0.009375 
5 0.35885416666666664 0.08645833333333333 0.005208333333333333 0.008333333333333333 
5 0.34375 0.04583333333333333 0.00625 0.008333333333333333 
5 0.33203125 0.04296875 0.005729166666666666 0.0067708333333333336 
5 0.3268229166666667 0.05416666666666667 0.005729166666666666 0.007291666666666667 
5 0.33515625 0.06822916666666666 0.005729166666666666 0.007291666666666667 
5 0.33645833333333336 0.07317708333333334 0.005208333333333333 0.0067708333333333336 
5 0.32135416666666666 0.04505208333333333 0.004166666666666667 0.0067708333333333336 
5 0.009895833333333333 0.39947916666666666 0.00625 0.008333333333333333 
0 0.30703125 0.9627604166666667 0.059895833333333336 0.058854166666666666 
5 0.6479166666666667 0.915625 0.005208333333333333 0.007291666666666667 
0 0.7635416666666667 0.12291666666666666 0.028125 0.029166666666666667 
0 0.8190104166666666 -0.0125 0.04739583333333333 0.046875 
0 0.7697916666666667 -0.01328125 0.03333333333333333 0.04010416666666667 
0 0.6471354166666666 0.00234375 0.049479166666666664 0.050520833333333334 
0 0.6255208333333333 0.03046875 0.036458333333333336 0.033854166666666664 
0 0.653125 0.17708333333333334 0.034375 0.03333333333333333 
0 0.90703125 0.17213541666666668 0.0265625 0.033854166666666664 
0 0.6346354166666667 0.1578125 0.03802083333333333 0.0375 
0 0.896875 0.2375 0.028125 0.029166666666666667 
0 0.5361979166666667 0.3580729166666667 0.0359375 0.034895833333333334 
0 0.49166666666666664 0.30364583333333334 0.034375 0.03125 
0 0.4752604166666667 0.2833333333333333 0.0359375 0.03125 
0 0.44973958333333336 0.24401041666666667 0.028645833333333332 0.028645833333333332 
0 0.36328125 0.43203125 0.0296875 0.0296875 
0 0.57421875 0.7994791666666666 0.05572916666666667 0.059375 
0 0.9169270833333333 0.058333333333333334 0.024479166666666666 0.023958333333333335 
0 0.5307291666666667 0.033854166666666664 0.03854166666666667 0.041666666666666664 
0 0.5229166666666667 0.11640625 0.030208333333333334 0.04635416666666667 
0 0.71796875 0.05390625 0.019270833333333334 0.022395833333333334 
0 0.55703125 0.11276041666666667 0.0265625 0.04010416666666667 
0 0.5885416666666666 0.115625 0.028125 0.040625 
0 0.75859375 0.18229166666666666 0.0234375 0.029166666666666667 
0 0.7330729166666666 0.17890625 0.022395833333333334 0.024479166666666666 
0 0.7080729166666667 0.17916666666666667 0.021354166666666667 0.027083333333333334 
0 0.68203125 0.17682291666666666 0.016145833333333335 0.024479166666666666 
0 0.63046875 0.6794270833333333 0.059895833333333336 0.059895833333333336 
0 0.2911458333333333 0.45234375 0.034375 0.034895833333333334 
0 0.10286458333333333 0.5450520833333333 0.034895833333333334 0.03177083333333333 
0 0.2 0.50859375 0.029166666666666667 0.033854166666666664 
0 0.21328125 0.5291666666666667 0.0265625 0.027083333333333334 
0 0.36770833333333336 0.2747395833333333 0.028125 0.0265625 
0 0.36953125 0.56875 0.027604166666666666 0.027083333333333334 
0 0.4510416666666667 0.40338541666666666 0.029166666666666667 0.028645833333333332 
0 0.43359375 0.3848958333333333 0.0296875 0.029166666666666667 
0 0.4192708333333333 0.3619791666666667 0.027083333333333334 0.027083333333333334 
0 0.40520833333333334 0.34088541666666666 0.028125 0.0265625 
0 0.38046875 0.29635416666666664 0.027604166666666666 0.028125 
0 0.49505208333333334 0.10208333333333333 0.016145833333333335 0.027083333333333334 
5 0.6614583333333334 0.9088541666666666 0.005208333333333333 0.00625 
5 0.6393229166666666 0.9203125 0.005729166666666666 0.007291666666666667 
5 0.09661458333333334 0.340625 0.0036458333333333334 0.009375 
5 0.09973958333333334 0.3380208333333333 0.0036458333333333334 0.009375 
5 0.11432291666666666 0.34869791666666666 0.0046875 0.005729166666666666 
5 0.09114583333333333 0.34088541666666666 0.005208333333333333 0.0078125 
5 0.63359375 0.9244791666666666 0.0046875 0.00625 
5 0.5955729166666667 0.94609375 0.005729166666666666 0.0078125 
5 0.66953125 0.9203125 0.0078125 0.00625 
5 0.6604166666666667 0.9263020833333333 0.008333333333333333 0.0067708333333333336 
5 0.6481770833333333 0.9330729166666667 0.008854166666666666 0.0067708333333333336 
5 0.6994791666666667 0.9385416666666667 0.008333333333333333 0.00625 
5 0.6817708333333333 0.9393229166666667 0.008333333333333333 0.005729166666666666 
5 0.6846354166666667 0.9479166666666666 0.008854166666666666 0.007291666666666667 
5 0.709375 0.9809895833333333 0.00625 0.0078125 
5 0.7049479166666667 0.98359375 0.005729166666666666 0.0078125 
5 0.7026041666666667 0.9846354166666667 0.00625 0.0067708333333333336 
5 0.5890625 0.95390625 0.00625 0.008854166666666666 
5 0.6427083333333333 0.9736979166666667 0.007291666666666667 0.005729166666666666 
5 0.6263020833333334 0.9833333333333333 0.009895833333333333 0.007291666666666667 
5 0.6145833333333334 0.9791666666666666 0.008333333333333333 0.00625 
5 0.6046875 0.9958333333333333 0.009375 0.00625 
5 0.5466145833333333 0.9864583333333333 0.0067708333333333336 0.007291666666666667 
5 0.5315104166666667 0.9859375 0.005729166666666666 0.007291666666666667 
5 0.5294270833333333 0.9869791666666666 0.005729166666666666 0.00625 
5 0.5419270833333333 0.9997395833333333 0.008854166666666666 0.005729166666666666 
