5 0.12630208333333334 0.8958333333333334 0.008854166666666666 0.00625 
9 0.6338541666666667 0.3731770833333333 0.015625 0.016145833333333335 
0 0.18984375 0.6153645833333333 0.04739583333333333 0.050520833333333334 
9 0.5328125 0.38723958333333336 0.019791666666666666 0.018229166666666668 
9 0.5528645833333333 0.40546875 0.0171875 0.0171875 
9 0.5723958333333333 0.42291666666666666 0.01875 0.017708333333333333 
9 0.6119791666666666 0.42265625 0.01875 0.019270833333333334 
9 0.63203125 0.44036458333333334 0.018229166666666668 0.019270833333333334 
9 0.6114583333333333 0.33958333333333335 0.015625 0.015625 
9 0.6328125 0.3497395833333333 0.016666666666666666 0.016145833333333335 
9 0.6130208333333333 0.36328125 0.015625 0.016145833333333335 
9 0.6604166666666667 0.3625 0.016666666666666666 0.016666666666666666 
9 0.6604166666666667 0.38567708333333334 0.017708333333333333 0.016145833333333335 
9 0.6848958333333334 0.3736979166666667 0.015625 0.016145833333333335 
9 0.6825520833333333 0.3966145833333333 0.016145833333333335 0.016145833333333335 
9 0.6802083333333333 0.4192708333333333 0.016666666666666666 0.015625 
9 0.6518229166666667 0.45859375 0.0171875 0.018229166666666668 
0 0.07630208333333334 0.6869791666666667 0.05572916666666667 0.06041666666666667 
0 0.15182291666666667 0.63984375 0.059895833333333336 0.058854166666666666 
11 0.05390625 0.7416666666666667 0.0265625 0.023958333333333335 
5 0.49270833333333336 0.5927083333333333 0.005208333333333333 0.007291666666666667 
0 0.3809895833333333 0.03515625 0.0359375 0.034895833333333334 
0 0.20807291666666666 0.10911458333333333 0.0296875 0.0296875 
0 0.41901041666666666 0.4765625 0.05572916666666667 0.059375 
0 0.4752604166666667 0.35651041666666666 0.059895833333333336 0.059895833333333336 
0 0.1359375 0.12942708333333333 0.034375 0.034895833333333334 
0 0.04479166666666667 0.18567708333333333 0.029166666666666667 0.033854166666666664 
0 0.05807291666666667 0.20625 0.0265625 0.027083333333333334 
0 0.21432291666666667 0.24583333333333332 0.027604166666666666 0.027083333333333334 
0 0.29583333333333334 0.08046875 0.029166666666666667 0.028645833333333332 
0 0.27838541666666666 0.06197916666666667 0.0296875 0.029166666666666667 
0 0.2640625 0.0390625 0.027083333333333334 0.027083333333333334 
0 0.25 0.01796875 0.028125 0.0265625 
5 0.50625 0.5859375 0.005208333333333333 0.00625 
5 0.48411458333333335 0.5973958333333333 0.005729166666666666 0.007291666666666667 
5 0.08203125 0.9223958333333333 0.008854166666666666 0.00625 
5 0.43984375 0.83203125 0.008854166666666666 0.0046875 
5 0.4122395833333333 0.8502604166666666 0.0078125 0.0036458333333333334 
5 0.41484375 0.8486979166666667 0.008854166666666666 0.0036458333333333334 
5 0.4166666666666667 0.8466145833333333 0.008333333333333333 0.0036458333333333334 
5 0.4192708333333333 0.8450520833333334 0.007291666666666667 0.0036458333333333334 
5 0.42239583333333336 0.84375 0.008333333333333333 0.004166666666666667 
5 0.43020833333333336 0.8390625 0.008333333333333333 0.004166666666666667 
5 0.4322916666666667 0.8372395833333334 0.008333333333333333 0.0046875 
5 0.4356770833333333 0.8354166666666667 0.008854166666666666 0.003125 
5 0.4388020833333333 0.8338541666666667 0.0078125 0.004166666666666667 
5 0.44375 0.83046875 0.007291666666666667 0.0036458333333333334 
5 0.43645833333333334 0.8520833333333333 0.008333333333333333 0.004166666666666667 
5 0.34609375 0.80234375 0.0067708333333333336 0.008854166666666666 
5 0.32473958333333336 0.8067708333333333 0.0078125 0.00625 
5 0.36666666666666664 0.7963541666666667 0.008333333333333333 0.00625 
5 0.35885416666666664 0.7841145833333333 0.008333333333333333 0.005729166666666666 
5 0.35598958333333336 0.7796875 0.0078125 0.005208333333333333 
5 0.35442708333333334 0.77734375 0.0078125 0.005729166666666666 
5 0.42734375 0.76953125 0.008854166666666666 0.0067708333333333336 
5 0.41692708333333334 0.7526041666666666 0.008854166666666666 0.00625 
5 0.15208333333333332 0.8239583333333333 0.010416666666666666 0.00625 
5 0.40651041666666665 0.8533854166666667 0.0078125 0.0036458333333333334 
5 0.434375 0.85390625 0.008333333333333333 0.0036458333333333334 
5 0.41770833333333335 0.7432291666666667 0.004166666666666667 0.007291666666666667 
5 0.44166666666666665 0.8486979166666667 0.008333333333333333 0.0036458333333333334 
5 0.46953125 0.8411458333333334 0.008854166666666666 0.004166666666666667 
5 0.484375 0.8393229166666667 0.00625 0.0067708333333333336 
5 0.47994791666666664 0.8278645833333333 0.005729166666666666 0.0078125 
5 0.4747395833333333 0.8177083333333334 0.0067708333333333336 0.008333333333333333 
5 0.45703125 0.82265625 0.009895833333333333 0.0046875 
5 0.465625 0.8338541666666667 0.008333333333333333 0.003125 
5 0.453125 0.8421875 0.008333333333333333 0.004166666666666667 
5 0.45 0.84375 0.008333333333333333 0.004166666666666667 
5 0.4466145833333333 0.8455729166666667 0.008854166666666666 0.0036458333333333334 
5 0.4395833333333333 0.8502604166666666 0.008333333333333333 0.0026041666666666665 
5 0.4278645833333333 0.8572916666666667 0.0078125 0.003125 
5 0.38229166666666664 0.8583333333333333 0.00625 0.007291666666666667 
5 0.41744791666666664 0.8635416666666667 0.008854166666666666 0.003125 
5 0.4197916666666667 0.8619791666666666 0.009375 0.004166666666666667 
5 0.4239583333333333 0.8606770833333334 0.008333333333333333 0.0036458333333333334 
5 0.42604166666666665 0.8588541666666667 0.008333333333333333 0.004166666666666667 
5 0.4348958333333333 0.7559895833333333 0.00625 0.0078125 
5 0.5661458333333333 0.7744791666666667 0.007291666666666667 0.00625 
5 0.45078125 0.85234375 0.0078125 0.0036458333333333334 
5 0.4471354166666667 0.72421875 0.0078125 0.005729166666666666 
5 0.52578125 0.73203125 0.0078125 0.005729166666666666 
5 0.51171875 0.7072916666666667 0.008854166666666666 0.007291666666666667 
5 0.5098958333333333 0.7049479166666667 0.008333333333333333 0.0067708333333333336 
5 0.4669270833333333 0.7572916666666667 0.0078125 0.00625 
5 0.46510416666666665 0.7559895833333333 0.008333333333333333 0.005729166666666666 
5 0.4640625 0.7533854166666667 0.007291666666666667 0.005729166666666666 
5 0.4625 0.74921875 0.00625 0.0046875 
5 0.44921875 0.7307291666666667 0.008854166666666666 0.00625 
5 0.44609375 0.7455729166666667 0.005729166666666666 0.008854166666666666 
5 0.4427083333333333 0.7216145833333333 0.007291666666666667 0.005729166666666666 
5 0.53125 0.7578125 0.007291666666666667 0.005208333333333333 
5 0.13645833333333332 0.975 0.008333333333333333 0.004166666666666667 
5 0.13515625 0.9770833333333333 0.008854166666666666 0.003125 
5 0.13229166666666667 0.9791666666666666 0.007291666666666667 0.003125 
5 0.12864583333333332 0.9802083333333333 0.010416666666666666 0.004166666666666667 
5 0.12630208333333334 0.9822916666666667 0.009895833333333333 0.004166666666666667 
5 0.032552083333333336 0.9791666666666666 0.005729166666666666 0.007291666666666667 
5 0.03463541666666667 0.978125 0.005729166666666666 0.007291666666666667 
5 0.036458333333333336 0.9768229166666667 0.005208333333333333 0.0067708333333333336 
5 0.03828125 0.9763020833333333 0.0046875 0.0067708333333333336 
5 0.5296875 0.7559895833333333 0.008333333333333333 0.005729166666666666 
5 0.5325520833333334 0.759375 0.0078125 0.005208333333333333 
5 0.5651041666666666 0.77265625 0.007291666666666667 0.005729166666666666 
5 0.5510416666666667 0.7505208333333333 0.008333333333333333 0.005208333333333333 
5 0.5640625 0.77109375 0.007291666666666667 0.005729166666666666 
5 0.5640625 0.7557291666666667 0.00625 0.008333333333333333 
5 0.5619791666666667 0.7677083333333333 0.007291666666666667 0.00625 
5 0.5604166666666667 0.7661458333333333 0.007291666666666667 0.005208333333333333 
5 0.5598958333333334 0.7638020833333333 0.007291666666666667 0.0046875 
5 0.5572916666666666 0.7611979166666667 0.007291666666666667 0.005729166666666666 
5 0.55703125 0.7591145833333334 0.0078125 0.005729166666666666 
5 0.55546875 0.7572916666666667 0.0078125 0.005208333333333333 
5 0.5536458333333333 0.7533854166666667 0.007291666666666667 0.005729166666666666 
5 0.5505208333333333 0.7484375 0.007291666666666667 0.005208333333333333 
5 0.5330729166666667 0.7614583333333333 0.0067708333333333336 0.005208333333333333 
5 0.5481770833333334 0.7450520833333333 0.0078125 0.005729166666666666 
5 0.5471354166666667 0.7432291666666667 0.0067708333333333336 0.005208333333333333 
5 0.54921875 0.7869791666666667 0.0078125 0.00625 
5 0.5447916666666667 0.7802083333333333 0.007291666666666667 0.005208333333333333 
5 0.54375 0.7783854166666667 0.007291666666666667 0.005729166666666666 
5 0.5424479166666667 0.7765625 0.0067708333333333336 0.005208333333333333 
5 0.53984375 0.7716145833333333 0.0078125 0.005729166666666666 
5 0.5361979166666667 0.76640625 0.0078125 0.005729166666666666 
5 0.53515625 0.7645833333333333 0.0067708333333333336 0.005208333333333333 
5 0.4546875 0.8515625 0.007291666666666667 0.003125 
5 0.44817708333333334 0.8544270833333333 0.008854166666666666 0.0036458333333333334 
5 0.4783854166666667 0.6015625 0.0046875 0.00625 
5 0.3684895833333333 0.7221354166666667 0.0067708333333333336 0.005729166666666666 
5 0.3216145833333333 0.6958333333333333 0.005729166666666666 0.00625 
5 0.31796875 0.6981770833333333 0.0046875 0.0067708333333333336 
5 0.315625 0.7 0.005208333333333333 0.007291666666666667 
5 0.32317708333333334 0.7234375 0.0078125 0.005208333333333333 
5 0.3216145833333333 0.7252604166666666 0.0078125 0.005729166666666666 
5 0.31875 0.7260416666666667 0.008333333333333333 0.005208333333333333 
5 0.2747395833333333 0.7625 0.005729166666666666 0.009375 
5 0.19817708333333334 0.7963541666666667 0.008854166666666666 0.00625 
5 0.34869791666666666 0.73359375 0.0067708333333333336 0.005729166666666666 
5 0.35859375 0.728125 0.0078125 0.00625 
5 0.3333333333333333 0.6953125 0.00625 0.009375 
5 0.35963541666666665 0.7197916666666667 0.0109375 0.008333333333333333 
5 0.3216145833333333 0.9661458333333334 0.0067708333333333336 0.008333333333333333 
5 0.2859375 0.9028645833333333 0.00625 0.0078125 
5 0.30052083333333335 0.97265625 0.005208333333333333 0.0078125 
5 0.29401041666666666 0.9606770833333333 0.0067708333333333336 0.0078125 
5 0.28802083333333334 0.9513020833333333 0.00625 0.0078125 
5 0.28671875 0.9658854166666667 0.005729166666666666 0.0078125 
5 0.2796875 0.9544270833333334 0.00625 0.008854166666666666 
5 0.26796875 0.93515625 0.0067708333333333336 0.008854166666666666 
5 0.34270833333333334 0.703125 0.008333333333333333 0.00625 
5 0.3385416666666667 0.6864583333333333 0.005208333333333333 0.00625 
5 0.27005208333333336 0.9213541666666667 0.005729166666666666 0.007291666666666667 
5 0.44036458333333334 0.6231770833333333 0.005729166666666666 0.0078125 
5 0.5143229166666666 0.5973958333333333 0.0078125 0.00625 
5 0.5052083333333334 0.6033854166666667 0.008333333333333333 0.0067708333333333336 
5 0.49296875 0.61015625 0.008854166666666666 0.0067708333333333336 
5 0.5442708333333334 0.615625 0.008333333333333333 0.00625 
5 0.5265625 0.61640625 0.008333333333333333 0.005729166666666666 
5 0.5294270833333333 0.625 0.008854166666666666 0.007291666666666667 
5 0.5541666666666667 0.6580729166666667 0.00625 0.0078125 
5 0.5497395833333333 0.6606770833333333 0.005729166666666666 0.0078125 
5 0.5473958333333333 0.66171875 0.00625 0.0067708333333333336 
5 0.43385416666666665 0.6309895833333333 0.00625 0.008854166666666666 
5 0.34296875 0.6833333333333333 0.005729166666666666 0.00625 
5 0.4875 0.65078125 0.007291666666666667 0.005729166666666666 
5 0.47109375 0.6604166666666667 0.009895833333333333 0.007291666666666667 
5 0.459375 0.65625 0.008333333333333333 0.00625 
5 0.44947916666666665 0.6729166666666667 0.009375 0.00625 
5 0.4395833333333333 0.6791666666666667 0.009375 0.007291666666666667 
5 0.39140625 0.6635416666666667 0.0067708333333333336 0.007291666666666667 
5 0.3763020833333333 0.6630208333333333 0.005729166666666666 0.007291666666666667 
5 0.37421875 0.6640625 0.005729166666666666 0.00625 
5 0.38671875 0.6768229166666667 0.008854166666666666 0.005729166666666666 
5 0.26067708333333334 0.9239583333333333 0.0067708333333333336 0.008333333333333333 
5 0.26458333333333334 0.9127604166666666 0.005208333333333333 0.0067708333333333336 
5 0.44296875 0.8575520833333333 0.008854166666666666 0.0036458333333333334 
5 0.43307291666666664 0.88984375 0.008854166666666666 0.0036458333333333334 
5 0.47994791666666664 0.8518229166666667 0.008854166666666666 0.0026041666666666665 
5 0.48098958333333336 0.8611979166666667 0.0078125 0.0036458333333333334 
5 0.4747395833333333 0.8549479166666667 0.0078125 0.0036458333333333334 
5 0.46927083333333336 0.8583333333333333 0.008333333333333333 0.003125 
5 0.45677083333333335 0.8671875 0.009375 0.004166666666666667 
5 0.4510416666666667 0.8700520833333333 0.008333333333333333 0.0036458333333333334 
5 0.4578125 0.87578125 0.008333333333333333 0.0036458333333333334 
5 0.45546875 0.8770833333333333 0.008854166666666666 0.004166666666666667 
5 0.43515625 0.8799479166666667 0.009895833333333333 0.0036458333333333334 
5 0.42135416666666664 0.8877604166666667 0.009375 0.0036458333333333334 
5 0.5002604166666667 0.8619791666666666 0.005729166666666666 0.008333333333333333 
5 0.4236979166666667 0.8859375 0.009895833333333333 0.004166666666666667 
5 0.4127604166666667 0.8776041666666666 0.0078125 0.004166666666666667 
5 0.4158854166666667 0.87578125 0.005729166666666666 0.0026041666666666665 
5 0.4161458333333333 0.8736979166666666 0.008333333333333333 0.0036458333333333334 
5 0.4192708333333333 0.8723958333333334 0.009375 0.004166666666666667 
5 0.42135416666666664 0.8703125 0.007291666666666667 0.004166666666666667 
5 0.4244791666666667 0.8692708333333333 0.008333333333333333 0.004166666666666667 
5 0.43125 0.8640625 0.008333333333333333 0.004166666666666667 
5 0.434375 0.8627604166666667 0.009375 0.0046875 
5 0.48932291666666666 0.8427083333333333 0.005729166666666666 0.008333333333333333 
5 0.48984375 0.8666666666666667 0.008854166666666666 0.005208333333333333 
5 0.25859375 0.9020833333333333 0.0046875 0.007291666666666667 
5 0.2638020833333333 0.85078125 0.0046875 0.0078125 
5 0.2520833333333333 0.89140625 0.00625 0.008854166666666666 
5 0.24609375 0.8815104166666666 0.0067708333333333336 0.0078125 
5 0.24010416666666667 0.8721354166666667 0.00625 0.0078125 
5 0.23229166666666667 0.8752604166666667 0.00625 0.0078125 
5 0.23880208333333333 0.8859375 0.0067708333333333336 0.008333333333333333 
5 0.24479166666666666 0.8971354166666666 0.005208333333333333 0.0078125 
5 0.25104166666666666 0.9067708333333333 0.00625 0.008333333333333333 
5 0.2513020833333333 0.8453125 0.005729166666666666 0.008333333333333333 
5 0.25885416666666666 0.8385416666666666 0.00625 0.008333333333333333 
5 0.2734375 0.84453125 0.008333333333333333 0.005729166666666666 
5 0.4830729166666667 0.8770833333333333 0.0036458333333333334 0.008333333333333333 
5 0.3067708333333333 0.8994791666666667 0.008333333333333333 0.00625 
5 0.30859375 0.9018229166666667 0.0078125 0.005729166666666666 
5 0.3221354166666667 0.9231770833333334 0.0067708333333333336 0.0046875 
5 0.32369791666666664 0.9255208333333333 0.0067708333333333336 0.005208333333333333 
5 0.32864583333333336 0.9309895833333334 0.00625 0.005729166666666666 
5 0.5690104166666666 0.81484375 0.0078125 0.008854166666666666 
5 0.53046875 0.85703125 0.0078125 0.0078125 
5 0.46328125 0.9044270833333333 0.008854166666666666 0.0067708333333333336 
5 0.45078125 0.9125 0.0067708333333333336 0.00625 
