4 0.5966145833333333 0.5822916666666667 0.009895833333333333 0.007291666666666667 
4 0.33932291666666664 0.6684895833333333 0.009895833333333333 0.0046875 
4 0.35104166666666664 0.65859375 0.008333333333333333 0.0036458333333333334 
4 0.37578125 0.7283854166666667 0.008854166666666666 0.0036458333333333334 
4 0.37447916666666664 0.7130208333333333 0.009375 0.005208333333333333 
4 0.375 0.7231770833333333 0.009375 0.0036458333333333334 
4 0.3734375 0.70234375 0.008333333333333333 0.0046875 
4 0.35234375 0.6877604166666667 0.0078125 0.0036458333333333334 
4 0.375 0.6770833333333334 0.008333333333333333 0.003125 
4 0.40598958333333335 0.6653645833333334 0.0046875 0.009895833333333333 
4 0.37213541666666666 0.6919270833333333 0.009895833333333333 0.0046875 
4 0.37395833333333334 0.6822916666666666 0.008333333333333333 0.003125 
4 0.35234375 0.67890625 0.009895833333333333 0.0036458333333333334 
4 0.34140625 0.6791666666666667 0.008854166666666666 0.003125 
4 0.37734375 0.6674479166666667 0.0046875 0.008854166666666666 
4 0.38359375 0.6677083333333333 0.0036458333333333334 0.009375 
4 0.30364583333333334 0.66015625 0.008333333333333333 0.0036458333333333334 
4 0.21145833333333333 0.6796875 0.009375 0.003125 
4 0.37395833333333334 0.7515625 0.009375 0.004166666666666667 
7 0.5356770833333333 0.7744791666666667 0.022395833333333334 0.046875 
7 0.50546875 0.7752604166666667 0.0234375 0.04635416666666667 
7 0.47421875 0.7763020833333333 0.022395833333333334 0.04635416666666667 
7 0.4375 0.778125 0.022916666666666665 0.046875 
7 0.40546875 0.7791666666666667 0.0234375 0.046875 
7 0.53359375 0.70390625 0.0234375 0.04635416666666667 
7 0.50234375 0.7044270833333334 0.022395833333333334 0.04635416666666667 
7 0.47213541666666664 0.7057291666666666 0.0234375 0.046875 
7 0.4348958333333333 0.7072916666666667 0.022916666666666665 0.046875 
7 0.40260416666666665 0.7083333333333334 0.023958333333333335 0.046875 
10 0.7502604166666667 0.6984375 0.21822916666666667 0.103125 
1 0.8513020833333333 0.4778645833333333 0.10260416666666666 0.09427083333333333 
1 0.7096354166666666 0.484375 0.1390625 0.13125 
1 0.6549479166666666 0.15807291666666667 0.0703125 0.0671875 
4 0.3890625 0.6671875 0.004166666666666667 0.008333333333333333 
4 0.4114583333333333 0.6643229166666667 0.004166666666666667 0.008854166666666666 
4 0.10338541666666666 0.34348958333333335 0.0046875 0.011979166666666667 
4 0.5614583333333333 0.57265625 0.003125 0.0078125 
4 0.28567708333333336 0.5479166666666667 0.008854166666666666 0.007291666666666667 
4 0.33151041666666664 0.6252604166666667 0.0036458333333333334 0.0078125 
4 0.32005208333333335 0.62734375 0.0036458333333333334 0.0067708333333333336 
4 0.5276041666666667 0.6002604166666666 0.004166666666666667 0.0078125 
4 0.58125 0.5997395833333333 0.004166666666666667 0.009895833333333333 
4 0.5291666666666667 0.5734375 0.004166666666666667 0.011458333333333333 
13 0.04583333333333333 0.8190104166666666 0.015625 0.009895833333333333 
4 0.45390625 0.653125 0.0078125 0.003125 
13 0.05286458333333333 0.73671875 0.015104166666666667 0.016145833333333335 
13 0.078125 0.6755208333333333 0.014583333333333334 0.01875 
13 0.03828125 0.4973958333333333 0.0140625 0.017708333333333333 
13 0.07630208333333334 0.40572916666666664 0.018229166666666668 0.008333333333333333 
13 0.03828125 0.11822916666666666 0.008854166666666666 0.01875 
3 0.7494791666666667 0.7018229166666666 0.36041666666666666 0.17135416666666667 
4 0.2526041666666667 0.5643229166666667 0.010416666666666666 0.0109375 
4 0.25338541666666664 0.5541666666666667 0.0067708333333333336 0.008333333333333333 
4 0.253125 0.5395833333333333 0.008333333333333333 0.010416666666666666 
4 0.25234375 0.53203125 0.0078125 0.008854166666666666 
4 0.2513020833333333 0.525 0.0078125 0.008333333333333333 
4 0.24166666666666667 0.5315104166666667 0.010416666666666666 0.011979166666666667 
4 0.240625 0.5549479166666667 0.008333333333333333 0.009895833333333333 
4 0.24166666666666667 0.5635416666666667 0.008333333333333333 0.007291666666666667 
4 0.2421875 0.57109375 0.008333333333333333 0.0078125 
4 0.24036458333333333 0.5466145833333333 0.008854166666666666 0.008854166666666666 
4 0.24088541666666666 0.5393229166666667 0.008854166666666666 0.008854166666666666 
4 0.22083333333333333 0.5684895833333333 0.008333333333333333 0.009895833333333333 
4 0.21666666666666667 0.528125 0.009375 0.008333333333333333 
4 0.0625 0.3346354166666667 0.003125 0.008854166666666666 
4 0.08567708333333333 0.07734375 0.0046875 0.008854166666666666 
4 0.0484375 0.016666666666666666 0.008333333333333333 0.004166666666666667 
4 0.4549479166666667 0.6580729166666667 0.008854166666666666 0.0036458333333333334 
1 0.8419270833333333 0.18645833333333334 0.08697916666666666 0.09270833333333334 
