7 0.5044270833333333 0.3109375 0.05260416666666667 0.059375 
7 0.53046875 0.29140625 0.05260416666666667 0.058854166666666666 
7 0.48385416666666664 0.21979166666666666 0.04791666666666667 0.059375 
4 0.5434895833333333 0.3458333333333333 0.008854166666666666 0.0125 
4 0.59140625 0.40859375 0.0078125 0.009895833333333333 
8 0.5328125 0.53359375 0.059375 0.07447916666666667 
8 0.5421875 0.4765625 0.078125 0.0625 
4 0.18463541666666666 0.4109375 0.0067708333333333336 0.0125 
4 0.19088541666666667 0.4078125 0.0067708333333333336 0.0125 
4 0.2015625 0.4354166666666667 0.0125 0.0125 
4 0.20651041666666667 0.42942708333333335 0.011979166666666667 0.011979166666666667 
4 0.08385416666666666 0.9625 0.009375 0.010416666666666666 
4 0.054427083333333334 0.9354166666666667 0.0109375 0.009375 
7 0.27578125 0.9236979166666667 0.0546875 0.05572916666666667 
4 0.36354166666666665 0.06822916666666666 0.009375 0.0125 
4 0.37526041666666665 0.06302083333333333 0.0067708333333333336 0.009375 
4 0.3885416666666667 0.059895833333333336 0.007291666666666667 0.011458333333333333 
4 0.39869791666666665 0.05520833333333333 0.0067708333333333336 0.009375 
4 0.41041666666666665 0.05130208333333333 0.00625 0.009895833333333333 
7 0.41744791666666664 0.159375 0.04635416666666667 0.059375 
7 0.44557291666666665 0.14583333333333334 0.04635416666666667 0.059375 
7 0.45651041666666664 0.23463541666666668 0.0484375 0.059895833333333336 
10 0.3841145833333333 0.4510416666666667 0.2557291666666667 0.22083333333333333 
4 0.52734375 0.6302083333333334 0.009895833333333333 0.010416666666666666 
4 0.5333333333333333 0.6239583333333333 0.009375 0.011458333333333333 
4 0.5388020833333333 0.61875 0.0109375 0.011458333333333333 
4 0.5520833333333334 0.60390625 0.011458333333333333 0.011979166666666667 
8 0.49895833333333334 0.5174479166666667 0.06354166666666666 0.07760416666666667 
4 0.8458333333333333 -0.0018229166666666667 0.007291666666666667 0.009895833333333333 
4 0.8252604166666667 0.0067708333333333336 0.0078125 0.009375 
4 0.22682291666666668 0.40390625 0.009895833333333333 0.0109375 
7 0.5419270833333333 0.47604166666666664 0.058854166666666666 0.046875 
7 0.49921875 0.5174479166666667 0.0453125 0.0609375 
7 0.5328125 0.5330729166666667 0.042708333333333334 0.05677083333333333 
4 0.6403645833333333 0.88046875 0.008854166666666666 0.008854166666666666 
4 0.17864583333333334 0.41458333333333336 0.008333333333333333 0.0125 
