12 0.6453125 0.45260416666666664 0.08958333333333333 0.10416666666666667 
6 0.528125 0.4354166666666667 0.014583333333333334 0.010416666666666666 
6 0.6463541666666667 0.43723958333333335 0.017708333333333333 0.0140625 
6 0.6395833333333333 0.42630208333333336 0.017708333333333333 0.0140625 
6 0.6354166666666666 0.4203125 0.017708333333333333 0.013541666666666667 
6 0.62890625 0.4153645833333333 0.0140625 0.011979166666666667 
6 0.61328125 0.42630208333333336 0.009895833333333333 0.009895833333333333 
12 0.5104166666666666 0.4044270833333333 0.03958333333333333 0.030729166666666665 
6 0.5020833333333333 0.4265625 0.013541666666666667 0.013541666666666667 
6 0.53359375 0.43828125 0.0140625 0.0109375 
6 0.5169270833333334 0.42526041666666664 0.005729166666666666 0.005729166666666666 
4 0.5692708333333333 0.8515625 0.007291666666666667 0.008333333333333333 
6 0.5255208333333333 0.41770833333333335 0.010416666666666666 0.009375 
6 0.5265625 0.3966145833333333 0.009375 0.008854166666666666 
6 0.50078125 0.415625 0.008854166666666666 0.008333333333333333 
6 0.5205729166666667 0.43125 0.0078125 0.008333333333333333 
6 0.5309895833333333 0.4231770833333333 0.0078125 0.0078125 
6 0.5411458333333333 0.4153645833333333 0.009375 0.008854166666666666 
6 0.6479166666666667 0.36328125 0.0125 0.0140625 
6 0.6104166666666667 0.33203125 0.016666666666666666 0.019270833333333334 
6 0.61953125 0.43333333333333335 0.0109375 0.009375 
6 0.625 0.44192708333333336 0.008333333333333333 0.0078125 
6 0.62734375 0.44609375 0.009895833333333333 0.0078125 
6 0.63046875 0.45026041666666666 0.0078125 0.0078125 
6 0.7375 0.534375 0.01875 0.016666666666666666 
6 0.7239583333333334 0.5317708333333333 0.007291666666666667 0.007291666666666667 
6 0.7231770833333333 0.5333333333333333 0.0067708333333333336 0.007291666666666667 
6 0.71953125 0.5036458333333333 0.028645833333333332 0.025 
6 0.6697916666666667 0.4828125 0.011458333333333333 0.009375 
6 0.6661458333333333 0.4671875 0.017708333333333333 0.0125 
6 0.6703125 0.4739583333333333 0.019791666666666666 0.014583333333333334 
6 0.6497395833333334 0.44453125 0.016145833333333335 0.0109375 
6 0.6528645833333333 0.4510416666666667 0.0140625 0.010416666666666666 
6 0.6580729166666667 0.46380208333333334 0.013020833333333334 0.009895833333333333 
6 0.6598958333333333 0.4979166666666667 0.022916666666666665 0.017708333333333333 
6 0.6466145833333333 0.47890625 0.011979166666666667 0.008854166666666666 
6 0.64453125 0.47369791666666666 0.008854166666666666 0.0067708333333333336 
6 0.64296875 0.46979166666666666 0.009895833333333333 0.008333333333333333 
6 0.6388020833333333 0.4669270833333333 0.0109375 0.008854166666666666 
6 0.6372395833333333 0.4622395833333333 0.008854166666666666 0.0078125 
6 0.6315104166666666 0.4546875 0.0109375 0.009375 
6 0.6046875 0.3255208333333333 0.015625 0.017708333333333333 
6 0.6177083333333333 0.3380208333333333 0.014583333333333334 0.016666666666666666 
6 0.675 0.3536458333333333 0.03229166666666667 0.03333333333333333 
6 0.4947916666666667 0.39166666666666666 0.010416666666666666 0.009375 
6 0.4822916666666667 0.40078125 0.010416666666666666 0.0109375 
6 0.5330729166666667 0.33098958333333334 0.018229166666666668 0.0203125 
6 0.5208333333333334 0.34453125 0.016666666666666666 0.019270833333333334 
6 0.5106770833333333 0.3497395833333333 0.0234375 0.024479166666666666 
6 0.5044270833333333 0.35625 0.0171875 0.021875 
6 0.49713541666666666 0.3651041666666667 0.016145833333333335 0.017708333333333333 
6 0.4903645833333333 0.36953125 0.0203125 0.0203125 
6 0.4875 0.37838541666666664 0.011458333333333333 0.011979166666666667 
6 0.46770833333333334 0.3921875 0.007291666666666667 0.00625 
6 0.46458333333333335 0.38828125 0.010416666666666666 0.008854166666666666 
12 0.453125 0.3651041666666667 0.022916666666666665 0.01875 
6 0.38776041666666666 0.2791666666666667 0.0046875 0.008333333333333333 
6 0.4127604166666667 0.3109375 0.04739583333333333 0.06041666666666667 
6 0.41692708333333334 0.29973958333333334 0.030729166666666665 0.03802083333333333 
6 0.38333333333333336 0.23984375 0.028125 0.0390625 
6 0.3541666666666667 0.20078125 0.014583333333333334 0.019270833333333334 
6 0.31145833333333334 0.1265625 0.04791666666666667 0.06666666666666667 
6 0.5072916666666667 0.38046875 0.0125 0.009895833333333333 
6 0.5192708333333333 0.36953125 0.009375 0.008854166666666666 
6 0.6682291666666667 0.34401041666666665 0.022916666666666665 0.0234375 
6 0.5364583333333334 0.35625 0.014583333333333334 0.011458333333333333 
6 0.5809895833333333 0.39921875 0.013020833333333334 0.0140625 
6 0.5760416666666667 0.39427083333333335 0.0125 0.013541666666666667 
6 0.5984375 0.3854166666666667 0.016666666666666666 0.01875 
6 0.5916666666666667 0.37916666666666665 0.014583333333333334 0.015625 
6 0.5859375 0.3734375 0.014583333333333334 0.014583333333333334 
6 0.55625 0.31328125 0.021875 0.024479166666666666 
6 0.5880208333333333 0.31302083333333336 0.022916666666666665 0.022916666666666665 
6 0.5966145833333333 0.31979166666666664 0.016145833333333335 0.016666666666666666 
6 0.5791666666666667 0.36614583333333334 0.0125 0.015625 
6 0.5736979166666667 0.3614583333333333 0.0140625 0.013541666666666667 
6 0.56796875 0.35390625 0.013020833333333334 0.0140625 
6 0.5588541666666667 0.3776041666666667 0.011458333333333333 0.011458333333333333 
6 0.5515625 0.3729166666666667 0.014583333333333334 0.014583333333333334 
6 0.5466145833333333 0.36770833333333336 0.015104166666666667 0.014583333333333334 
6 0.5598958333333334 0.35 0.015625 0.014583333333333334 
6 0.5401041666666667 0.32447916666666665 0.020833333333333332 0.021875 
6 0.5520833333333334 0.34322916666666664 0.0125 0.011458333333333333 
12 0.76796875 0.5388020833333333 0.09114583333333333 0.06197916666666667 
6 0.7848958333333333 0.5533854166666666 0.014583333333333334 0.0171875 
6 0.7783854166666667 0.5583333333333333 0.016145833333333335 0.019791666666666666 
12 0.528125 0.42135416666666664 0.041666666666666664 0.0375 
12 0.72109375 0.6528645833333333 0.05572916666666667 0.050520833333333334 
12 0.5276041666666667 0.34661458333333334 0.14583333333333334 0.1359375 
12 0.6151041666666667 0.3140625 0.15520833333333334 0.15104166666666666 
12 0.56796875 0.37109375 0.08072916666666667 0.07864583333333333 
6 0.5763020833333333 0.2903645833333333 0.0234375 0.0234375 
6 0.5697916666666667 0.2989583333333333 0.020833333333333332 0.023958333333333335 
6 0.48333333333333334 0.38203125 0.008333333333333333 0.009895833333333333 
6 0.6296875 0.3109375 0.016666666666666666 0.020833333333333332 
6 0.6221354166666667 0.3046875 0.018229166666666668 0.01875 
6 0.61328125 0.29765625 0.018229166666666668 0.019270833333333334 
6 0.5932291666666667 0.2760416666666667 0.020833333333333332 0.021875 
6 0.5776041666666667 0.26223958333333336 0.016666666666666666 0.018229166666666668 
6 0.5856770833333333 0.26953125 0.0203125 0.022395833333333334 
6 0.5703125 0.25442708333333336 0.027083333333333334 0.0265625 
6 0.5994791666666667 0.28229166666666666 0.021875 0.023958333333333335 
6 0.3924479166666667 0.43463541666666666 0.013020833333333334 0.011979166666666667 
6 0.4005208333333333 0.5182291666666666 0.014583333333333334 0.016666666666666666 
12 0.7526041666666666 0.5684895833333333 0.08125 0.0640625 
4 0.421875 0.41380208333333335 0.008333333333333333 0.008854166666666666 
6 0.43333333333333335 0.49583333333333335 0.014583333333333334 0.014583333333333334 
4 0.41692708333333334 0.41770833333333335 0.009895833333333333 0.011458333333333333 
4 0.6385416666666667 0.9341145833333333 0.008333333333333333 0.009895833333333333 
4 0.6419270833333334 0.9395833333333333 0.008854166666666666 0.009375 
4 0.6515625 0.9502604166666667 0.010416666666666666 0.009895833333333333 
4 0.4236979166666667 0.6479166666666667 0.008854166666666666 0.008333333333333333 
4 0.4171875 0.6411458333333333 0.008333333333333333 0.008333333333333333 
4 0.41015625 0.6325520833333333 0.008854166666666666 0.0109375 
4 0.3953125 0.6138020833333333 0.007291666666666667 0.008854166666666666 
4 0.4557291666666667 0.5736979166666667 0.00625 0.0078125 
4 0.46536458333333336 0.5643229166666667 0.0067708333333333336 0.008854166666666666 
4 0.4713541666666667 0.5627604166666667 0.008333333333333333 0.009895833333333333 
4 0.34296875 0.5489583333333333 0.0078125 0.009375 
4 0.33671875 0.5408854166666667 0.0078125 0.008854166666666666 
4 0.32916666666666666 0.52265625 0.008333333333333333 0.008854166666666666 
4 0.30494791666666665 0.51796875 0.009895833333333333 0.0109375 
4 0.4315104166666667 0.48671875 0.0067708333333333336 0.0078125 
4 0.44114583333333335 0.46953125 0.009375 0.0109375 
4 0.4119791666666667 0.42161458333333335 0.008333333333333333 0.008854166666666666 
6 0.421875 0.50546875 0.008333333333333333 0.0078125 
6 0.41302083333333334 0.5065104166666666 0.020833333333333332 0.025520833333333333 
6 0.7638020833333333 0.5643229166666667 0.0140625 0.0171875 
6 0.7700520833333333 0.49114583333333334 0.019270833333333334 0.015625 
6 0.7744791666666667 0.5247395833333334 0.020833333333333332 0.016145833333333335 
6 0.7721354166666666 0.5182291666666666 0.0203125 0.013541666666666667 
6 0.7549479166666667 0.5276041666666667 0.0140625 0.010416666666666666 
6 0.70859375 0.5283854166666667 0.0067708333333333336 0.0078125 
6 0.7145833333333333 0.53671875 0.005208333333333333 0.0078125 
6 0.7114583333333333 0.53828125 0.005208333333333333 0.0078125 
6 0.7153645833333333 0.5526041666666667 0.0067708333333333336 0.007291666666666667 
6 0.7171875 0.5505208333333333 0.007291666666666667 0.007291666666666667 
6 0.7190104166666667 0.5481770833333334 0.0078125 0.0078125 
6 0.7205729166666667 0.5455729166666666 0.0067708333333333336 0.0067708333333333336 
6 0.71953125 0.5770833333333333 0.011979166666666667 0.008333333333333333 
6 0.7294270833333333 0.5700520833333333 0.008854166666666666 0.0067708333333333336 
6 0.7231770833333333 0.5903645833333333 0.011979166666666667 0.011979166666666667 
6 0.7286458333333333 0.5859375 0.010416666666666666 0.0125 
6 0.7380208333333333 0.5830729166666667 0.011458333333333333 0.015104166666666667 
6 0.7510416666666667 0.5731770833333333 0.0125 0.015104166666666667 
6 0.7575520833333333 0.56953125 0.013020833333333334 0.018229166666666668 
6 0.7455729166666667 0.5432291666666667 0.043229166666666666 0.03229166666666667 
6 0.7494791666666667 0.49453125 0.005208333333333333 0.0067708333333333336 
6 0.8236979166666667 0.9354166666666667 0.027604166666666666 0.10625 
6 0.7473958333333334 0.49609375 0.00625 0.0078125 
12 0.7716145833333333 0.7596354166666667 0.03802083333333333 0.011979166666666667 
6 0.7638020833333333 0.7705729166666667 0.0078125 0.0140625 
6 0.7841145833333333 0.7739583333333333 0.0078125 0.016666666666666666 
6 0.7830729166666667 0.7450520833333333 0.008854166666666666 0.022395833333333334 
6 0.7713541666666667 0.7450520833333333 0.009375 0.021354166666666667 
6 0.7635416666666667 0.74609375 0.00625 0.015104166666666667 
6 0.73046875 0.6645833333333333 0.011979166666666667 0.015625 
6 0.7223958333333333 0.6677083333333333 0.010416666666666666 0.014583333333333334 
6 0.7106770833333333 0.6721354166666667 0.0046875 0.0078125 
6 0.7020833333333333 0.6578125 0.007291666666666667 0.008333333333333333 
6 0.70546875 0.6536458333333334 0.0067708333333333336 0.008333333333333333 
6 0.7130208333333333 0.6484375 0.011458333333333333 0.014583333333333334 
6 0.7197916666666667 0.64296875 0.011458333333333333 0.0140625 
6 0.7278645833333334 0.640625 0.009895833333333333 0.011458333333333333 
6 0.7330729166666666 0.6354166666666666 0.0140625 0.017708333333333333 
6 0.7643229166666666 0.4825520833333333 0.033854166666666664 0.025520833333333333 
6 0.7817708333333333 0.4744791666666667 0.00625 0.007291666666666667 
6 0.30416666666666664 0.09765625 0.015625 0.016145833333333335 
