7 0.4747395833333333 0.3109375 0.05260416666666667 0.059375 
7 0.50078125 0.29140625 0.05260416666666667 0.058854166666666666 
7 0.45416666666666666 0.21979166666666666 0.04791666666666667 0.059375 
4 0.5138020833333333 0.3458333333333333 0.008854166666666666 0.0125 
4 0.56171875 0.40859375 0.0078125 0.009895833333333333 
8 0.503125 0.53359375 0.059375 0.07447916666666667 
8 0.5125 0.4765625 0.078125 0.0625 
4 0.15494791666666666 0.4109375 0.0067708333333333336 0.0125 
4 0.16119791666666666 0.4078125 0.0067708333333333336 0.0125 
4 0.171875 0.4354166666666667 0.0125 0.0125 
4 0.17682291666666666 0.42942708333333335 0.011979166666666667 0.011979166666666667 
4 0.05416666666666667 0.9625 0.009375 0.010416666666666666 
4 0.024739583333333332 0.9354166666666667 0.0109375 0.009375 
7 0.24609375 0.9236979166666667 0.0546875 0.05572916666666667 
4 0.3338541666666667 0.06822916666666666 0.009375 0.0125 
4 0.3455729166666667 0.06302083333333333 0.0067708333333333336 0.009375 
4 0.35885416666666664 0.059895833333333336 0.007291666666666667 0.011458333333333333 
4 0.3690104166666667 0.05520833333333333 0.0067708333333333336 0.009375 
4 0.3807291666666667 0.05130208333333333 0.00625 0.009895833333333333 
7 0.38776041666666666 0.159375 0.04635416666666667 0.059375 
7 0.4158854166666667 0.14583333333333334 0.04635416666666667 0.059375 
7 0.42682291666666666 0.23463541666666668 0.0484375 0.059895833333333336 
10 0.35442708333333334 0.4510416666666667 0.2557291666666667 0.22083333333333333 
4 0.49765625 0.6302083333333334 0.009895833333333333 0.010416666666666666 
4 0.5036458333333333 0.6239583333333333 0.009375 0.011458333333333333 
4 0.5091145833333334 0.61875 0.0109375 0.011458333333333333 
4 0.5223958333333333 0.60390625 0.011458333333333333 0.011979166666666667 
8 0.46927083333333336 0.5174479166666667 0.06354166666666666 0.07760416666666667 
4 0.8161458333333333 -0.0018229166666666667 0.007291666666666667 0.009895833333333333 
4 0.7955729166666666 0.0067708333333333336 0.0078125 0.009375 
4 0.19713541666666667 0.40390625 0.009895833333333333 0.0109375 
7 0.5122395833333333 0.47604166666666664 0.058854166666666666 0.046875 
7 0.46953125 0.5174479166666667 0.0453125 0.0609375 
7 0.503125 0.5330729166666667 0.042708333333333334 0.05677083333333333 
4 0.6106770833333334 0.88046875 0.008854166666666666 0.008854166666666666 
4 0.14895833333333333 0.41458333333333336 0.008333333333333333 0.0125 
