4 0.7877604166666666 0.05182291666666667 0.009895833333333333 0.0046875 
4 0.7877604166666666 0.04114583333333333 0.0046875 0.010416666666666666 
7 0.5044270833333333 0.53125 0.05260416666666667 0.059375 
7 0.53046875 0.51171875 0.05260416666666667 0.058854166666666666 
7 0.48385416666666664 0.4401041666666667 0.04791666666666667 0.059375 
4 0.7822916666666667 0.029947916666666668 0.005208333333333333 0.009895833333333333 
4 0.7877604166666666 0.029947916666666668 0.0046875 0.011979166666666667 
4 0.7934895833333333 0.028645833333333332 0.0036458333333333334 0.010416666666666666 
4 0.7984375 0.028385416666666666 0.004166666666666667 0.008854166666666666 
4 0.80390625 0.029166666666666667 0.0046875 0.010416666666666666 
4 0.81015625 0.029166666666666667 0.005729166666666666 0.011458333333333333 
4 0.7822916666666667 0.04114583333333333 0.005208333333333333 0.011458333333333333 
4 0.79375 0.0390625 0.004166666666666667 0.009375 
4 0.7927083333333333 0.18046875 0.00625 0.008854166666666666 
4 0.7994791666666666 0.03984375 0.004166666666666667 0.009895833333333333 
4 0.8046875 0.04088541666666667 0.004166666666666667 0.009895833333333333 
4 0.8096354166666667 0.040364583333333336 0.0046875 0.009895833333333333 
4 0.7861979166666667 0.06744791666666666 0.005729166666666666 0.009895833333333333 
4 0.7908854166666667 0.06614583333333333 0.005729166666666666 0.010416666666666666 
4 0.79609375 0.0640625 0.005729166666666666 0.009375 
4 0.8010416666666667 0.062239583333333334 0.00625 0.009895833333333333 
4 0.8059895833333334 0.06041666666666667 0.0067708333333333336 0.010416666666666666 
4 0.790625 0.07760416666666667 0.007291666666666667 0.011458333333333333 
4 0.79609375 0.0765625 0.0067708333333333336 0.010416666666666666 
4 0.5434895833333333 0.5661458333333333 0.008854166666666666 0.0125 
4 0.59140625 0.62890625 0.0078125 0.009895833333333333 
8 0.5328125 0.75390625 0.059375 0.07447916666666667 
8 0.5421875 0.696875 0.078125 0.0625 
4 0.18463541666666666 0.63125 0.0067708333333333336 0.0125 
4 0.19088541666666667 0.628125 0.0067708333333333336 0.0125 
4 0.2015625 0.6557291666666667 0.0125 0.0125 
4 0.20651041666666667 0.6497395833333334 0.011979166666666667 0.011979166666666667 
4 0.36354166666666665 0.28854166666666664 0.009375 0.0125 
4 0.37526041666666665 0.2833333333333333 0.0067708333333333336 0.009375 
4 0.3885416666666667 0.28020833333333334 0.007291666666666667 0.011458333333333333 
4 0.39869791666666665 0.2755208333333333 0.0067708333333333336 0.009375 
4 0.41041666666666665 0.2716145833333333 0.00625 0.009895833333333333 
7 0.41744791666666664 0.3796875 0.04635416666666667 0.059375 
7 0.44557291666666665 0.36614583333333334 0.04635416666666667 0.059375 
7 0.45651041666666664 0.4549479166666667 0.0484375 0.059895833333333336 
10 0.3841145833333333 0.6713541666666667 0.2557291666666667 0.22083333333333333 
4 0.52734375 0.8505208333333333 0.009895833333333333 0.010416666666666666 
4 0.5333333333333333 0.8442708333333333 0.009375 0.011458333333333333 
4 0.5388020833333333 0.8390625 0.0109375 0.011458333333333333 
4 0.5520833333333334 0.82421875 0.011458333333333333 0.011979166666666667 
8 0.49895833333333334 0.7377604166666667 0.06354166666666666 0.07760416666666667 
4 0.8013020833333333 0.07447916666666667 0.0067708333333333336 0.011458333333333333 
4 0.8067708333333333 0.07291666666666667 0.00625 0.011458333333333333 
4 0.8125 0.07161458333333333 0.005208333333333333 0.0109375 
4 0.8395833333333333 0.121875 0.008333333333333333 0.0125 
4 0.8005208333333333 0.1640625 0.008333333333333333 0.011458333333333333 
4 0.8044270833333333 0.17447916666666666 0.008854166666666666 0.011458333333333333 
4 0.81953125 0.16927083333333334 0.009895833333333333 0.011458333333333333 
4 0.7989583333333333 0.17708333333333334 0.008333333333333333 0.010416666666666666 
4 0.8140625 0.15885416666666666 0.009375 0.011458333333333333 
4 0.8190104166666666 0.15546875 0.009895833333333333 0.011979166666666667 
4 0.8239583333333333 0.19114583333333332 0.009375 0.0125 
4 0.8109375 0.19713541666666667 0.008333333333333333 0.011979166666666667 
4 0.8057291666666667 0.20026041666666666 0.008333333333333333 0.011979166666666667 
4 0.8 0.2015625 0.009375 0.0125 
4 0.8458333333333333 0.21848958333333332 0.007291666666666667 0.009895833333333333 
4 0.8252604166666667 0.22708333333333333 0.0078125 0.009375 
4 0.22682291666666668 0.62421875 0.009895833333333333 0.0109375 
4 0.14244791666666667 0.02734375 0.011979166666666667 0.009895833333333333 
4 0.08619791666666667 0.06640625 0.009895833333333333 0.011979166666666667 
7 0.5419270833333333 0.6963541666666667 0.058854166666666666 0.046875 
7 0.49921875 0.7377604166666667 0.0453125 0.0609375 
7 0.5328125 0.7533854166666667 0.042708333333333334 0.05677083333333333 
4 0.8341145833333333 0.14921875 0.0067708333333333336 0.008854166666666666 
4 0.8395833333333333 0.14739583333333334 0.00625 0.008333333333333333 
4 0.7947916666666667 0.16614583333333333 0.008333333333333333 0.011458333333333333 
4 0.8299479166666667 0.11432291666666666 0.008854166666666666 0.011979166666666667 
4 0.7895833333333333 0.10546875 0.008333333333333333 0.0109375 
4 0.8338541666666667 0.12395833333333334 0.008333333333333333 0.009375 
4 0.79453125 0.10364583333333334 0.0078125 0.011458333333333333 
4 0.7997395833333333 0.1015625 0.0078125 0.011458333333333333 
4 0.80390625 0.09869791666666666 0.0078125 0.009895833333333333 
4 0.80859375 0.09739583333333333 0.0078125 0.011458333333333333 
4 0.8140625 0.09609375 0.009375 0.013020833333333334 
4 0.81953125 0.09453125 0.009895833333333333 0.011979166666666667 
4 0.7760416666666666 0.13828125 0.007291666666666667 0.009895833333333333 
4 0.7807291666666667 0.1484375 0.008333333333333333 0.0125 
4 0.7807291666666667 0.1375 0.008333333333333333 0.010416666666666666 
4 0.7854166666666667 0.14713541666666666 0.008333333333333333 0.0109375 
4 0.78515625 0.13307291666666668 0.008854166666666666 0.011979166666666667 
4 0.7901041666666667 0.14375 0.008333333333333333 0.011458333333333333 
4 0.7986979166666667 0.12682291666666667 0.008854166666666666 0.011979166666666667 
4 0.8046875 0.12630208333333334 0.008333333333333333 0.011979166666666667 
4 0.809375 0.13567708333333334 0.007291666666666667 0.009895833333333333 
4 0.8143229166666667 0.13333333333333333 0.008854166666666666 0.011458333333333333 
4 0.81015625 0.1234375 0.0078125 0.010416666666666666 
4 0.81953125 0.13020833333333334 0.0078125 0.010416666666666666 
4 0.8244791666666667 0.11666666666666667 0.008333333333333333 0.011458333333333333 
4 0.82890625 0.12604166666666666 0.0067708333333333336 0.009375 
4 0.8192708333333333 0.11953125 0.008333333333333333 0.0109375 
4 0.17864583333333334 0.6348958333333333 0.008333333333333333 0.0125 
