10 0.35539845758354754 0.7335570469798658 0.41645244215938304 0.4040268456375839 
4 0.8901028277634961 0.34798657718120807 0.02313624678663239 0.032885906040268455 
4 0.9080976863753213 0.4818791946308725 0.02442159383033419 0.036241610738255034 
4 0.8974935732647815 0.4704697986577181 0.021208226221079693 0.02953020134228188 
4 0.8695372750642674 0.46140939597315433 0.02056555269922879 0.03154362416107383 
4 0.8827120822622108 0.4332214765100671 0.02249357326478149 0.028859060402684565 
4 0.8547557840616966 0.45738255033557046 0.021850899742930592 0.030201342281879196 
4 0.8419023136246787 0.45167785234899327 0.02056555269922879 0.028187919463087248 
4 0.8563624678663239 0.4197986577181208 0.021208226221079693 0.030201342281879196 
4 0.842866323907455 0.4140939597315436 0.01992287917737789 0.03087248322147651 
4 0.8293701799485861 0.41006711409395974 0.021208226221079693 0.02953020134228188 
4 0.8017352185089974 0.4342281879194631 0.01992287917737789 0.028187919463087248 
4 0.8161953727506427 0.40268456375838924 0.021850899742930592 0.02953020134228188 
4 0.9450514138817481 0.37281879194630874 0.01992287917737789 0.027516778523489934 
4 0.9318766066838047 0.3651006711409396 0.021850899742930592 0.02953020134228188 
4 0.8775706940874036 0.34060402684563756 0.021208226221079693 0.027516778523489934 
4 0.6497429305912596 0.05738255033557047 0.021850899742930592 0.019463087248322148 
4 0.8525064267352185 0.3275167785234899 0.01992287917737789 0.028187919463087248 
4 0.6111825192802056 0.7966442953020134 0.02313624678663239 0.032214765100671144 
4 0.6243573264781491 0.7677852348993288 0.02249357326478149 0.032214765100671144 
5 0.62853470437018 0.11476510067114094 0.02699228791773779 0.022818791946308724 
5 0.5980077120822622 0.1691275167785235 0.027634961439588688 0.020134228187919462 
4 0.6041131105398457 0.07483221476510067 0.014138817480719794 0.028859060402684565 
4 0.5340616966580977 0.1087248322147651 0.014138817480719794 0.025503355704697986 
4 0.5555912596401028 0.7906040268456376 0.02634961439588689 0.01879194630872483 
4 0.5681233933161953 0.7600671140939598 0.028277634961439587 0.015436241610738255 
4 0.5970437017994858 0.8268456375838926 0.02442159383033419 0.0348993288590604 
4 0.5723007712082262 0.8815436241610738 0.021208226221079693 0.028859060402684565 
5 0.5591259640102828 0.9134228187919463 0.021850899742930592 0.03087248322147651 
5 0.5437017994858612 0.9453020134228188 0.021850899742930592 0.03422818791946309 
4 0.9215938303341902 0.48691275167785236 0.021850899742930592 0.030201342281879196 
4 0.9357326478149101 0.45536912751677855 0.021850899742930592 0.030201342281879196 
4 0.9482647814910026 0.4640939597315436 0.021208226221079693 0.028859060402684565 
4 0.9344473007712082 0.49328859060402686 0.021850899742930592 0.03087248322147651 
10 0.4434447300771208 0.36140939597315436 0.6362467866323908 0.5483221476510067 
7 0.5151028277634961 0.5412751677852349 0.15874035989717222 0.1268456375838926 
7 0.550771208226221 0.4610738255033557 0.15681233933161953 0.12483221476510067 
7 0.5838688946015425 0.3825503355704698 0.15874035989717222 0.12483221476510067 
7 0.6192159383033419 0.3046979865771812 0.15745501285347044 0.12483221476510067 
7 0.26638817480719795 0.4214765100671141 0.15874035989717222 0.12348993288590604 
7 0.30205655526992287 0.3422818791946309 0.15809768637532134 0.1261744966442953 
7 0.336439588688946 0.26375838926174494 0.16002570694087404 0.12751677852348994 
7 0.37017994858611825 0.18456375838926176 0.15809768637532134 0.1261744966442953 
4 0.9376606683804627 0.5805369127516778 0.019280205655526992 0.02953020134228188 
4 0.922879177377892 0.5781879194630872 0.02056555269922879 0.027516778523489934 
4 0.9103470437017995 0.5697986577181208 0.017352185089974295 0.026845637583892617 
4 0.8965295629820051 0.5654362416107382 0.015424164524421594 0.027516778523489934 
4 0.8833547557840618 0.5560402684563759 0.01992287917737789 0.028859060402684565 
4 0.8698586118251928 0.5526845637583893 0.01992287917737789 0.028859060402684565 
4 0.8570051413881749 0.5422818791946309 0.018637532133676093 0.025503355704697986 
4 0.842866323907455 0.5416107382550336 0.02249357326478149 0.03087248322147651 
4 0.8309768637532133 0.5335570469798657 0.019280205655526992 0.028187919463087248 
4 0.8168380462724936 0.5278523489932886 0.019280205655526992 0.026174496644295303 
4 0.8036632390745502 0.52248322147651 0.017352185089974295 0.027516778523489934 
4 0.7911311053984575 0.5167785234899329 0.019280205655526992 0.028187919463087248 
4 0.7795629820051414 0.5093959731543625 0.02313624678663239 0.0348993288590604 
4 0.7670308483290489 0.5 0.018637532133676093 0.03087248322147651 
4 0.9717223650385605 0.5164429530201342 0.017994858611825194 0.032885906040268455 
4 0.9611182519280206 0.5077181208053692 0.02249357326478149 0.03154362416107383 
4 0.9730077120822622 0.4761744966442953 0.019280205655526992 0.032885906040268455 
4 0.945694087403599 0.5043624161073825 0.017352185089974295 0.027516778523489934 
4 0.4794344473007712 0.9580536912751678 0.02699228791773779 0.015436241610738255 
