4 0.6127604166666667 0.8296875 0.0234375 0.010416666666666666 
4 0.475 0.35208333333333336 0.019791666666666666 0.0125 
4 0.3455729166666667 0.8403645833333333 0.016145833333333335 0.021354166666666667 
4 0.15546875 0.17526041666666667 0.0109375 0.0203125 
4 0.203125 0.20625 0.01875 0.026041666666666668 
4 0.18255208333333334 0.23541666666666666 0.013020833333333334 0.020833333333333332 
4 0.19166666666666668 0.27578125 0.015625 0.022395833333333334 
4 0.19765625 0.29921875 0.015104166666666667 0.0203125 
4 0.2682291666666667 0.29739583333333336 0.022916666666666665 0.0125 
4 0.2526041666666667 0.32005208333333335 0.020833333333333332 0.022395833333333334 
4 0.2140625 0.3611979166666667 0.015625 0.0234375 
4 0.21979166666666666 0.38619791666666664 0.014583333333333334 0.022395833333333334 
4 0.22786458333333334 0.41822916666666665 0.015104166666666667 0.025 
4 0.24505208333333334 0.5221354166666666 0.015104166666666667 0.0234375 
4 0.14192708333333334 0.33567708333333335 0.019270833333333334 0.009895833333333333 
4 0.10442708333333334 0.34453125 0.0203125 0.009895833333333333 
4 0.49973958333333335 0.3575520833333333 0.0234375 0.015104166666666667 
4 0.5411458333333333 0.38177083333333334 0.019791666666666666 0.021875 
4 0.9432291666666667 0.8283854166666667 0.019791666666666666 0.0109375 
4 0.25 0.5544270833333333 0.013541666666666667 0.027604166666666666 
4 0.2903645833333333 0.6809895833333334 0.0140625 0.0234375 
4 0.93203125 0.10520833333333333 0.0109375 0.020833333333333332 
4 0.7716145833333333 0.09088541666666666 0.015104166666666667 0.018229166666666668 
4 0.9583333333333334 0.08541666666666667 0.015625 0.017708333333333333 
11 0.31328125 0.8463541666666666 0.04635416666666667 0.046875 
