4 0.9176276771004942 0.28661087866108786 0.014827018121911038 0.00697350069735007 
4 0.41186161449752884 0.23605299860529985 0.006589785831960461 0.013249651324965132 
4 0.3056013179571664 0.35599721059972106 0.016474464579901153 0.007670850767085077 
4 0.6750411861614497 0.30613668061366806 0.007413509060955519 0.011157601115760111 
4 0.515650741350906 0.29532775453277543 0.006589785831960461 0.013249651324965132 
4 0.67833607907743 0.23396094839609485 0.005766062602965404 0.014644351464435146 
4 0.6692751235584844 0.23605299860529985 0.005766062602965404 0.013249651324965132 
4 0.6478583196046128 0.2419804741980474 0.007413509060955519 0.01394700139470014 
4 0.5016474464579901 0.25627615062761505 0.014827018121911038 0.006276150627615063 
4 0.45799011532125206 0.2377963737796374 0.006589785831960461 0.01394700139470014 
4 0.3117792421746293 0.2608089260808926 0.015650741350906095 0.00697350069735007 
4 0.1441515650741351 0.4107391910739191 0.011532125205930808 0.005578800557880056 
4 0.3311367380560132 0.24755927475592748 0.004942339373970346 0.012552301255230125 
4 0.33237232289950575 0.22454672245467225 0.007413509060955519 0.012552301255230125 
4 0.3117792421746293 0.20641562064156208 0.012355848434925865 0.005578800557880056 
4 0.13673805601317957 0.16387726638772665 0.006589785831960461 0.012552301255230125 
4 0.09019769357495881 0.10774058577405858 0.015650741350906095 0.006276150627615063 
4 0.46375617792421747 0.09762900976290098 0.004942339373970346 0.011157601115760111 
4 0.622322899505766 0.08333333333333333 0.01400329489291598 0.006276150627615063 
4 0.6355024711696869 0.09937238493723849 0.005766062602965404 0.010460251046025104 
4 0.09719934102141681 0.40585774058577406 0.006589785831960461 0.012552301255230125 
4 0.7495881383855024 0.44421199442119946 0.006589785831960461 0.01394700139470014 
4 0.7244645799011532 0.10355648535564854 0.005766062602965404 0.010460251046025104 
4 0.7121087314662273 0.6265690376569037 0.01070840197693575 0.013249651324965132 
4 0.6614497528830313 0.703626220362622 0.006589785831960461 0.011157601115760111 
4 0.6754530477759473 0.6882845188284519 0.014827018121911038 0.011157601115760111 
4 0.75 0.691771269177127 0.01070840197693575 0.00697350069735007 
4 0.7545304777594728 0.6806136680613668 0.013179571663920923 0.00697350069735007 
4 0.4411037891268534 0.42189679218967924 0.005766062602965404 0.009762900976290097 
4 0.49876441515650743 0.6352859135285913 0.007413509060955519 0.011157601115760111 
4 0.6499176276771005 0.6345885634588564 0.008237232289950576 0.01394700139470014 
4 0.7516474464579901 0.6394700139470014 0.01400329489291598 0.011157601115760111 
4 0.07125205930807249 0.6603905160390516 0.012355848434925865 0.005578800557880056 
4 0.47899505766062606 0.45536959553695955 0.01400329489291598 0.005578800557880056 
4 0.13962108731466227 0.5359135285913529 0.012355848434925865 0.0048814504881450485 
4 0.2957166392092257 0.6000697350069735 0.018121911037891267 0.006276150627615063 
4 0.2957166392092257 0.6059972105997211 0.018121911037891267 0.005578800557880056 
4 0.3187808896210873 0.5899581589958159 0.008237232289950576 0.012552301255230125 
4 0.3439044481054366 0.560320781032078 0.009060955518945634 0.014644351464435146 
4 0.4485172981878089 0.49372384937238495 0.005766062602965404 0.011157601115760111 
4 0.43780889621087316 0.4930264993026499 0.005766062602965404 0.009762900976290097 
4 0.4032125205930807 0.43375174337517436 0.005766062602965404 0.009762900976290097 
4 0.6474464579901154 0.09902370990237098 0.006589785831960461 0.011157601115760111 
4 0.7607084019769358 0.09205020920502092 0.01729818780889621 0.011157601115760111 
4 0.4843492586490939 0.6764295676429568 0.014827018121911038 0.005578800557880056 
13 0.22322899505766064 0.7932357043235704 0.023064250411861616 0.03138075313807531 
13 0.8488467874794069 0.3263598326359833 0.018945634266886325 0.02510460251046025 
13 0.8158978583196046 0.21269177126917713 0.025535420098846788 0.015341701534170154 
13 0.8043657331136738 0.18828451882845187 0.027182866556836903 0.019525801952580194 
13 0.8562602965403624 0.1900278940027894 0.023887973640856673 0.02301255230125523 
13 0.8591433278418451 0.03486750348675035 0.026359143327841845 0.016736401673640166 
13 0.8542009884678748 0.08647140864714087 0.013179571663920923 0.022315202231520222 
13 0.4954695222405272 0.9504881450488145 0.03706754530477759 0.015341701534170154 
13 0.4390444810543657 0.7517433751743375 0.03459637561779242 0.016736401673640166 
13 0.2273476112026359 0.6492329149232915 0.016474464579901153 0.026499302649930265 
13 0.7961285008237232 0.3797071129707113 0.028830313014827018 0.014644351464435146 
13 0.39662273476112025 0.5749651324965133 0.03542009884678748 0.01603905160390516 
13 0.23311367380560133 0.502092050209205 0.013179571663920923 0.030683403068340307 
13 0.23640856672158156 0.45641562064156205 0.019769357495881382 0.03417015341701534 
13 0.4032125205930807 0.3713389121338912 0.03871499176276771 0.013249651324965132 
13 0.45551894563426687 0.35390516039051606 0.039538714991762765 0.014644351464435146 
13 0.4052718286655684 0.3514644351464435 0.032948929159802305 0.01394700139470014 
13 0.23682042833607908 0.40097629009762903 0.02059308072487644 0.03347280334728033 
13 0.46540362438220756 0.17852161785216178 0.032948929159802305 0.012552301255230125 
13 0.8150741350906096 0.3399581589958159 0.028830313014827018 0.028591352859135284 
13 0.6305601317957167 0.5550906555090656 0.04036243822075782 0.019525801952580194 
4 0.5313014827018122 0.05753138075313807 0.013179571663920923 0.0048814504881450485 
7 0.9098023064250412 0.6321478382147838 0.03377265238879736 0.06206415620641562 
4 0.5930807248764415 0.04428172942817294 0.004942339373970346 0.013249651324965132 
4 0.5481878088962109 0.04218967921896792 0.005766062602965404 0.013249651324965132 
4 0.5399505766062603 0.04149232914923291 0.007413509060955519 0.011854951185495118 
4 0.49835255354200986 0.040446304044630406 0.006589785831960461 0.012552301255230125 
4 0.48929159802306427 0.0400976290097629 0.006589785831960461 0.013249651324965132 
4 0.3628500823723229 0.035216178521617854 0.007413509060955519 0.013249651324965132 
4 0.20675453047775946 0.04741980474198047 0.018121911037891267 0.008368200836820083 
4 0.05601317957166392 0.01882845188284519 0.006589785831960461 0.011157601115760111 
7 0.9600494233937397 0.6338912133891214 0.023887973640856673 0.061366806136680614 
13 0.7878912685337727 0.5850767085076709 0.030477759472817133 0.019525801952580194 
7 0.964168039538715 0.5404463040446305 0.023887973640856673 0.0599721059972106 
7 0.9126853377265239 0.5390516039051604 0.036243822075782535 0.06276150627615062 
7 0.8554365733113674 0.6307531380753139 0.03212520593080725 0.06206415620641562 
7 0.8583196046128501 0.5376569037656904 0.032948929159802305 0.061366806136680614 
13 0.6787479406919276 0.9550209205020921 0.02471169686985173 0.017433751743375175 
13 0.8018945634266886 0.7395397489539749 0.023887973640856673 0.0299860529986053 
13 0.6779242174629324 0.7590655509065551 0.04118616144975288 0.01882845188284519 
13 0.8043657331136738 0.6516736401673641 0.023887973640856673 0.024407252440725245 
4 0.6528006589785832 0.703626220362622 0.005766062602965404 0.011157601115760111 
4 0.4332784184514003 0.6914225941422594 0.006589785831960461 0.014644351464435146 
4 0.12561779242174628 0.847629009762901 0.012355848434925865 0.0048814504881450485 
4 0.8224876441515651 0.8099721059972106 0.01400329489291598 0.0048814504881450485 
4 0.8183690280065898 0.946652719665272 0.015650741350906095 0.0048814504881450485 
4 0.8154859967051071 0.8922594142259415 0.008237232289950576 0.014644351464435146 
4 0.8167215815485996 0.8741283124128313 0.007413509060955519 0.013249651324965132 
4 0.8175453047775947 0.852510460251046 0.007413509060955519 0.011854951185495118 
4 0.820840197693575 0.8403068340306834 0.01400329489291598 0.005578800557880056 
4 0.8220757825370676 0.8312412831241283 0.013179571663920923 0.005578800557880056 
4 0.8220757825370676 0.8239191073919108 0.013179571663920923 0.0048814504881450485 
4 0.8233113673805601 0.8158995815899581 0.012355848434925865 0.005578800557880056 
4 0.8233113673805601 0.8029986052998606 0.01400329489291598 0.0048814504881450485 
4 0.8179571663920923 0.9616457461645747 0.014827018121911038 0.0041841004184100415 
4 0.8233113673805601 0.7960251046025104 0.01400329489291598 0.006276150627615063 
4 0.8245469522240527 0.7824267782426778 0.013179571663920923 0.005578800557880056 
4 0.8249588138385503 0.7758019525801952 0.01400329489291598 0.006276150627615063 
4 0.8253706754530478 0.7615062761506276 0.014827018121911038 0.005578800557880056 
4 0.8270181219110379 0.75418410041841 0.014827018121911038 0.0048814504881450485 
4 0.8270181219110379 0.7482566248256625 0.013179571663920923 0.0041841004184100415 
4 0.8270181219110379 0.7412831241283124 0.013179571663920923 0.005578800557880056 
4 0.8257825370675453 0.7339609483960948 0.012355848434925865 0.0048814504881450485 
4 0.8167215815485996 0.9546722454672245 0.01400329489291598 0.005578800557880056 
4 0.8414332784184514 0.9602510460251046 0.007413509060955519 0.01394700139470014 
4 0.8257825370675453 0.7196652719665272 0.01070840197693575 0.0041841004184100415 
4 0.5177100494233937 0.49407252440725247 0.005766062602965404 0.011854951185495118 
4 0.7376441515650741 0.7161785216178521 0.012355848434925865 0.009762900976290097 
4 0.728171334431631 0.7245467224546722 0.011532125205930808 0.011157601115760111 
4 0.6466227347611203 0.496513249651325 0.006589785831960461 0.01394700139470014 
4 0.07948929159802307 0.4630404463040446 0.01400329489291598 0.00697350069735007 
4 0.14785831960461285 0.3179916317991632 0.01070840197693575 0.005578800557880056 
4 0.08237232289950576 0.37691771269177127 0.013179571663920923 0.006276150627615063 
4 0.14250411861614498 0.4386331938633194 0.014827018121911038 0.005578800557880056 
4 0.6729818780889621 0.4407252440725244 0.006589785831960461 0.011157601115760111 
4 0.30518945634266886 0.396792189679219 0.01400329489291598 0.005578800557880056 
4 0.841845140032949 0.9058577405857741 0.006589785831960461 0.01394700139470014 
4 0.357495881383855 0.37308228730822873 0.006589785831960461 0.012552301255230125 
4 0.16392092257001648 0.020571827057182707 0.006589785831960461 0.011854951185495118 
4 0.8550247116968699 0.7409344490934449 0.004942339373970346 0.013249651324965132 
4 0.8533772652388797 0.7629009762900977 0.006589785831960461 0.015341701534170154 
4 0.8521416803953872 0.7792887029288703 0.005766062602965404 0.011854951185495118 
4 0.8583196046128501 0.8242677824267782 0.013179571663920923 0.005578800557880056 
4 0.8562602965403624 0.8361227336122734 0.015650741350906095 0.005578800557880056 
4 0.842668863261944 0.8615760111576011 0.006589785831960461 0.011854951185495118 
4 0.8270181219110379 0.7269874476987448 0.014827018121911038 0.0048814504881450485 
4 0.8270181219110379 0.7123430962343096 0.014827018121911038 0.0048814504881450485 
4 0.42504118616144976 0.691771269177127 0.008237232289950576 0.01394700139470014 
4 0.550658978583196 0.8357740585774058 0.005766062602965404 0.013249651324965132 
4 0.7121087314662273 0.9159693165969317 0.01070840197693575 0.013249651324965132 
4 0.7388797364085667 0.8870292887029289 0.013179571663920923 0.009762900976290097 
4 0.7462932454695222 0.8647140864714087 0.014827018121911038 0.005578800557880056 
4 0.6157331136738056 0.8549511854951185 0.01729818780889621 0.00697350069735007 
4 0.6915156507413509 0.8406555090655509 0.01400329489291598 0.0048814504881450485 
4 0.6569192751235585 0.8322873082287309 0.009060955518945634 0.013249651324965132 
4 0.600494233937397 0.8364714086471409 0.004942339373970346 0.013249651324965132 
4 0.5679571663920923 0.8371687587168759 0.005766062602965404 0.013249651324965132 
4 0.37644151565074135 0.8507670850767085 0.018121911037891267 0.00697350069735007 
4 0.6112026359143328 0.8940027894002789 0.004942339373970346 0.011157601115760111 
4 0.08113673805601318 0.8249651324965133 0.005766062602965404 0.012552301255230125 
4 0.06589785831960461 0.8106694560669456 0.018121911037891267 0.0048814504881450485 
4 0.08607907742998352 0.7105997210599722 0.005766062602965404 0.011157601115760111 
4 0.06754530477759473 0.7336122733612274 0.014827018121911038 0.005578800557880056 
4 0.13097199341021418 0.7060669456066946 0.013179571663920923 0.007670850767085077 
4 0.1342668863261944 0.6983960948396095 0.013179571663920923 0.006276150627615063 
4 0.2883031301482702 0.6963040446304045 0.014827018121911038 0.006276150627615063 
4 0.3154859967051071 0.6816596931659693 0.004942339373970346 0.013249651324965132 
4 0.6182042833607908 0.895397489539749 0.005766062602965404 0.009762900976290097 
4 0.6025535420098846 0.893305439330544 0.005766062602965404 0.011157601115760111 
4 0.8270181219110379 0.6924686192468619 0.013179571663920923 0.0041841004184100415 
4 0.7672981878088962 0.2601115760111576 0.01400329489291598 0.005578800557880056 
4 0.8319604612850082 0.6830543933054394 0.0214168039538715 0.006276150627615063 
4 0.6943986820428336 0.4989539748953975 0.006589785831960461 0.011854951185495118 
4 0.7034596375617792 0.49825662482566246 0.004942339373970346 0.011854951185495118 
4 0.7158154859967051 0.49825662482566246 0.006589785831960461 0.011854951185495118 
4 0.8113673805601318 0.497907949790795 0.006589785831960461 0.01394700139470014 
4 0.9172158154859967 0.38842398884239887 0.015650741350906095 0.005578800557880056 
4 0.9155683690280065 0.3807531380753138 0.01400329489291598 0.005578800557880056 
4 0.9654036243822076 0.3514644351464435 0.008237232289950576 0.015341701534170154 
4 0.7228171334431631 0.04497907949790795 0.007413509060955519 0.01603905160390516 
4 0.40197693574958815 0.8887726638772664 0.004942339373970346 0.013249651324965132 
4 0.9373970345963756 0.25174337517433754 0.004942339373970346 0.012552301255230125 
4 0.9382207578253706 0.23500697350069735 0.004942339373970346 0.01394700139470014 
4 0.9686985172981878 0.24721059972105996 0.004942339373970346 0.011854951185495118 
4 0.9233937397034596 0.20048814504881451 0.013179571663920923 0.0048814504881450485 
4 0.9732289950576606 0.1087866108786611 0.007413509060955519 0.012552301255230125 
4 0.9728171334431631 0.09065550906555091 0.004942339373970346 0.01394700139470014 
4 0.9744645799011532 0.05230125523012552 0.006589785831960461 0.012552301255230125 
4 0.9452224052718287 0.04776847977684798 0.005766062602965404 0.013249651324965132 
13 0.24464579901153213 0.20467224546722454 0.016474464579901153 0.03138075313807531 
