10 0.6741741741741741 0.695078031212485 0.09509509509509509 0.12965186074429771 
3 0.6806806806806807 0.6938775510204082 0.16016016016016016 0.21608643457382953 
9 0.41541541541541543 0.3559423769507803 0.05405405405405406 0.06602641056422569 
9 0.35835835835835833 0.4261704681872749 0.05405405405405406 0.060024009603841535 
9 0.4174174174174174 0.4249699879951981 0.056056056056056056 0.057623049219687875 
9 0.36036036036036034 0.49819927971188477 0.056056056056056056 0.062424969987995196 
9 0.4164164164164164 0.4969987995198079 0.056056056056056056 0.062424969987995196 
9 0.5180180180180181 0.18547418967587034 0.055055055055055056 0.061224489795918366 
9 0.5775775775775776 0.18307322929171668 0.05005005005005005 0.058823529411764705 
9 0.6341341341341341 0.17827130852340936 0.05105105105105105 0.06362545018007203 
9 0.6906906906906907 0.17827130852340936 0.05205205205205205 0.06602641056422569 
9 0.5805805805805806 0.2863145258103241 0.05005005005005005 0.058823529411764705 
9 0.6346346346346347 0.2815126050420168 0.05205205205205205 0.061224489795918366 
9 0.5815815815815816 0.3517406962785114 0.05005005005005005 0.057623049219687875 
9 0.6361361361361362 0.34813925570228094 0.04904904904904905 0.055222088835534214 
9 0.5825825825825826 0.42016806722689076 0.05205205205205205 0.060024009603841535 
9 0.6376376376376376 0.4171668667466987 0.05205205205205205 0.061224489795918366 
9 0.5830830830830831 0.48559423769507803 0.05105105105105105 0.061224489795918366 
9 0.6386386386386387 0.4849939975990396 0.05205205205205205 0.062424969987995196 
9 0.35535535535535534 0.3565426170468187 0.056056056056056056 0.06482593037214886 
