4 0.6127604166666667 0.4869791666666667 0.0234375 0.010416666666666666 
4 0.475 0.009375 0.019791666666666666 0.0125 
4 0.4127604166666667 0.7421875 0.019270833333333334 0.025 
4 0.4796875 0.909375 0.015625 0.019791666666666666 
4 0.3455729166666667 0.49765625 0.016145833333333335 0.021354166666666667 
4 0.2140625 0.018489583333333334 0.015625 0.0234375 
4 0.21979166666666666 0.04348958333333333 0.014583333333333334 0.022395833333333334 
4 0.22786458333333334 0.07552083333333333 0.015104166666666667 0.025 
4 0.24505208333333334 0.17942708333333332 0.015104166666666667 0.0234375 
4 0.10442708333333334 0.0018229166666666667 0.0203125 0.009895833333333333 
4 0.49973958333333335 0.01484375 0.0234375 0.015104166666666667 
4 0.5411458333333333 0.0390625 0.019791666666666666 0.021875 
4 0.51640625 0.96640625 0.0171875 0.0140625 
4 0.9432291666666667 0.4856770833333333 0.019791666666666666 0.0109375 
4 0.25 0.21171875 0.013541666666666667 0.027604166666666666 
4 0.2903645833333333 0.33828125 0.0140625 0.0234375 
11 0.31328125 0.5036458333333333 0.04635416666666667 0.046875 
