11 0.6833333333333333 0.52265625 0.22395833333333334 0.2296875 
4 0.10026041666666667 0.4869791666666667 0.0234375 0.010416666666666666 
4 0.028645833333333332 0.0390625 0.019791666666666666 0.021875 
4 0.00390625 0.96640625 0.0171875 0.0140625 
4 0.9205729166666666 0.5846354166666666 0.018229166666666668 0.013020833333333334 
4 0.43072916666666666 0.4856770833333333 0.019791666666666666 0.0109375 
4 0.8872395833333333 0.6010416666666667 0.022395833333333334 0.015625 
4 0.9541666666666667 0.5955729166666667 0.025 0.016145833333333335 
4 0.8934895833333333 0.57265625 0.0234375 0.016145833333333335 
4 0.8255208333333334 0.48671875 0.010416666666666666 0.018229166666666668 
4 0.8018229166666667 0.6114583333333333 0.0171875 0.020833333333333332 
4 0.7580729166666667 0.9716145833333333 0.021354166666666667 0.013020833333333334 
4 0.5955729166666667 0.3997395833333333 0.025520833333333333 0.022395833333333334 
4 0.6158854166666666 0.8744791666666667 0.011979166666666667 0.020833333333333332 
4 0.5958333333333333 0.8934895833333333 0.0125 0.019270833333333334 
