4 0.9510385756676558 0.47027972027972026 0.018793273986152326 0.013986013986013986 
4 0.9490603363006924 0.3942307692307692 0.018793273986152326 0.015734265734265736 
4 0.9446092977250248 0.3741258741258741 0.01582591493570722 0.013986013986013986 
4 0.9366963402571711 0.3006993006993007 0.013847675568743818 0.013986013986013986 
4 0.9362017804154302 0.28583916083916083 0.018793273986152326 0.015734265734265736 
4 0.410484668644906 0.7770979020979021 0.009891196834817012 0.03671328671328671 
4 0.4307616221562809 0.7770979020979021 0.012858555885262116 0.03671328671328671 
13 0.9490603363006924 0.7290209790209791 0.04648862512363996 0.0944055944055944 
13 0.45845697329376855 0.3304195804195804 0.13550939663699307 0.16783216783216784 
8 0.6419386745796242 0.4379370629370629 0.06923837784371908 0.17307692307692307 
8 0.5801186943620178 0.45104895104895104 0.06627101879327399 0.17482517482517482 
7 0.2265084075173096 0.7246503496503497 0.06132542037586548 0.17307692307692307 
7 0.327893175074184 0.4624125874125874 0.06429277942631058 0.18006993006993008 
7 0.26607319485657766 0.479020979020979 0.06132542037586548 0.17482517482517482 
7 0.20573689416419386 0.4973776223776224 0.057368941641938676 0.16958041958041958 
