4 0.9569583931133429 0.7626728110599078 0.00860832137733142 0.013824884792626729 
4 0.2783357245337159 0.40898617511520735 0.005738880918220947 0.009216589861751152 
4 0.697274031563845 0.02534562211981567 0.014347202295552367 0.0069124423963133645 
4 0.6994261119081779 0.03168202764976959 0.01291248206599713 0.00576036866359447 
4 0.703012912482066 0.03571428571428571 0.011477761836441894 0.0069124423963133645 
4 0.7051649928263989 0.04205069124423963 0.01291248206599713 0.008064516129032258 
4 0.7080344332855093 0.048963133640553 0.015781922525107604 0.008064516129032258 
4 0.6822094691535151 0.05069124423963134 0.00430416068866571 0.01152073732718894 
4 0.687948350071736 0.06394009216589862 0.007173601147776184 0.012672811059907835 
4 0.4928263988522238 0.10483870967741936 0.007173601147776184 0.01152073732718894 
4 0.5071736011477762 0.10426267281105991 0.00430416068866571 0.010368663594470046 
4 0.5265423242467718 0.09850230414746544 0.005738880918220947 0.010368663594470046 
4 0.5408895265423243 0.09907834101382489 0.005738880918220947 0.009216589861751152 
4 0.6276901004304161 0.08525345622119816 0.007173601147776184 0.009216589861751152 
4 0.6678622668579627 0.06682027649769585 0.01291248206599713 0.0069124423963133645 
4 0.6642754662840746 0.05587557603686636 0.011477761836441894 0.00576036866359447 
4 0.6614060258249641 0.05011520737327189 0.011477761836441894 0.008064516129032258 
4 0.6083213773314203 0.04665898617511521 0.00860832137733142 0.010368663594470046 
4 0.5408895265423243 0.06336405529953917 0.011477761836441894 0.01152073732718894 
4 0.5107604017216643 0.06970046082949309 0.00860832137733142 0.010368663594470046 
4 0.4964131994261119 0.07373271889400922 0.00860832137733142 0.01152073732718894 
4 0.5703012912482066 0.18317972350230416 0.01291248206599713 0.0069124423963133645 
4 0.5502152080344332 0.18721198156682028 0.01291248206599713 0.008064516129032258 
4 0.48493543758967 0.19527649769585254 0.014347202295552367 0.00576036866359447 
4 0.21449067431850788 0.16129032258064516 0.01291248206599713 0.0069124423963133645 
4 0.21736011477761835 0.16647465437788017 0.01291248206599713 0.00576036866359447 
4 0.21951219512195122 0.17569124423963134 0.014347202295552367 0.008064516129032258 
4 0.6944045911047346 0.019585253456221197 0.014347202295552367 0.009216589861751152 
4 0.7209469153515065 0.08179723502304148 0.01291248206599713 0.0069124423963133645 
4 0.7223816355810617 0.08813364055299538 0.01291248206599713 0.00576036866359447 
4 0.3945480631276901 0.3819124423963134 0.00860832137733142 0.012672811059907835 
4 0.2919655667144907 0.4049539170506912 0.007173601147776184 0.010368663594470046 
4 0.2998565279770445 0.40264976958525345 0.00860832137733142 0.010368663594470046 
4 0.31420373027259685 0.41705069124423966 0.014347202295552367 0.0069124423963133645 
4 0.3170731707317073 0.3986175115207373 0.00860832137733142 0.01152073732718894 
4 0.32639885222381637 0.39746543778801846 0.007173601147776184 0.01152073732718894 
4 0.3321377331420373 0.3957373271889401 0.007173601147776184 0.010368663594470046 
4 0.34074605451936874 0.4176267281105991 0.015781922525107604 0.00576036866359447 
4 0.33931133428981347 0.3951612903225806 0.007173601147776184 0.01152073732718894 
4 0.3680057388809182 0.3882488479262673 0.01291248206599713 0.01152073732718894 
4 0.3787661406025825 0.40898617511520735 0.014347202295552367 0.0069124423963133645 
4 0.3837876614060258 0.38421658986175117 0.010043041606886656 0.012672811059907835 
4 0.4067431850789096 0.3790322580645161 0.015781922525107604 0.0069124423963133645 
4 0.7252510760401721 0.0944700460829493 0.01291248206599713 0.0069124423963133645 
4 0.047345767575322814 0.3934331797235023 0.01721664275466284 0.008064516129032258 
4 0.0351506456241033 0.3617511520737327 0.01291248206599713 0.0069124423963133645 
4 0.03084648493543759 0.34619815668202764 0.015781922525107604 0.008064516129032258 
4 0.04591104734576758 0.3162442396313364 0.00860832137733142 0.012672811059907835 
4 0.7474892395982783 0.16532258064516128 0.01721664275466284 0.008064516129032258 
4 0.7460545193687231 0.1532258064516129 0.014347202295552367 0.009216589861751152 
4 0.7446197991391679 0.14631336405529954 0.011477761836441894 0.009216589861751152 
4 0.7403156384505022 0.13421658986175114 0.014347202295552367 0.008064516129032258 
4 0.733142037302726 0.11232718894009217 0.011477761836441894 0.008064516129032258 
4 0.7295552367288379 0.1054147465437788 0.01291248206599713 0.008064516129032258 
4 0.7266857962697274 0.10023041474654378 0.015781922525107604 0.009216589861751152 
4 0.2223816355810617 0.1826036866359447 0.014347202295552367 0.008064516129032258 
4 0.22453371592539456 0.1889400921658986 0.01291248206599713 0.0069124423963133645 
4 0.2266857962697274 0.19930875576036866 0.014347202295552367 0.004608294930875576 
4 0.10258249641319943 0.12154377880184332 0.01291248206599713 0.008064516129032258 
4 0.3837876614060258 0.02880184331797235 0.01291248206599713 0.0069124423963133645 
4 0.36944045911047346 0.032834101382488476 0.01291248206599713 0.008064516129032258 
4 0.3522238163558106 0.03744239631336405 0.015781922525107604 0.008064516129032258 
4 0.30631276901004306 0.04953917050691244 0.01291248206599713 0.0069124423963133645 
4 0.28622668579626975 0.05414746543778802 0.01291248206599713 0.0069124423963133645 
4 0.2697274031563845 0.057027649769585256 0.011477761836441894 0.00576036866359447 
4 0.25753228120516497 0.059907834101382486 0.01291248206599713 0.009216589861751152 
4 0.24318507890961263 0.06394009216589862 0.01291248206599713 0.008064516129032258 
4 0.20373027259684362 0.056451612903225805 0.00860832137733142 0.01152073732718894 
4 0.19010043041606886 0.020737327188940093 0.007173601147776184 0.01152073732718894 
4 0.04878048780487805 0.1347926267281106 0.014347202295552367 0.0069124423963133645 
4 0.12769010043041606 0.1152073732718894 0.014347202295552367 0.009216589861751152 
4 0.4332855093256815 0.059907834101382486 0.00860832137733142 0.01152073732718894 
4 0.14562410329985653 0.08755760368663594 0.010043041606886656 0.0069124423963133645 
4 0.11549497847919656 0.09504608294930876 0.015781922525107604 0.008064516129032258 
4 0.04447632711621234 0.11175115207373272 0.011477761836441894 0.004608294930875576 
4 0.15781922525107603 0.018433179723502304 0.00860832137733142 0.01152073732718894 
5 0.6599713055954088 0.9061059907834101 0.020086083213773313 0.010368663594470046 
5 0.7926829268292683 0.9320276497695853 0.021520803443328552 0.01152073732718894 
3 0.6040172166427547 0.5391705069124424 0.31563845050215206 0.4147465437788018 
7 0.39741750358680056 0.46255760368663595 0.06886657101865136 0.03571428571428571 
7 0.30272596843615496 0.4815668202764977 0.06886657101865136 0.03456221198156682 
7 0.3880918220946915 0.43202764976958524 0.06743185078909612 0.03456221198156682 
7 0.2934002869440459 0.4498847926267281 0.0703012912482066 0.03571428571428571 
4 0.4612625538020086 0.019585253456221197 0.018651362984218076 0.009216589861751152 
4 0.43902439024390244 0.07661290322580645 0.00860832137733142 0.010368663594470046 
4 0.2309899569583931 0.20622119815668202 0.014347202295552367 0.0069124423963133645 
4 0.22309899569583932 0.10599078341013825 0.010043041606886656 0.01152073732718894 
4 0.23457675753228122 0.21601382488479262 0.01291248206599713 0.008064516129032258 
4 0.23672883787661406 0.22235023041474655 0.011477761836441894 0.0069124423963133645 
4 0.2417503586800574 0.23271889400921658 0.015781922525107604 0.0069124423963133645 
4 0.2266857962697274 0.24423963133640553 0.014347202295552367 0.0069124423963133645 
4 0.17001434720229555 0.2632488479262673 0.018651362984218076 0.008064516129032258 
4 0.17288378766140602 0.2695852534562212 0.015781922525107604 0.0069124423963133645 
4 0.22381635581061693 0.2557603686635945 0.014347202295552367 0.0069124423963133645 
4 0.3242467718794835 0.23329493087557604 0.011477761836441894 0.00576036866359447 
4 0.366571018651363 0.22292626728110598 0.01291248206599713 0.008064516129032258 
4 0.40746054519368724 0.21140552995391704 0.011477761836441894 0.00576036866359447 
4 0.1951219512195122 0.10887096774193548 0.014347202295552367 0.008064516129032258 
4 0.2259684361549498 0.12096774193548387 0.007173601147776184 0.01152073732718894 
4 0.445480631276901 0.0956221198156682 0.007173601147776184 0.01152073732718894 
4 0.23170731707317074 0.13191244239631336 0.010043041606886656 0.012672811059907835 
4 0.23672883787661406 0.14573732718894009 0.00860832137733142 0.012672811059907835 
4 0.24031563845050216 0.15841013824884792 0.007173601147776184 0.010368663594470046 
4 0.2467718794835007 0.17223502304147464 0.00860832137733142 0.012672811059907835 
4 0.25538020086083213 0.19527649769585254 0.011477761836441894 0.012672811059907835 
4 0.48637015781922527 0.14112903225806453 0.011477761836441894 0.010368663594470046 
4 0.4921090387374462 0.1543778801843318 0.00860832137733142 0.009216589861751152 
4 0.46915351506456243 0.1578341013824885 0.00860832137733142 0.01152073732718894 
4 0.4634146341463415 0.1434331797235023 0.00860832137733142 0.012672811059907835 
4 0.4634146341463415 0.07891705069124424 0.00860832137733142 0.012672811059907835 
4 0.46987087517934 0.09735023041474654 0.010043041606886656 0.012672811059907835 
4 0.28622668579626975 0.40610599078341014 0.007173601147776184 0.010368663594470046 
4 0.26255380200860834 0.4118663594470046 0.005738880918220947 0.010368663594470046 
4 0.9533715925394548 0.7517281105990783 0.007173601147776184 0.010368663594470046 
4 0.2919655667144907 0.4245391705069124 0.01291248206599713 0.00576036866359447 
4 0.563845050215208 0.9285714285714286 0.01721664275466284 0.009216589861751152 
4 0.5179340028694405 0.9395161290322581 0.014347202295552367 0.008064516129032258 
4 0.445480631276901 0.9573732718894009 0.01291248206599713 0.0069124423963133645 
4 0.42754662840746055 0.9608294930875576 0.011477761836441894 0.0069124423963133645 
4 0.41248206599713055 0.9642857142857143 0.01291248206599713 0.0069124423963133645 
4 0.3880918220946915 0.9706221198156681 0.01291248206599713 0.008064516129032258 
4 0.3615494978479197 0.9769585253456221 0.011477761836441894 0.0069124423963133645 
4 0.242467718794835 0.8991935483870968 0.011477761836441894 0.010368663594470046 
4 0.23385939741750358 0.8986175115207373 0.011477761836441894 0.009216589861751152 
4 0.1750358680057389 0.9003456221198156 0.011477761836441894 0.012672811059907835 
4 0.16714490674318508 0.9009216589861752 0.010043041606886656 0.01152073732718894 
4 0.15925394548063126 0.9026497695852534 0.011477761836441894 0.012672811059907835 
4 0.14634146341463414 0.9032258064516129 0.00860832137733142 0.009216589861751152 
4 0.010043041606886656 0.9700460829493087 0.01721664275466284 0.009216589861751152 
4 0.028694404591104734 0.9498847926267281 0.00860832137733142 0.010368663594470046 
4 0.02223816355810617 0.9349078341013825 0.010043041606886656 0.012672811059907835 
4 0.7862266857962698 0.8744239631336406 0.014347202295552367 0.0069124423963133645 
4 0.7998565279770444 0.8721198156682027 0.010043041606886656 0.0069124423963133645 
4 0.812051649928264 0.868663594470046 0.011477761836441894 0.0069124423963133645 
4 0.8565279770444764 0.8582949308755761 0.014347202295552367 0.0069124423963133645 
4 0.503586800573888 0.8945852534562212 0.011477761836441894 0.00576036866359447 
4 0.5208034433285509 0.8917050691244239 0.014347202295552367 0.0069124423963133645 
4 0.5408895265423243 0.8899769585253456 0.011477761836441894 0.008064516129032258 
4 0.3715925394548063 0.7943548387096774 0.005738880918220947 0.010368663594470046 
4 0.3550932568149211 0.7966589861751152 0.00430416068866571 0.008064516129032258 
4 0.7977044476327116 0.9585253456221198 0.00860832137733142 0.01152073732718894 
4 0.8020086083213773 0.9723502304147466 0.00860832137733142 0.01152073732718894 
4 0.7783357245337159 0.9625576036866359 0.007173601147776184 0.010368663594470046 
4 0.9153515064562411 0.5950460829493087 0.00860832137733142 0.012672811059907835 
4 0.9483500717360115 0.7344470046082949 0.00860832137733142 0.010368663594470046 
4 0.9411764705882353 0.7194700460829493 0.005738880918220947 0.010368663594470046 
4 0.9232424677187948 0.673963133640553 0.007173601147776184 0.01152073732718894 
4 0.9175035868005739 0.6566820276497696 0.007173601147776184 0.01152073732718894 
4 0.9110473457675753 0.6336405529953917 0.00860832137733142 0.01152073732718894 
4 0.9655667144906743 0.7286866359447005 0.005738880918220947 0.010368663594470046 
4 0.9576757532281205 0.7096774193548387 0.010043041606886656 0.009216589861751152 
4 0.9440459110473458 0.6728110599078341 0.005738880918220947 0.009216589861751152 
4 0.945480631276901 0.6630184331797235 0.011477761836441894 0.00576036866359447 
4 0.9311334289813487 0.636520737327189 0.00860832137733142 0.010368663594470046 
4 0.9253945480631277 0.6232718894009217 0.00860832137733142 0.009216589861751152 
4 0.8916786226685797 0.22119815668202766 0.01291248206599713 0.009216589861751152 
4 0.7840746054519369 0.9769585253456221 0.007173601147776184 0.01152073732718894 
4 0.9332855093256814 0.21140552995391704 0.01291248206599713 0.008064516129032258 
4 0.9734576757532282 0.201036866359447 0.01291248206599713 0.00576036866359447 
4 0.9842180774748924 0.17569124423963134 0.00860832137733142 0.010368663594470046 
4 0.9497847919655668 0.08755760368663594 0.00860832137733142 0.01152073732718894 
4 0.9921090387374462 0.11866359447004608 0.010043041606886656 0.01152073732718894 
4 0.9777618364418939 0.08352534562211981 0.007173601147776184 0.012672811059907835 
4 0.96987087517934 0.06105990783410138 0.00860832137733142 0.01152073732718894 
4 0.9626972740315638 0.03859447004608295 0.00860832137733142 0.010368663594470046 
4 0.9562410329985653 0.024193548387096774 0.007173601147776184 0.009216589861751152 
4 0.6549497847919655 0.9648617511520737 0.01291248206599713 0.008064516129032258 
4 0.7403156384505022 0.961405529953917 0.01721664275466284 0.008064516129032258 
4 0.3486370157819225 0.7983870967741935 0.005738880918220947 0.009216589861751152 
4 0.34074605451936874 0.7983870967741935 0.00430416068866571 0.009216589861751152 
4 0.3335724533715925 0.8001152073732719 0.00430416068866571 0.008064516129032258 
4 0.8601147776183644 0.5011520737327189 0.010043041606886656 0.01152073732718894 
4 0.25896700143472023 0.5 0.015781922525107604 0.0069124423963133645 
4 0.2460545193687231 0.45910138248847926 0.01291248206599713 0.008064516129032258 
4 0.8048780487804879 0.559331797235023 0.00860832137733142 0.012672811059907835 
4 0.8127690100430416 0.5558755760368663 0.007173601147776184 0.008064516129032258 
4 0.8213773314203731 0.5535714285714286 0.007173601147776184 0.008064516129032258 
4 0.8292682926829268 0.5512672811059908 0.005738880918220947 0.008064516129032258 
4 0.8421807747489239 0.5495391705069125 0.00860832137733142 0.009216589861751152 
4 0.8479196556671449 0.5472350230414746 0.00860832137733142 0.009216589861751152 
4 0.8558106169296987 0.5455069124423964 0.007173601147776184 0.008064516129032258 
4 0.8622668579626973 0.5443548387096774 0.005738880918220947 0.010368663594470046 
4 0.8715925394548063 0.5092165898617511 0.007173601147776184 0.01152073732718894 
4 0.851506456241033 0.47868663594470046 0.007173601147776184 0.008064516129032258 
4 0.22812051649928264 0.6261520737327189 0.01721664275466284 0.010368663594470046 
4 0.8450502152080345 0.4637096774193548 0.00860832137733142 0.010368663594470046 
4 0.8407460545193687 0.4470046082949309 0.00860832137733142 0.01152073732718894 
4 0.8880918220946915 0.5207373271889401 0.005738880918220947 0.01152073732718894 
4 0.8852223816355811 0.5092165898617511 0.00860832137733142 0.009216589861751152 
4 0.8794835007173601 0.4971198156682028 0.00860832137733142 0.010368663594470046 
4 0.8730272596843616 0.4838709677419355 0.007173601147776184 0.01152073732718894 
4 0.8593974175035868 0.45161290322580644 0.005738880918220947 0.01152073732718894 
4 0.8486370157819225 0.4228110599078341 0.007173601147776184 0.01152073732718894 
4 0.8012912482065997 0.36578341013824883 0.010043041606886656 0.010368663594470046 
4 0.4397417503586801 0.451036866359447 0.007173601147776184 0.012672811059907835 
4 0.27618364418938307 0.42972350230414746 0.01291248206599713 0.009216589861751152 
4 0.2654232424677188 0.5184331797235023 0.014347202295552367 0.009216589861751152 
4 0.3048780487804878 0.6486175115207373 0.00430416068866571 0.01152073732718894 
4 0.321377331420373 0.8001152073732719 0.014347202295552367 0.00576036866359447 
4 0.16642754662840745 0.7171658986175116 0.00860832137733142 0.012672811059907835 
4 0.3005738880918221 0.8029953917050692 0.010043041606886656 0.004608294930875576 
4 0.242467718794835 0.8306451612903226 0.005738880918220947 0.01152073732718894 
4 0.30774748923959827 0.8271889400921659 0.00430416068866571 0.009216589861751152 
4 0.3163558106169297 0.8283410138248848 0.00430416068866571 0.009216589861751152 
4 0.3902439024390244 0.8231566820276498 0.005738880918220947 0.010368663594470046 
4 0.04591104734576758 0.7672811059907834 0.00860832137733142 0.009216589861751152 
4 0.05738880918220947 0.7620967741935484 0.00860832137733142 0.010368663594470046 
4 0.11119081779053085 0.7269585253456221 0.010043041606886656 0.013824884792626729 
4 0.12338593974175036 0.7263824884792627 0.00860832137733142 0.010368663594470046 
4 0.13127690100430417 0.7258064516129032 0.007173601147776184 0.01152073732718894 
4 0.13701578192252512 0.7217741935483871 0.010043041606886656 0.012672811059907835 
4 0.17431850789096126 0.7160138248847926 0.010043041606886656 0.014976958525345621 
4 0.2926829268292683 0.6491935483870968 0.005738880918220947 0.012672811059907835 
4 0.18149210903873744 0.7131336405529954 0.007173601147776184 0.01152073732718894 
4 0.1915351506456241 0.7148617511520737 0.007173601147776184 0.010368663594470046 
4 0.24964131994261118 0.6549539170506913 0.00860832137733142 0.010368663594470046 
4 0.242467718794835 0.6578341013824884 0.00860832137733142 0.01152073732718894 
4 0.22022955523672882 0.684331797235023 0.007173601147776184 0.01152073732718894 
4 0.24103299856527977 0.6872119815668203 0.00860832137733142 0.010368663594470046 
4 0.2532281205164993 0.684331797235023 0.007173601147776184 0.01152073732718894 
4 0.2618364418938307 0.6837557603686636 0.007173601147776184 0.012672811059907835 
4 0.2697274031563845 0.6808755760368663 0.00860832137733142 0.01152073732718894 
4 0.29124820659971307 0.6762672811059908 0.00860832137733142 0.01152073732718894 
4 0.2769010043041607 0.652073732718894 0.00860832137733142 0.01152073732718894 
10 0.6054519368723099 0.533410138248848 0.2266857962697274 0.27419354838709675 
