11 0.6916666666666667 0.8838541666666667 0.011458333333333333 0.011458333333333333 
4 0.01171875 0.309375 0.008854166666666666 0.003125 
4 0.027083333333333334 0.21875 0.003125 0.009375 
4 0.022395833333333334 0.21822916666666667 0.004166666666666667 0.009375 
4 0.016927083333333332 0.21875 0.0046875 0.010416666666666666 
4 0.007291666666666667 0.2203125 0.005208333333333333 0.008333333333333333 
4 0.009895833333333333 0.24661458333333333 0.010416666666666666 0.0046875 
4 0.012760416666666666 0.2994791666666667 0.008854166666666666 0.004166666666666667 
4 0.011458333333333333 0.2947916666666667 0.008333333333333333 0.003125 
4 0.011979166666666667 0.28958333333333336 0.010416666666666666 0.004166666666666667 
4 0.010416666666666666 0.28463541666666664 0.009375 0.0036458333333333334 
4 0.011197916666666667 0.2796875 0.009895833333333333 0.004166666666666667 
4 0.01171875 0.27447916666666666 0.009895833333333333 0.004166666666666667 
4 0.009895833333333333 0.25703125 0.009375 0.0036458333333333334 
4 0.009895833333333333 0.2520833333333333 0.009375 0.004166666666666667 
4 -0.0020833333333333333 0.28541666666666665 0.010416666666666666 0.003125 
4 0.05911458333333333 0.12838541666666667 0.0036458333333333334 0.0109375 
4 0.06692708333333333 0.12838541666666667 0.0046875 0.0109375 
4 0.05755208333333333 0.08385416666666666 0.0036458333333333334 0.010416666666666666 
4 0.00078125 0.026822916666666665 0.0046875 0.008854166666666666 
4 0.017447916666666667 0.17083333333333334 0.0036458333333333334 0.009375 
4 0.13229166666666667 0.0546875 0.010416666666666666 0.004166666666666667 
4 0.06770833333333333 0.0375 0.009375 0.004166666666666667 
4 0.071875 0.05651041666666667 0.009375 0.0036458333333333334 
4 0.0625 0.07109375 0.004166666666666667 0.008854166666666666 
3 0.2390625 0.30052083333333335 0.37604166666666666 0.18020833333333333 
13 0.175 0.6770833333333334 0.021875 0.025 
10 0.22552083333333334 0.30442708333333335 0.22916666666666666 0.1109375 
9 0.6510416666666666 0.8278645833333333 0.10208333333333333 0.10052083333333334 
9 0.7427083333333333 0.7208333333333333 0.065625 0.0625 
13 0.7953125 0.06015625 0.029166666666666667 0.028645833333333332 
13 0.95703125 0.33880208333333334 0.0234375 0.022395833333333334 
13 0.9216145833333333 0.18880208333333334 0.013020833333333334 0.018229166666666668 
13 0.94609375 0.14088541666666668 0.0171875 0.025520833333333333 
13 0.7768229166666667 0.24036458333333333 0.015104166666666667 0.0234375 
13 0.7755208333333333 0.1109375 0.016666666666666666 0.023958333333333335 
4 0.012239583333333333 0.30442708333333335 0.008854166666666666 0.0036458333333333334 
4 0.010677083333333334 0.3143229166666667 0.009895833333333333 0.0036458333333333334 
11 0.6908854166666667 0.8716145833333333 0.0109375 0.0109375 
4 0.8494791666666667 0.14817708333333332 0.00625 0.011979166666666667 
4 0.6458333333333334 0.27421875 0.005208333333333333 0.008854166666666666 
4 0.6502604166666667 0.27682291666666664 0.0046875 0.008854166666666666 
4 0.65859375 0.27447916666666666 0.0046875 0.008333333333333333 
4 0.66953125 0.27447916666666666 0.0046875 0.009375 
4 0.6763020833333333 0.27395833333333336 0.0046875 0.009375 
4 0.6809895833333334 0.27447916666666666 0.0036458333333333334 0.009375 
4 0.68515625 0.27421875 0.0046875 0.008854166666666666 
4 0.6911458333333333 0.27447916666666666 0.005208333333333333 0.009375 
4 0.8734375 0.25078125 0.005208333333333333 0.009895833333333333 
4 0.9828125 0.16276041666666666 0.010416666666666666 0.005729166666666666 
4 0.9880208333333333 0.11953125 0.010416666666666666 0.0036458333333333334 
4 0.9848958333333333 0.09296875 0.010416666666666666 0.0046875 
4 0.98359375 0.04505208333333333 0.009895833333333333 0.0067708333333333336 
4 0.9471354166666667 0.05572916666666667 0.005729166666666666 0.009375 
4 0.8692708333333333 0.20104166666666667 0.005208333333333333 0.011458333333333333 
4 0.8817708333333333 0.17708333333333334 0.011458333333333333 0.005208333333333333 
4 0.8708333333333333 0.146875 0.010416666666666666 0.00625 
4 0.8333333333333334 0.04296875 0.009375 0.0046875 
4 0.8869791666666667 0.09166666666666666 0.008333333333333333 0.004166666666666667 
4 0.6359375 0.27578125 0.004166666666666667 0.0109375 
4 0.93046875 0.2859375 0.009895833333333333 0.005208333333333333 
4 0.9489583333333333 0.28828125 0.008333333333333333 0.0109375 
4 0.6463541666666667 0.29973958333333334 0.005208333333333333 0.008854166666666666 
4 0.671875 0.3341145833333333 0.007291666666666667 0.0078125 
4 0.67265625 0.32786458333333335 0.009895833333333333 0.008854166666666666 
4 0.6713541666666667 0.32135416666666666 0.008333333333333333 0.007291666666666667 
4 0.6713541666666667 0.3151041666666667 0.008333333333333333 0.008333333333333333 
4 0.6739583333333333 0.3104166666666667 0.008333333333333333 0.009375 
4 0.6723958333333333 0.3026041666666667 0.008333333333333333 0.008333333333333333 
4 0.66484375 0.2994791666666667 0.005729166666666666 0.010416666666666666 
4 0.6533854166666667 0.29921875 0.0046875 0.008854166666666666 
4 0.6408854166666667 0.2994791666666667 0.0046875 0.009375 
4 0.9557291666666666 0.29453125 0.004166666666666667 0.008854166666666666 
4 0.6317708333333333 0.30130208333333336 0.004166666666666667 0.008854166666666666 
4 0.62578125 0.3065104166666667 0.0046875 0.009895833333333333 
4 0.7075520833333333 0.403125 0.0036458333333333334 0.009375 
4 0.7075520833333333 0.38671875 0.0036458333333333334 0.009895833333333333 
4 0.9877604166666667 0.36354166666666665 0.008854166666666666 0.004166666666666667 
4 0.9453125 0.31666666666666665 0.00625 0.008333333333333333 
4 0.9450520833333333 0.30625 0.005729166666666666 0.011458333333333333 
4 0.9559895833333333 0.3067708333333333 0.0046875 0.009375 
4 0.8841145833333334 0.07838541666666667 0.009895833333333333 0.005729166666666666 
4 0.7184895833333333 0.15859375 0.0046875 0.009895833333333333 
4 0.6729166666666667 0.3533854166666667 0.009375 0.0078125 
4 0.7390625 0.13854166666666667 0.009375 0.004166666666666667 
4 0.4390625 0.7380208333333333 0.010416666666666666 0.004166666666666667 
4 0.44375 0.7333333333333333 0.007291666666666667 0.004166666666666667 
4 0.3489583333333333 0.7497395833333333 0.005208333333333333 0.009895833333333333 
4 0.4421875 0.7151041666666667 0.009375 0.009375 
4 0.4283854166666667 0.7065104166666667 0.0046875 0.009895833333333333 
4 0.40651041666666665 0.59375 0.0109375 0.004166666666666667 
4 0.40651041666666665 0.58828125 0.008854166666666666 0.0036458333333333334 
4 0.4075520833333333 0.58359375 0.009895833333333333 0.0036458333333333334 
4 0.40703125 0.57890625 0.008854166666666666 0.0036458333333333334 
4 0.40703125 0.5744791666666667 0.009895833333333333 0.004166666666666667 
4 0.40520833333333334 0.56875 0.008333333333333333 0.004166666666666667 
4 0.4046875 0.56328125 0.008333333333333333 0.0036458333333333334 
4 0.40546875 0.55859375 0.008854166666666666 0.0036458333333333334 
4 0.36640625 0.559375 0.009895833333333333 0.004166666666666667 
4 0.37447916666666664 0.5653645833333333 0.011458333333333333 0.0036458333333333334 
4 0.3770833333333333 0.5703125 0.010416666666666666 0.003125 
4 0.37864583333333335 0.57734375 0.010416666666666666 0.0046875 
4 0.37942708333333336 0.5919270833333333 0.0109375 0.0046875 
4 0.37838541666666664 0.5877604166666667 0.0109375 0.0046875 
4 0.4309895833333333 0.7434895833333334 0.0067708333333333336 0.0046875 
4 0.43020833333333336 0.7544270833333333 0.004166666666666667 0.009895833333333333 
4 0.540625 0.68828125 0.009375 0.0046875 
4 0.5260416666666666 0.7390625 0.010416666666666666 0.005208333333333333 
4 0.7182291666666667 0.12578125 0.004166666666666667 0.0109375 
4 0.7171875 0.11380208333333333 0.004166666666666667 0.008854166666666666 
4 0.8453125 0.08541666666666667 0.010416666666666666 0.004166666666666667 
4 0.60546875 0.04921875 0.0067708333333333336 0.009895833333333333 
5 0.5963541666666666 0.06927083333333334 0.005208333333333333 0.013541666666666667 
4 0.6200520833333333 0.07161458333333333 0.0036458333333333334 0.008854166666666666 
4 0.646875 0.0703125 0.003125 0.008333333333333333 
4 0.6549479166666666 0.07109375 0.0036458333333333334 0.008854166666666666 
4 0.2955729166666667 0.87890625 0.009895833333333333 0.0036458333333333334 
4 0.5416666666666666 0.69453125 0.009375 0.0036458333333333334 
4 0.28125 0.8919270833333334 0.00625 0.0109375 
4 0.24661458333333333 0.87578125 0.009895833333333333 0.0046875 
4 0.25442708333333336 0.83125 0.0109375 0.005208333333333333 
4 0.24817708333333333 0.7877604166666666 0.0109375 0.0036458333333333334 
4 0.29270833333333335 0.7864583333333334 0.010416666666666666 0.004166666666666667 
4 0.28020833333333334 0.7963541666666667 0.005208333333333333 0.0125 
4 0.43072916666666666 0.76796875 0.00625 0.008854166666666666 
4 0.5432291666666667 0.7036458333333333 0.009375 0.005208333333333333 
4 0.6721354166666667 0.34609375 0.008854166666666666 0.0078125 
4 0.67265625 0.359375 0.008854166666666666 0.008333333333333333 
4 0.011458333333333333 0.32005208333333335 0.011458333333333333 0.0046875 
5 0.6466145833333333 0.7622395833333333 0.018229166666666668 0.005729166666666666 
4 0.0640625 0.575 0.004166666666666667 0.009375 
4 0.014583333333333334 0.6018229166666667 0.005208333333333333 0.008854166666666666 
4 0.013020833333333334 0.34765625 0.009375 0.0036458333333333334 
4 0.03671875 0.28854166666666664 0.008854166666666666 0.004166666666666667 
4 0.035416666666666666 0.23072916666666668 0.010416666666666666 0.005208333333333333 
4 0.5770833333333333 0.63671875 0.004166666666666667 0.008854166666666666 
4 0.5375 0.6322916666666667 0.011458333333333333 0.010416666666666666 
4 0.60703125 0.73203125 0.0109375 0.0046875 
4 0.12161458333333333 0.6658854166666667 0.005729166666666666 0.0109375 
11 0.7216145833333333 0.8776041666666666 0.0265625 0.027083333333333334 
11 0.7208333333333333 0.8479166666666667 0.027083333333333334 0.028125 
11 0.7221354166666667 0.8166666666666667 0.027604166666666666 0.029166666666666667 
4 0.5192708333333333 0.35963541666666665 0.011458333333333333 0.0067708333333333336 
4 0.8458333333333333 0.88828125 0.010416666666666666 0.005729166666666666 
4 0.95 0.29791666666666666 0.007291666666666667 0.010416666666666666 
4 0.8346354166666666 0.22526041666666666 0.009895833333333333 0.0046875 
4 0.85234375 0.23671875 0.005729166666666666 0.013020833333333334 
4 0.29192708333333334 0.04895833333333333 0.0109375 0.004166666666666667 
4 0.6078125 0.7377604166666667 0.010416666666666666 0.0046875 
5 0.8317708333333333 0.8231770833333333 0.021875 0.0067708333333333336 
4 0.6739583333333333 0.36640625 0.008333333333333333 0.0078125 
4 0.8559895833333333 0.85234375 0.0046875 0.009895833333333333 
4 0.6908854166666667 0.3140625 0.009895833333333333 0.008333333333333333 
4 0.6481770833333333 0.43333333333333335 0.005729166666666666 0.010416666666666666 
4 0.65390625 0.43515625 0.0036458333333333334 0.008854166666666666 
4 0.6588541666666666 0.4359375 0.004166666666666667 0.009375 
4 0.6669270833333333 0.43463541666666666 0.0036458333333333334 0.008854166666666666 
4 0.6734375 0.4361979166666667 0.004166666666666667 0.008854166666666666 
4 0.6963541666666667 0.43411458333333336 0.004166666666666667 0.008854166666666666 
4 0.7580729166666667 0.43984375 0.009895833333333333 0.0046875 
4 0.64375 0.4075520833333333 0.004166666666666667 0.008854166666666666 
4 0.6497395833333334 0.4088541666666667 0.0036458333333333334 0.008333333333333333 
4 0.65546875 0.4080729166666667 0.005729166666666666 0.008854166666666666 
4 0.66171875 0.4078125 0.0046875 0.010416666666666666 
4 0.6752604166666667 0.4109375 0.008854166666666666 0.008333333333333333 
4 0.6755208333333333 0.4049479166666667 0.010416666666666666 0.008854166666666666 
4 0.67421875 0.39765625 0.008854166666666666 0.008854166666666666 
4 0.6739583333333333 0.39140625 0.009375 0.008854166666666666 
4 0.6736979166666667 0.3846354166666667 0.008854166666666666 0.008854166666666666 
4 0.6744791666666666 0.3802083333333333 0.008333333333333333 0.008333333333333333 
4 0.6731770833333334 0.3723958333333333 0.0078125 0.007291666666666667 
4 0.6934895833333333 0.31953125 0.008854166666666666 0.0078125 
4 0.6924479166666667 0.3263020833333333 0.009895833333333333 0.0078125 
4 0.69296875 0.33177083333333335 0.0109375 0.008333333333333333 
4 0.6940104166666666 0.40260416666666665 0.008854166666666666 0.007291666666666667 
4 0.8466145833333333 0.8294270833333334 0.0046875 0.009895833333333333 
4 0.73515625 0.7583333333333333 0.0109375 0.00625 
4 0.8627604166666667 0.7098958333333333 0.005729166666666666 0.011458333333333333 
4 0.9591145833333333 0.6268229166666667 0.0109375 0.005729166666666666 
4 0.9729166666666667 0.6317708333333333 0.00625 0.010416666666666666 
4 0.98125 0.6239583333333333 0.010416666666666666 0.005208333333333333 
4 0.96875 0.5802083333333333 0.010416666666666666 0.00625 
4 0.7255208333333333 0.47161458333333334 0.00625 0.0109375 
4 0.6947916666666667 0.39609375 0.009375 0.0067708333333333336 
4 0.69375 0.3377604166666667 0.008333333333333333 0.008854166666666666 
4 0.6947916666666667 0.38984375 0.009375 0.0078125 
4 0.6953125 0.38229166666666664 0.008333333333333333 0.008333333333333333 
4 0.6950520833333333 0.3765625 0.008854166666666666 0.008333333333333333 
4 0.6947916666666667 0.36953125 0.008333333333333333 0.0078125 
4 0.69296875 0.3653645833333333 0.008854166666666666 0.0078125 
4 0.6932291666666667 0.35833333333333334 0.008333333333333333 0.008333333333333333 
4 0.69453125 0.3515625 0.008854166666666666 0.008333333333333333 
4 0.6947916666666667 0.34401041666666665 0.008333333333333333 0.0078125 
4 0.38828125 0.66328125 0.0067708333333333336 0.0109375 
4 0.3143229166666667 0.6403645833333333 0.009895833333333333 0.0067708333333333336 
4 0.3033854166666667 0.64140625 0.009895833333333333 0.0046875 
4 0.14270833333333333 0.6127604166666667 0.009375 0.0036458333333333334 
4 0.01640625 0.5765625 0.0036458333333333334 0.008333333333333333 
4 0.027604166666666666 0.5765625 0.005208333333333333 0.010416666666666666 
4 0.036458333333333336 0.5763020833333333 0.003125 0.0078125 
4 0.04244791666666667 0.5755208333333334 0.0036458333333333334 0.008333333333333333 
4 0.04739583333333333 0.5760416666666667 0.003125 0.008333333333333333 
4 0.05286458333333333 0.57578125 0.0046875 0.008854166666666666 
4 0.058854166666666666 0.575 0.004166666666666667 0.009375 
4 0.06848958333333334 0.57578125 0.0036458333333333334 0.009895833333333333 
4 0.0734375 0.5760416666666667 0.004166666666666667 0.008333333333333333 
4 0.07942708333333333 0.5916666666666667 0.008854166666666666 0.004166666666666667 
4 0.07890625 0.5859375 0.008854166666666666 0.004166666666666667 
4 0.03854166666666667 0.6158854166666666 0.008333333333333333 0.0046875 
4 0.08776041666666666 0.6140625 0.008854166666666666 0.004166666666666667 
4 0.10104166666666667 0.6143229166666667 0.009375 0.0036458333333333334 
4 0.002864583333333333 0.5833333333333334 0.009895833333333333 0.00625 
4 0.04114583333333333 0.6013020833333333 0.004166666666666667 0.009895833333333333 
4 0.12942708333333333 0.6130208333333333 0.009895833333333333 0.004166666666666667 
4 0.13932291666666666 0.6315104166666666 0.0109375 0.0046875 
4 0.20494791666666667 0.6442708333333333 0.0067708333333333336 0.008333333333333333 
4 0.03958333333333333 0.4002604166666667 0.009375 0.0036458333333333334 
4 0.035416666666666666 0.26067708333333334 0.009375 0.0036458333333333334 
4 0.0359375 0.25546875 0.009375 0.0036458333333333334 
4 0.035416666666666666 0.24557291666666667 0.008333333333333333 0.0036458333333333334 
4 0.03463541666666667 0.240625 0.008854166666666666 0.003125 
4 0.01484375 0.4088541666666667 0.009895833333333333 0.005208333333333333 
4 0.015104166666666667 0.4200520833333333 0.010416666666666666 0.0046875 
4 0.015104166666666667 0.40260416666666665 0.010416666666666666 0.005208333333333333 
4 0.0140625 0.3927083333333333 0.009375 0.003125 
4 0.0140625 0.3875 0.009375 0.004166666666666667 
4 0.014583333333333334 0.38203125 0.010416666666666666 0.0036458333333333334 
4 0.013541666666666667 0.3765625 0.009375 0.004166666666666667 
4 0.014583333333333334 0.36796875 0.010416666666666666 0.0046875 
4 0.01328125 0.36223958333333334 0.008854166666666666 0.0026041666666666665 
4 0.012760416666666666 0.3575520833333333 0.009895833333333333 0.0036458333333333334 
4 0.0125 0.35208333333333336 0.009375 0.004166666666666667 
4 0.013020833333333334 0.34348958333333335 0.009375 0.0036458333333333334 
4 0.012760416666666666 0.3377604166666667 0.009895833333333333 0.0046875 
4 0.011979166666666667 0.33229166666666665 0.010416666666666666 0.004166666666666667 
4 0.011458333333333333 0.32760416666666664 0.010416666666666666 0.004166666666666667 
4 0.036458333333333336 0.26640625 0.010416666666666666 0.0046875 
4 0.0359375 0.27369791666666665 0.009375 0.0036458333333333334 
4 0.036458333333333336 0.28411458333333334 0.009375 0.0036458333333333334 
4 0.037760416666666664 0.34713541666666664 0.009895833333333333 0.0036458333333333334 
4 0.03958333333333333 0.39557291666666666 0.008333333333333333 0.0036458333333333334 
4 0.03958333333333333 0.3859375 0.009375 0.005208333333333333 
4 0.040364583333333336 0.3807291666666667 0.009895833333333333 0.004166666666666667 
4 0.04010416666666667 0.37526041666666665 0.010416666666666666 0.0046875 
4 0.038802083333333334 0.36770833333333336 0.009895833333333333 0.004166666666666667 
4 0.03854166666666667 0.3619791666666667 0.009375 0.004166666666666667 
4 0.03854166666666667 0.35703125 0.010416666666666666 0.0036458333333333334 
4 0.03802083333333333 0.35234375 0.009375 0.0036458333333333334 
4 0.03828125 0.34270833333333334 0.008854166666666666 0.003125 
4 0.03723958333333333 0.29348958333333336 0.008854166666666666 0.0036458333333333334 
4 0.03854166666666667 0.3375 0.008333333333333333 0.003125 
4 0.03828125 0.3328125 0.009895833333333333 0.004166666666666667 
4 0.03802083333333333 0.32734375 0.009375 0.0036458333333333334 
4 0.037760416666666664 0.31979166666666664 0.009895833333333333 0.004166666666666667 
4 0.0375 0.3140625 0.009375 0.003125 
4 0.03723958333333333 0.30833333333333335 0.008854166666666666 0.004166666666666667 
4 0.03671875 0.30364583333333334 0.008854166666666666 0.003125 
4 0.03697916666666667 0.2986979166666667 0.008333333333333333 0.0036458333333333334 
4 0.0359375 0.6015625 0.004166666666666667 0.009375 
4 0.030208333333333334 0.6018229166666667 0.004166666666666667 0.009895833333333333 
4 0.025260416666666667 0.6015625 0.0036458333333333334 0.009375 
4 0.0203125 0.6018229166666667 0.004166666666666667 0.008854166666666666 
4 0.12682291666666667 0.8911458333333333 0.0046875 0.009375 
4 0.13515625 0.8783854166666667 0.008854166666666666 0.0046875 
4 0.14088541666666668 0.8736979166666666 0.009895833333333333 0.0046875 
4 0.12708333333333333 0.8640625 0.008333333333333333 0.009375 
4 0.12604166666666666 0.8513020833333333 0.004166666666666667 0.009895833333333333 
4 0.14036458333333332 0.8338541666666667 0.008854166666666666 0.004166666666666667 
4 0.08854166666666667 0.8309895833333333 0.009375 0.0046875 
4 0.08854166666666667 0.7927083333333333 0.009375 0.004166666666666667 
4 0.08515625 0.7052083333333333 0.009895833333333333 0.004166666666666667 
4 0.13802083333333334 0.78984375 0.009375 0.0036458333333333334 
4 0.13854166666666667 0.7481770833333333 0.009375 0.0036458333333333334 
4 0.13984375 0.7427083333333333 0.009895833333333333 0.004166666666666667 
4 0.13984375 0.7010416666666667 0.0109375 0.005208333333333333 
4 0.53828125 0.037760416666666664 0.0109375 0.0036458333333333334 
4 0.46380208333333334 0.05911458333333333 0.0036458333333333334 0.009895833333333333 
4 0.45703125 0.05963541666666667 0.0067708333333333336 0.0109375 
4 0.5192708333333333 0.34869791666666666 0.011458333333333333 0.0046875 
4 0.20963541666666666 0.6416666666666667 0.0067708333333333336 0.008333333333333333 
4 0.17786458333333333 0.6536458333333334 0.005729166666666666 0.009375 
4 0.17890625 0.6421875 0.0036458333333333334 0.008333333333333333 
4 0.18463541666666666 0.6119791666666666 0.009895833333333333 0.004166666666666667 
4 0.20911458333333333 0.6106770833333334 0.008854166666666666 0.0036458333333333334 
4 0.22395833333333334 0.6109375 0.010416666666666666 0.004166666666666667 
4 0.24557291666666667 0.6096354166666667 0.0078125 0.0036458333333333334 
4 0.33932291666666664 0.6078125 0.011979166666666667 0.004166666666666667 
4 0.46822916666666664 0.3 0.004166666666666667 0.008333333333333333 
4 0.3692708333333333 0.15859375 0.003125 0.0109375 
4 0.47291666666666665 0.30390625 0.00625 0.011979166666666667 
4 0.47942708333333334 0.30494791666666665 0.0046875 0.009895833333333333 
4 0.4778645833333333 0.29192708333333334 0.0036458333333333334 0.0078125 
4 0.4786458333333333 0.28151041666666665 0.004166666666666667 0.008854166666666666 
4 0.22213541666666667 0.19244791666666666 0.0109375 0.0036458333333333334 
4 0.32083333333333336 0.16614583333333333 0.004166666666666667 0.009375 
4 0.45234375 0.1578125 0.0046875 0.009375 
4 0.45755208333333336 0.15729166666666666 0.0046875 0.009375 
4 0.14973958333333334 0.6510416666666666 0.009895833333333333 0.007291666666666667 
4 0.075 0.6596354166666667 0.008333333333333333 0.0067708333333333336 
4 0.07395833333333333 0.6544270833333333 0.008333333333333333 0.0067708333333333336 
4 0.004427083333333333 0.6028645833333334 0.0036458333333333334 0.008854166666666666 
4 0.009635416666666667 0.6015625 0.0036458333333333334 0.008333333333333333 
4 0.03854166666666667 0.6346354166666667 0.010416666666666666 0.0046875 
