4 0.9061604584527221 0.13652073732718895 0.0071633237822349575 0.010368663594470046 
4 0.8359598853868195 0.4665898617511521 0.015759312320916905 0.004608294930875576 
4 0.833810888252149 0.5080645161290323 0.011461318051575931 0.004608294930875576 
4 0.833810888252149 0.4976958525345622 0.014326647564469915 0.004608294930875576 
4 0.8330945558739254 0.4867511520737327 0.012893982808022923 0.0034562211981566822 
4 0.8631805157593123 0.47580645161290325 0.004297994269340974 0.01152073732718894 
4 0.8789398280802292 0.4671658986175115 0.015759312320916905 0.012672811059907835 
4 0.8904011461318052 0.46774193548387094 0.012893982808022923 0.01152073732718894 
4 0.9097421203438395 0.46889400921658986 0.014326647564469915 0.01152073732718894 
4 0.9197707736389685 0.4665898617511521 0.014326647564469915 0.013824884792626729 
4 0.9276504297994269 0.4665898617511521 0.012893982808022923 0.01152073732718894 
4 0.8345272206303725 0.47235023041474655 0.012893982808022923 0.004608294930875576 
4 0.8345272206303725 0.4619815668202765 0.015759312320916905 0.004608294930875576 
4 0.6726361031518625 0.7206221198156681 0.004297994269340974 0.010368663594470046 
4 0.8359598853868195 0.45622119815668205 0.012893982808022923 0.004608294930875576 
4 0.835243553008596 0.44930875576036866 0.014326647564469915 0.004608294930875576 
4 0.833810888252149 0.4435483870967742 0.011461318051575931 0.004608294930875576 
4 0.832378223495702 0.3980414746543779 0.017191977077363897 0.00576036866359447 
4 0.833810888252149 0.38997695852534564 0.014326647564469915 0.00576036866359447 
4 0.833810888252149 0.3824884792626728 0.014326647564469915 0.0069124423963133645 
4 0.8345272206303725 0.3773041474654378 0.015759312320916905 0.00576036866359447 
4 0.835243553008596 0.3715437788018433 0.014326647564469915 0.00576036866359447 
4 0.835243553008596 0.3640552995391705 0.014326647564469915 0.004608294930875576 
4 0.8359598853868195 0.358294930875576 0.012893982808022923 0.004608294930875576 
4 0.8653295128939829 0.5172811059907834 0.008595988538681949 0.01152073732718894 
4 0.832378223495702 0.5207373271889401 0.014326647564469915 0.004608294930875576 
4 0.8316618911174785 0.5264976958525346 0.012893982808022923 0.004608294930875576 
4 0.832378223495702 0.538594470046083 0.014326647564469915 0.0034562211981566822 
4 0.6518624641833811 0.7983870967741935 0.0057306590257879654 0.009216589861751152 
4 0.6160458452722063 0.7874423963133641 0.0057306590257879654 0.010368663594470046 
4 0.6640401146131805 0.7471198156682027 0.0071633237822349575 0.010368663594470046 
4 0.6862464183381088 0.7188940092165899 0.0057306590257879654 0.01152073732718894 
4 0.5759312320916905 0.7839861751152074 0.014326647564469915 0.00576036866359447 
4 0.5752148997134671 0.7183179723502304 0.012893982808022923 0.00576036866359447 
4 0.22994269340974213 0.966589861751152 0.01002865329512894 0.009216589861751152 
4 0.29011461318051573 0.9038018433179723 0.0071633237822349575 0.010368663594470046 
4 0.29656160458452724 0.8836405529953917 0.008595988538681949 0.01152073732718894 
4 0.29083094555873923 0.8548387096774194 0.008595988538681949 0.01152073732718894 
4 0.2994269340974212 0.8519585253456221 0.0057306590257879654 0.010368663594470046 
4 0.29369627507163326 0.8352534562211982 0.0057306590257879654 0.01152073732718894 
4 0.2979942693409742 0.8076036866359447 0.0057306590257879654 0.01152073732718894 
4 0.2987106017191977 0.7839861751152074 0.0071633237822349575 0.010368663594470046 
4 0.3159025787965616 0.7644009216589862 0.0071633237822349575 0.012672811059907835 
4 0.2987106017191977 0.756336405529954 0.0071633237822349575 0.012672811059907835 
4 0.31017191977077363 0.7211981566820277 0.0071633237822349575 0.01152073732718894 
4 0.28868194842406875 0.6802995391705069 0.004297994269340974 0.010368663594470046 
4 0.3037249283667622 0.6751152073732719 0.0057306590257879654 0.01152073732718894 
4 0.832378223495702 0.5570276497695853 0.017191977077363897 0.00576036866359447 
4 0.8316618911174785 0.5460829493087558 0.012893982808022923 0.004608294930875576 
4 0.8904011461318052 0.4337557603686636 0.0071633237822349575 0.012672811059907835 
4 0.8997134670487106 0.434331797235023 0.008595988538681949 0.01152073732718894 
4 0.9090257879656161 0.4349078341013825 0.0071633237822349575 0.012672811059907835 
4 0.29727793696275073 0.5910138248847926 0.0071633237822349575 0.013824884792626729 
4 0.29727793696275073 0.5702764976958525 0.004297994269340974 0.01152073732718894 
4 0.10744985673352435 0.41244239631336405 0.0057306590257879654 0.01152073732718894 
4 0.2815186246418338 0.565668202764977 0.0071633237822349575 0.01152073732718894 
4 0.36891117478510027 0.5236175115207373 0.012893982808022923 0.00576036866359447 
4 0.3151862464183381 0.2523041474654378 0.0057306590257879654 0.009216589861751152 
4 0.09240687679083094 0.4118663594470046 0.0071633237822349575 0.012672811059907835 
4 0.09670487106017192 0.3847926267281106 0.004297994269340974 0.009216589861751152 
5 0.30587392550143266 0.33352534562211983 0.0071633237822349575 0.014976958525345621 
4 0.29369627507163326 0.14861751152073732 0.008595988538681949 0.01152073732718894 
4 0.3545845272206304 0.13652073732718895 0.012893982808022923 0.00576036866359447 
4 0.3524355300859599 0.10023041474654378 0.014326647564469915 0.004608294930875576 
4 0.5279369627507163 0.14919354838709678 0.0071633237822349575 0.010368663594470046 
4 0.5243553008595988 0.09619815668202765 0.0057306590257879654 0.010368663594470046 
4 0.5207736389684814 0.07200460829493087 0.0071633237822349575 0.010368663594470046 
4 0.5171919770773639 0.04665898617511521 0.0057306590257879654 0.012672811059907835 
4 0.11604584527220631 0.22004608294930875 0.0057306590257879654 0.009216589861751152 
4 0.2607449856733524 0.0944700460829493 0.011461318051575931 0.01152073732718894 
4 0.09742120343839542 0.12384792626728111 0.011461318051575931 0.010368663594470046 
4 0.0651862464183381 0.12327188940092165 0.01002865329512894 0.009216589861751152 
3 0.6174785100286533 0.4665898617511521 0.41260744985673353 0.24193548387096775 
10 0.6181948424068768 0.44585253456221197 0.29369627507163326 0.11059907834101383 
4 0.2815186246418338 0.6042626728110599 0.004297994269340974 0.010368663594470046 
4 0.2979942693409742 0.6117511520737328 0.0057306590257879654 0.013824884792626729 
4 0.9262177650429799 0.43836405529953915 0.0071633237822349575 0.010368663594470046 
4 0.2822349570200573 0.6290322580645161 0.0057306590257879654 0.01152073732718894 
4 0.9469914040114613 0.43894009216589863 0.0057306590257879654 0.009216589861751152 
4 0.9534383954154728 0.43894009216589863 0.0071633237822349575 0.01152073732718894 
4 0.9656160458452722 0.4400921658986175 0.0057306590257879654 0.009216589861751152 
4 0.9305157593123209 0.31797235023041476 0.012893982808022923 0.004608294930875576 
4 0.9040114613180515 0.25172811059907835 0.0057306590257879654 0.010368663594470046 
4 0.9785100286532952 0.17453917050691245 0.011461318051575931 0.0034562211981566822 
4 0.9412607449856734 0.17338709677419356 0.014326647564469915 0.00576036866359447 
4 0.9262177650429799 0.1728110599078341 0.012893982808022923 0.004608294930875576 
4 0.5093123209169055 0.2782258064516129 0.004297994269340974 0.010368663594470046 
4 0.6525787965616046 0.2528801843317972 0.012893982808022923 0.00576036866359447 
4 0.8481375358166189 0.26152073732718895 0.014326647564469915 0.004608294930875576 
4 0.670487106017192 0.2488479262672811 0.02005730659025788 0.0069124423963133645 
4 0.7177650429799427 0.21313364055299538 0.0057306590257879654 0.009216589861751152 
4 0.7191977077363897 0.18778801843317972 0.0057306590257879654 0.01152073732718894 
4 0.08739255014326648 0.658410138248848 0.0057306590257879654 0.010368663594470046 
4 0.10243553008595989 0.6330645161290323 0.004297994269340974 0.010368663594470046 
4 0.0988538681948424 0.5898617511520737 0.0057306590257879654 0.01152073732718894 
4 0.0830945558739255 0.5748847926267281 0.0057306590257879654 0.009216589861751152 
4 0.11103151862464183 0.5587557603686636 0.012893982808022923 0.004608294930875576 
4 0.0988538681948424 0.5472350230414746 0.0057306590257879654 0.01152073732718894 
4 0.08882521489971347 0.4326036866359447 0.008595988538681949 0.012672811059907835 
4 0.7084527220630372 0.7194700460829493 0.0071633237822349575 0.010368663594470046 
4 0.7414040114613181 0.6912442396313364 0.0071633237822349575 0.009216589861751152 
4 0.3144699140401146 0.27131336405529954 0.0071633237822349575 0.010368663594470046 
4 0.30802292263610315 0.6987327188940092 0.008595988538681949 0.012672811059907835 
4 0.08452722063037249 0.8594470046082949 0.011461318051575931 0.013824884792626729 
4 0.1174785100286533 0.8145161290322581 0.0057306590257879654 0.01152073732718894 
4 0.10458452722063037 0.7983870967741935 0.008595988538681949 0.01152073732718894 
4 0.12034383954154727 0.7943548387096774 0.0057306590257879654 0.010368663594470046 
4 0.10315186246418338 0.7580645161290323 0.008595988538681949 0.01152073732718894 
4 0.11318051575931232 0.7298387096774194 0.0057306590257879654 0.010368663594470046 
4 0.0988538681948424 0.7344470046082949 0.008595988538681949 0.010368663594470046 
4 0.09383954154727794 0.7056451612903226 0.0071633237822349575 0.012672811059907835 
4 0.09097421203438395 0.6826036866359447 0.0071633237822349575 0.010368663594470046 
4 0.08667621776504297 0.6267281105990783 0.0071633237822349575 0.01152073732718894 
4 0.2851002865329513 0.6538018433179723 0.0057306590257879654 0.010368663594470046 
4 0.7901146131805158 0.6912442396313364 0.0071633237822349575 0.009216589861751152 
4 0.2356733524355301 0.5328341013824884 0.012893982808022923 0.00576036866359447 
4 0.251432664756447 0.5213133640552995 0.012893982808022923 0.00576036866359447 
4 0.23209169054441262 0.5213133640552995 0.014326647564469915 0.00576036866359447 
4 0.2922636103151863 0.41013824884792627 0.008595988538681949 0.01152073732718894 
4 0.29512893982808025 0.38536866359447003 0.0057306590257879654 0.010368663594470046 
4 0.3123209169054441 0.21658986175115208 0.008595988538681949 0.01152073732718894 
4 0.06948424068767908 0.14573732718894009 0.012893982808022923 0.010368663594470046 
4 0.9613180515759312 0.7258064516129032 0.0057306590257879654 0.009216589861751152 
4 0.8982808022922636 0.7811059907834101 0.0057306590257879654 0.01152073732718894 
4 0.9355300859598854 0.7102534562211982 0.014326647564469915 0.00576036866359447 
4 0.7206303724928367 0.7851382488479263 0.0057306590257879654 0.010368663594470046 
4 0.7070200573065902 0.7995391705069125 0.0071633237822349575 0.01152073732718894 
4 0.7349570200573066 0.7597926267281107 0.0057306590257879654 0.010368663594470046 
4 0.7406876790830945 0.7586405529953917 0.0057306590257879654 0.008064516129032258 
4 0.9670487106017192 0.4740783410138249 0.014326647564469915 0.010368663594470046 
4 0.9584527220630372 0.47465437788018433 0.011461318051575931 0.009216589861751152 
4 0.9484240687679083 0.47580645161290325 0.011461318051575931 0.009216589861751152 
4 0.9376790830945558 0.4763824884792627 0.012893982808022923 0.008064516129032258 
4 0.8767908309455588 0.472926267281106 0.011461318051575931 0.008064516129032258 
4 0.9004297994269341 0.4763824884792627 0.012893982808022923 0.010368663594470046 
4 0.9555873925501432 0.4642857142857143 0.011461318051575931 0.009216589861751152 
4 0.9269340974212035 0.6163594470046083 0.014326647564469915 0.0069124423963133645 
4 0.9376790830945558 0.6716589861751152 0.012893982808022923 0.004608294930875576 
4 0.9362464183381088 0.7235023041474654 0.012893982808022923 0.0069124423963133645 
4 0.9355300859598854 0.7540322580645161 0.011461318051575931 0.00576036866359447 
4 0.9677650429799427 0.7667050691244239 0.0071633237822349575 0.010368663594470046 
4 0.9355300859598854 0.7701612903225806 0.011461318051575931 0.00576036866359447 
4 0.9355300859598854 0.8191244239631337 0.011461318051575931 0.004608294930875576 
4 0.9319484240687679 0.8796082949308756 0.012893982808022923 0.00576036866359447 
4 0.16189111747851004 0.9112903225806451 0.011461318051575931 0.01152073732718894 
4 0.15257879656160458 0.8761520737327189 0.012893982808022923 0.008064516129032258 
4 0.7406876790830945 0.7459677419354839 0.0057306590257879654 0.008064516129032258 
4 0.7564469914040115 0.7476958525345622 0.0057306590257879654 0.009216589861751152 
4 0.7550143266475645 0.7574884792626728 0.0057306590257879654 0.008064516129032258 
4 0.7478510028653295 0.7569124423963134 0.0057306590257879654 0.009216589861751152 
4 0.9634670487106017 0.6883640552995391 0.0071633237822349575 0.012672811059907835 
4 0.9376790830945558 0.684331797235023 0.012893982808022923 0.004608294930875576 
4 0.9369627507163324 0.7004608294930875 0.011461318051575931 0.004608294930875576 
4 0.7328080229226361 0.9452764976958525 0.004297994269340974 0.010368663594470046 
4 0.5931232091690545 0.9354838709677419 0.008595988538681949 0.01152073732718894 
4 0.8187679083094556 0.8784562211981567 0.012893982808022923 0.00576036866359447 
4 0.8202005730659025 0.8577188940092166 0.012893982808022923 0.00576036866359447 
4 0.8223495702005731 0.8467741935483871 0.014326647564469915 0.004608294930875576 
4 0.8202005730659025 0.8398617511520737 0.012893982808022923 0.004608294930875576 
4 0.7829512893982808 0.8266129032258065 0.0071633237822349575 0.010368663594470046 
4 0.7686246418338109 0.826036866359447 0.0071633237822349575 0.009216589861751152 
4 0.7206303724928367 0.8243087557603687 0.0057306590257879654 0.010368663594470046 
4 0.7005730659025788 0.7868663594470046 0.0057306590257879654 0.01152073732718894 
4 0.7077363896848138 0.7868663594470046 0.0057306590257879654 0.01152073732718894 
4 0.7277936962750716 0.7857142857142857 0.0057306590257879654 0.009216589861751152 
4 0.7414040114613181 0.7868663594470046 0.004297994269340974 0.009216589861751152 
4 0.7550143266475645 0.7862903225806451 0.0057306590257879654 0.010368663594470046 
4 0.7263610315186246 0.7476958525345622 0.0057306590257879654 0.01152073732718894 
4 0.6941260744985673 0.7597926267281107 0.0071633237822349575 0.010368663594470046 
4 0.7693409742120344 0.7476958525345622 0.008595988538681949 0.01152073732718894 
4 0.7765042979942693 0.7597926267281107 0.0057306590257879654 0.010368663594470046 
4 0.7765042979942693 0.7471198156682027 0.0057306590257879654 0.010368663594470046 
4 0.7786532951289399 0.7200460829493087 0.0071633237822349575 0.01152073732718894 
4 0.7571633237822349 0.7217741935483871 0.0071633237822349575 0.012672811059907835 
4 0.7435530085959885 0.7206221198156681 0.0057306590257879654 0.010368663594470046 
4 0.6740687679083095 0.9550691244239631 0.0071633237822349575 0.009216589861751152 
4 0.7693409742120344 0.9556451612903226 0.0057306590257879654 0.010368663594470046 
4 0.9362464183381088 0.7298387096774194 0.015759312320916905 0.00576036866359447 
4 0.8166189111747851 0.9786866359447005 0.011461318051575931 0.00576036866359447 
4 0.9340974212034384 0.777073732718894 0.011461318051575931 0.00576036866359447 
4 0.9326647564469914 0.831221198156682 0.011461318051575931 0.00576036866359447 
4 0.9326647564469914 0.8565668202764977 0.011461318051575931 0.00576036866359447 
4 0.9326647564469914 0.8663594470046083 0.014326647564469915 0.004608294930875576 
4 0.9326647564469914 0.8859447004608295 0.014326647564469915 0.004608294930875576 
4 0.9054441260744985 0.8744239631336406 0.0057306590257879654 0.009216589861751152 
4 0.9663323782234957 0.7540322580645161 0.0071633237822349575 0.012672811059907835 
4 0.9656160458452722 0.8335253456221198 0.0057306590257879654 0.010368663594470046 
4 0.9648997134670487 0.8796082949308756 0.0071633237822349575 0.010368663594470046 
4 0.9326647564469914 0.8928571428571429 0.014326647564469915 0.004608294930875576 
4 0.9326647564469914 0.8980414746543779 0.011461318051575931 0.0034562211981566822 
4 0.9312320916905444 0.9089861751152074 0.011461318051575931 0.004608294930875576 
4 0.9319484240687679 0.9158986175115207 0.015759312320916905 0.004608294930875576 
4 0.9340974212034384 0.934331797235023 0.014326647564469915 0.004608294930875576 
4 0.9634670487106017 0.9210829493087558 0.0071633237822349575 0.010368663594470046 
4 0.9498567335243553 0.9608294930875576 0.0057306590257879654 0.01152073732718894 
4 0.9283667621776505 0.9758064516129032 0.011461318051575931 0.004608294930875576 
4 0.9290830945558739 0.9832949308755761 0.012893982808022923 0.0034562211981566822 
4 0.9620343839541547 0.9827188940092166 0.004297994269340974 0.009216589861751152 
4 0.6962750716332379 0.9838709677419355 0.0057306590257879654 0.009216589861751152 
4 0.8166189111747851 0.9890552995391705 0.014326647564469915 0.00576036866359447 
1 0.7055873925501432 0.5161290322580645 0.13896848137535817 0.10138248847926268 
