4 0.19609375 0.17421875 0.0036458333333333334 0.008854166666666666 
4 0.17760416666666667 0.52578125 0.0125 0.0046875 
4 0.29661458333333335 0.25286458333333334 0.005729166666666666 0.008854166666666666 
4 0.2911458333333333 0.24869791666666666 0.004166666666666667 0.0078125 
4 0.2864583333333333 0.24921875 0.003125 0.008854166666666666 
4 0.27630208333333334 0.2640625 0.0046875 0.008333333333333333 
4 0.27760416666666665 0.25338541666666664 0.004166666666666667 0.009895833333333333 
4 0.18203125 0.18880208333333334 0.009895833333333333 0.0046875 
4 0.18020833333333333 0.14583333333333334 0.009375 0.004166666666666667 
4 0.14166666666666666 0.16510416666666666 0.004166666666666667 0.010416666666666666 
4 0.19635416666666666 0.8466145833333333 0.008333333333333333 0.0046875 
4 0.20390625 0.7979166666666667 0.009895833333333333 0.004166666666666667 
4 0.19244791666666666 0.79765625 0.008854166666666666 0.0046875 
4 0.03515625 0.8872395833333333 0.005729166666666666 0.008854166666666666 
4 0.24973958333333332 0.8002604166666667 0.0109375 0.0036458333333333334 
4 0.10963541666666667 0.8830729166666667 0.009895833333333333 0.005729166666666666 
4 0.022135416666666668 0.9713541666666666 0.009895833333333333 0.004166666666666667 
4 0.009635416666666667 0.9716145833333333 0.009895833333333333 0.0036458333333333334 
4 0.1671875 0.5572916666666666 0.004166666666666667 0.010416666666666666 
4 0.03307291666666667 0.9 0.008854166666666666 0.004166666666666667 
4 0.17317708333333334 0.5583333333333333 0.0046875 0.009375 
4 0.16015625 0.54921875 0.0026041666666666665 0.008854166666666666 
4 0.43203125 0.39739583333333334 0.008854166666666666 0.003125 
4 0.38776041666666666 0.39375 0.009895833333333333 0.004166666666666667 
4 0.41692708333333334 0.334375 0.008854166666666666 0.004166666666666667 
4 0.4473958333333333 0.3067708333333333 0.003125 0.009375 
4 0.4427083333333333 0.30625 0.004166666666666667 0.009375 
4 0.43723958333333335 0.3067708333333333 0.0046875 0.010416666666666666 
4 0.4276041666666667 0.30833333333333335 0.005208333333333333 0.008333333333333333 
4 0.38828125 0.47578125 0.009895833333333333 0.0046875 
4 0.3893229166666667 0.46927083333333336 0.008854166666666666 0.003125 
4 0.3890625 0.4640625 0.010416666666666666 0.004166666666666667 
4 0.3885416666666667 0.45677083333333335 0.009375 0.004166666666666667 
4 0.3888020833333333 0.4515625 0.0109375 0.004166666666666667 
4 0.38828125 0.44609375 0.008854166666666666 0.0036458333333333334 
4 0.38828125 0.44088541666666664 0.008854166666666666 0.0036458333333333334 
4 0.38828125 0.43645833333333334 0.008854166666666666 0.004166666666666667 
4 0.3875 0.43125 0.009375 0.004166666666666667 
4 0.3880208333333333 0.4265625 0.009375 0.004166666666666667 
4 0.3875 0.42135416666666664 0.009375 0.004166666666666667 
4 0.38645833333333335 0.415625 0.010416666666666666 0.004166666666666667 
4 0.38723958333333336 0.4088541666666667 0.009895833333333333 0.004166666666666667 
4 0.38828125 0.4036458333333333 0.009895833333333333 0.004166666666666667 
4 0.41640625 0.34375 0.009895833333333333 0.004166666666666667 
4 0.4166666666666667 0.34921875 0.009375 0.0046875 
4 0.4166666666666667 0.35494791666666664 0.009375 0.0046875 
4 0.43020833333333336 0.3346354166666667 0.010416666666666666 0.0046875 
4 0.43307291666666664 0.3875 0.008854166666666666 0.004166666666666667 
4 0.4317708333333333 0.3828125 0.008333333333333333 0.003125 
4 0.4322916666666667 0.3776041666666667 0.010416666666666666 0.004166666666666667 
4 0.43072916666666666 0.37265625 0.009375 0.0036458333333333334 
4 0.4315104166666667 0.36770833333333336 0.009895833333333333 0.004166666666666667 
4 0.43203125 0.3625 0.009895833333333333 0.004166666666666667 
4 0.43020833333333336 0.3450520833333333 0.009375 0.0036458333333333334 
4 0.43020833333333336 0.34010416666666665 0.009375 0.004166666666666667 
4 0.41875 0.4078125 0.008333333333333333 0.004166666666666667 
4 0.41796875 0.36328125 0.009895833333333333 0.0046875 
4 0.41901041666666666 0.403125 0.0078125 0.003125 
4 0.4171875 0.39765625 0.009375 0.0036458333333333334 
4 0.41744791666666664 0.3924479166666667 0.008854166666666666 0.0046875 
4 0.41796875 0.38776041666666666 0.009895833333333333 0.0036458333333333334 
4 0.41796875 0.3828125 0.009895833333333333 0.004166666666666667 
4 0.41822916666666665 0.378125 0.009375 0.004166666666666667 
4 0.41822916666666665 0.3734375 0.010416666666666666 0.003125 
4 0.4171875 0.3684895833333333 0.009375 0.0036458333333333334 
4 0.38723958333333336 0.39817708333333335 0.008854166666666666 0.0036458333333333334 
4 0.38671875 0.38828125 0.009895833333333333 0.0036458333333333334 
4 0.134375 0.6888020833333334 0.009375 0.0046875 
4 0.38645833333333335 0.38333333333333336 0.008333333333333333 0.003125 
4 0.36770833333333336 0.22005208333333334 0.004166666666666667 0.008854166666666666 
4 0.36640625 0.20703125 0.0036458333333333334 0.009895833333333333 
4 0.36640625 0.19557291666666668 0.0046875 0.0109375 
4 0.36614583333333334 0.17734375 0.005208333333333333 0.009895833333333333 
4 0.3341145833333333 0.175 0.009895833333333333 0.00625 
5 0.225 0.7174479166666666 0.020833333333333332 0.0046875 
4 0.3106770833333333 0.7083333333333334 0.008854166666666666 0.005208333333333333 
4 0.2875 0.709375 0.010416666666666666 0.004166666666666667 
4 0.27369791666666665 0.7091145833333333 0.009895833333333333 0.0046875 
4 0.2513020833333333 0.7106770833333333 0.0109375 0.0046875 
4 0.23697916666666666 0.7106770833333333 0.008333333333333333 0.0036458333333333334 
4 0.22578125 0.7109375 0.009895833333333333 0.004166666666666667 
4 0.21197916666666666 0.7106770833333333 0.008333333333333333 0.0046875 
4 0.196875 0.7111979166666667 0.008333333333333333 0.0036458333333333334 
4 0.18385416666666668 0.7122395833333334 0.009375 0.0046875 
4 0.18125 0.7234375 0.010416666666666666 0.005208333333333333 
4 0.13541666666666666 0.7125 0.011458333333333333 0.005208333333333333 
4 0.1328125 0.70078125 0.009375 0.0046875 
4 0.1328125 0.6942708333333333 0.010416666666666666 0.005208333333333333 
4 0.26119791666666664 0.2591145833333333 0.008854166666666666 0.013020833333333334 
4 0.47942708333333334 0.21640625 0.0036458333333333334 0.0109375 
4 0.48723958333333334 0.21640625 0.0046875 0.0109375 
4 0.38567708333333334 0.33489583333333334 0.009895833333333333 0.004166666666666667 
4 0.38671875 0.37734375 0.008854166666666666 0.0036458333333333334 
4 0.3859375 0.3731770833333333 0.009375 0.0046875 
4 0.3859375 0.36796875 0.009375 0.0046875 
4 0.38619791666666664 0.36302083333333335 0.008854166666666666 0.004166666666666667 
4 0.38645833333333335 0.35572916666666665 0.010416666666666666 0.003125 
4 0.38567708333333334 0.3502604166666667 0.008854166666666666 0.0036458333333333334 
4 0.3859375 0.3453125 0.008333333333333333 0.004166666666666667 
4 0.38567708333333334 0.33958333333333335 0.009895833333333333 0.004166666666666667 
4 0.38619791666666664 0.3294270833333333 0.009895833333333333 0.0036458333333333334 
4 0.4778645833333333 0.171875 0.0036458333333333334 0.010416666666666666 
4 0.38645833333333335 0.31953125 0.010416666666666666 0.0036458333333333334 
4 0.4114583333333333 0.11458333333333333 0.00625 0.009375 
4 0.42109375 0.11484375 0.0046875 0.008854166666666666 
4 0.43776041666666665 0.25885416666666666 0.0036458333333333334 0.009375 
4 0.5526041666666667 0.14270833333333333 0.010416666666666666 0.004166666666666667 
4 0.48802083333333335 0.12552083333333333 0.009375 0.004166666666666667 
4 0.4921875 0.14453125 0.009375 0.0036458333333333334 
4 0.4828125 0.15911458333333334 0.004166666666666667 0.008854166666666666 
3 0.659375 0.3885416666666667 0.37604166666666666 0.18020833333333333 
13 0.5953125 0.7651041666666667 0.021875 0.025 
13 0.31145833333333334 0.77265625 0.015625 0.022395833333333334 
13 0.28854166666666664 0.775 0.01875 0.023958333333333335 
13 0.2682291666666667 0.2296875 0.021875 0.025 
10 0.24036458333333333 0.4265625 0.2546875 0.15520833333333334 
10 0.6458333333333334 0.3924479166666667 0.22916666666666666 0.1109375 
4 0.00234375 0.7697916666666667 0.009895833333333333 0.009375 
4 0.010677083333333334 0.7700520833333333 0.009895833333333333 0.008854166666666666 
4 0.018229166666666668 0.7700520833333333 0.009375 0.008854166666666666 
4 0.024739583333333332 0.7674479166666667 0.008854166666666666 0.008854166666666666 
4 0.03333333333333333 0.2869791666666667 0.009375 0.005208333333333333 
4 0.10546875 0.5140625 0.009895833333333333 0.005208333333333333 
5 0.06432291666666666 0.49557291666666664 0.009895833333333333 0.024479166666666666 
4 0.04348958333333333 0.32447916666666665 0.0046875 0.010416666666666666 
4 0.019010416666666665 0.28802083333333334 0.0109375 0.005208333333333333 
4 0.06848958333333334 0.559375 0.005729166666666666 0.010416666666666666 
4 0.0026041666666666665 0.28020833333333334 0.008333333333333333 0.004166666666666667 
4 0.020572916666666666 0.23828125 0.009895833333333333 0.005729166666666666 
4 0.040364583333333336 0.19166666666666668 0.005729166666666666 0.008333333333333333 
4 0.015364583333333333 0.19765625 0.008854166666666666 0.0036458333333333334 
4 0.009895833333333333 0.19322916666666667 0.007291666666666667 0.004166666666666667 
4 0.06770833333333333 0.5455729166666666 0.005208333333333333 0.0109375 
4 0.06901041666666667 0.5755208333333334 0.005729166666666666 0.008333333333333333 
4 0.013541666666666667 0.7239583333333334 0.008333333333333333 0.009375 
4 0.029427083333333333 0.7625 0.009895833333333333 0.010416666666666666 
4 0.0049479166666666664 0.7497395833333333 0.008854166666666666 0.008854166666666666 
4 0.011197916666666667 0.7372395833333333 0.008854166666666666 0.0078125 
4 0.011979166666666667 0.7307291666666667 0.009375 0.008333333333333333 
4 0.03229166666666667 0.73359375 0.009375 0.009895833333333333 
4 0.06927083333333334 0.5979166666666667 0.004166666666666667 0.010416666666666666 
4 0.0109375 0.7153645833333333 0.008333333333333333 0.008854166666666666 
4 0.05416666666666667 0.77109375 0.00625 0.008854166666666666 
4 0.03229166666666667 0.7140625 0.009375 0.009375 
4 0.03333333333333333 0.7065104166666667 0.009375 0.0078125 
4 0.030989583333333334 0.70078125 0.008854166666666666 0.009895833333333333 
4 0.0703125 0.65859375 0.004166666666666667 0.008854166666666666 
4 0.06927083333333334 0.621875 0.004166666666666667 0.007291666666666667 
4 0.07005208333333333 0.6106770833333334 0.0046875 0.009895833333333333 
4 0.43255208333333334 0.3924479166666667 0.008854166666666666 0.0036458333333333334 
4 0.4309895833333333 0.40234375 0.009895833333333333 0.0036458333333333334 
4 0.859375 0.8260416666666667 0.010416666666666666 0.004166666666666667 
4 0.8640625 0.8213541666666667 0.007291666666666667 0.004166666666666667 
4 0.7692708333333333 0.8377604166666667 0.005208333333333333 0.009895833333333333 
4 0.8625 0.803125 0.009375 0.009375 
4 0.8486979166666667 0.79453125 0.0046875 0.009895833333333333 
4 0.8268229166666666 0.6817708333333333 0.0109375 0.004166666666666667 
4 0.8268229166666666 0.6763020833333333 0.008854166666666666 0.0036458333333333334 
4 0.8278645833333333 0.6716145833333333 0.009895833333333333 0.0036458333333333334 
4 0.82734375 0.6669270833333333 0.008854166666666666 0.0036458333333333334 
4 0.82734375 0.6625 0.009895833333333333 0.004166666666666667 
4 0.8255208333333334 0.6567708333333333 0.008333333333333333 0.004166666666666667 
4 0.825 0.6513020833333333 0.008333333333333333 0.0036458333333333334 
4 0.82578125 0.6466145833333333 0.008854166666666666 0.0036458333333333334 
4 0.78671875 0.6473958333333333 0.009895833333333333 0.004166666666666667 
4 0.7947916666666667 0.6533854166666667 0.011458333333333333 0.0036458333333333334 
4 0.7973958333333333 0.6583333333333333 0.010416666666666666 0.003125 
4 0.7989583333333333 0.6653645833333334 0.010416666666666666 0.0046875 
4 0.7997395833333333 0.6799479166666667 0.0109375 0.0046875 
4 0.7986979166666667 0.67578125 0.0109375 0.0046875 
4 0.8513020833333333 0.8315104166666667 0.0067708333333333336 0.0046875 
4 0.8505208333333333 0.8424479166666666 0.004166666666666667 0.009895833333333333 
4 0.9609375 0.7763020833333333 0.009375 0.0046875 
4 0.9463541666666667 0.8270833333333333 0.010416666666666666 0.005208333333333333 
4 0.7158854166666667 0.9669270833333333 0.009895833333333333 0.0036458333333333334 
4 0.9619791666666667 0.7825520833333334 0.009375 0.0036458333333333334 
4 0.7015625 0.9799479166666667 0.00625 0.0109375 
4 0.6669270833333333 0.9638020833333333 0.009895833333333333 0.0046875 
4 0.6747395833333333 0.9192708333333334 0.0109375 0.005208333333333333 
4 0.6684895833333333 0.87578125 0.0109375 0.0036458333333333334 
4 0.7130208333333333 0.8744791666666667 0.010416666666666666 0.004166666666666667 
4 0.7005208333333334 0.884375 0.005208333333333333 0.0125 
4 0.8510416666666667 0.8559895833333333 0.00625 0.008854166666666666 
4 0.9635416666666666 0.7916666666666666 0.009375 0.005208333333333333 
4 0.4317708333333333 0.4080729166666667 0.011458333333333333 0.0046875 
4 0.2526041666666667 0.97421875 0.008333333333333333 0.005729166666666666 
4 0.38828125 0.8216145833333334 0.0046875 0.009895833333333333 
4 0.484375 0.6630208333333333 0.004166666666666667 0.009375 
4 0.4348958333333333 0.68984375 0.005208333333333333 0.008854166666666666 
4 0.2674479166666667 0.6942708333333333 0.0046875 0.009375 
4 0.2625 0.69375 0.004166666666666667 0.009375 
4 0.43333333333333335 0.4356770833333333 0.009375 0.0036458333333333334 
4 0.45703125 0.3765625 0.008854166666666666 0.004166666666666667 
4 0.4557291666666667 0.31875 0.010416666666666666 0.005208333333333333 
4 0.22630208333333332 0.17421875 0.008854166666666666 0.0046875 
4 0.9973958333333334 0.7247395833333333 0.004166666666666667 0.008854166666666666 
4 0.9578125 0.7203125 0.011458333333333333 0.010416666666666666 
4 0.0921875 0.9578125 0.009375 0.004166666666666667 
4 0.09348958333333333 0.89140625 0.0109375 0.0046875 
4 0.5419270833333333 0.75390625 0.005729166666666666 0.0109375 
7 0.024739583333333332 0.5518229166666667 0.018229166666666668 0.0359375 
7 0.005729166666666666 0.55234375 0.017708333333333333 0.034895833333333334 
4 0.37135416666666665 0.9078125 0.004166666666666667 0.009375 
4 0.9395833333333333 0.44765625 0.011458333333333333 0.0067708333333333336 
4 0.7122395833333334 0.13697916666666668 0.0109375 0.004166666666666667 
4 0.80859375 0.7513020833333334 0.0067708333333333336 0.0109375 
4 0.7346354166666667 0.7283854166666667 0.009895833333333333 0.0067708333333333336 
4 0.7236979166666667 0.7294270833333333 0.009895833333333333 0.0046875 
4 0.5630208333333333 0.70078125 0.009375 0.0036458333333333334 
4 0.43671875 0.6645833333333333 0.0036458333333333334 0.008333333333333333 
4 0.4479166666666667 0.6645833333333333 0.005208333333333333 0.010416666666666666 
4 0.45677083333333335 0.6643229166666667 0.003125 0.0078125 
4 0.4627604166666667 0.6635416666666667 0.0036458333333333334 0.008333333333333333 
4 0.46770833333333334 0.6640625 0.003125 0.008333333333333333 
4 0.47317708333333336 0.6638020833333333 0.0046875 0.008854166666666666 
4 0.4791666666666667 0.6630208333333333 0.004166666666666667 0.009375 
4 0.48880208333333336 0.6638020833333333 0.0036458333333333334 0.009895833333333333 
4 0.49375 0.6640625 0.004166666666666667 0.008333333333333333 
4 0.49973958333333335 0.6796875 0.008854166666666666 0.004166666666666667 
4 0.49921875 0.6739583333333333 0.008854166666666666 0.004166666666666667 
4 0.3385416666666667 0.7078125 0.010416666666666666 0.004166666666666667 
4 0.3515625 0.7078125 0.008333333333333333 0.004166666666666667 
4 0.37083333333333335 0.70703125 0.010416666666666666 0.0046875 
4 0.38645833333333335 0.70625 0.009375 0.004166666666666667 
4 0.40182291666666664 0.7065104166666667 0.0109375 0.0046875 
4 0.4588541666666667 0.70390625 0.008333333333333333 0.0046875 
4 0.5080729166666667 0.7020833333333333 0.008854166666666666 0.004166666666666667 
4 0.5213541666666667 0.70234375 0.009375 0.0036458333333333334 
4 0.4231770833333333 0.6713541666666667 0.009895833333333333 0.00625 
4 0.4127604166666667 0.6708333333333333 0.008854166666666666 0.005208333333333333 
4 0.39921875 0.6697916666666667 0.008854166666666666 0.004166666666666667 
4 0.24609375 0.6729166666666667 0.0078125 0.003125 
4 0.46145833333333336 0.6893229166666667 0.004166666666666667 0.009895833333333333 
4 0.15807291666666667 0.6854166666666667 0.008854166666666666 0.008333333333333333 
4 0.17421875 0.6768229166666667 0.008854166666666666 0.005729166666666666 
4 0.18463541666666666 0.6755208333333333 0.008854166666666666 0.004166666666666667 
4 0.1984375 0.6744791666666666 0.009375 0.004166666666666667 
4 0.21041666666666667 0.6734375 0.009375 0.004166666666666667 
4 0.22265625 0.6731770833333334 0.0078125 0.0036458333333333334 
4 0.23515625 0.6729166666666667 0.008854166666666666 0.004166666666666667 
4 0.25807291666666665 0.6734375 0.008854166666666666 0.003125 
4 0.38671875 0.66953125 0.009895833333333333 0.0036458333333333334 
4 0.2721354166666667 0.6729166666666667 0.009895833333333333 0.004166666666666667 
4 0.2947916666666667 0.6721354166666667 0.010416666666666666 0.0046875 
4 0.30520833333333336 0.6716145833333333 0.008333333333333333 0.0036458333333333334 
4 0.31614583333333335 0.6721354166666667 0.008333333333333333 0.0036458333333333334 
4 0.33203125 0.6708333333333333 0.008854166666666666 0.003125 
4 0.3450520833333333 0.6705729166666666 0.009895833333333333 0.0036458333333333334 
4 0.36015625 0.6697916666666667 0.009895833333333333 0.003125 
4 0.3723958333333333 0.6700520833333333 0.010416666666666666 0.0036458333333333334 
4 0.5497395833333333 0.7010416666666667 0.009895833333333333 0.004166666666666667 
4 0.5596354166666667 0.71953125 0.0109375 0.0046875 
4 0.6252604166666667 0.7322916666666667 0.0067708333333333336 0.008333333333333333 
4 0.45989583333333334 0.48828125 0.009375 0.0036458333333333334 
4 0.4557291666666667 0.34869791666666666 0.009375 0.0036458333333333334 
4 0.45625 0.34348958333333335 0.009375 0.0036458333333333334 
4 0.4557291666666667 0.33359375 0.008333333333333333 0.0036458333333333334 
4 0.4549479166666667 0.32864583333333336 0.008854166666666666 0.003125 
4 0.43515625 0.496875 0.009895833333333333 0.005208333333333333 
4 0.4354166666666667 0.5080729166666667 0.010416666666666666 0.0046875 
4 0.4354166666666667 0.490625 0.010416666666666666 0.005208333333333333 
4 0.434375 0.48072916666666665 0.009375 0.003125 
4 0.434375 0.47552083333333334 0.009375 0.004166666666666667 
4 0.4348958333333333 0.4700520833333333 0.010416666666666666 0.0036458333333333334 
4 0.43385416666666665 0.46458333333333335 0.009375 0.004166666666666667 
4 0.4348958333333333 0.45598958333333334 0.010416666666666666 0.0046875 
4 0.43359375 0.45026041666666666 0.008854166666666666 0.0026041666666666665 
4 0.43307291666666664 0.44557291666666665 0.009895833333333333 0.0036458333333333334 
4 0.4328125 0.4401041666666667 0.009375 0.004166666666666667 
4 0.43333333333333335 0.4315104166666667 0.009375 0.0036458333333333334 
4 0.43307291666666664 0.42578125 0.009895833333333333 0.0046875 
4 0.4322916666666667 0.4203125 0.010416666666666666 0.004166666666666667 
4 0.4317708333333333 0.415625 0.010416666666666666 0.004166666666666667 
4 0.45677083333333335 0.35442708333333334 0.010416666666666666 0.0046875 
4 0.45625 0.36171875 0.009375 0.0036458333333333334 
4 0.45677083333333335 0.37213541666666666 0.009375 0.0036458333333333334 
4 0.45807291666666666 0.43515625 0.009895833333333333 0.0036458333333333334 
4 0.45989583333333334 0.48359375 0.008333333333333333 0.0036458333333333334 
4 0.45989583333333334 0.4739583333333333 0.009375 0.005208333333333333 
4 0.46067708333333335 0.46875 0.009895833333333333 0.004166666666666667 
4 0.46041666666666664 0.46328125 0.010416666666666666 0.0046875 
4 0.4591145833333333 0.4557291666666667 0.009895833333333333 0.004166666666666667 
4 0.4588541666666667 0.45 0.009375 0.004166666666666667 
4 0.4588541666666667 0.44505208333333335 0.010416666666666666 0.0036458333333333334 
4 0.4583333333333333 0.44036458333333334 0.009375 0.0036458333333333334 
4 0.45859375 0.43072916666666666 0.008854166666666666 0.003125 
4 0.45755208333333336 0.3815104166666667 0.008854166666666666 0.0036458333333333334 
4 0.4588541666666667 0.42552083333333335 0.008333333333333333 0.003125 
4 0.45859375 0.42083333333333334 0.009895833333333333 0.004166666666666667 
4 0.4583333333333333 0.4153645833333333 0.009375 0.0036458333333333334 
4 0.45807291666666666 0.4078125 0.009895833333333333 0.004166666666666667 
4 0.4578125 0.40208333333333335 0.009375 0.003125 
4 0.45755208333333336 0.3963541666666667 0.008854166666666666 0.004166666666666667 
4 0.45703125 0.39166666666666666 0.008854166666666666 0.003125 
4 0.45729166666666665 0.38671875 0.008333333333333333 0.0036458333333333334 
4 0.45625 0.6895833333333333 0.004166666666666667 0.009375 
4 0.4505208333333333 0.68984375 0.004166666666666667 0.009895833333333333 
4 0.44557291666666665 0.6895833333333333 0.0036458333333333334 0.009375 
4 0.440625 0.68984375 0.004166666666666667 0.008854166666666666 
4 0.5471354166666667 0.9791666666666666 0.0046875 0.009375 
4 0.55546875 0.96640625 0.008854166666666666 0.0046875 
4 0.5611979166666666 0.96171875 0.009895833333333333 0.0046875 
4 0.5473958333333333 0.9520833333333333 0.008333333333333333 0.009375 
4 0.5463541666666667 0.9393229166666667 0.004166666666666667 0.009895833333333333 
4 0.5606770833333333 0.921875 0.008854166666666666 0.004166666666666667 
4 0.5088541666666667 0.9190104166666667 0.009375 0.0046875 
4 0.3536458333333333 0.8796875 0.011458333333333333 0.004166666666666667 
4 0.35182291666666665 0.8401041666666667 0.009895833333333333 0.004166666666666667 
4 0.36953125 0.8067708333333333 0.005729166666666666 0.013541666666666667 
4 0.38958333333333334 0.8484375 0.005208333333333333 0.008333333333333333 
4 0.40286458333333336 0.7953125 0.009895833333333333 0.004166666666666667 
4 0.5088541666666667 0.8807291666666667 0.009375 0.004166666666666667 
4 0.50546875 0.7932291666666667 0.009895833333333333 0.004166666666666667 
4 0.5583333333333333 0.8778645833333333 0.009375 0.0036458333333333334 
4 0.5588541666666667 0.8361979166666667 0.009375 0.0036458333333333334 
4 0.56015625 0.8307291666666666 0.009895833333333333 0.004166666666666667 
4 0.56015625 0.7890625 0.0109375 0.005208333333333333 
4 0.4088541666666667 0.7520833333333333 0.00625 0.011458333333333333 
4 0.95859375 0.12578125 0.0109375 0.0036458333333333334 
4 0.8841145833333334 0.14713541666666666 0.0036458333333333334 0.009895833333333333 
4 0.87734375 0.14765625 0.0067708333333333336 0.0109375 
4 0.9395833333333333 0.43671875 0.011458333333333333 0.0046875 
4 0.6299479166666667 0.7296875 0.0067708333333333336 0.008333333333333333 
4 0.5981770833333333 0.7416666666666667 0.005729166666666666 0.009375 
4 0.59921875 0.7302083333333333 0.0036458333333333334 0.008333333333333333 
4 0.6049479166666667 0.7 0.009895833333333333 0.004166666666666667 
4 0.6294270833333333 0.6986979166666667 0.008854166666666666 0.0036458333333333334 
4 0.6442708333333333 0.6989583333333333 0.010416666666666666 0.004166666666666667 
4 0.6658854166666667 0.69765625 0.0078125 0.0036458333333333334 
4 0.7596354166666667 0.6958333333333333 0.011979166666666667 0.004166666666666667 
4 0.8885416666666667 0.3880208333333333 0.004166666666666667 0.008333333333333333 
4 0.7895833333333333 0.24661458333333333 0.003125 0.0109375 
4 0.8932291666666666 0.3919270833333333 0.00625 0.011979166666666667 
4 0.8997395833333334 0.39296875 0.0046875 0.009895833333333333 
4 0.8981770833333333 0.37994791666666666 0.0036458333333333334 0.0078125 
4 0.8989583333333333 0.36953125 0.004166666666666667 0.008854166666666666 
4 0.6424479166666667 0.28046875 0.0109375 0.0036458333333333334 
4 0.7411458333333333 0.25416666666666665 0.004166666666666667 0.009375 
4 0.87265625 0.24583333333333332 0.0046875 0.009375 
4 0.8778645833333333 0.2453125 0.0046875 0.009375 
4 0.5700520833333333 0.7390625 0.009895833333333333 0.007291666666666667 
4 0.4953125 0.74765625 0.008333333333333333 0.0067708333333333336 
4 0.4942708333333333 0.7424479166666667 0.008333333333333333 0.0067708333333333336 
4 0.37083333333333335 0.68359375 0.008333333333333333 0.0036458333333333334 
4 0.3377604166666667 0.69296875 0.0036458333333333334 0.0078125 
4 0.34401041666666665 0.6934895833333333 0.0036458333333333334 0.008854166666666666 
4 0.34869791666666666 0.6927083333333334 0.0036458333333333334 0.008333333333333333 
4 0.3575520833333333 0.6934895833333333 0.0036458333333333334 0.0078125 
4 0.3625 0.6927083333333334 0.003125 0.008333333333333333 
4 0.36744791666666665 0.69140625 0.0036458333333333334 0.008854166666666666 
4 0.3736979166666667 0.6927083333333334 0.0046875 0.008333333333333333 
4 0.37864583333333335 0.6921875 0.004166666666666667 0.009375 
4 0.384375 0.6927083333333334 0.003125 0.008333333333333333 
4 0.32265625 0.6940104166666666 0.0036458333333333334 0.0078125 
4 0.38958333333333334 0.690625 0.004166666666666667 0.009375 
4 0.39427083333333335 0.690625 0.003125 0.009375 
4 0.4002604166666667 0.6908854166666667 0.0046875 0.008854166666666666 
4 0.40598958333333335 0.6916666666666667 0.0036458333333333334 0.008333333333333333 
4 0.41380208333333335 0.6908854166666667 0.0046875 0.009895833333333333 
4 0.41953125 0.6903645833333333 0.0046875 0.009895833333333333 
4 0.42473958333333334 0.6908854166666667 0.0036458333333333334 0.008854166666666666 
4 0.42994791666666665 0.6895833333333333 0.0036458333333333334 0.008333333333333333 
4 0.32786458333333335 0.6934895833333333 0.0046875 0.009895833333333333 
4 0.31744791666666666 0.6934895833333333 0.0036458333333333334 0.008854166666666666 
4 0.4588541666666667 0.72265625 0.010416666666666666 0.0046875 
4 0.21380208333333334 0.6963541666666667 0.0036458333333333334 0.008333333333333333 
4 0.41640625 0.7223958333333333 0.0109375 0.004166666666666667 
4 0.25703125 0.6947916666666667 0.0036458333333333334 0.009375 
4 0.2484375 0.6955729166666667 0.004166666666666667 0.008854166666666666 
4 0.24244791666666668 0.6955729166666667 0.0036458333333333334 0.008854166666666666 
4 0.23776041666666667 0.696875 0.0036458333333333334 0.008333333333333333 
4 0.23333333333333334 0.6963541666666667 0.003125 0.009375 
4 0.22421875 0.6963541666666667 0.0036458333333333334 0.008333333333333333 
4 0.21927083333333333 0.6966145833333334 0.003125 0.0078125 
4 0.20963541666666666 0.6963541666666667 0.0036458333333333334 0.008333333333333333 
4 0.31145833333333334 0.6932291666666667 0.005208333333333333 0.008333333333333333 
4 0.20416666666666666 0.6963541666666667 0.003125 0.008333333333333333 
4 0.20026041666666666 0.6966145833333334 0.0046875 0.008854166666666666 
4 0.19479166666666667 0.69609375 0.003125 0.009895833333333333 
4 0.18984375 0.6963541666666667 0.0046875 0.009375 
4 0.18489583333333334 0.6966145833333334 0.004166666666666667 0.008854166666666666 
4 0.29244791666666664 0.6947916666666667 0.0036458333333333334 0.009375 
4 0.2986979166666667 0.6940104166666666 0.0046875 0.008854166666666666 
4 0.30625 0.6942708333333333 0.004166666666666667 0.009375 
