4 0.19609375 0.08619791666666667 0.0036458333333333334 0.008854166666666666 
4 0.17760416666666667 0.43776041666666665 0.0125 0.0046875 
4 0.29661458333333335 0.16484375 0.005729166666666666 0.008854166666666666 
4 0.2911458333333333 0.16067708333333333 0.004166666666666667 0.0078125 
4 0.2864583333333333 0.16119791666666666 0.003125 0.008854166666666666 
4 0.27630208333333334 0.17604166666666668 0.0046875 0.008333333333333333 
4 0.27760416666666665 0.16536458333333334 0.004166666666666667 0.009895833333333333 
4 0.18203125 0.10078125 0.009895833333333333 0.0046875 
4 0.18020833333333333 0.0578125 0.009375 0.004166666666666667 
4 0.14166666666666666 0.07708333333333334 0.004166666666666667 0.010416666666666666 
4 0.19635416666666666 0.75859375 0.008333333333333333 0.0046875 
4 0.20390625 0.7098958333333333 0.009895833333333333 0.004166666666666667 
4 0.19244791666666666 0.7096354166666666 0.008854166666666666 0.0046875 
4 0.03515625 0.79921875 0.005729166666666666 0.008854166666666666 
4 0.24973958333333332 0.7122395833333334 0.0109375 0.0036458333333333334 
4 0.10963541666666667 0.7950520833333333 0.009895833333333333 0.005729166666666666 
4 0.022135416666666668 0.8833333333333333 0.009895833333333333 0.004166666666666667 
4 0.009635416666666667 0.88359375 0.009895833333333333 0.0036458333333333334 
4 0.1671875 0.46927083333333336 0.004166666666666667 0.010416666666666666 
4 0.03307291666666667 0.8119791666666667 0.008854166666666666 0.004166666666666667 
4 0.17317708333333334 0.4703125 0.0046875 0.009375 
4 0.16015625 0.46119791666666665 0.0026041666666666665 0.008854166666666666 
4 0.43203125 0.309375 0.008854166666666666 0.003125 
4 0.38776041666666666 0.30572916666666666 0.009895833333333333 0.004166666666666667 
4 0.41692708333333334 0.24635416666666668 0.008854166666666666 0.004166666666666667 
4 0.4473958333333333 0.21875 0.003125 0.009375 
4 0.4427083333333333 0.21822916666666667 0.004166666666666667 0.009375 
4 0.43723958333333335 0.21875 0.0046875 0.010416666666666666 
4 0.4276041666666667 0.2203125 0.005208333333333333 0.008333333333333333 
4 0.38828125 0.38776041666666666 0.009895833333333333 0.0046875 
4 0.3893229166666667 0.38125 0.008854166666666666 0.003125 
4 0.3890625 0.37604166666666666 0.010416666666666666 0.004166666666666667 
4 0.3885416666666667 0.36875 0.009375 0.004166666666666667 
4 0.3888020833333333 0.36354166666666665 0.0109375 0.004166666666666667 
4 0.38828125 0.3580729166666667 0.008854166666666666 0.0036458333333333334 
4 0.38828125 0.3528645833333333 0.008854166666666666 0.0036458333333333334 
4 0.38828125 0.3484375 0.008854166666666666 0.004166666666666667 
4 0.3875 0.34322916666666664 0.009375 0.004166666666666667 
4 0.3880208333333333 0.3385416666666667 0.009375 0.004166666666666667 
4 0.3875 0.3333333333333333 0.009375 0.004166666666666667 
4 0.38645833333333335 0.32760416666666664 0.010416666666666666 0.004166666666666667 
4 0.38723958333333336 0.32083333333333336 0.009895833333333333 0.004166666666666667 
4 0.38828125 0.315625 0.009895833333333333 0.004166666666666667 
4 0.41640625 0.2557291666666667 0.009895833333333333 0.004166666666666667 
4 0.4166666666666667 0.26119791666666664 0.009375 0.0046875 
4 0.4166666666666667 0.2669270833333333 0.009375 0.0046875 
4 0.43020833333333336 0.24661458333333333 0.010416666666666666 0.0046875 
4 0.43307291666666664 0.2994791666666667 0.008854166666666666 0.004166666666666667 
4 0.4317708333333333 0.2947916666666667 0.008333333333333333 0.003125 
4 0.4322916666666667 0.28958333333333336 0.010416666666666666 0.004166666666666667 
4 0.43072916666666666 0.28463541666666664 0.009375 0.0036458333333333334 
4 0.4315104166666667 0.2796875 0.009895833333333333 0.004166666666666667 
4 0.43203125 0.27447916666666666 0.009895833333333333 0.004166666666666667 
4 0.43020833333333336 0.25703125 0.009375 0.0036458333333333334 
4 0.43020833333333336 0.2520833333333333 0.009375 0.004166666666666667 
4 0.41875 0.31979166666666664 0.008333333333333333 0.004166666666666667 
4 0.41796875 0.2752604166666667 0.009895833333333333 0.0046875 
4 0.41901041666666666 0.3151041666666667 0.0078125 0.003125 
4 0.4171875 0.30963541666666666 0.009375 0.0036458333333333334 
4 0.41744791666666664 0.30442708333333335 0.008854166666666666 0.0046875 
4 0.41796875 0.29973958333333334 0.009895833333333333 0.0036458333333333334 
4 0.41796875 0.2947916666666667 0.009895833333333333 0.004166666666666667 
4 0.41822916666666665 0.29010416666666666 0.009375 0.004166666666666667 
4 0.41822916666666665 0.28541666666666665 0.010416666666666666 0.003125 
4 0.4171875 0.28046875 0.009375 0.0036458333333333334 
4 0.38723958333333336 0.31015625 0.008854166666666666 0.0036458333333333334 
4 0.38671875 0.30026041666666664 0.009895833333333333 0.0036458333333333334 
4 0.134375 0.60078125 0.009375 0.0046875 
4 0.38645833333333335 0.2953125 0.008333333333333333 0.003125 
4 0.36770833333333336 0.13203125 0.004166666666666667 0.008854166666666666 
4 0.36640625 0.11901041666666666 0.0036458333333333334 0.009895833333333333 
4 0.36640625 0.10755208333333334 0.0046875 0.0109375 
4 0.36614583333333334 0.08932291666666667 0.005208333333333333 0.009895833333333333 
4 0.3341145833333333 0.08697916666666666 0.009895833333333333 0.00625 
5 0.225 0.6294270833333333 0.020833333333333332 0.0046875 
4 0.3106770833333333 0.6203125 0.008854166666666666 0.005208333333333333 
4 0.2875 0.6213541666666667 0.010416666666666666 0.004166666666666667 
4 0.27369791666666665 0.62109375 0.009895833333333333 0.0046875 
4 0.2513020833333333 0.62265625 0.0109375 0.0046875 
4 0.23697916666666666 0.62265625 0.008333333333333333 0.0036458333333333334 
4 0.22578125 0.6229166666666667 0.009895833333333333 0.004166666666666667 
4 0.21197916666666666 0.62265625 0.008333333333333333 0.0046875 
4 0.196875 0.6231770833333333 0.008333333333333333 0.0036458333333333334 
4 0.18385416666666668 0.62421875 0.009375 0.0046875 
4 0.18125 0.6354166666666666 0.010416666666666666 0.005208333333333333 
4 0.13541666666666666 0.6244791666666667 0.011458333333333333 0.005208333333333333 
4 0.1328125 0.6127604166666667 0.009375 0.0046875 
4 0.1328125 0.60625 0.010416666666666666 0.005208333333333333 
4 0.26119791666666664 0.17109375 0.008854166666666666 0.013020833333333334 
4 0.47942708333333334 0.12838541666666667 0.0036458333333333334 0.0109375 
4 0.48723958333333334 0.12838541666666667 0.0046875 0.0109375 
4 0.38567708333333334 0.246875 0.009895833333333333 0.004166666666666667 
4 0.38671875 0.28932291666666665 0.008854166666666666 0.0036458333333333334 
4 0.3859375 0.28515625 0.009375 0.0046875 
4 0.3859375 0.2799479166666667 0.009375 0.0046875 
4 0.38619791666666664 0.275 0.008854166666666666 0.004166666666666667 
4 0.38645833333333335 0.2677083333333333 0.010416666666666666 0.003125 
4 0.38567708333333334 0.26223958333333336 0.008854166666666666 0.0036458333333333334 
4 0.3859375 0.25729166666666664 0.008333333333333333 0.004166666666666667 
4 0.38567708333333334 0.2515625 0.009895833333333333 0.004166666666666667 
4 0.38619791666666664 0.24140625 0.009895833333333333 0.0036458333333333334 
4 0.4778645833333333 0.08385416666666666 0.0036458333333333334 0.010416666666666666 
4 0.38645833333333335 0.23151041666666666 0.010416666666666666 0.0036458333333333334 
4 0.4114583333333333 0.0265625 0.00625 0.009375 
4 0.42109375 0.026822916666666665 0.0046875 0.008854166666666666 
4 0.43776041666666665 0.17083333333333334 0.0036458333333333334 0.009375 
4 0.5526041666666667 0.0546875 0.010416666666666666 0.004166666666666667 
4 0.48802083333333335 0.0375 0.009375 0.004166666666666667 
4 0.4921875 0.05651041666666667 0.009375 0.0036458333333333334 
4 0.4828125 0.07109375 0.004166666666666667 0.008854166666666666 
3 0.659375 0.30052083333333335 0.37604166666666666 0.18020833333333333 
13 0.5953125 0.6770833333333334 0.021875 0.025 
13 0.31145833333333334 0.6846354166666667 0.015625 0.022395833333333334 
13 0.28854166666666664 0.6869791666666667 0.01875 0.023958333333333335 
13 0.2682291666666667 0.14166666666666666 0.021875 0.025 
10 0.24036458333333333 0.3385416666666667 0.2546875 0.15520833333333334 
10 0.6458333333333334 0.30442708333333335 0.22916666666666666 0.1109375 
4 0.00234375 0.6817708333333333 0.009895833333333333 0.009375 
4 0.010677083333333334 0.68203125 0.009895833333333333 0.008854166666666666 
4 0.018229166666666668 0.68203125 0.009375 0.008854166666666666 
4 0.024739583333333332 0.6794270833333333 0.008854166666666666 0.008854166666666666 
4 0.03333333333333333 0.19895833333333332 0.009375 0.005208333333333333 
4 0.10546875 0.42604166666666665 0.009895833333333333 0.005208333333333333 
5 0.06432291666666666 0.4075520833333333 0.009895833333333333 0.024479166666666666 
4 0.04348958333333333 0.23645833333333333 0.0046875 0.010416666666666666 
4 0.019010416666666665 0.2 0.0109375 0.005208333333333333 
4 0.06848958333333334 0.4713541666666667 0.005729166666666666 0.010416666666666666 
4 0.0026041666666666665 0.1921875 0.008333333333333333 0.004166666666666667 
4 0.020572916666666666 0.15026041666666667 0.009895833333333333 0.005729166666666666 
4 0.040364583333333336 0.10364583333333334 0.005729166666666666 0.008333333333333333 
4 0.015364583333333333 0.10963541666666667 0.008854166666666666 0.0036458333333333334 
4 0.009895833333333333 0.10520833333333333 0.007291666666666667 0.004166666666666667 
4 0.06770833333333333 0.45755208333333336 0.005208333333333333 0.0109375 
4 0.06901041666666667 0.4875 0.005729166666666666 0.008333333333333333 
4 0.013541666666666667 0.6359375 0.008333333333333333 0.009375 
4 0.029427083333333333 0.6744791666666666 0.009895833333333333 0.010416666666666666 
4 0.0049479166666666664 0.66171875 0.008854166666666666 0.008854166666666666 
4 0.011197916666666667 0.64921875 0.008854166666666666 0.0078125 
4 0.011979166666666667 0.6427083333333333 0.009375 0.008333333333333333 
4 0.03229166666666667 0.6455729166666667 0.009375 0.009895833333333333 
4 0.06927083333333334 0.5098958333333333 0.004166666666666667 0.010416666666666666 
4 0.0109375 0.62734375 0.008333333333333333 0.008854166666666666 
4 0.05416666666666667 0.6830729166666667 0.00625 0.008854166666666666 
4 0.03229166666666667 0.6260416666666667 0.009375 0.009375 
4 0.03333333333333333 0.6184895833333334 0.009375 0.0078125 
4 0.030989583333333334 0.6127604166666667 0.008854166666666666 0.009895833333333333 
4 0.0703125 0.5705729166666667 0.004166666666666667 0.008854166666666666 
4 0.06927083333333334 0.5338541666666666 0.004166666666666667 0.007291666666666667 
4 0.07005208333333333 0.52265625 0.0046875 0.009895833333333333 
4 0.43255208333333334 0.30442708333333335 0.008854166666666666 0.0036458333333333334 
4 0.4309895833333333 0.3143229166666667 0.009895833333333333 0.0036458333333333334 
4 0.859375 0.7380208333333333 0.010416666666666666 0.004166666666666667 
4 0.8640625 0.7333333333333333 0.007291666666666667 0.004166666666666667 
4 0.7692708333333333 0.7497395833333333 0.005208333333333333 0.009895833333333333 
4 0.8625 0.7151041666666667 0.009375 0.009375 
4 0.8486979166666667 0.7065104166666667 0.0046875 0.009895833333333333 
4 0.8268229166666666 0.59375 0.0109375 0.004166666666666667 
4 0.8268229166666666 0.58828125 0.008854166666666666 0.0036458333333333334 
4 0.8278645833333333 0.58359375 0.009895833333333333 0.0036458333333333334 
4 0.82734375 0.57890625 0.008854166666666666 0.0036458333333333334 
4 0.82734375 0.5744791666666667 0.009895833333333333 0.004166666666666667 
4 0.8255208333333334 0.56875 0.008333333333333333 0.004166666666666667 
4 0.825 0.56328125 0.008333333333333333 0.0036458333333333334 
4 0.82578125 0.55859375 0.008854166666666666 0.0036458333333333334 
4 0.78671875 0.559375 0.009895833333333333 0.004166666666666667 
4 0.7947916666666667 0.5653645833333333 0.011458333333333333 0.0036458333333333334 
4 0.7973958333333333 0.5703125 0.010416666666666666 0.003125 
4 0.7989583333333333 0.57734375 0.010416666666666666 0.0046875 
4 0.7997395833333333 0.5919270833333333 0.0109375 0.0046875 
4 0.7986979166666667 0.5877604166666667 0.0109375 0.0046875 
4 0.8513020833333333 0.7434895833333334 0.0067708333333333336 0.0046875 
4 0.8505208333333333 0.7544270833333333 0.004166666666666667 0.009895833333333333 
4 0.9609375 0.68828125 0.009375 0.0046875 
4 0.9463541666666667 0.7390625 0.010416666666666666 0.005208333333333333 
4 0.7158854166666667 0.87890625 0.009895833333333333 0.0036458333333333334 
4 0.9619791666666667 0.69453125 0.009375 0.0036458333333333334 
4 0.7015625 0.8919270833333334 0.00625 0.0109375 
4 0.6669270833333333 0.87578125 0.009895833333333333 0.0046875 
4 0.6747395833333333 0.83125 0.0109375 0.005208333333333333 
4 0.6684895833333333 0.7877604166666666 0.0109375 0.0036458333333333334 
4 0.7130208333333333 0.7864583333333334 0.010416666666666666 0.004166666666666667 
4 0.7005208333333334 0.7963541666666667 0.005208333333333333 0.0125 
4 0.8510416666666667 0.76796875 0.00625 0.008854166666666666 
4 0.9635416666666666 0.7036458333333333 0.009375 0.005208333333333333 
4 0.4317708333333333 0.32005208333333335 0.011458333333333333 0.0046875 
4 0.2526041666666667 0.8861979166666667 0.008333333333333333 0.005729166666666666 
4 0.38828125 0.73359375 0.0046875 0.009895833333333333 
4 0.484375 0.575 0.004166666666666667 0.009375 
4 0.4348958333333333 0.6018229166666667 0.005208333333333333 0.008854166666666666 
4 0.2674479166666667 0.60625 0.0046875 0.009375 
4 0.2625 0.6057291666666667 0.004166666666666667 0.009375 
4 0.43333333333333335 0.34765625 0.009375 0.0036458333333333334 
4 0.45703125 0.28854166666666664 0.008854166666666666 0.004166666666666667 
4 0.4557291666666667 0.23072916666666668 0.010416666666666666 0.005208333333333333 
4 0.22630208333333332 0.08619791666666667 0.008854166666666666 0.0046875 
4 0.9973958333333334 0.63671875 0.004166666666666667 0.008854166666666666 
4 0.9578125 0.6322916666666667 0.011458333333333333 0.010416666666666666 
4 0.0921875 0.8697916666666666 0.009375 0.004166666666666667 
4 0.09348958333333333 0.8033854166666666 0.0109375 0.0046875 
4 0.5419270833333333 0.6658854166666667 0.005729166666666666 0.0109375 
7 0.024739583333333332 0.46380208333333334 0.018229166666666668 0.0359375 
7 0.005729166666666666 0.46432291666666664 0.017708333333333333 0.034895833333333334 
4 0.37135416666666665 0.8197916666666667 0.004166666666666667 0.009375 
4 0.9395833333333333 0.35963541666666665 0.011458333333333333 0.0067708333333333336 
4 0.7122395833333334 0.04895833333333333 0.0109375 0.004166666666666667 
4 0.80859375 0.66328125 0.0067708333333333336 0.0109375 
4 0.7346354166666667 0.6403645833333333 0.009895833333333333 0.0067708333333333336 
4 0.7236979166666667 0.64140625 0.009895833333333333 0.0046875 
4 0.5630208333333333 0.6127604166666667 0.009375 0.0036458333333333334 
4 0.43671875 0.5765625 0.0036458333333333334 0.008333333333333333 
4 0.4479166666666667 0.5765625 0.005208333333333333 0.010416666666666666 
4 0.45677083333333335 0.5763020833333333 0.003125 0.0078125 
4 0.4627604166666667 0.5755208333333334 0.0036458333333333334 0.008333333333333333 
4 0.46770833333333334 0.5760416666666667 0.003125 0.008333333333333333 
4 0.47317708333333336 0.57578125 0.0046875 0.008854166666666666 
4 0.4791666666666667 0.575 0.004166666666666667 0.009375 
4 0.48880208333333336 0.57578125 0.0036458333333333334 0.009895833333333333 
4 0.49375 0.5760416666666667 0.004166666666666667 0.008333333333333333 
4 0.49973958333333335 0.5916666666666667 0.008854166666666666 0.004166666666666667 
4 0.49921875 0.5859375 0.008854166666666666 0.004166666666666667 
4 0.3385416666666667 0.6197916666666666 0.010416666666666666 0.004166666666666667 
4 0.3515625 0.6197916666666666 0.008333333333333333 0.004166666666666667 
4 0.37083333333333335 0.6190104166666667 0.010416666666666666 0.0046875 
4 0.38645833333333335 0.6182291666666667 0.009375 0.004166666666666667 
4 0.40182291666666664 0.6184895833333334 0.0109375 0.0046875 
4 0.4588541666666667 0.6158854166666666 0.008333333333333333 0.0046875 
4 0.5080729166666667 0.6140625 0.008854166666666666 0.004166666666666667 
4 0.5213541666666667 0.6143229166666667 0.009375 0.0036458333333333334 
4 0.4231770833333333 0.5833333333333334 0.009895833333333333 0.00625 
4 0.4127604166666667 0.5828125 0.008854166666666666 0.005208333333333333 
4 0.39921875 0.5817708333333333 0.008854166666666666 0.004166666666666667 
4 0.24609375 0.5848958333333333 0.0078125 0.003125 
4 0.46145833333333336 0.6013020833333333 0.004166666666666667 0.009895833333333333 
4 0.15807291666666667 0.5973958333333333 0.008854166666666666 0.008333333333333333 
4 0.17421875 0.5888020833333333 0.008854166666666666 0.005729166666666666 
4 0.18463541666666666 0.5875 0.008854166666666666 0.004166666666666667 
4 0.1984375 0.5864583333333333 0.009375 0.004166666666666667 
4 0.21041666666666667 0.5854166666666667 0.009375 0.004166666666666667 
4 0.22265625 0.58515625 0.0078125 0.0036458333333333334 
4 0.23515625 0.5848958333333333 0.008854166666666666 0.004166666666666667 
4 0.25807291666666665 0.5854166666666667 0.008854166666666666 0.003125 
4 0.38671875 0.5815104166666667 0.009895833333333333 0.0036458333333333334 
4 0.2721354166666667 0.5848958333333333 0.009895833333333333 0.004166666666666667 
4 0.2947916666666667 0.5841145833333333 0.010416666666666666 0.0046875 
4 0.30520833333333336 0.58359375 0.008333333333333333 0.0036458333333333334 
4 0.31614583333333335 0.5841145833333333 0.008333333333333333 0.0036458333333333334 
4 0.33203125 0.5828125 0.008854166666666666 0.003125 
4 0.3450520833333333 0.5825520833333333 0.009895833333333333 0.0036458333333333334 
4 0.36015625 0.5817708333333333 0.009895833333333333 0.003125 
4 0.3723958333333333 0.58203125 0.010416666666666666 0.0036458333333333334 
4 0.5497395833333333 0.6130208333333333 0.009895833333333333 0.004166666666666667 
4 0.5596354166666667 0.6315104166666666 0.0109375 0.0046875 
4 0.6252604166666667 0.6442708333333333 0.0067708333333333336 0.008333333333333333 
4 0.45989583333333334 0.4002604166666667 0.009375 0.0036458333333333334 
4 0.4557291666666667 0.26067708333333334 0.009375 0.0036458333333333334 
4 0.45625 0.25546875 0.009375 0.0036458333333333334 
4 0.4557291666666667 0.24557291666666667 0.008333333333333333 0.0036458333333333334 
4 0.4549479166666667 0.240625 0.008854166666666666 0.003125 
4 0.43515625 0.4088541666666667 0.009895833333333333 0.005208333333333333 
4 0.4354166666666667 0.4200520833333333 0.010416666666666666 0.0046875 
4 0.4354166666666667 0.40260416666666665 0.010416666666666666 0.005208333333333333 
4 0.434375 0.3927083333333333 0.009375 0.003125 
4 0.434375 0.3875 0.009375 0.004166666666666667 
4 0.4348958333333333 0.38203125 0.010416666666666666 0.0036458333333333334 
4 0.43385416666666665 0.3765625 0.009375 0.004166666666666667 
4 0.4348958333333333 0.36796875 0.010416666666666666 0.0046875 
4 0.43359375 0.36223958333333334 0.008854166666666666 0.0026041666666666665 
4 0.43307291666666664 0.3575520833333333 0.009895833333333333 0.0036458333333333334 
4 0.4328125 0.35208333333333336 0.009375 0.004166666666666667 
4 0.43333333333333335 0.34348958333333335 0.009375 0.0036458333333333334 
4 0.43307291666666664 0.3377604166666667 0.009895833333333333 0.0046875 
4 0.4322916666666667 0.33229166666666665 0.010416666666666666 0.004166666666666667 
4 0.4317708333333333 0.32760416666666664 0.010416666666666666 0.004166666666666667 
4 0.45677083333333335 0.26640625 0.010416666666666666 0.0046875 
4 0.45625 0.27369791666666665 0.009375 0.0036458333333333334 
4 0.45677083333333335 0.28411458333333334 0.009375 0.0036458333333333334 
4 0.45807291666666666 0.34713541666666664 0.009895833333333333 0.0036458333333333334 
4 0.45989583333333334 0.39557291666666666 0.008333333333333333 0.0036458333333333334 
4 0.45989583333333334 0.3859375 0.009375 0.005208333333333333 
4 0.46067708333333335 0.3807291666666667 0.009895833333333333 0.004166666666666667 
4 0.46041666666666664 0.37526041666666665 0.010416666666666666 0.0046875 
4 0.4591145833333333 0.36770833333333336 0.009895833333333333 0.004166666666666667 
4 0.4588541666666667 0.3619791666666667 0.009375 0.004166666666666667 
4 0.4588541666666667 0.35703125 0.010416666666666666 0.0036458333333333334 
4 0.4583333333333333 0.35234375 0.009375 0.0036458333333333334 
4 0.45859375 0.34270833333333334 0.008854166666666666 0.003125 
4 0.45755208333333336 0.29348958333333336 0.008854166666666666 0.0036458333333333334 
4 0.4588541666666667 0.3375 0.008333333333333333 0.003125 
4 0.45859375 0.3328125 0.009895833333333333 0.004166666666666667 
4 0.4583333333333333 0.32734375 0.009375 0.0036458333333333334 
4 0.45807291666666666 0.31979166666666664 0.009895833333333333 0.004166666666666667 
4 0.4578125 0.3140625 0.009375 0.003125 
4 0.45755208333333336 0.30833333333333335 0.008854166666666666 0.004166666666666667 
4 0.45703125 0.30364583333333334 0.008854166666666666 0.003125 
4 0.45729166666666665 0.2986979166666667 0.008333333333333333 0.0036458333333333334 
4 0.45625 0.6015625 0.004166666666666667 0.009375 
4 0.4505208333333333 0.6018229166666667 0.004166666666666667 0.009895833333333333 
4 0.44557291666666665 0.6015625 0.0036458333333333334 0.009375 
4 0.440625 0.6018229166666667 0.004166666666666667 0.008854166666666666 
4 0.5471354166666667 0.8911458333333333 0.0046875 0.009375 
4 0.55546875 0.8783854166666667 0.008854166666666666 0.0046875 
4 0.5611979166666666 0.8736979166666666 0.009895833333333333 0.0046875 
4 0.5473958333333333 0.8640625 0.008333333333333333 0.009375 
4 0.5463541666666667 0.8513020833333333 0.004166666666666667 0.009895833333333333 
4 0.5606770833333333 0.8338541666666667 0.008854166666666666 0.004166666666666667 
4 0.5088541666666667 0.8309895833333333 0.009375 0.0046875 
4 0.3536458333333333 0.7916666666666666 0.011458333333333333 0.004166666666666667 
4 0.35182291666666665 0.7520833333333333 0.009895833333333333 0.004166666666666667 
4 0.36953125 0.71875 0.005729166666666666 0.013541666666666667 
4 0.38958333333333334 0.7604166666666666 0.005208333333333333 0.008333333333333333 
4 0.40286458333333336 0.7072916666666667 0.009895833333333333 0.004166666666666667 
4 0.5088541666666667 0.7927083333333333 0.009375 0.004166666666666667 
4 0.50546875 0.7052083333333333 0.009895833333333333 0.004166666666666667 
4 0.5583333333333333 0.78984375 0.009375 0.0036458333333333334 
4 0.5588541666666667 0.7481770833333333 0.009375 0.0036458333333333334 
4 0.56015625 0.7427083333333333 0.009895833333333333 0.004166666666666667 
4 0.56015625 0.7010416666666667 0.0109375 0.005208333333333333 
4 0.4088541666666667 0.6640625 0.00625 0.011458333333333333 
4 0.95859375 0.037760416666666664 0.0109375 0.0036458333333333334 
4 0.8841145833333334 0.05911458333333333 0.0036458333333333334 0.009895833333333333 
4 0.87734375 0.05963541666666667 0.0067708333333333336 0.0109375 
4 0.9395833333333333 0.34869791666666666 0.011458333333333333 0.0046875 
4 0.6299479166666667 0.6416666666666667 0.0067708333333333336 0.008333333333333333 
4 0.5981770833333333 0.6536458333333334 0.005729166666666666 0.009375 
4 0.59921875 0.6421875 0.0036458333333333334 0.008333333333333333 
4 0.6049479166666667 0.6119791666666666 0.009895833333333333 0.004166666666666667 
4 0.6294270833333333 0.6106770833333334 0.008854166666666666 0.0036458333333333334 
4 0.6442708333333333 0.6109375 0.010416666666666666 0.004166666666666667 
4 0.6658854166666667 0.6096354166666667 0.0078125 0.0036458333333333334 
4 0.7596354166666667 0.6078125 0.011979166666666667 0.004166666666666667 
4 0.8885416666666667 0.3 0.004166666666666667 0.008333333333333333 
4 0.7895833333333333 0.15859375 0.003125 0.0109375 
4 0.8932291666666666 0.30390625 0.00625 0.011979166666666667 
4 0.8997395833333334 0.30494791666666665 0.0046875 0.009895833333333333 
4 0.8981770833333333 0.29192708333333334 0.0036458333333333334 0.0078125 
4 0.8989583333333333 0.28151041666666665 0.004166666666666667 0.008854166666666666 
4 0.6424479166666667 0.19244791666666666 0.0109375 0.0036458333333333334 
4 0.7411458333333333 0.16614583333333333 0.004166666666666667 0.009375 
4 0.87265625 0.1578125 0.0046875 0.009375 
4 0.8778645833333333 0.15729166666666666 0.0046875 0.009375 
4 0.5700520833333333 0.6510416666666666 0.009895833333333333 0.007291666666666667 
4 0.4953125 0.6596354166666667 0.008333333333333333 0.0067708333333333336 
4 0.4942708333333333 0.6544270833333333 0.008333333333333333 0.0067708333333333336 
4 0.37083333333333335 0.5955729166666667 0.008333333333333333 0.0036458333333333334 
4 0.3377604166666667 0.6049479166666667 0.0036458333333333334 0.0078125 
4 0.34401041666666665 0.60546875 0.0036458333333333334 0.008854166666666666 
4 0.34869791666666666 0.6046875 0.0036458333333333334 0.008333333333333333 
4 0.3575520833333333 0.60546875 0.0036458333333333334 0.0078125 
4 0.3625 0.6046875 0.003125 0.008333333333333333 
4 0.36744791666666665 0.6033854166666667 0.0036458333333333334 0.008854166666666666 
4 0.3736979166666667 0.6046875 0.0046875 0.008333333333333333 
4 0.37864583333333335 0.6041666666666666 0.004166666666666667 0.009375 
4 0.384375 0.6046875 0.003125 0.008333333333333333 
4 0.32265625 0.6059895833333333 0.0036458333333333334 0.0078125 
4 0.38958333333333334 0.6026041666666667 0.004166666666666667 0.009375 
4 0.39427083333333335 0.6026041666666667 0.003125 0.009375 
4 0.4002604166666667 0.6028645833333334 0.0046875 0.008854166666666666 
4 0.40598958333333335 0.6036458333333333 0.0036458333333333334 0.008333333333333333 
4 0.41380208333333335 0.6028645833333334 0.0046875 0.009895833333333333 
4 0.41953125 0.60234375 0.0046875 0.009895833333333333 
4 0.42473958333333334 0.6028645833333334 0.0036458333333333334 0.008854166666666666 
4 0.42994791666666665 0.6015625 0.0036458333333333334 0.008333333333333333 
4 0.32786458333333335 0.60546875 0.0046875 0.009895833333333333 
4 0.31744791666666666 0.60546875 0.0036458333333333334 0.008854166666666666 
4 0.4588541666666667 0.6346354166666667 0.010416666666666666 0.0046875 
4 0.21380208333333334 0.6083333333333333 0.0036458333333333334 0.008333333333333333 
4 0.41640625 0.634375 0.0109375 0.004166666666666667 
4 0.25703125 0.6067708333333334 0.0036458333333333334 0.009375 
4 0.2484375 0.6075520833333333 0.004166666666666667 0.008854166666666666 
4 0.24244791666666668 0.6075520833333333 0.0036458333333333334 0.008854166666666666 
4 0.23776041666666667 0.6088541666666667 0.0036458333333333334 0.008333333333333333 
4 0.23333333333333334 0.6083333333333333 0.003125 0.009375 
4 0.22421875 0.6083333333333333 0.0036458333333333334 0.008333333333333333 
4 0.21927083333333333 0.60859375 0.003125 0.0078125 
4 0.20963541666666666 0.6083333333333333 0.0036458333333333334 0.008333333333333333 
4 0.31145833333333334 0.6052083333333333 0.005208333333333333 0.008333333333333333 
4 0.20416666666666666 0.6083333333333333 0.003125 0.008333333333333333 
4 0.20026041666666666 0.60859375 0.0046875 0.008854166666666666 
4 0.19479166666666667 0.6080729166666666 0.003125 0.009895833333333333 
4 0.18984375 0.6083333333333333 0.0046875 0.009375 
4 0.18489583333333334 0.60859375 0.004166666666666667 0.008854166666666666 
4 0.29244791666666664 0.6067708333333334 0.0036458333333333334 0.009375 
4 0.2986979166666667 0.6059895833333333 0.0046875 0.008854166666666666 
4 0.30625 0.60625 0.004166666666666667 0.009375 
