4 0.3184840425531915 0.3861607142857143 0.005319148936170213 0.013392857142857142 
4 0.15226063829787234 0.7767857142857143 0.011968085106382979 0.007142857142857143 
4 0.10372340425531915 0.9254464285714286 0.005319148936170213 0.016964285714285713 
4 0.12699468085106383 0.8651785714285715 0.005319148936170213 0.014285714285714285 
4 0.13264627659574468 0.8633928571428572 0.004654255319148936 0.014285714285714285 
4 0.1545877659574468 0.8491071428571428 0.008643617021276596 0.005357142857142857 
4 0.15492021276595744 0.8410714285714286 0.013297872340425532 0.007142857142857143 
4 0.1519281914893617 0.8303571428571429 0.011303191489361703 0.007142857142857143 
4 0.1502659574468085 0.8040178571428571 0.011968085106382979 0.00625 
4 0.2360372340425532 0.8245535714285714 0.005319148936170213 0.015178571428571428 
4 0.05884308510638298 0.8133928571428571 0.012632978723404254 0.007142857142857143 
4 0.265625 0.8455357142857143 0.012632978723404254 0.008928571428571428 
4 0.26363031914893614 0.825 0.005984042553191489 0.01607142857142857 
4 0.2779255319148936 0.8241071428571428 0.005319148936170213 0.014285714285714285 
4 0.3065159574468085 0.8245535714285714 0.005319148936170213 0.015178571428571428 
4 0.32613031914893614 0.8209821428571429 0.004654255319148936 0.013392857142857142 
4 0.40591755319148937 0.75625 0.015292553191489361 0.008928571428571428 
4 0.4990026595744681 0.8133928571428571 0.012632978723404254 0.008928571428571428 
4 0.057180851063829786 0.8022321428571428 0.010638297872340425 0.008035714285714285 
4 0.02925531914893617 0.8308035714285714 0.010638297872340425 0.00625 
4 0.49933510638297873 0.7625 0.010638297872340425 0.005357142857142857 
4 0.3427526595744681 0.9415178571428572 0.004654255319148936 0.013392857142857142 
4 0.41788563829787234 0.9245535714285714 0.011303191489361703 0.016964285714285713 
4 0.40757978723404253 0.9254464285714286 0.010638297872340425 0.015178571428571428 
4 0.3982712765957447 0.9236607142857143 0.010638297872340425 0.015178571428571428 
4 0.38896276595744683 0.921875 0.011968085106382979 0.015178571428571428 
4 0.3703457446808511 0.9232142857142858 0.013297872340425532 0.014285714285714285 
4 0.34773936170212766 0.9678571428571429 0.009308510638297872 0.019642857142857142 
4 0.36569148936170215 0.9415178571428572 0.010638297872340425 0.008035714285714285 
4 0.33543882978723405 0.8044642857142857 0.005984042553191489 0.048214285714285716 
4 0.06216755319148936 0.8678571428571429 0.012632978723404254 0.007142857142857143 
4 0.25033244680851063 0.8241071428571428 0.004654255319148936 0.014285714285714285 
4 0.24368351063829788 0.8254464285714286 0.004654255319148936 0.016964285714285713 
4 0.20877659574468085 0.9160714285714285 0.010638297872340425 0.005357142857142857 
4 0.20844414893617022 0.8861607142857143 0.011303191489361703 0.008035714285714285 
4 0.20944148936170212 0.8669642857142857 0.013297872340425532 0.007142857142857143 
4 0.06083776595744681 0.9 0.013962765957446808 0.007142857142857143 
4 0.061170212765957445 0.8825892857142857 0.010638297872340425 0.008035714285714285 
4 0.49966755319148937 0.796875 0.015292553191489361 0.008035714285714285 
4 0.49966755319148937 0.7540178571428572 0.011303191489361703 0.00625 
4 0.4365026595744681 0.9245535714285714 0.011303191489361703 0.015178571428571428 
4 0.5518617021276596 0.03214285714285714 0.005319148936170213 0.01607142857142857 
4 0.5023271276595744 0.16607142857142856 0.004654255319148936 0.01607142857142857 
4 0.47606382978723405 0.2 0.013297872340425532 0.007142857142857143 
4 0.3068484042553192 0.06517857142857143 0.011303191489361703 0.007142857142857143 
4 0.32513297872340424 0.14464285714285716 0.003989361702127659 0.01607142857142857 
4 0.3151595744680851 0.125 0.010638297872340425 0.007142857142857143 
4 0.5428856382978723 0.12589285714285714 0.008643617021276596 0.014285714285714285 
4 0.5907579787234043 0.07767857142857143 0.012632978723404254 0.007142857142857143 
4 0.22972074468085107 0.2544642857142857 0.005984042553191489 0.01607142857142857 
4 0.6117021276595744 0.25625 0.006648936170212766 0.01607142857142857 
4 0.2237367021276596 0.25669642857142855 0.004654255319148936 0.015178571428571428 
4 0.08976063829787234 0.2767857142857143 0.005319148936170213 0.01607142857142857 
4 0.1023936170212766 0.11339285714285714 0.011968085106382979 0.005357142857142857 
4 0.10206117021276596 0.10401785714285715 0.012632978723404254 0.008035714285714285 
4 0.046210106382978726 0.020089285714285716 0.011303191489361703 0.00625 
8 0.40458776595744683 0.45223214285714286 0.04454787234042553 0.07053571428571428 
8 0.4029255319148936 0.37723214285714285 0.0425531914893617 0.07232142857142858 
4 0.5149601063829787 0.16964285714285715 0.005984042553191489 0.01607142857142857 
4 0.6060505319148937 0.3508928571428571 0.012632978723404254 0.005357142857142857 
4 0.5492021276595744 0.7870535714285715 0.011968085106382979 0.008035714285714285 
4 0.12599734042553193 0.5147321428571429 0.004654255319148936 0.013392857142857142 
4 0.5907579787234043 0.5852678571428571 0.012632978723404254 0.008035714285714285 
4 0.5149601063829787 0.70625 0.005984042553191489 0.014285714285714285 
4 0.46675531914893614 0.7075892857142857 0.005319148936170213 0.015178571428571428 
4 0.27393617021276595 0.703125 0.003989361702127659 0.015178571428571428 
4 0.5521941489361702 0.6607142857142857 0.011303191489361703 0.007142857142857143 
4 0.5531914893617021 0.628125 0.011968085106382979 0.00625 
4 0.1346409574468085 0.5183035714285714 0.004654255319148936 0.013392857142857142 
4 0.024933510638297872 0.5017857142857143 0.012632978723404254 0.007142857142857143 
4 0.5847739361702128 0.3495535714285714 0.00997340425531915 0.004464285714285714 
4 0.3168218085106383 0.40133928571428573 0.005984042553191489 0.016964285714285713 
4 0.5731382978723404 0.403125 0.006648936170212766 0.016964285714285713 
4 0.0355718085106383 0.2714285714285714 0.012632978723404254 0.008928571428571428 
4 0.14261968085106383 0.40848214285714285 0.004654255319148936 0.016964285714285713 
4 0.3550531914893617 0.4044642857142857 0.010638297872340425 0.005357142857142857 
4 0.355718085106383 0.3892857142857143 0.013297872340425532 0.007142857142857143 
4 0.578125 0.35580357142857144 0.011303191489361703 0.00625 
4 0.42686170212765956 0.9236607142857143 0.010638297872340425 0.015178571428571428 
4 0.4441489361702128 0.921875 0.011968085106382979 0.016964285714285713 
4 0.1512632978723404 0.7941964285714286 0.011303191489361703 0.00625 
4 0.6316489361702128 0.859375 0.005319148936170213 0.016964285714285713 
4 0.9165558510638298 0.8767857142857143 0.008643617021276596 0.014285714285714285 
4 0.8550531914893617 0.8665178571428571 0.006648936170212766 0.020535714285714286 
4 0.847406914893617 0.86875 0.005984042553191489 0.01607142857142857 
4 0.796875 0.8691964285714285 0.005984042553191489 0.013392857142857142 
4 0.7975398936170213 0.8883928571428571 0.004654255319148936 0.01607142857142857 
4 0.7978723404255319 0.9098214285714286 0.005319148936170213 0.017857142857142856 
4 0.6396276595744681 0.8602678571428571 0.005319148936170213 0.015178571428571428 
4 0.7992021276595744 0.8321428571428572 0.006648936170212766 0.017857142857142856 
4 0.9202127659574468 0.8267857142857142 0.013297872340425532 0.010714285714285714 
4 0.75 0.8075892857142857 0.005319148936170213 0.015178571428571428 
4 0.7563164893617021 0.7473214285714286 0.008643617021276596 0.023214285714285715 
4 0.8700132978723404 0.740625 0.013962765957446808 0.008035714285714285 
4 0.917220744680851 0.7316964285714286 0.012632978723404254 0.011607142857142858 
4 0.7945478723404256 0.5745535714285714 0.010638297872340425 0.013392857142857142 
4 0.9152260638297872 0.615625 0.012632978723404254 0.008035714285714285 
4 0.9152260638297872 0.6044642857142857 0.012632978723404254 0.007142857142857143 
4 0.9075797872340425 0.8419642857142857 0.013297872340425532 0.008928571428571428 
4 0.9168882978723404 0.8138392857142858 0.013297872340425532 0.013392857142857142 
4 0.8949468085106383 0.5566964285714285 0.011968085106382979 0.008035714285714285 
4 0.8706781914893617 0.7495535714285714 0.008643617021276596 0.00625 
4 0.5003324468085106 0.7883928571428571 0.011303191489361703 0.007142857142857143 
4 0.7672872340425532 0.9696428571428571 0.017287234042553192 0.008928571428571428 
4 0.878656914893617 0.9933035714285714 0.013962765957446808 0.008035714285714285 
4 0.8058510638297872 0.9580357142857143 0.014627659574468085 0.007142857142857143 
5 0.8656914893617021 0.94375 0.015957446808510637 0.010714285714285714 
4 0.9408244680851063 0.9620535714285714 0.011968085106382979 0.008035714285714285 
4 0.9451462765957447 0.9495535714285714 0.013962765957446808 0.008035714285714285 
4 0.8716755319148937 0.7741071428571429 0.011968085106382979 0.005357142857142857 
4 0.9188829787234043 0.7977678571428571 0.010638297872340425 0.011607142857142858 
4 0.8716755319148937 0.7821428571428571 0.011968085106382979 0.007142857142857143 
4 0.8394281914893617 0.7714285714285715 0.011303191489361703 0.007142857142857143 
4 0.9527925531914894 0.8991071428571429 0.014627659574468085 0.014285714285714285 
4 0.949468085106383 0.8017857142857143 0.013297872340425532 0.01607142857142857 
4 0.9192154255319149 0.765625 0.012632978723404254 0.013392857142857142 
4 0.9192154255319149 0.7776785714285714 0.012632978723404254 0.0125 
4 0.9185505319148937 0.7875 0.012632978723404254 0.0125 
4 0.895279255319149 0.565625 0.011303191489361703 0.00625 
4 0.883311170212766 0.5446428571428571 0.012632978723404254 0.007142857142857143 
4 0.5608377659574468 0.965625 0.012632978723404254 0.009821428571428571 
4 0.24800531914893617 0.9433035714285715 0.005319148936170213 0.016964285714285713 
4 0.9055851063829787 0.10625 0.011968085106382979 0.005357142857142857 
4 0.9481382978723404 0.13258928571428572 0.005319148936170213 0.015178571428571428 
5 0.8856382978723404 0.1825892857142857 0.014627659574468085 0.008035714285714285 
5 0.8321143617021277 0.12589285714285714 0.012632978723404254 0.005357142857142857 
4 0.8251329787234043 0.09196428571428572 0.007978723404255319 0.01607142857142857 
4 0.7749335106382979 0.115625 0.013962765957446808 0.009821428571428571 
4 0.25166223404255317 0.8986607142857143 0.012632978723404254 0.008035714285714285 
4 0.26163563829787234 0.940625 0.004654255319148936 0.015178571428571428 
4 0.9079122340425532 0.28616071428571427 0.004654255319148936 0.016964285714285713 
4 0.29853723404255317 0.9397321428571429 0.003989361702127659 0.015178571428571428 
4 0.3228058510638298 0.9098214285714286 0.012632978723404254 0.007142857142857143 
4 0.3211436170212766 0.9004464285714285 0.011968085106382979 0.00625 
4 0.3204787234042553 0.8919642857142858 0.011968085106382979 0.007142857142857143 
4 0.4913563829787234 0.8629464285714286 0.011968085106382979 0.009821428571428571 
4 0.6110372340425532 0.8611607142857143 0.006648936170212766 0.01875 
4 0.5621675531914894 0.9151785714285714 0.004654255319148936 0.01607142857142857 
4 0.8969414893617021 0.09776785714285714 0.011968085106382979 0.00625 
4 0.8321143617021277 0.32455357142857144 0.012632978723404254 0.00625 
5 0.8351063829787234 0.5991071428571428 0.006648936170212766 0.019642857142857142 
4 0.7386968085106383 0.4830357142857143 0.013297872340425532 0.010714285714285714 
4 0.7988696808510638 0.6285714285714286 0.005984042553191489 0.01607142857142857 
4 0.7134308510638298 0.5424107142857143 0.013297872340425532 0.008035714285714285 
4 0.6841755319148937 0.5723214285714285 0.006648936170212766 0.014285714285714285 
4 0.6173537234042553 0.5022321428571429 0.012632978723404254 0.008035714285714285 
4 0.8650265957446809 0.48392857142857143 0.013297872340425532 0.007142857142857143 
4 0.8939494680851063 0.48526785714285714 0.012632978723404254 0.00625 
4 0.9780585106382979 0.43348214285714287 0.010638297872340425 0.008035714285714285 
4 0.7360372340425532 0.45223214285714286 0.013297872340425532 0.008035714285714285 
4 0.8919547872340425 0.35848214285714286 0.00997340425531915 0.00625 
4 0.6343085106382979 0.43839285714285714 0.005319148936170213 0.01607142857142857 
4 0.640625 0.4361607142857143 0.005984042553191489 0.015178571428571428 
4 0.7799202127659575 0.3830357142857143 0.010638297872340425 0.005357142857142857 
4 0.7792553191489362 0.37410714285714286 0.013297872340425532 0.007142857142857143 
4 0.7802526595744681 0.3607142857142857 0.012632978723404254 0.007142857142857143 
4 0.7948803191489362 0.40401785714285715 0.004654255319148936 0.013392857142857142 
4 0.8813164893617021 0.4245535714285714 0.013962765957446808 0.008035714285714285 
1 0.45146276595744683 0.5834821428571428 0.16356382978723405 0.21517857142857144 
