4 0.23984375 0.6841145833333333 0.0046875 0.008854166666666666 
4 0.057291666666666664 0.9421875 0.004166666666666667 0.009375 
4 0.10911458333333333 0.9401041666666666 0.0046875 0.009375 
4 0.19427083333333334 0.9533854166666667 0.010416666666666666 0.0036458333333333334 
4 0.15963541666666667 0.9369791666666667 0.0046875 0.010416666666666666 
4 0.20338541666666668 0.9338541666666667 0.0046875 0.010416666666666666 
4 0.23203125 0.9526041666666667 0.011979166666666667 0.004166666666666667 
4 0.29661458333333335 0.934375 0.005729166666666666 0.010416666666666666 
4 0.24401041666666667 0.8333333333333334 0.0036458333333333334 0.008333333333333333 
4 0.15546875 0.83203125 0.0036458333333333334 0.008854166666666666 
4 0.11119791666666666 0.8489583333333334 0.0036458333333333334 0.010416666666666666 
4 0.20807291666666666 0.8315104166666667 0.0046875 0.009895833333333333 
4 0.26119791666666664 0.8166666666666667 0.008854166666666666 0.004166666666666667 
4 0.1921875 0.81875 0.009375 0.004166666666666667 
4 0.3177083333333333 0.80390625 0.008333333333333333 0.0036458333333333334 
4 0.30703125 0.7966145833333333 0.009895833333333333 0.0036458333333333334 
4 0.2830729166666667 0.7658854166666667 0.0046875 0.008854166666666666 
4 0.15208333333333332 0.7802083333333333 0.004166666666666667 0.010416666666666666 
4 0.10911458333333333 0.7934895833333333 0.0036458333333333334 0.0078125 
4 0.10885416666666667 0.78359375 0.004166666666666667 0.0078125 
4 0.021354166666666667 0.9427083333333334 0.005208333333333333 0.011458333333333333 
4 0.24088541666666666 0.9385416666666667 0.0046875 0.009375 
4 0.8192708333333333 0.9716145833333333 0.010416666666666666 0.0046875 
4 0.975 0.16510416666666666 0.004166666666666667 0.010416666666666666 
4 0.8315104166666667 0.971875 0.008854166666666666 0.005208333333333333 
4 0.8684895833333334 0.8872395833333333 0.005729166666666666 0.008854166666666666 
4 0.94296875 0.8830729166666667 0.009895833333333333 0.005729166666666666 
4 0.85546875 0.9713541666666666 0.009895833333333333 0.004166666666666667 
4 0.84296875 0.9716145833333333 0.009895833333333333 0.0036458333333333334 
4 0.022135416666666668 0.7903645833333334 0.009895833333333333 0.0036458333333333334 
4 0.1984375 0.69765625 0.004166666666666667 0.008854166666666666 
4 0.065625 0.6942708333333333 0.004166666666666667 0.008333333333333333 
4 0.74375 0.9393229166666667 0.010416666666666666 0.0109375 
4 0.86640625 0.9 0.008854166666666666 0.004166666666666667 
4 0.5125 0.828125 0.004166666666666667 0.008333333333333333 
4 0.6963541666666667 0.8278645833333333 0.004166666666666667 0.008854166666666666 
4 0.7380208333333333 0.8166666666666667 0.007291666666666667 0.010416666666666666 
4 0.7809895833333333 0.8151041666666666 0.0067708333333333336 0.011458333333333333 
4 0.5614583333333333 0.7552083333333334 0.007291666666666667 0.010416666666666666 
4 0.5671875 0.7546875 0.007291666666666667 0.009375 
4 0.5731770833333333 0.75390625 0.0067708333333333336 0.009895833333333333 
4 0.5786458333333333 0.7546875 0.007291666666666667 0.010416666666666666 
4 0.584375 0.7546875 0.008333333333333333 0.009375 
4 0.5888020833333333 0.75234375 0.0078125 0.009895833333333333 
4 0.59453125 0.75390625 0.0067708333333333336 0.008854166666666666 
4 0.6010416666666667 0.7533854166666667 0.007291666666666667 0.009895833333333333 
4 0.6057291666666667 0.753125 0.007291666666666667 0.010416666666666666 
4 0.6111979166666667 0.75390625 0.0078125 0.009895833333333333 
4 0.6161458333333333 0.7536458333333333 0.007291666666666667 0.010416666666666666 
4 0.6223958333333334 0.7528645833333333 0.00625 0.008854166666666666 
4 0.628125 0.7536458333333333 0.008333333333333333 0.009375 
4 0.7377604166666667 0.9518229166666666 0.009895833333333333 0.0046875 
4 0.6385416666666667 0.9411458333333333 0.010416666666666666 0.005208333333333333 
4 0.6078125 0.9236979166666667 0.004166666666666667 0.009895833333333333 
4 0.42421875 0.925 0.0046875 0.009375 
4 0.06640625 0.684375 0.0046875 0.009375 
4 0.09739583333333333 0.6713541666666667 0.009375 0.004166666666666667 
4 0.0171875 0.67421875 0.008333333333333333 0.0046875 
4 0.016666666666666666 0.38515625 0.005208333333333333 0.009895833333333333 
4 0.022916666666666665 0.3848958333333333 0.004166666666666667 0.009375 
4 0.34322916666666664 0.9317708333333333 0.004166666666666667 0.010416666666666666 
4 0.3684895833333333 0.9471354166666667 0.009895833333333333 0.0036458333333333334 
4 0.42291666666666666 0.9359375 0.007291666666666667 0.009375 
4 0.4361979166666667 0.946875 0.0109375 0.005208333333333333 
4 0.7119791666666667 0.9096354166666667 0.004166666666666667 0.008854166666666666 
4 0.40989583333333335 0.9658854166666667 0.009375 0.0036458333333333334 
4 0.4296875 0.9645833333333333 0.010416666666666666 0.005208333333333333 
4 0.44895833333333335 0.9455729166666667 0.010416666666666666 0.005729166666666666 
4 0.4703125 0.92578125 0.004166666666666667 0.009895833333333333 
4 0.51796875 0.9622395833333334 0.009895833333333333 0.0046875 
4 0.56328125 0.9244791666666666 0.0046875 0.0125 
4 0.5671875 0.9130208333333333 0.004166666666666667 0.010416666666666666 
4 0.70625 0.91015625 0.004166666666666667 0.009895833333333333 
4 0.9934895833333334 0.54921875 0.0026041666666666665 0.008854166666666666 
4 0.9677083333333333 0.6888020833333334 0.009375 0.0046875 
4 0.96875 0.7125 0.011458333333333333 0.005208333333333333 
4 0.9661458333333334 0.70078125 0.009375 0.0046875 
4 0.9661458333333334 0.6942708333333333 0.010416666666666666 0.005208333333333333 
4 0.6330729166666667 0.7533854166666667 0.0067708333333333336 0.008854166666666666 
4 0.6388020833333333 0.75234375 0.0067708333333333336 0.009895833333333333 
4 0.65078125 0.7536458333333333 0.0078125 0.009375 
4 0.21953125 0.20260416666666667 0.009895833333333333 0.004166666666666667 
4 0.2635416666666667 0.32838541666666665 0.004166666666666667 0.009895833333333333 
4 0.22395833333333334 0.2984375 0.009375 0.004166666666666667 
4 0.2234375 0.30390625 0.008333333333333333 0.0036458333333333334 
4 0.22291666666666668 0.30963541666666666 0.009375 0.0046875 
4 0.16588541666666667 0.3346354166666667 0.0036458333333333334 0.009895833333333333 
4 0.26458333333333334 0.22552083333333334 0.005208333333333333 0.010416666666666666 
4 0.2765625 0.23463541666666668 0.004166666666666667 0.008854166666666666 
4 0.31927083333333334 0.22604166666666667 0.005208333333333333 0.008333333333333333 
4 0.36223958333333334 0.22526041666666666 0.0046875 0.009895833333333333 
4 0.3885416666666667 0.22083333333333333 0.007291666666666667 0.009375 
4 0.375 0.22786458333333334 0.010416666666666666 0.0067708333333333336 
4 0.38177083333333334 0.21171875 0.010416666666666666 0.0046875 
4 0.44817708333333334 0.17760416666666667 0.005729166666666666 0.010416666666666666 
4 0.4005208333333333 0.16927083333333334 0.004166666666666667 0.009375 
4 0.37994791666666666 0.1734375 0.008854166666666666 0.008333333333333333 
4 0.37083333333333335 0.17708333333333334 0.010416666666666666 0.005208333333333333 
4 0.27421875 0.18385416666666668 0.0046875 0.009375 
4 0.22265625 0.25859375 0.009895833333333333 0.0046875 
4 0.23541666666666666 0.24296875 0.005208333333333333 0.009895833333333333 
4 0.2682291666666667 0.3377604166666667 0.004166666666666667 0.008854166666666666 
4 0.28463541666666664 0.334375 0.0036458333333333334 0.008333333333333333 
4 0.29140625 0.33645833333333336 0.0046875 0.010416666666666666 
4 0.7369791666666666 0.1453125 0.004166666666666667 0.008333333333333333 
4 0.5705729166666667 0.21041666666666667 0.0046875 0.010416666666666666 
4 0.59296875 0.20442708333333334 0.009895833333333333 0.0046875 
4 0.5783854166666667 0.19947916666666668 0.008854166666666666 0.004166666666666667 
4 0.55859375 0.17239583333333333 0.008854166666666666 0.008333333333333333 
4 0.7166666666666667 0.10625 0.005208333333333333 0.010416666666666666 
4 0.73515625 0.18307291666666667 0.0046875 0.009895833333333333 
4 0.7354166666666667 0.17135416666666667 0.004166666666666667 0.009375 
4 0.73671875 0.11276041666666667 0.0046875 0.0109375 
4 0.71796875 0.13541666666666666 0.0036458333333333334 0.009375 
4 0.30182291666666666 0.3346354166666667 0.0046875 0.0109375 
4 0.6690104166666667 0.17083333333333334 0.0067708333333333336 0.010416666666666666 
4 0.5471354166666667 0.1734375 0.008854166666666666 0.007291666666666667 
4 0.5377604166666666 0.17057291666666666 0.0046875 0.009895833333333333 
4 0.10859375 0.65390625 0.0109375 0.0046875 
4 0.053385416666666664 0.6005208333333333 0.005729166666666666 0.010416666666666666 
4 0.02421875 0.5244791666666667 0.0109375 0.005208333333333333 
4 0.02578125 0.49114583333333334 0.005729166666666666 0.011458333333333333 
4 0.4317708333333333 0.33255208333333336 0.011458333333333333 0.0078125 
4 0.234375 0.228125 0.00625 0.009375 
4 0.20677083333333332 0.20364583333333333 0.010416666666666666 0.005208333333333333 
4 0.6565104166666667 0.7520833333333333 0.008854166666666666 0.009375 
4 0.18072916666666666 0.20390625 0.010416666666666666 0.0046875 
10 1.0736979166666667 0.4265625 0.2546875 0.15520833333333334 
3 0.6768229166666667 0.4625 0.30572916666666666 0.11979166666666667 
1 0.44635416666666666 0.4283854166666667 0.09166666666666666 0.09427083333333333 
7 0.36875 0.5205729166666667 0.029166666666666667 0.050520833333333334 
7 0.33489583333333334 0.5213541666666667 0.027083333333333334 0.051041666666666666 
8 0.3731770833333333 0.5911458333333334 0.0359375 0.052083333333333336 
8 0.33697916666666666 0.5919270833333333 0.034375 0.050520833333333334 
13 0.1578125 0.74296875 0.021875 0.0109375 
13 0.6364583333333333 0.29140625 0.014583333333333334 0.018229166666666668 
13 0.5953125 0.25833333333333336 0.021875 0.013541666666666667 
13 0.5963541666666666 0.13046875 0.022916666666666665 0.0140625 
13 0.3333333333333333 0.2640625 0.019791666666666666 0.013541666666666667 
13 0.28567708333333336 0.14322916666666666 0.0234375 0.014583333333333334 
13 0.1921875 0.31536458333333334 0.01875 0.013020833333333334 
4 0.12291666666666666 0.13177083333333334 0.010416666666666666 0.004166666666666667 
4 0.1796875 0.19583333333333333 0.00625 0.008333333333333333 
4 0.04140625 0.24036458333333333 0.0046875 0.009895833333333333 
4 0.035416666666666666 0.23854166666666668 0.004166666666666667 0.008333333333333333 
4 0.07473958333333333 0.21432291666666667 0.0109375 0.0046875 
4 0.05859375 0.20260416666666667 0.0109375 0.004166666666666667 
4 0.03177083333333333 0.18489583333333334 0.007291666666666667 0.011458333333333333 
4 0.04010416666666667 0.18697916666666667 0.007291666666666667 0.010416666666666666 
4 0.11640625 0.11328125 0.008854166666666666 0.008854166666666666 
4 0.20807291666666666 0.11536458333333334 0.0109375 0.0046875 
4 0.21354166666666666 0.10729166666666666 0.008333333333333333 0.004166666666666667 
4 0.16796875 0.096875 0.0036458333333333334 0.009375 
13 0.30052083333333335 0.3 0.014583333333333334 0.011458333333333333 
4 0.5752604166666667 0.21848958333333332 0.0036458333333333334 0.008854166666666666 
4 0.5986979166666667 0.2265625 0.008854166666666666 0.008333333333333333 
4 0.6221354166666667 0.22369791666666666 0.0036458333333333334 0.008854166666666666 
4 0.6736979166666667 0.21640625 0.0046875 0.009895833333333333 
4 0.7575520833333333 0.7736979166666667 0.0109375 0.008854166666666666 
4 0.765625 0.77265625 0.009375 0.008854166666666666 
4 0.77265625 0.77265625 0.008854166666666666 0.008854166666666666 
4 0.7809895833333333 0.7723958333333333 0.009895833333333333 0.009375 
4 0.7888020833333333 0.7713541666666667 0.0109375 0.010416666666666666 
4 0.7955729166666666 0.7708333333333334 0.009895833333333333 0.008333333333333333 
4 0.8028645833333333 0.7716145833333333 0.008854166666666666 0.008854166666666666 
4 0.8091145833333333 0.7713541666666667 0.0109375 0.009375 
4 0.8161458333333333 0.7705729166666667 0.010416666666666666 0.008854166666666666 
4 0.8231770833333333 0.7700520833333333 0.0078125 0.0078125 
4 0.8302083333333333 0.7708333333333334 0.009375 0.008333333333333333 
4 0.8356770833333333 0.7697916666666667 0.009895833333333333 0.009375 
4 0.8440104166666667 0.7700520833333333 0.009895833333333333 0.008854166666666666 
4 0.8515625 0.7700520833333333 0.009375 0.008854166666666666 
4 0.8580729166666666 0.7674479166666667 0.008854166666666666 0.008854166666666666 
4 0.7463541666666667 0.7546875 0.005208333333333333 0.009375 
4 0.7526041666666666 0.75390625 0.004166666666666667 0.008854166666666666 
4 0.7572916666666667 0.7528645833333333 0.004166666666666667 0.0078125 
4 0.7625 0.7528645833333333 0.004166666666666667 0.008854166666666666 
4 0.8135416666666667 0.8002604166666667 0.011458333333333333 0.0036458333333333334 
4 0.615625 0.80546875 0.010416666666666666 0.0036458333333333334 
4 0.6130208333333333 0.7885416666666667 0.009375 0.004166666666666667 
4 0.6106770833333334 0.7734375 0.0078125 0.010416666666666666 
4 0.5463541666666667 0.7755208333333333 0.008333333333333333 0.009375 
4 0.5580729166666667 0.7755208333333333 0.0078125 0.010416666666666666 
4 0.5640625 0.7744791666666667 0.008333333333333333 0.008333333333333333 
4 0.5755208333333334 0.77421875 0.007291666666666667 0.008854166666666666 
4 0.5809895833333333 0.77421875 0.0067708333333333336 0.009895833333333333 
4 0.58671875 0.7739583333333333 0.005729166666666666 0.009375 
4 0.5979166666666667 0.77421875 0.008333333333333333 0.009895833333333333 
4 0.6041666666666666 0.7739583333333333 0.00625 0.009375 
4 0.6161458333333333 0.7747395833333334 0.008333333333333333 0.009895833333333333 
4 0.6734375 0.775 0.007291666666666667 0.009375 
4 0.6268229166666667 0.7734375 0.0078125 0.010416666666666666 
4 0.63359375 0.7734375 0.0067708333333333336 0.009375 
4 0.6393229166666666 0.7723958333333333 0.0067708333333333336 0.009375 
4 0.6450520833333333 0.7731770833333333 0.0078125 0.011979166666666667 
4 0.6513020833333333 0.7723958333333333 0.0067708333333333336 0.009375 
4 0.6567708333333333 0.7721354166666666 0.00625 0.008854166666666666 
4 0.6622395833333333 0.77265625 0.0078125 0.008854166666666666 
4 0.66875 0.7723958333333333 0.00625 0.009375 
4 0.77109375 0.7528645833333333 0.0067708333333333336 0.009895833333333333 
4 0.78046875 0.7505208333333333 0.008854166666666666 0.010416666666666666 
4 0.7872395833333333 0.7513020833333334 0.0109375 0.009895833333333333 
4 0.8666666666666667 0.2869791666666667 0.009375 0.005208333333333333 
4 0.9388020833333334 0.5140625 0.009895833333333333 0.005208333333333333 
5 0.89765625 0.49557291666666664 0.009895833333333333 0.024479166666666666 
4 0.6385416666666667 0.35598958333333336 0.011458333333333333 0.005729166666666666 
4 0.6807291666666667 0.3229166666666667 0.005208333333333333 0.010416666666666666 
4 0.675 0.32317708333333334 0.00625 0.009895833333333333 
4 0.4947916666666667 0.33255208333333336 0.005208333333333333 0.009895833333333333 
4 0.5783854166666667 0.31354166666666666 0.0046875 0.010416666666666666 
4 0.8768229166666667 0.32447916666666665 0.0046875 0.010416666666666666 
4 0.85234375 0.28802083333333334 0.0109375 0.005208333333333333 
4 0.9018229166666667 0.559375 0.005729166666666666 0.010416666666666666 
4 0.8359375 0.28020833333333334 0.008333333333333333 0.004166666666666667 
4 0.85390625 0.23828125 0.009895833333333333 0.005729166666666666 
4 0.8736979166666666 0.19166666666666668 0.005729166666666666 0.008333333333333333 
4 0.8486979166666667 0.19765625 0.008854166666666666 0.0036458333333333334 
4 0.8432291666666667 0.19322916666666667 0.007291666666666667 0.004166666666666667 
4 0.7377604166666667 0.26848958333333334 0.005729166666666666 0.009895833333333333 
4 0.5020833333333333 0.22291666666666668 0.010416666666666666 0.007291666666666667 
4 0.5140625 0.22135416666666666 0.009375 0.008333333333333333 
4 0.9010416666666666 0.5455729166666666 0.005208333333333333 0.0109375 
4 0.90234375 0.5755208333333334 0.005729166666666666 0.008333333333333333 
4 0.7950520833333333 0.7510416666666667 0.009895833333333333 0.009375 
4 0.846875 0.7239583333333334 0.008333333333333333 0.009375 
4 0.8015625 0.75078125 0.008333333333333333 0.008854166666666666 
4 0.8083333333333333 0.75078125 0.008333333333333333 0.0078125 
4 0.815625 0.7502604166666667 0.009375 0.0109375 
4 0.8229166666666666 0.7505208333333333 0.009375 0.010416666666666666 
4 0.8627604166666667 0.7625 0.009895833333333333 0.010416666666666666 
4 0.83828125 0.7497395833333333 0.008854166666666666 0.008854166666666666 
4 0.84453125 0.7372395833333333 0.008854166666666666 0.0078125 
4 0.8453125 0.7307291666666667 0.009375 0.008333333333333333 
4 0.865625 0.73359375 0.009375 0.009895833333333333 
4 0.9026041666666667 0.5979166666666667 0.004166666666666667 0.010416666666666666 
4 0.8442708333333333 0.7153645833333333 0.008333333333333333 0.008854166666666666 
4 0.8875 0.77109375 0.00625 0.008854166666666666 
4 0.865625 0.7140625 0.009375 0.009375 
4 0.8666666666666667 0.7065104166666667 0.009375 0.0078125 
4 0.8643229166666667 0.70078125 0.008854166666666666 0.009895833333333333 
4 0.9036458333333334 0.65859375 0.004166666666666667 0.008854166666666666 
4 0.9026041666666667 0.621875 0.004166666666666667 0.007291666666666667 
4 0.9033854166666667 0.6106770833333334 0.0046875 0.009895833333333333 
4 0.76328125 0.9296875 0.011979166666666667 0.007291666666666667 
6 0.2877604166666667 0.9088541666666666 0.005729166666666666 0.011458333333333333 
4 0.24348958333333334 0.8432291666666667 0.0036458333333333334 0.009375 
4 0.1546875 0.8481770833333333 0.004166666666666667 0.009895833333333333 
4 0.16119791666666666 0.8393229166666667 0.0036458333333333334 0.008854166666666666 
4 0.028385416666666666 0.6546875 0.009895833333333333 0.004166666666666667 
4 0.9255208333333333 0.9578125 0.009375 0.004166666666666667 
4 0.9268229166666667 0.89140625 0.0109375 0.0046875 
8 0.7947916666666667 0.5536458333333333 0.03125 0.053125 
7 0.8580729166666666 0.5518229166666667 0.018229166666666668 0.0359375 
7 0.8390625 0.55234375 0.017708333333333333 0.034895833333333334 
7 0.81953125 0.5533854166666666 0.0171875 0.033854166666666664 
7 0.8002604166666667 0.553125 0.0171875 0.034375 
7 0.7807291666666667 0.5536458333333333 0.017708333333333333 0.035416666666666666 
4 0.22552083333333334 0.7200520833333334 0.009375 0.0046875 
4 0.14557291666666666 0.6497395833333334 0.008854166666666666 0.0067708333333333336 
4 0.13463541666666667 0.6520833333333333 0.009895833333333333 0.004166666666666667 
4 0.99140625 0.6854166666666667 0.008854166666666666 0.008333333333333333 
13 0.17838541666666666 0.13463541666666667 0.0140625 0.0234375 
