5 0.8949386503067485 0.1198394495412844 0.032208588957055216 0.008027522935779817 
4 0.7162576687116564 0.9862385321100917 0.006134969325153374 0.009174311926605505 
5 0.713957055214724 0.22419724770642202 0.019938650306748466 0.0194954128440367 
5 0.7124233128834356 0.231651376146789 0.01687116564417178 0.013761467889908258 
5 0.6886503067484663 0.2276376146788991 0.015337423312883436 0.014908256880733946 
5 0.7001533742331288 0.22075688073394495 0.013803680981595092 0.014908256880733946 
5 0.6924846625766872 0.22247706422018348 0.013803680981595092 0.013761467889908258 
4 0.8159509202453987 0.23279816513761467 0.015337423312883436 0.006880733944954129 
4 0.6280674846625767 0.8956422018348624 0.013803680981595092 0.0045871559633027525 
4 0.6464723926380368 0.9019495412844036 0.013803680981595092 0.005733944954128441 
4 0.6180981595092024 0.9231651376146789 0.015337423312883436 0.0045871559633027525 
4 0.6625766871165644 0.9856651376146789 0.006134969325153374 0.010321100917431193 
4 0.700920245398773 0.9845183486238532 0.006134969325153374 0.008027522935779817 
4 0.7078220858895705 0.9862385321100917 0.007668711656441718 0.009174311926605505 
4 0.7239263803680982 0.9862385321100917 0.006134969325153374 0.009174311926605505 
4 0.8006134969325154 0.9736238532110092 0.015337423312883436 0.011467889908256881 
4 0.7323619631901841 0.9873853211009175 0.007668711656441718 0.009174311926605505 
4 0.7415644171779141 0.9908256880733946 0.007668711656441718 0.011467889908256881 
4 0.75 0.9913990825688074 0.006134969325153374 0.010321100917431193 
4 0.7645705521472392 0.9655963302752294 0.013803680981595092 0.009174311926605505 
4 0.7638036809815951 0.9713302752293578 0.012269938650306749 0.006880733944954129 
4 0.7645705521472392 0.9787844036697247 0.013803680981595092 0.008027522935779817 
4 0.7630368098159509 0.9845183486238532 0.010736196319018405 0.005733944954128441 
4 0.7607361963190185 0.9902522935779816 0.012269938650306749 0.008027522935779817 
4 0.7852760736196319 0.9432339449541285 0.012269938650306749 0.008027522935779817 
4 0.7891104294478528 0.9489678899082569 0.01687116564417178 0.010321100917431193 
4 0.7914110429447853 0.9552752293577982 0.015337423312883436 0.009174311926605505 
4 0.7929447852760736 0.9627293577981652 0.012269938650306749 0.008027522935779817 
5 0.7093558282208589 0.23795871559633028 0.013803680981595092 0.014908256880733946 
5 0.7016871165644172 0.2408256880733945 0.01687116564417178 0.013761467889908258 
5 0.9041411042944786 0.09747706422018348 0.02607361963190184 0.006880733944954129 
5 0.9049079754601227 0.12844036697247707 0.018404907975460124 0.006880733944954129 
4 0.24003067484662577 0.047591743119266054 0.007668711656441718 0.010321100917431193 
4 0.1955521472392638 0.024655963302752295 0.010736196319018405 0.005733944954128441 
4 0.5651840490797546 0.06422018348623854 0.013803680981595092 0.006880733944954129 
4 0.37423312883435583 0.020068807339449542 0.012269938650306749 0.005733944954128441 
4 0.4087423312883436 0.018922018348623854 0.013803680981595092 0.005733944954128441 
4 0.4432515337423313 0.017201834862385322 0.012269938650306749 0.0045871559633027525 
4 0.4578220858895706 0.014908256880733946 0.013803680981595092 0.006880733944954129 
4 0.4754601226993865 0.013188073394495414 0.012269938650306749 0.005733944954128441 
4 0.4946319018404908 0.013761467889908258 0.013803680981595092 0.0045871559633027525 
4 0.5820552147239264 0.0963302752293578 0.013803680981595092 0.009174311926605505 
5 0.29754601226993865 0.2121559633027523 0.015337423312883436 0.0045871559633027525 
4 0.22469325153374234 0.8870412844036697 0.013803680981595092 0.008027522935779817 
4 0.4976993865030675 0.8944954128440367 0.013803680981595092 0.006880733944954129 
4 0.4409509202453988 0.8400229357798165 0.010736196319018405 0.010321100917431193 
4 0.45245398773006135 0.8354357798165137 0.009202453987730062 0.010321100917431193 
4 0.5720858895705522 0.9615825688073395 0.009202453987730062 0.010321100917431193 
4 0.5644171779141104 0.9598623853211009 0.009202453987730062 0.009174311926605505 
4 0.5230061349693251 0.9564220183486238 0.009202453987730062 0.009174311926605505 
3 0.47162576687116564 0.4329128440366973 0.28680981595092025 0.0860091743119266 
10 0.47392638036809814 0.43520642201834864 0.18098159509202455 0.06077981651376147 
4 0.6641104294478528 0.11811926605504587 0.015337423312883436 0.011467889908256881 
5 0.7806748466257669 0.32396788990825687 0.012269938650306749 0.010321100917431193 
5 0.7684049079754601 0.32855504587155965 0.009202453987730062 0.017201834862385322 
5 0.88420245398773 0.14506880733944955 0.02607361963190184 0.008027522935779817 
5 0.8803680981595092 0.1353211009174312 0.024539877300613498 0.006880733944954129 
4 0.7967791411042945 0.9678899082568807 0.013803680981595092 0.009174311926605505 
4 0.8052147239263804 0.9799311926605505 0.015337423312883436 0.01261467889908257 
4 0.07822085889570553 0.15768348623853212 0.012269938650306749 0.005733944954128441 
4 0.38726993865030673 0.7012614678899083 0.013803680981595092 0.01261467889908257 
4 0.8911042944785276 0.9902522935779816 0.009202453987730062 0.008027522935779817 
4 0.9256134969325154 0.9850917431192661 0.010736196319018405 0.009174311926605505 
4 0.9317484662576687 0.9902522935779816 0.013803680981595092 0.01261467889908257 
4 0.9003067484662577 0.9908256880733946 0.009202453987730062 0.009174311926605505 
4 0.9141104294478528 0.9936926605504587 0.012269938650306749 0.010321100917431193 
4 0.8726993865030674 0.9673165137614679 0.009202453987730062 0.008027522935779817 
4 0.8680981595092024 0.970756880733945 0.009202453987730062 0.008027522935779817 
4 0.8665644171779141 0.9787844036697247 0.012269938650306749 0.008027522935779817 
4 0.8634969325153374 0.9913990825688074 0.012269938650306749 0.005733944954128441 
3 0.5874233128834356 0.6708715596330275 0.48773006134969327 0.4243119266055046 
10 0.5874233128834356 0.6680045871559633 0.3374233128834356 0.31077981651376146 
4 0.37576687116564417 0.7041284403669725 0.009202453987730062 0.009174311926605505 
4 0.3941717791411043 0.6972477064220184 0.009202453987730062 0.009174311926605505 
4 0.8098159509202454 0.9432339449541285 0.009202453987730062 0.010321100917431193 
4 0.40107361963190186 0.6961009174311926 0.010736196319018405 0.011467889908256881 
4 0.0736196319018405 0.9094036697247706 0.015337423312883436 0.006880733944954129 
4 0.03834355828220859 0.900802752293578 0.012269938650306749 0.005733944954128441 
4 0.9539877300613497 0.9094036697247706 0.015337423312883436 0.0045871559633027525 
4 0.49309815950920244 0.9214449541284404 0.013803680981595092 0.005733944954128441 
4 0.5483128834355828 0.9868119266055045 0.007668711656441718 0.008027522935779817 
4 0.4915644171779141 0.9856651376146789 0.007668711656441718 0.008027522935779817 
4 0.4838957055214724 0.9856651376146789 0.007668711656441718 0.010321100917431193 
4 0.4976993865030675 0.9564220183486238 0.007668711656441718 0.009174311926605505 
4 0.9033742331288344 0.07568807339449542 0.015337423312883436 0.0045871559633027525 
4 0.8957055214723927 0.08256880733944955 0.012269938650306749 0.0045871559633027525 
4 0.32131901840490795 0.21961009174311927 0.013803680981595092 0.005733944954128441 
4 0.8849693251533742 0.9873853211009175 0.009202453987730062 0.009174311926605505 
4 0.8765337423312883 0.9868119266055045 0.007668711656441718 0.010321100917431193 
4 0.9079754601226994 0.9833715596330275 0.009202453987730062 0.005733944954128441 
4 0.924079754601227 0.9776376146788991 0.010736196319018405 0.010321100917431193 
4 0.8190184049079755 0.9438073394495413 0.012269938650306749 0.013761467889908258 
4 0.8297546012269938 0.9438073394495413 0.012269938650306749 0.013761467889908258 
4 0.8404907975460123 0.9438073394495413 0.012269938650306749 0.011467889908256881 
4 0.8504601226993865 0.9426605504587156 0.010736196319018405 0.011467889908256881 
4 0.8604294478527608 0.9426605504587156 0.012269938650306749 0.011467889908256881 
4 0.8688650306748467 0.9438073394495413 0.010736196319018405 0.011467889908256881 
4 0.8151840490797546 0.9604357798165137 0.010736196319018405 0.010321100917431193 
4 0.8243865030674846 0.9604357798165137 0.010736196319018405 0.010321100917431193 
4 0.8335889570552147 0.9610091743119266 0.010736196319018405 0.011467889908256881 
4 0.8420245398773006 0.9621559633027523 0.012269938650306749 0.009174311926605505 
4 0.8496932515337423 0.9644495412844036 0.012269938650306749 0.009174311926605505 
4 0.9348159509202454 0.9455275229357798 0.013803680981595092 0.01261467889908257 
4 0.9524539877300614 0.9432339449541285 0.015337423312883436 0.010321100917431193 
4 0.8243865030674846 0.9713302752293578 0.013803680981595092 0.009174311926605505 
4 0.8358895705521472 0.970756880733945 0.012269938650306749 0.008027522935779817 
4 0.8458588957055214 0.9730504587155964 0.010736196319018405 0.008027522935779817 
4 0.8197852760736196 0.9845183486238532 0.010736196319018405 0.01261467889908257 
4 0.8297546012269938 0.9839449541284404 0.012269938650306749 0.011467889908256881 
4 0.8381901840490797 0.9856651376146789 0.013803680981595092 0.01261467889908257 
4 0.8473926380368099 0.9873853211009175 0.010736196319018405 0.011467889908256881 
4 0.9394171779141104 0.9719036697247706 0.013803680981595092 0.010321100917431193 
4 0.9486196319018405 0.9764908256880734 0.01687116564417178 0.01261467889908257 
4 0.9532208588957055 0.9810779816513762 0.013803680981595092 0.01261467889908257 
4 0.8826687116564417 0.9650229357798165 0.007668711656441718 0.010321100917431193 
4 0.9041411042944786 0.9684633027522935 0.010736196319018405 0.008027522935779817 
4 0.17024539877300612 0.03612385321100917 0.009202453987730062 0.005733944954128441 
