4 0.44479166666666664 0.8752604166666667 0.0020833333333333333 0.005729166666666666 
4 0.44088541666666664 0.8997395833333334 0.0026041666666666665 0.005729166666666666 
4 0.43697916666666664 0.8997395833333334 0.003125 0.005729166666666666 
4 0.44635416666666666 0.8919270833333334 0.0020833333333333333 0.0046875 
4 0.44375 0.8924479166666667 0.0020833333333333333 0.005729166666666666 
4 0.44088541666666664 0.8921875 0.0015625 0.005208333333333333 
4 0.44166666666666665 0.88046875 0.0020833333333333333 0.0046875 
4 0.43723958333333335 0.8916666666666667 0.0026041666666666665 0.005208333333333333 
4 0.43723958333333335 0.8807291666666667 0.0026041666666666665 0.005208333333333333 
4 0.434375 0.88046875 0.0020833333333333333 0.0046875 
4 0.4309895833333333 0.8799479166666667 0.0026041666666666665 0.005729166666666666 
4 0.4421875 0.8752604166666667 0.0020833333333333333 0.0046875 
4 0.4390625 0.87578125 0.0020833333333333333 0.0046875 
4 0.03359375 0.4375 0.0046875 0.0020833333333333333 
4 0.04583333333333333 0.4244791666666667 0.005208333333333333 0.0020833333333333333 
4 0.03359375 0.43463541666666666 0.005729166666666666 0.0026041666666666665 
4 0.033854166666666664 0.4317708333333333 0.005208333333333333 0.0020833333333333333 
4 0.033854166666666664 0.42682291666666666 0.005208333333333333 0.0026041666666666665 
4 0.04479166666666667 0.4510416666666667 0.005208333333333333 0.0020833333333333333 
4 0.04479166666666667 0.44817708333333334 0.005208333333333333 0.0026041666666666665 
4 0.0453125 0.44557291666666665 0.005208333333333333 0.0026041666666666665 
4 0.0453125 0.4432291666666667 0.005208333333333333 0.0020833333333333333 
4 0.0453125 0.44088541666666664 0.005208333333333333 0.0026041666666666665 
4 0.045572916666666664 0.43828125 0.0046875 0.0026041666666666665 
4 0.04583333333333333 0.43515625 0.005208333333333333 0.0026041666666666665 
4 0.045572916666666664 0.43255208333333334 0.0046875 0.0026041666666666665 
4 0.04583333333333333 0.42994791666666665 0.005208333333333333 0.0026041666666666665 
4 0.44427083333333334 0.9 0.0020833333333333333 0.005208333333333333 
4 0.44765625 0.9 0.0026041666666666665 0.005208333333333333 
4 0.45026041666666666 0.9 0.0026041666666666665 0.005208333333333333 
4 0.43671875 0.90625 0.0026041666666666665 0.005208333333333333 
4 0.39479166666666665 0.8833333333333333 0.00625 0.003125 
4 0.39375 0.8776041666666666 0.005208333333333333 0.0020833333333333333 
4 0.39375 0.8755208333333333 0.005208333333333333 0.0020833333333333333 
4 0.39401041666666664 0.87265625 0.0046875 0.0026041666666666665 
4 0.39401041666666664 0.8697916666666666 0.005729166666666666 0.003125 
4 0.39401041666666664 0.8645833333333334 0.005729166666666666 0.0020833333333333333 
4 0.39479166666666665 0.8619791666666666 0.005208333333333333 0.0020833333333333333 
4 0.39453125 0.8596354166666667 0.0046875 0.0026041666666666665 
4 0.39479166666666665 0.8565104166666667 0.005208333333333333 0.0026041666666666665 
4 0.39505208333333336 0.8536458333333333 0.005729166666666666 0.003125 
4 0.39505208333333336 0.8486979166666667 0.0046875 0.0026041666666666665 
4 0.3958333333333333 0.8416666666666667 0.005208333333333333 0.003125 
4 0.39557291666666666 0.9520833333333333 0.0026041666666666665 0.005208333333333333 
4 0.4127604166666667 0.9466145833333334 0.0026041666666666665 0.005729166666666666 
4 0.4075520833333333 0.9463541666666667 0.0026041666666666665 0.004166666666666667 
4 0.4049479166666667 0.94609375 0.0026041666666666665 0.005729166666666666 
4 0.40182291666666664 0.94609375 0.0026041666666666665 0.005729166666666666 
4 0.39869791666666665 0.94609375 0.0026041666666666665 0.0046875 
11 0.384375 0.9205729166666666 0.026041666666666668 0.027604166666666666 
4 0.4453125 0.9338541666666667 0.0020833333333333333 0.005208333333333333 
4 0.45416666666666666 0.9065104166666667 0.0020833333333333333 0.005729166666666666 
4 0.4505208333333333 0.9067708333333333 0.0020833333333333333 0.005208333333333333 
4 0.4471354166666667 0.9067708333333333 0.0026041666666666665 0.005208333333333333 
4 0.4440104166666667 0.90703125 0.0026041666666666665 0.0046875 
4 0.4395833333333333 0.90625 0.0020833333333333333 0.005208333333333333 
4 0.04583333333333333 0.42734375 0.005208333333333333 0.0026041666666666665 
4 0.04583333333333333 0.42213541666666665 0.005208333333333333 0.0026041666666666665 
4 0.40546875 0.8567708333333334 0.0026041666666666665 0.005208333333333333 
4 0.03411458333333333 0.421875 0.0046875 0.003125 
4 0.03463541666666667 0.4080729166666667 0.0046875 0.0026041666666666665 
4 0.04635416666666667 0.4083333333333333 0.005208333333333333 0.003125 
4 0.04635416666666667 0.40338541666666666 0.005208333333333333 0.0026041666666666665 
4 0.0421875 0.46927083333333336 0.004166666666666667 0.0020833333333333333 
4 0.04244791666666667 0.471875 0.0046875 0.0020833333333333333 
4 0.042708333333333334 0.47708333333333336 0.005208333333333333 0.003125 
4 0.04192708333333333 0.4822916666666667 0.0046875 0.0020833333333333333 
4 0.04114583333333333 0.5065104166666666 0.005208333333333333 0.0026041666666666665 
4 0.04088541666666667 0.4981770833333333 0.005729166666666666 0.0026041666666666665 
5 0.041666666666666664 0.49375 0.005208333333333333 0.0020833333333333333 
5 0.04192708333333333 0.49114583333333334 0.005729166666666666 0.0020833333333333333 
5 0.04192708333333333 0.48776041666666664 0.005729166666666666 0.0026041666666666665 
5 0.030729166666666665 0.49375 0.005208333333333333 0.003125 
5 0.030729166666666665 0.490625 0.005208333333333333 0.003125 
5 0.030729166666666665 0.4822916666666667 0.005208333333333333 0.003125 
4 0.3953125 0.88671875 0.005208333333333333 0.0026041666666666665 
4 0.40520833333333334 0.8622395833333333 0.0020833333333333333 0.0046875 
10 -0.018489583333333334 0.746875 0.0828125 0.11875 
4 0.03828125 0.6424479166666667 0.005729166666666666 0.0026041666666666665 
4 0.015364583333333333 0.6291666666666667 0.0046875 0.0020833333333333333 
4 0.03828125 0.6377604166666667 0.0046875 0.0015625 
10 0.296875 0.68984375 0.08333333333333333 0.11822916666666666 
4 0.038802083333333334 0.6348958333333333 0.0046875 0.003125 
10 0.09791666666666667 0.678125 0.08541666666666667 0.12083333333333333 
10 0.1046875 0.4734375 0.084375 0.121875 
10 0.2046875 0.46848958333333335 0.08333333333333333 0.12135416666666667 
10 0.30364583333333334 0.48020833333333335 0.08333333333333333 0.12083333333333333 
4 0.415625 0.9526041666666667 0.005208333333333333 0.003125 
4 0.35625 0.64375 0.004166666666666667 0.0020833333333333333 
4 0.3885416666666667 0.6359375 0.005208333333333333 0.0020833333333333333 
4 0.3880208333333333 0.6411458333333333 0.004166666666666667 0.0020833333333333333 
4 0.38776041666666666 0.6450520833333333 0.0046875 0.0026041666666666665 
4 0.38697916666666665 0.6890625 0.004166666666666667 0.0020833333333333333 
4 0.3875 0.6864583333333333 0.004166666666666667 0.0020833333333333333 
4 0.35546875 0.6736979166666667 0.005729166666666666 0.0026041666666666665 
4 0.35598958333333336 0.6666666666666666 0.005729166666666666 0.0020833333333333333 
4 0.36875 0.64921875 0.004166666666666667 0.0026041666666666665 
4 0.3692708333333333 0.6440104166666667 0.004166666666666667 0.0026041666666666665 
4 0.3690104166666667 0.6377604166666667 0.0036458333333333334 0.0015625 
4 0.3763020833333333 0.646875 0.0046875 0.0020833333333333333 
10 0.19713541666666667 0.6895833333333333 0.06927083333333334 0.09791666666666667 
10 0.009114583333333334 0.91796875 0.08489583333333334 0.1234375 
4 0.4078125 0.8625 0.0020833333333333333 0.004166666666666667 
4 0.41302083333333334 0.8796875 0.0020833333333333333 0.005208333333333333 
4 0.43020833333333336 0.34010416666666665 0.005208333333333333 0.003125 
4 0.4234375 0.340625 0.004166666666666667 0.0020833333333333333 
4 0.41302083333333334 0.33984375 0.004166666666666667 0.0026041666666666665 
4 0.40703125 0.33984375 0.0046875 0.0026041666666666665 
4 0.4 0.34010416666666665 0.004166666666666667 0.0020833333333333333 
4 0.37395833333333334 0.33880208333333334 0.004166666666666667 0.0026041666666666665 
4 0.36770833333333336 0.3390625 0.004166666666666667 0.0020833333333333333 
4 0.3541666666666667 0.33828125 0.004166666666666667 0.0026041666666666665 
5 0.3651041666666667 0.55859375 0.00625 0.0078125 
4 0.4203125 0.8791666666666667 0.0020833333333333333 0.004166666666666667 
4 0.41796875 0.87890625 0.0015625 0.0046875 
4 0.4153645833333333 0.8794270833333333 0.0026041666666666665 0.0046875 
4 0.41041666666666665 0.8796875 0.003125 0.004166666666666667 
11 0.55703125 0.31536458333333334 0.12760416666666666 0.12552083333333333 
4 0.4075520833333333 0.8796875 0.0026041666666666665 0.005208333333333333 
4 0.4044270833333333 0.8796875 0.0026041666666666665 0.005208333333333333 
4 0.4205729166666667 0.8739583333333333 0.0026041666666666665 0.004166666666666667 
4 0.41822916666666665 0.8734375 0.0020833333333333333 0.005208333333333333 
4 0.41510416666666666 0.87421875 0.0020833333333333333 0.0046875 
4 0.4127604166666667 0.87421875 0.0015625 0.0046875 
4 0.41041666666666665 0.87421875 0.003125 0.005729166666666666 
4 0.4078125 0.8739583333333333 0.0020833333333333333 0.005208333333333333 
4 0.4046875 0.8739583333333333 0.0020833333333333333 0.004166666666666667 
4 0.42109375 0.8635416666666667 0.0026041666666666665 0.00625 
4 0.41640625 0.8630208333333333 0.0026041666666666665 0.005208333333333333 
4 0.41328125 0.8630208333333333 0.0026041666666666665 0.005208333333333333 
4 0.4361979166666667 0.34140625 0.0046875 0.0026041666666666665 
4 0.4171875 0.35182291666666665 0.0020833333333333333 0.0046875 
4 0.42109375 0.35182291666666665 0.0026041666666666665 0.0046875 
4 0.42473958333333334 0.35260416666666666 0.0026041666666666665 0.005208333333333333 
11 0.9453125 0.5130208333333334 0.014583333333333334 0.014583333333333334 
4 0.9330729166666667 0.6567708333333333 0.005729166666666666 0.005208333333333333 
4 0.8997395833333334 0.7216145833333333 0.0026041666666666665 0.005729166666666666 
4 0.9002604166666667 0.7385416666666667 0.0036458333333333334 0.00625 
4 0.90390625 0.7541666666666667 0.0046875 0.00625 
4 0.9177083333333333 0.7776041666666667 0.004166666666666667 0.005208333333333333 
4 0.9411458333333333 0.796875 0.00625 0.005208333333333333 
11 0.778125 0.5145833333333333 0.034375 0.03333333333333333 
4 0.5390625 0.3885416666666667 0.004166666666666667 0.003125 
4 0.5341145833333333 0.3875 0.0046875 0.003125 
4 0.49921875 0.36484375 0.0046875 0.0046875 
5 0.5591145833333333 0.39036458333333335 0.005729166666666666 0.0026041666666666665 
5 0.5502604166666667 0.22239583333333332 0.0036458333333333334 0.007291666666666667 
4 0.36171875 0.47578125 0.0046875 0.0026041666666666665 
4 0.39348958333333334 0.50625 0.0046875 0.003125 
4 0.37395833333333334 0.496875 0.004166666666666667 0.0020833333333333333 
4 0.3609375 0.5075520833333333 0.005208333333333333 0.0026041666666666665 
4 0.3609375 0.5013020833333334 0.005208333333333333 0.0026041666666666665 
4 0.3609375 0.49635416666666665 0.005208333333333333 0.003125 
4 0.4591145833333333 0.4359375 0.0015625 0.004166666666666667 
4 0.44635416666666666 0.3536458333333333 0.0020833333333333333 0.004166666666666667 
4 0.43828125 0.353125 0.0015625 0.004166666666666667 
4 0.43515625 0.3528645833333333 0.0026041666666666665 0.0046875 
4 0.43203125 0.3528645833333333 0.0026041666666666665 0.0046875 
4 0.42864583333333334 0.353125 0.0020833333333333333 0.004166666666666667 
