4 0.920487106017192 0.15552995391705068 0.01002865329512894 0.016129032258064516 
4 0.45558739255014324 0.48214285714285715 0.011461318051575931 0.01728110599078341 
4 0.5351002865329513 0.4504608294930876 0.027220630372492838 0.009216589861751152 
4 0.5358166189111748 0.43951612903225806 0.03151862464183381 0.010368663594470046 
4 0.5365329512893983 0.42857142857142855 0.03008595988538682 0.009216589861751152 
4 0.9255014326647565 0.4769585253456221 0.008595988538681949 0.016129032258064516 
4 0.9348137535816619 0.42914746543778803 0.012893982808022923 0.021889400921658985 
4 0.9340974212034384 0.4032258064516129 0.008595988538681949 0.018433179723502304 
4 0.9369627507163324 0.37672811059907835 0.008595988538681949 0.016129032258064516 
4 0.9369627507163324 0.35368663594470046 0.011461318051575931 0.020737327188940093 
4 0.9398280802292264 0.3289170506912442 0.011461318051575931 0.019585253456221197 
4 0.9426934097421203 0.29493087557603687 0.011461318051575931 0.020737327188940093 
4 0.9484240687679083 0.26900921658986177 0.008595988538681949 0.021889400921658985 
4 0.9462750716332379 0.24539170506912442 0.012893982808022923 0.02304147465437788 
4 0.8495702005730659 0.17684331797235023 0.025787965616045846 0.008064516129032258 
4 0.9648997134670487 0.07430875576036866 0.01002865329512894 0.024193548387096774 
4 0.9591690544412608 0.13191244239631336 0.01002865329512894 0.021889400921658985 
4 0.8402578796561605 0.201036866359447 0.027220630372492838 0.010368663594470046 
4 0.7170487106017192 0.14919354838709678 0.027220630372492838 0.024193548387096774 
4 0.5050143266475645 0.12327188940092165 0.01862464183381089 0.02304147465437788 
4 0.46418338108882523 0.097926267281106 0.03151862464183381 0.013824884792626729 
7 0.7113180515759312 0.5835253456221198 0.12464183381088825 0.04723502304147465 
7 0.7070200573065902 0.5241935483870968 0.1303724928366762 0.04838709677419355 
4 0.5365329512893983 0.4642857142857143 0.027220630372492838 0.009216589861751152 
4 0.37965616045845274 0.49539170506912444 0.011461318051575931 0.016129032258064516 
4 0.83810888252149 0.8202764976958525 0.02865329512893983 0.01152073732718894 
4 0.3631805157593123 0.4959677419354839 0.01002865329512894 0.021889400921658985 
4 0.45415472779369626 0.8669354838709677 0.025787965616045846 0.012672811059907835 
4 0.5093123209169055 0.8099078341013825 0.02148997134670487 0.02304147465437788 
4 0.5214899713467048 0.8116359447004609 0.011461318051575931 0.019585253456221197 
4 0.6189111747851003 0.8058755760368663 0.03151862464183381 0.012672811059907835 
4 0.9054441260744985 0.7465437788018433 0.014326647564469915 0.02304147465437788 
4 0.9090257879656161 0.7188940092165899 0.012893982808022923 0.020737327188940093 
4 0.9111747851002865 0.6923963133640553 0.011461318051575931 0.02304147465437788 
4 0.914756446991404 0.6146313364055299 0.015759312320916905 0.019585253456221197 
4 0.917621776504298 0.592741935483871 0.012893982808022923 0.021889400921658985 
4 0.34742120343839544 0.36347926267281105 0.02148997134670487 0.021889400921658985 
4 0.28796561604584525 0.32085253456221197 0.034383954154727794 0.012672811059907835 
4 0.2915472779369627 0.3392857142857143 0.03008595988538682 0.010368663594470046 
4 0.2915472779369627 0.35023041474654376 0.03008595988538682 0.009216589861751152 
4 0.2922636103151863 0.3652073732718894 0.034383954154727794 0.009216589861751152 
4 0.28868194842406875 0.38018433179723504 0.03008595988538682 0.01152073732718894 
4 0.29727793696275073 0.4014976958525346 0.027220630372492838 0.008064516129032258 
4 0.29656160458452724 0.41359447004608296 0.02865329512893983 0.009216589861751152 
4 0.29727793696275073 0.4279953917050691 0.03008595988538682 0.008064516129032258 
4 0.29512893982808025 0.4544930875576037 0.02865329512893983 0.010368663594470046 
4 0.29584527220630374 0.4735023041474654 0.027220630372492838 0.009216589861751152 
4 0.3015759312320917 0.4838709677419355 0.024355300859598854 0.009216589861751152 
7 0.7048710601719198 0.46543778801843316 0.12607449856733524 0.05069124423963134 
