10 0.53203125 0.5682291666666667 0.1640625 0.12395833333333334 
4 0.6690104166666667 0.4375 0.0046875 0.0020833333333333333 
4 0.68125 0.4244791666666667 0.005208333333333333 0.0020833333333333333 
4 0.6690104166666667 0.43463541666666666 0.005729166666666666 0.0026041666666666665 
4 0.6692708333333334 0.4317708333333333 0.005208333333333333 0.0020833333333333333 
4 0.6692708333333334 0.42682291666666666 0.005208333333333333 0.0026041666666666665 
4 0.6802083333333333 0.4510416666666667 0.005208333333333333 0.0020833333333333333 
4 0.6802083333333333 0.44817708333333334 0.005208333333333333 0.0026041666666666665 
4 0.6807291666666667 0.44557291666666665 0.005208333333333333 0.0026041666666666665 
4 0.6807291666666667 0.4432291666666667 0.005208333333333333 0.0020833333333333333 
4 0.6807291666666667 0.44088541666666664 0.005208333333333333 0.0026041666666666665 
4 0.6809895833333334 0.43828125 0.0046875 0.0026041666666666665 
4 0.68125 0.43515625 0.005208333333333333 0.0026041666666666665 
4 0.6809895833333334 0.43255208333333334 0.0046875 0.0026041666666666665 
4 0.68125 0.42994791666666665 0.005208333333333333 0.0026041666666666665 
4 0.68125 0.42734375 0.005208333333333333 0.0026041666666666665 
4 0.68125 0.42213541666666665 0.005208333333333333 0.0026041666666666665 
4 0.49114583333333334 0.07682291666666667 0.004166666666666667 0.0046875 
5 0.4934895833333333 0.06979166666666667 0.0078125 0.008333333333333333 
4 0.21536458333333333 0.042708333333333334 0.0036458333333333334 0.00625 
4 0.21197916666666666 0.044270833333333336 0.004166666666666667 0.005208333333333333 
4 0.34010416666666665 0.41822916666666665 0.003125 0.00625 
4 0.33932291666666664 0.44609375 0.0026041666666666665 0.005729166666666666 
4 0.3229166666666667 0.8395833333333333 0.003125 0.005208333333333333 
4 0.32734375 0.8229166666666666 0.0026041666666666665 0.005208333333333333 
4 0.26796875 0.8684895833333334 0.0026041666666666665 0.005729166666666666 
5 0.34817708333333336 0.8549479166666667 0.0036458333333333334 0.013020833333333334 
4 0.27760416666666665 0.9065104166666667 0.0020833333333333333 0.005729166666666666 
11 0.30026041666666664 0.98046875 0.058854166666666666 0.0609375 
4 0.66953125 0.421875 0.0046875 0.003125 
4 0.20885416666666667 0.0453125 0.003125 0.004166666666666667 
4 0.20572916666666666 0.04609375 0.0020833333333333333 0.0026041666666666665 
4 0.20286458333333332 0.04791666666666667 0.0026041666666666665 0.004166666666666667 
5 0.19401041666666666 0.04635416666666667 0.0046875 0.004166666666666667 
4 0.19427083333333334 0.0421875 0.004166666666666667 0.004166666666666667 
4 0.19114583333333332 0.03515625 0.00625 0.005729166666666666 
4 0.19192708333333333 0.03958333333333333 0.0036458333333333334 0.004166666666666667 
4 0.1875 0.03333333333333333 0.007291666666666667 0.00625 
5 0.18541666666666667 0.027083333333333334 0.011458333333333333 0.008333333333333333 
5 0.18255208333333334 0.02265625 0.008854166666666666 0.005729166666666666 
4 0.17005208333333333 0.013541666666666667 0.0046875 0.003125 
4 0.39296875 0.18645833333333334 0.005729166666666666 0.005208333333333333 
4 0.45208333333333334 0.14609375 0.005208333333333333 0.005729166666666666 
4 0.4622395833333333 0.25364583333333335 0.005729166666666666 0.003125 
4 0.55234375 0.2625 0.0046875 0.0020833333333333333 
4 0.6700520833333333 0.4080729166666667 0.0046875 0.0026041666666666665 
4 0.6817708333333333 0.4083333333333333 0.005208333333333333 0.003125 
4 0.6817708333333333 0.40338541666666666 0.005208333333333333 0.0026041666666666665 
4 0.6776041666666667 0.46927083333333336 0.004166666666666667 0.0020833333333333333 
4 0.6778645833333333 0.471875 0.0046875 0.0020833333333333333 
4 0.678125 0.47708333333333336 0.005208333333333333 0.003125 
4 0.67734375 0.4822916666666667 0.0046875 0.0020833333333333333 
4 0.6765625 0.5065104166666666 0.005208333333333333 0.0026041666666666665 
4 0.6763020833333333 0.4981770833333333 0.005729166666666666 0.0026041666666666665 
5 0.6770833333333334 0.49375 0.005208333333333333 0.0020833333333333333 
5 0.67734375 0.49114583333333334 0.005729166666666666 0.0020833333333333333 
5 0.67734375 0.48776041666666664 0.005729166666666666 0.0026041666666666665 
5 0.6661458333333333 0.49375 0.005208333333333333 0.003125 
5 0.6661458333333333 0.490625 0.005208333333333333 0.003125 
5 0.6661458333333333 0.4822916666666667 0.005208333333333333 0.003125 
10 0.48411458333333335 0.3984375 0.0578125 0.03854166666666667 
4 0.5455729166666666 0.3341145833333333 0.0015625 0.0036458333333333334 
4 0.55703125 0.32265625 0.0046875 0.0026041666666666665 
4 0.5458333333333333 0.32265625 0.004166666666666667 0.0026041666666666665 
4 0.46041666666666664 0.3260416666666667 0.004166666666666667 0.0020833333333333333 
4 0.5606770833333333 0.25052083333333336 0.0036458333333333334 0.005208333333333333 
4 0.55703125 0.25026041666666665 0.0036458333333333334 0.0046875 
4 0.5541666666666667 0.25026041666666665 0.003125 0.0046875 
4 0.5643229166666667 0.26276041666666666 0.0036458333333333334 0.0026041666666666665 
4 0.5588541666666667 0.26223958333333336 0.004166666666666667 0.0026041666666666665 
10 0.6169270833333333 0.746875 0.0828125 0.11875 
4 0.6736979166666667 0.6424479166666667 0.005729166666666666 0.0026041666666666665 
4 0.6018229166666667 0.2643229166666667 0.0036458333333333334 0.0015625 
4 0.59375 0.2638020833333333 0.004166666666666667 0.0015625 
4 0.5885416666666666 0.2635416666666667 0.004166666666666667 0.0020833333333333333 
4 0.5830729166666667 0.2635416666666667 0.0046875 0.0020833333333333333 
4 0.5778645833333333 0.2630208333333333 0.0046875 0.0020833333333333333 
4 0.57109375 0.2630208333333333 0.0046875 0.0020833333333333333 
4 0.5986979166666667 0.2526041666666667 0.0026041666666666665 0.005208333333333333 
4 0.5747395833333333 0.2515625 0.0026041666666666665 0.003125 
4 0.5697916666666667 0.25052083333333336 0.003125 0.003125 
4 0.5669270833333333 0.25052083333333336 0.0036458333333333334 0.005208333333333333 
4 0.5635416666666667 0.25026041666666665 0.003125 0.0036458333333333334 
4 0.65078125 0.6291666666666667 0.0046875 0.0020833333333333333 
4 0.6736979166666667 0.6377604166666667 0.0046875 0.0015625 
10 0.9322916666666666 0.68984375 0.08333333333333333 0.11822916666666666 
4 0.67421875 0.6348958333333333 0.0046875 0.003125 
5 0.10104166666666667 0.23567708333333334 0.010416666666666666 0.0046875 
5 0.16197916666666667 0.23697916666666666 0.010416666666666666 0.003125 
5 0.20104166666666667 0.23854166666666668 0.011458333333333333 0.003125 
4 0.18411458333333333 0.23802083333333332 0.005729166666666666 0.003125 
4 0.140625 0.06692708333333333 0.004166666666666667 0.0046875 
4 0.13385416666666666 0.06744791666666666 0.004166666666666667 0.0046875 
10 0.7333333333333333 0.678125 0.08541666666666667 0.12083333333333333 
11 0.32473958333333336 0.28359375 0.1265625 0.1296875 
10 0.7401041666666667 0.4734375 0.084375 0.121875 
10 0.8401041666666667 0.46848958333333335 0.08333333333333333 0.12135416666666667 
10 0.9390625 0.48020833333333335 0.08333333333333333 0.12083333333333333 
4 0.6104166666666667 0.2640625 0.004166666666666667 0.0020833333333333333 
4 0.6158854166666666 0.2643229166666667 0.0046875 0.0026041666666666665 
4 0.6216145833333333 0.2643229166666667 0.0046875 0.0015625 
4 0.6276041666666666 0.2643229166666667 0.004166666666666667 0.0026041666666666665 
10 0.5278645833333333 0.74765625 0.08385416666666666 0.12135416666666667 
4 0.9916666666666667 0.64375 0.004166666666666667 0.0020833333333333333 
4 0.9908854166666666 0.6736979166666667 0.005729166666666666 0.0026041666666666665 
4 0.99140625 0.6666666666666666 0.005729166666666666 0.0020833333333333333 
4 0.5919270833333333 0.25234375 0.0036458333333333334 0.0036458333333333334 
4 0.5888020833333333 0.25234375 0.0026041666666666665 0.0046875 
4 0.5778645833333333 0.2515625 0.0026041666666666665 0.004166666666666667 
4 0.5809895833333333 0.2513020833333333 0.0036458333333333334 0.005729166666666666 
4 0.5950520833333334 0.2513020833333333 0.0026041666666666665 0.0046875 
4 0.6028645833333334 0.25234375 0.0036458333333333334 0.0036458333333333334 
4 0.60546875 0.2520833333333333 0.0026041666666666665 0.003125 
4 0.6088541666666667 0.2518229166666667 0.003125 0.0036458333333333334 
4 0.6158854166666666 0.25338541666666664 0.0026041666666666665 0.0026041666666666665 
4 0.6190104166666667 0.25234375 0.0036458333333333334 0.0036458333333333334 
10 0.8325520833333333 0.6895833333333333 0.06927083333333334 0.09791666666666667 
10 0.64453125 0.91796875 0.08489583333333334 0.1234375 
4 0.9895833333333334 0.33828125 0.004166666666666667 0.0026041666666666665 
4 0.9971354166666667 0.47578125 0.0046875 0.0026041666666666665 
4 0.9963541666666667 0.5075520833333333 0.005208333333333333 0.0026041666666666665 
4 0.9963541666666667 0.5013020833333334 0.005208333333333333 0.0026041666666666665 
4 0.9963541666666667 0.49635416666666665 0.005208333333333333 0.003125 
4 0.16953125 0.0109375 0.0046875 0.003125 
