10 0.53203125 0.22708333333333333 0.1640625 0.12395833333333334 
4 0.6690104166666667 0.09635416666666667 0.0046875 0.0020833333333333333 
4 0.68125 0.08333333333333333 0.005208333333333333 0.0020833333333333333 
4 0.6690104166666667 0.09348958333333333 0.005729166666666666 0.0026041666666666665 
4 0.6692708333333334 0.090625 0.005208333333333333 0.0020833333333333333 
4 0.6692708333333334 0.08567708333333333 0.005208333333333333 0.0026041666666666665 
4 0.6802083333333333 0.10989583333333333 0.005208333333333333 0.0020833333333333333 
4 0.6802083333333333 0.10703125 0.005208333333333333 0.0026041666666666665 
4 0.6807291666666667 0.10442708333333334 0.005208333333333333 0.0026041666666666665 
4 0.6807291666666667 0.10208333333333333 0.005208333333333333 0.0020833333333333333 
4 0.6807291666666667 0.09973958333333334 0.005208333333333333 0.0026041666666666665 
4 0.6809895833333334 0.09713541666666667 0.0046875 0.0026041666666666665 
4 0.68125 0.09401041666666667 0.005208333333333333 0.0026041666666666665 
4 0.6809895833333334 0.09140625 0.0046875 0.0026041666666666665 
4 0.68125 0.08880208333333334 0.005208333333333333 0.0026041666666666665 
4 0.68125 0.08619791666666667 0.005208333333333333 0.0026041666666666665 
4 0.68125 0.08098958333333334 0.005208333333333333 0.0026041666666666665 
4 0.3223958333333333 0.7760416666666666 0.0020833333333333333 0.005208333333333333 
4 0.34010416666666665 0.07708333333333334 0.003125 0.00625 
4 0.33932291666666664 0.10494791666666667 0.0026041666666666665 0.005729166666666666 
4 0.3229166666666667 0.4984375 0.003125 0.005208333333333333 
4 0.32734375 0.4817708333333333 0.0026041666666666665 0.005208333333333333 
4 0.26796875 0.52734375 0.0026041666666666665 0.005729166666666666 
5 0.34817708333333336 0.5138020833333333 0.0036458333333333334 0.013020833333333334 
4 0.27760416666666665 0.5653645833333333 0.0020833333333333333 0.005729166666666666 
11 0.30026041666666664 0.6393229166666666 0.058854166666666666 0.0609375 
4 0.25859375 0.8479166666666667 0.0026041666666666665 0.005208333333333333 
4 0.66953125 0.08072916666666667 0.0046875 0.003125 
4 0.2638020833333333 0.9010416666666666 0.0026041666666666665 0.004166666666666667 
4 0.6700520833333333 0.06692708333333333 0.0046875 0.0026041666666666665 
4 0.6817708333333333 0.0671875 0.005208333333333333 0.003125 
4 0.6817708333333333 0.062239583333333334 0.005208333333333333 0.0026041666666666665 
4 0.6776041666666667 0.128125 0.004166666666666667 0.0020833333333333333 
4 0.6778645833333333 0.13072916666666667 0.0046875 0.0020833333333333333 
4 0.678125 0.1359375 0.005208333333333333 0.003125 
4 0.67734375 0.14114583333333333 0.0046875 0.0020833333333333333 
4 0.6765625 0.16536458333333334 0.005208333333333333 0.0026041666666666665 
4 0.6763020833333333 0.15703125 0.005729166666666666 0.0026041666666666665 
5 0.6770833333333334 0.15260416666666668 0.005208333333333333 0.0020833333333333333 
5 0.67734375 0.15 0.005729166666666666 0.0020833333333333333 
5 0.67734375 0.14661458333333333 0.005729166666666666 0.0026041666666666665 
5 0.6661458333333333 0.15260416666666668 0.005208333333333333 0.003125 
5 0.6661458333333333 0.14947916666666666 0.005208333333333333 0.003125 
5 0.6661458333333333 0.14114583333333333 0.005208333333333333 0.003125 
10 0.48411458333333335 0.057291666666666664 0.0578125 0.03854166666666667 
10 0.6169270833333333 0.40572916666666664 0.0828125 0.11875 
4 0.6736979166666667 0.30130208333333336 0.005729166666666666 0.0026041666666666665 
4 0.65078125 0.28802083333333334 0.0046875 0.0020833333333333333 
4 0.6736979166666667 0.29661458333333335 0.0046875 0.0015625 
10 0.9322916666666666 0.34869791666666666 0.08333333333333333 0.11822916666666666 
4 0.67421875 0.29375 0.0046875 0.003125 
10 0.7333333333333333 0.33697916666666666 0.08541666666666667 0.12083333333333333 
11 0.32473958333333336 -0.05755208333333333 0.1265625 0.1296875 
10 0.7401041666666667 0.13229166666666667 0.084375 0.121875 
10 0.8401041666666667 0.12734375 0.08333333333333333 0.12135416666666667 
10 0.9390625 0.1390625 0.08333333333333333 0.12083333333333333 
10 0.5278645833333333 0.40651041666666665 0.08385416666666666 0.12135416666666667 
4 0.9971354166666667 0.8981770833333333 0.0036458333333333334 0.005729166666666666 
4 0.9916666666666667 0.3026041666666667 0.004166666666666667 0.0020833333333333333 
4 0.9908854166666666 0.33255208333333336 0.005729166666666666 0.0026041666666666665 
4 0.99140625 0.3255208333333333 0.005729166666666666 0.0020833333333333333 
10 0.8325520833333333 0.3484375 0.06927083333333334 0.09791666666666667 
10 0.64453125 0.5768229166666666 0.08489583333333334 0.1234375 
4 0.9971354166666667 0.13463541666666667 0.0046875 0.0026041666666666665 
4 0.9963541666666667 0.16640625 0.005208333333333333 0.0026041666666666665 
4 0.9963541666666667 0.16015625 0.005208333333333333 0.0026041666666666665 
4 0.9963541666666667 0.15520833333333334 0.005208333333333333 0.003125 
