4 0.44479166666666664 0.5341145833333333 0.0020833333333333333 0.005729166666666666 
4 0.44088541666666664 0.55859375 0.0026041666666666665 0.005729166666666666 
4 0.43697916666666664 0.55859375 0.003125 0.005729166666666666 
4 0.44635416666666666 0.55078125 0.0020833333333333333 0.0046875 
4 0.44375 0.5513020833333333 0.0020833333333333333 0.005729166666666666 
4 0.44088541666666664 0.5510416666666667 0.0015625 0.005208333333333333 
4 0.44166666666666665 0.5393229166666667 0.0020833333333333333 0.0046875 
4 0.43723958333333335 0.5505208333333333 0.0026041666666666665 0.005208333333333333 
4 0.43723958333333335 0.5395833333333333 0.0026041666666666665 0.005208333333333333 
4 0.434375 0.5393229166666667 0.0020833333333333333 0.0046875 
4 0.4309895833333333 0.5388020833333333 0.0026041666666666665 0.005729166666666666 
4 0.4421875 0.5341145833333333 0.0020833333333333333 0.0046875 
4 0.4390625 0.5346354166666667 0.0020833333333333333 0.0046875 
4 0.03359375 0.09635416666666667 0.0046875 0.0020833333333333333 
4 0.04583333333333333 0.08333333333333333 0.005208333333333333 0.0020833333333333333 
4 0.03359375 0.09348958333333333 0.005729166666666666 0.0026041666666666665 
4 0.033854166666666664 0.090625 0.005208333333333333 0.0020833333333333333 
4 0.033854166666666664 0.08567708333333333 0.005208333333333333 0.0026041666666666665 
4 0.04479166666666667 0.10989583333333333 0.005208333333333333 0.0020833333333333333 
4 0.04479166666666667 0.10703125 0.005208333333333333 0.0026041666666666665 
4 0.0453125 0.10442708333333334 0.005208333333333333 0.0026041666666666665 
4 0.0453125 0.10208333333333333 0.005208333333333333 0.0020833333333333333 
4 0.0453125 0.09973958333333334 0.005208333333333333 0.0026041666666666665 
4 0.045572916666666664 0.09713541666666667 0.0046875 0.0026041666666666665 
4 0.04583333333333333 0.09401041666666667 0.005208333333333333 0.0026041666666666665 
4 0.045572916666666664 0.09140625 0.0046875 0.0026041666666666665 
4 0.04583333333333333 0.08880208333333334 0.005208333333333333 0.0026041666666666665 
4 0.44427083333333334 0.5588541666666667 0.0020833333333333333 0.005208333333333333 
4 0.44765625 0.5588541666666667 0.0026041666666666665 0.005208333333333333 
4 0.45026041666666666 0.5588541666666667 0.0026041666666666665 0.005208333333333333 
4 0.43671875 0.5651041666666666 0.0026041666666666665 0.005208333333333333 
4 0.39479166666666665 0.5421875 0.00625 0.003125 
4 0.39375 0.5364583333333334 0.005208333333333333 0.0020833333333333333 
4 0.39375 0.534375 0.005208333333333333 0.0020833333333333333 
4 0.39401041666666664 0.5315104166666667 0.0046875 0.0026041666666666665 
4 0.39401041666666664 0.5286458333333334 0.005729166666666666 0.003125 
4 0.39401041666666664 0.5234375 0.005729166666666666 0.0020833333333333333 
4 0.39479166666666665 0.5208333333333334 0.005208333333333333 0.0020833333333333333 
4 0.39453125 0.5184895833333333 0.0046875 0.0026041666666666665 
4 0.39479166666666665 0.5153645833333333 0.005208333333333333 0.0026041666666666665 
4 0.39505208333333336 0.5125 0.005729166666666666 0.003125 
4 0.39505208333333336 0.5075520833333333 0.0046875 0.0026041666666666665 
4 0.3958333333333333 0.5005208333333333 0.005208333333333333 0.003125 
4 0.39557291666666666 0.6109375 0.0026041666666666665 0.005208333333333333 
4 0.4127604166666667 0.60546875 0.0026041666666666665 0.005729166666666666 
4 0.4075520833333333 0.6052083333333333 0.0026041666666666665 0.004166666666666667 
4 0.4049479166666667 0.6049479166666667 0.0026041666666666665 0.005729166666666666 
4 0.40182291666666664 0.6049479166666667 0.0026041666666666665 0.005729166666666666 
4 0.39869791666666665 0.6049479166666667 0.0026041666666666665 0.0046875 
11 0.384375 0.5794270833333334 0.026041666666666668 0.027604166666666666 
4 0.4453125 0.5927083333333333 0.0020833333333333333 0.005208333333333333 
4 0.45416666666666666 0.5653645833333333 0.0020833333333333333 0.005729166666666666 
4 0.4505208333333333 0.565625 0.0020833333333333333 0.005208333333333333 
4 0.4471354166666667 0.565625 0.0026041666666666665 0.005208333333333333 
4 0.4440104166666667 0.5658854166666667 0.0026041666666666665 0.0046875 
4 0.4395833333333333 0.5651041666666666 0.0020833333333333333 0.005208333333333333 
4 0.04583333333333333 0.08619791666666667 0.005208333333333333 0.0026041666666666665 
4 0.04583333333333333 0.08098958333333334 0.005208333333333333 0.0026041666666666665 
4 0.40546875 0.515625 0.0026041666666666665 0.005208333333333333 
4 0.03411458333333333 0.08072916666666667 0.0046875 0.003125 
4 0.03463541666666667 0.06692708333333333 0.0046875 0.0026041666666666665 
4 0.04635416666666667 0.0671875 0.005208333333333333 0.003125 
4 0.04635416666666667 0.062239583333333334 0.005208333333333333 0.0026041666666666665 
4 0.0421875 0.128125 0.004166666666666667 0.0020833333333333333 
4 0.04244791666666667 0.13072916666666667 0.0046875 0.0020833333333333333 
4 0.042708333333333334 0.1359375 0.005208333333333333 0.003125 
4 0.04192708333333333 0.14114583333333333 0.0046875 0.0020833333333333333 
4 0.04114583333333333 0.16536458333333334 0.005208333333333333 0.0026041666666666665 
4 0.04088541666666667 0.15703125 0.005729166666666666 0.0026041666666666665 
5 0.041666666666666664 0.15260416666666668 0.005208333333333333 0.0020833333333333333 
5 0.04192708333333333 0.15 0.005729166666666666 0.0020833333333333333 
5 0.04192708333333333 0.14661458333333333 0.005729166666666666 0.0026041666666666665 
5 0.030729166666666665 0.15260416666666668 0.005208333333333333 0.003125 
5 0.030729166666666665 0.14947916666666666 0.005208333333333333 0.003125 
5 0.030729166666666665 0.14114583333333333 0.005208333333333333 0.003125 
4 0.3953125 0.5455729166666666 0.005208333333333333 0.0026041666666666665 
4 0.40520833333333334 0.52109375 0.0020833333333333333 0.0046875 
10 -0.018489583333333334 0.40572916666666664 0.0828125 0.11875 
4 0.03828125 0.30130208333333336 0.005729166666666666 0.0026041666666666665 
4 0.015364583333333333 0.28802083333333334 0.0046875 0.0020833333333333333 
4 0.03828125 0.29661458333333335 0.0046875 0.0015625 
10 0.296875 0.34869791666666666 0.08333333333333333 0.11822916666666666 
4 0.038802083333333334 0.29375 0.0046875 0.003125 
10 0.09791666666666667 0.33697916666666666 0.08541666666666667 0.12083333333333333 
10 0.1046875 0.13229166666666667 0.084375 0.121875 
10 0.2046875 0.12734375 0.08333333333333333 0.12135416666666667 
10 0.30364583333333334 0.1390625 0.08333333333333333 0.12083333333333333 
4 0.36171875 0.8981770833333333 0.0036458333333333334 0.005729166666666666 
4 0.415625 0.6114583333333333 0.005208333333333333 0.003125 
4 0.35625 0.3026041666666667 0.004166666666666667 0.0020833333333333333 
4 0.3885416666666667 0.2947916666666667 0.005208333333333333 0.0020833333333333333 
4 0.3880208333333333 0.3 0.004166666666666667 0.0020833333333333333 
4 0.38776041666666666 0.30390625 0.0046875 0.0026041666666666665 
4 0.38697916666666665 0.34791666666666665 0.004166666666666667 0.0020833333333333333 
4 0.3875 0.3453125 0.004166666666666667 0.0020833333333333333 
4 0.35546875 0.33255208333333336 0.005729166666666666 0.0026041666666666665 
4 0.35598958333333336 0.3255208333333333 0.005729166666666666 0.0020833333333333333 
4 0.36875 0.30807291666666664 0.004166666666666667 0.0026041666666666665 
4 0.3692708333333333 0.3028645833333333 0.004166666666666667 0.0026041666666666665 
4 0.3690104166666667 0.29661458333333335 0.0036458333333333334 0.0015625 
4 0.3763020833333333 0.30572916666666666 0.0046875 0.0020833333333333333 
10 0.19713541666666667 0.3484375 0.06927083333333334 0.09791666666666667 
10 0.009114583333333334 0.5768229166666666 0.08489583333333334 0.1234375 
4 0.4078125 0.5213541666666667 0.0020833333333333333 0.004166666666666667 
4 0.41302083333333334 0.5385416666666667 0.0020833333333333333 0.005208333333333333 
5 0.3651041666666667 0.21744791666666666 0.00625 0.0078125 
4 0.4203125 0.5380208333333333 0.0020833333333333333 0.004166666666666667 
4 0.41796875 0.5377604166666666 0.0015625 0.0046875 
4 0.4153645833333333 0.53828125 0.0026041666666666665 0.0046875 
4 0.41041666666666665 0.5385416666666667 0.003125 0.004166666666666667 
11 0.55703125 -0.02578125 0.12760416666666666 0.12552083333333333 
4 0.4075520833333333 0.5385416666666667 0.0026041666666666665 0.005208333333333333 
4 0.4044270833333333 0.5385416666666667 0.0026041666666666665 0.005208333333333333 
4 0.4205729166666667 0.5328125 0.0026041666666666665 0.004166666666666667 
4 0.41822916666666665 0.5322916666666667 0.0020833333333333333 0.005208333333333333 
4 0.41510416666666666 0.5330729166666667 0.0020833333333333333 0.0046875 
4 0.4127604166666667 0.5330729166666667 0.0015625 0.0046875 
4 0.41041666666666665 0.5330729166666667 0.003125 0.005729166666666666 
4 0.4078125 0.5328125 0.0020833333333333333 0.005208333333333333 
4 0.4046875 0.5328125 0.0020833333333333333 0.004166666666666667 
4 0.42109375 0.5223958333333333 0.0026041666666666665 0.00625 
4 0.41640625 0.521875 0.0026041666666666665 0.005208333333333333 
4 0.41328125 0.521875 0.0026041666666666665 0.005208333333333333 
4 0.4171875 0.010677083333333334 0.0020833333333333333 0.0046875 
4 0.42109375 0.010677083333333334 0.0026041666666666665 0.0046875 
4 0.42473958333333334 0.011458333333333333 0.0026041666666666665 0.005208333333333333 
11 0.9453125 0.171875 0.014583333333333334 0.014583333333333334 
4 0.9330729166666667 0.315625 0.005729166666666666 0.005208333333333333 
4 0.8997395833333334 0.38046875 0.0026041666666666665 0.005729166666666666 
4 0.9002604166666667 0.39739583333333334 0.0036458333333333334 0.00625 
4 0.90390625 0.41302083333333334 0.0046875 0.00625 
4 0.9177083333333333 0.43645833333333334 0.004166666666666667 0.005208333333333333 
4 0.9411458333333333 0.4557291666666667 0.00625 0.005208333333333333 
11 0.778125 0.1734375 0.034375 0.03333333333333333 
4 0.5390625 0.04739583333333333 0.004166666666666667 0.003125 
4 0.5341145833333333 0.04635416666666667 0.0046875 0.003125 
4 0.49921875 0.023697916666666666 0.0046875 0.0046875 
5 0.5591145833333333 0.04921875 0.005729166666666666 0.0026041666666666665 
4 0.36171875 0.13463541666666667 0.0046875 0.0026041666666666665 
4 0.39348958333333334 0.16510416666666666 0.0046875 0.003125 
4 0.37395833333333334 0.15572916666666667 0.004166666666666667 0.0020833333333333333 
4 0.3609375 0.16640625 0.005208333333333333 0.0026041666666666665 
4 0.3609375 0.16015625 0.005208333333333333 0.0026041666666666665 
4 0.3609375 0.15520833333333334 0.005208333333333333 0.003125 
4 0.4591145833333333 0.09479166666666666 0.0015625 0.004166666666666667 
4 0.44635416666666666 0.0125 0.0020833333333333333 0.004166666666666667 
4 0.43828125 0.011979166666666667 0.0015625 0.004166666666666667 
4 0.43515625 0.01171875 0.0026041666666666665 0.0046875 
4 0.43203125 0.01171875 0.0026041666666666665 0.0046875 
4 0.42864583333333334 0.011979166666666667 0.0020833333333333333 0.004166666666666667 
