4 0.4449685534591195 0.07142857142857142 0.007337526205450734 0.012181616832779624 
4 0.40985324947589097 0.7297895902547066 0.010482180293501049 0.006644518272425249 
4 0.39570230607966456 0.7054263565891473 0.009433962264150943 0.006644518272425249 
4 0.3920335429769392 0.698781838316722 0.010482180293501049 0.006644518272425249 
4 0.37054507337526205 0.7685492801771872 0.009433962264150943 0.01107419712070875 
4 0.3579664570230608 0.7635658914728682 0.007337526205450734 0.012181616832779624 
4 0.3307127882599581 0.7148394241417497 0.007337526205450734 0.012181616832779624 
4 0.3087002096436059 0.6760797342192691 0.007337526205450734 0.009966777408637873 
4 0.2950733752620545 0.636766334440753 0.009433962264150943 0.01107419712070875 
4 0.26834381551362685 0.5919158361018826 0.008385744234800839 0.009966777408637873 
4 0.3522012578616352 0.584717607973422 0.006289308176100629 0.01107419712070875 
4 0.3480083857442348 0.579734219269103 0.0041928721174004195 0.009966777408637873 
4 0.3448637316561845 0.5741971207087486 0.0041928721174004195 0.007751937984496124 
4 0.34067085953878407 0.5669988925802879 0.0041928721174004195 0.008859357696566999 
4 0.330188679245283 0.593576965669989 0.010482180293501049 0.004429678848283499 
4 0.32337526205450734 0.5852713178294574 0.009433962264150943 0.005537098560354375 
4 0.31865828092243187 0.5786267995570321 0.010482180293501049 0.005537098560354375 
4 0.31446540880503143 0.5675526024363233 0.010482180293501049 0.005537098560354375 
4 0.26834381551362685 0.4944629014396456 0.010482180293501049 0.005537098560354375 
4 0.27253668763102723 0.5553709856035437 0.008385744234800839 0.012181616832779624 
4 0.25157232704402516 0.5575858250276855 0.008385744234800839 0.012181616832779624 
4 0.2279874213836478 0.47840531561461797 0.009433962264150943 0.01107419712070875 
4 0.19549266247379454 0.4894795127353267 0.011530398322851153 0.013289036544850499 
4 0.35167714884696016 0.35105204872646734 0.009433962264150943 0.01107419712070875 
4 0.3480083857442348 0.35437430786268 0.008385744234800839 0.008859357696566999 
4 0.40461215932914046 0.717607973421927 0.010482180293501049 0.006644518272425249 
4 0.3411949685534591 0.716500553709856 0.007337526205450734 0.01107419712070875 
4 0.3385744234800839 0.3637873754152824 0.008385744234800839 0.009966777408637873 
4 0.3768343815513627 0.7973421926910299 0.009433962264150943 0.01107419712070875 
4 0.07809224318658281 0.13676633444075303 0.005241090146750524 0.009966777408637873 
4 0.17243186582809225 0.05094130675526024 0.009433962264150943 0.004429678848283499 
4 0.20073375262054508 0.04928017718715393 0.009433962264150943 0.005537098560354375 
4 0.21645702306079664 0.04706533776301218 0.011530398322851153 0.005537098560354375 
4 0.06132075471698113 0.24861572535991142 0.007337526205450734 0.009966777408637873 
4 0.06656184486373165 0.18549280177187155 0.009433962264150943 0.012181616832779624 
4 0.031446540880503145 0.2757475083056478 0.008385744234800839 0.01107419712070875 
4 0.37631027253668764 0.6722037652270211 0.010482180293501049 0.006644518272425249 
4 0.39360587002096437 0.8294573643410853 0.009433962264150943 0.013289036544850499 
4 0.6121593291404612 0.96843853820598 0.008385744234800839 0.005537098560354375 
4 0.6221174004192872 0.96843853820598 0.009433962264150943 0.005537098560354375 
4 0.6325995807127882 0.96843853820598 0.009433962264150943 0.005537098560354375 
4 0.6425576519916143 0.96843853820598 0.008385744234800839 0.005537098560354375 
4 0.6514675052410901 0.9689922480620154 0.009433962264150943 0.004429678848283499 
4 0.45125786163522014 0.9673311184939092 0.005241090146750524 0.009966777408637873 
4 0.4790356394129979 0.946843853820598 0.006289308176100629 0.01107419712070875 
4 0.4648846960167715 0.9219269102990033 0.005241090146750524 0.009966777408637873 
4 0.46331236897274636 0.9667774086378738 0.006289308176100629 0.01107419712070875 
4 0.4549266247379455 0.9573643410852714 0.006289308176100629 0.009966777408637873 
4 0.4412997903563941 0.9490586932447398 0.0041928721174004195 0.01107419712070875 
4 0.4412997903563941 0.9208194905869325 0.008385744234800839 0.012181616832779624 
4 0.4119496855345912 0.8488372093023255 0.008385744234800839 0.009966777408637873 
4 0.39622641509433965 0.8161683277962348 0.008385744234800839 0.01107419712070875 
4 0.34329140461215935 0.3576965669988926 0.007337526205450734 0.008859357696566999 
4 0.33490566037735847 0.36710963455149503 0.009433962264150943 0.009966777408637873 
4 0.8736897274633124 0.2292358803986711 0.007337526205450734 0.004429678848283499 
4 0.3128930817610063 0.06201550387596899 0.009433962264150943 0.004429678848283499 
4 0.44077568134171907 0.03156146179401993 0.009433962264150943 0.005537098560354375 
4 0.46540880503144655 0.03045404208194906 0.010482180293501049 0.005537098560354375 
4 0.47851153039832284 0.02823920265780731 0.011530398322851153 0.005537098560354375 
4 0.4916142557651992 0.02602436323366556 0.010482180293501049 0.005537098560354375 
4 0.5036687631027253 0.026578073089700997 0.009433962264150943 0.004429678848283499 
4 0.5267295597484277 0.024363233665559248 0.009433962264150943 0.004429678848283499 
4 0.5157232704402516 0.02547065337763012 0.008385744234800839 0.004429678848283499 
4 0.59958071278826 0.019933554817275746 0.010482180293501049 0.004429678848283499 
7 0.38259958071278827 0.5116279069767442 0.04821802935010482 0.053156146179401995 
7 0.5209643605870021 0.4939091915836102 0.0440251572327044 0.053156146179401995 
7 0.4979035639412998 0.5132890365448505 0.04612159329140461 0.05426356589147287 
7 0.4748427672955975 0.5326688815060908 0.04612159329140461 0.05537098560354374 
7 0.4528301886792453 0.5526024363233666 0.04612159329140461 0.053156146179401995 
7 0.42872117400419285 0.5725359911406424 0.04612159329140461 0.05537098560354374 
7 0.47431865828092246 0.4330011074197121 0.04507337526205451 0.05094130675526024 
7 0.45125786163522014 0.4512735326688815 0.04507337526205451 0.05204872646733112 
7 0.42872117400419285 0.47231450719822815 0.04612159329140461 0.05204872646733112 
7 0.4056603773584906 0.491140642303433 0.04612159329140461 0.05204872646733112 
8 0.3165618448637317 0.46511627906976744 0.05660377358490566 0.06201550387596899 
8 0.42452830188679247 0.3754152823920266 0.05870020964360587 0.0664451827242525 
8 0.3977987421383648 0.39867109634551495 0.059748427672955975 0.0664451827242525 
8 0.3710691823899371 0.41971207087486156 0.05870020964360587 0.06423034330011074 
8 0.34276729559748426 0.4429678848283499 0.05660377358490566 0.06201550387596899 
4 0.4281970649895178 0.03322259136212625 0.009433962264150943 0.004429678848283499 
4 0.33176100628930816 0.06201550387596899 0.009433962264150943 0.004429678848283499 
4 0.3312368972746331 0.3698781838316722 0.008385744234800839 0.008859357696566999 
4 0.2631027253668763 0.0664451827242525 0.010482180293501049 0.004429678848283499 
4 0.32651991614255765 0.3743078626799557 0.007337526205450734 0.01107419712070875 
4 0.3228511530398323 0.37763012181616834 0.008385744234800839 0.01107419712070875 
4 0.3149895178197065 0.3842746400885936 0.009433962264150943 0.01107419712070875 
4 0.31027253668763105 0.3875968992248062 0.008385744234800839 0.01107419712070875 
4 0.3008385744234801 0.3947951273532669 0.008385744234800839 0.009966777408637873 
4 0.2966457023060797 0.39867109634551495 0.008385744234800839 0.01107419712070875 
4 0.2830188679245283 0.41029900332225916 0.008385744234800839 0.009966777408637873 
4 0.2751572327044025 0.4169435215946844 0.007337526205450734 0.009966777408637873 
4 0.06341719077568134 0.38261351052048725 0.011530398322851153 0.007751937984496124 
4 0.1708595387840671 0.4263565891472868 0.010482180293501049 0.008859357696566999 
4 0.1289308176100629 0.40420819490586934 0.010482180293501049 0.008859357696566999 
4 0.036163522012578615 0.36267995570321154 0.011530398322851153 0.009966777408637873 
4 0.04035639412997904 0.3023255813953488 0.007337526205450734 0.01107419712070875 
4 0.049266247379454925 0.2796234772978959 0.006289308176100629 0.009966777408637873 
4 0.040880503144654086 0.25083056478405313 0.008385744234800839 0.012181616832779624 
4 0.06970649895178196 0.22868217054263565 0.009433962264150943 0.012181616832779624 
4 0.41771488469601675 0.23421926910299004 0.011530398322851153 0.012181616832779624 
4 0.07966457023060797 0.12624584717607973 0.0041928721174004195 0.008859357696566999 
4 0.08071278825995808 0.11572535991140642 0.0041928721174004195 0.009966777408637873 
4 0.08071278825995808 0.10409745293466224 0.0041928721174004195 0.008859357696566999 
4 0.06132075471698113 0.08194905869324474 0.009433962264150943 0.004429678848283499 
4 0.12106918238993711 0.05426356589147287 0.009433962264150943 0.004429678848283499 
4 0.15880503144654087 0.05260243632336656 0.009433962264150943 0.005537098560354375 
4 0.09119496855345911 0.16666666666666666 0.006289308176100629 0.009966777408637873 
4 0.04559748427672956 0.2397563676633444 0.007337526205450734 0.009966777408637873 
4 0.6221174004192872 0.03820598006644518 0.009433962264150943 0.005537098560354375 
4 0.8155136268343816 0.8781838316722038 0.010482180293501049 0.004429678848283499 
4 0.8118448637316562 0.8682170542635659 0.011530398322851153 0.004429678848283499 
4 0.8118448637316562 0.8626799557032115 0.009433962264150943 0.004429678848283499 
4 0.810796645702306 0.858250276854928 0.009433962264150943 0.004429678848283499 
4 0.810796645702306 0.8516057585825028 0.009433962264150943 0.006644518272425249 
4 0.809748427672956 0.8471760797342193 0.009433962264150943 0.004429678848283499 
4 0.810272536687631 0.8416389811738649 0.010482180293501049 0.006644518272425249 
4 0.810796645702306 0.8344407530454042 0.009433962264150943 0.005537098560354375 
4 0.7982180293501048 0.8294573643410853 0.009433962264150943 0.006644518272425249 
4 0.7935010482180294 0.801218161683278 0.010482180293501049 0.005537098560354375 
4 0.7914046121593291 0.7929125138427464 0.010482180293501049 0.006644518272425249 
4 0.790356394129979 0.7807308970099668 0.010482180293501049 0.006644518272425249 
4 0.8081761006289309 0.8239202657807309 0.010482180293501049 0.006644518272425249 
4 0.8066037735849056 0.8156146179401993 0.009433962264150943 0.005537098560354375 
4 0.8066037735849056 0.8089700996677741 0.009433962264150943 0.005537098560354375 
4 0.8055555555555556 0.8001107419712071 0.009433962264150943 0.005537098560354375 
4 0.8039832285115304 0.7945736434108527 0.010482180293501049 0.005537098560354375 
4 0.8034591194968553 0.7906976744186046 0.007337526205450734 0.004429678848283499 
4 0.8029350104821803 0.7851605758582503 0.010482180293501049 0.006644518272425249 
4 0.8013626834381551 0.7796234772978959 0.009433962264150943 0.004429678848283499 
4 0.799266247379455 0.7746400885935769 0.011530398322851153 0.005537098560354375 
4 0.799266247379455 0.7691029900332226 0.011530398322851153 0.005537098560354375 
4 0.8411949685534591 0.8931339977851606 0.009433962264150943 0.0033222591362126247 
4 0.8406708595387841 0.8881506090808416 0.008385744234800839 0.006644518272425249 
4 0.8128930817610063 0.8732004429678848 0.011530398322851153 0.005537098560354375 
4 0.8165618448637316 0.8837209302325582 0.010482180293501049 0.004429678848283499 
4 0.6724318658280922 0.03599114064230343 0.009433962264150943 0.005537098560354375 
4 0.8087002096436059 0.8970099667774086 0.005241090146750524 0.008859357696566999 
4 0.9711740041928721 0.9545957918050941 0.005241090146750524 0.008859357696566999 
4 0.9654088050314465 0.9496124031007752 0.0041928721174004195 0.009966777408637873 
4 0.9580712788259959 0.9457364341085271 0.0041928721174004195 0.01107419712070875 
4 0.9381551362683438 0.9136212624584718 0.008385744234800839 0.008859357696566999 
4 0.9460167714884696 0.9058693244739756 0.007337526205450734 0.008859357696566999 
4 0.8694968553459119 0.9739756367663345 0.009433962264150943 0.005537098560354375 
4 0.8794549266247379 0.9673311184939092 0.010482180293501049 0.009966777408637873 
4 0.8988469601677149 0.9401993355481728 0.009433962264150943 0.008859357696566999 
4 0.9192872117400419 0.9031007751937985 0.012578616352201259 0.012181616832779624 
4 0.9276729559748428 0.8765227021040974 0.008385744234800839 0.009966777408637873 
4 0.9371069182389937 0.8643410852713178 0.008385744234800839 0.012181616832779624 
4 0.9449685534591195 0.8565891472868217 0.011530398322851153 0.009966777408637873 
4 0.9627882599580713 0.8366555924695459 0.009433962264150943 0.009966777408637873 
4 0.7646750524109015 0.9640088593576965 0.011530398322851153 0.005537098560354375 
4 0.7520964360587002 0.964562569213732 0.009433962264150943 0.004429678848283499 
4 0.740041928721174 0.964562569213732 0.010482180293501049 0.006644518272425249 
4 0.7290356394129979 0.9656699889258029 0.009433962264150943 0.004429678848283499 
4 0.7185534591194969 0.9651162790697675 0.009433962264150943 0.005537098560354375 
4 0.709643605870021 0.9662236987818383 0.010482180293501049 0.005537098560354375 
4 0.6949685534591195 0.9673311184939092 0.008385744234800839 0.005537098560354375 
4 0.6850104821802935 0.9673311184939092 0.007337526205450734 0.005537098560354375 
4 0.6740041928721174 0.9678848283499446 0.008385744234800839 0.004429678848283499 
4 0.70020964360587 0.9778516057585825 0.010482180293501049 0.004429678848283499 
4 0.8406708595387841 0.8792912513842747 0.008385744234800839 0.004429678848283499 
4 0.840146750524109 0.8726467331118494 0.009433962264150943 0.006644518272425249 
4 0.840146750524109 0.867109634551495 0.009433962264150943 0.004429678848283499 
4 0.8406708595387841 0.8626799557032115 0.010482180293501049 0.004429678848283499 
4 0.8013626834381551 0.6655592469545958 0.005241090146750524 0.01107419712070875 
4 0.8160377358490566 0.6605758582502769 0.007337526205450734 0.009966777408637873 
4 0.9905660377358491 0.18604651162790697 0.008385744234800839 0.008859357696566999 
4 0.9853249475890985 0.18161683277962348 0.008385744234800839 0.01107419712070875 
4 0.9842767295597484 0.17497231450719822 0.010482180293501049 0.008859357696566999 
4 0.989517819706499 0.15614617940199335 0.010482180293501049 0.008859357696566999 
4 0.8375262054507338 0.23477297895902546 0.006289308176100629 0.008859357696566999 
4 0.8328092243186582 0.23311184939091917 0.007337526205450734 0.009966777408637873 
4 0.9093291404612159 0.18383167220376523 0.009433962264150943 0.008859357696566999 
4 0.9250524109014675 0.15503875968992248 0.007337526205450734 0.01107419712070875 
4 0.9308176100628931 0.15337763012181616 0.006289308176100629 0.009966777408637873 
4 0.9716981132075472 0.03820598006644518 0.010482180293501049 0.005537098560354375 
4 0.960167714884696 0.03709856035437431 0.008385744234800839 0.0033222591362126247 
4 0.939727463312369 0.035437430786267994 0.007337526205450734 0.004429678848283499 
4 0.9271488469601677 0.03488372093023256 0.007337526205450734 0.0033222591362126247 
4 0.9140461215932913 0.03488372093023256 0.010482180293501049 0.005537098560354375 
4 0.89937106918239 0.03433001107419712 0.008385744234800839 0.004429678848283499 
4 0.879979035639413 0.03322259136212625 0.009433962264150943 0.004429678848283499 
4 0.8574423480083857 0.03211517165005537 0.010482180293501049 0.004429678848283499 
4 0.8286163522012578 0.032668881506090805 0.009433962264150943 0.005537098560354375 
4 0.8181341719077568 0.03211517165005537 0.007337526205450734 0.004429678848283499 
4 0.7929769392033543 0.029346622369878183 0.007337526205450734 0.0033222591362126247 
4 0.7709643605870021 0.028792912513842746 0.007337526205450734 0.004429678848283499 
4 0.7882599580712788 0.6722037652270211 0.006289308176100629 0.008859357696566999 
4 0.7788259958071279 0.6722037652270211 0.006289308176100629 0.01107419712070875 
4 0.7935010482180294 0.7004429678848284 0.0041928721174004195 0.009966777408637873 
4 0.8286163522012578 0.7895902547065338 0.009433962264150943 0.006644518272425249 
4 0.839098532494759 0.8576965669988926 0.009433962264150943 0.005537098560354375 
4 0.8375262054507338 0.853266888150609 0.010482180293501049 0.005537098560354375 
4 0.8385744234800838 0.844407530454042 0.010482180293501049 0.005537098560354375 
4 0.8370020964360587 0.8377630121816169 0.009433962264150943 0.005537098560354375 
4 0.8349056603773585 0.831672203765227 0.009433962264150943 0.006644518272425249 
4 0.8349056603773585 0.8239202657807309 0.009433962264150943 0.004429678848283499 
4 0.8338574423480084 0.8172757475083057 0.009433962264150943 0.004429678848283499 
4 0.8333333333333334 0.8117386489479512 0.010482180293501049 0.006644518272425249 
4 0.8312368972746331 0.8039867109634552 0.010482180293501049 0.006644518272425249 
4 0.8301886792452831 0.7956810631229236 0.010482180293501049 0.005537098560354375 
4 0.8280922431865828 0.7829457364341085 0.008385744234800839 0.006644518272425249 
4 0.800314465408805 0.7015503875968992 0.005241090146750524 0.007751937984496124 
4 0.8270440251572327 0.7768549280177187 0.010482180293501049 0.005537098560354375 
4 0.8259958071278826 0.7524916943521595 0.010482180293501049 0.005537098560354375 
4 0.8223270440251572 0.7464008859357697 0.009433962264150943 0.006644518272425249 
4 0.8212788259958071 0.7353266888150609 0.005241090146750524 0.01107419712070875 
4 0.8149895178197065 0.7380952380952381 0.007337526205450734 0.012181616832779624 
4 0.810272536687631 0.7414174972314507 0.006289308176100629 0.012181616832779624 
4 0.8034591194968553 0.7425249169435216 0.005241090146750524 0.012181616832779624 
4 0.7945492662473794 0.7142857142857143 0.006289308176100629 0.008859357696566999 
4 0.8024109014675053 0.7126245847176079 0.005241090146750524 0.009966777408637873 
4 0.809748427672956 0.7093023255813954 0.007337526205450734 0.012181616832779624 
10 0.6132075471698113 0.739202657807309 0.24109014675052412 0.2757475083056478 
