4 0.88203125 0.25703125 0.0046875 0.0026041666666666665 
5 0.546875 0.7768229166666667 0.0125 0.0046875 
4 0.84609375 0.6703125 0.005729166666666666 0.007291666666666667 
5 0.6127604166666667 0.8669270833333333 0.0109375 0.0067708333333333336 
4 0.6276041666666666 0.9276041666666667 0.00625 0.003125 
4 0.6419270833333334 0.9244791666666666 0.0046875 0.0020833333333333333 
4 0.6578125 0.9265625 0.005208333333333333 0.0020833333333333333 
4 0.6174479166666667 0.9369791666666667 0.005729166666666666 0.003125 
4 0.6361979166666667 0.93515625 0.005729166666666666 0.0036458333333333334 
4 0.615625 0.9510416666666667 0.003125 0.004166666666666667 
4 0.6106770833333334 0.95234375 0.0036458333333333334 0.0046875 
4 0.60546875 0.95078125 0.0036458333333333334 0.0046875 
4 0.6078125 0.95703125 0.003125 0.0046875 
4 0.61640625 0.96015625 0.0036458333333333334 0.0046875 
4 0.61015625 0.9643229166666667 0.0036458333333333334 0.0046875 
0 -0.0125 0.6317708333333333 0.04895833333333333 0.046875 
4 0.5372395833333333 0.9419270833333333 0.0046875 0.0036458333333333334 
4 0.5919270833333333 0.9815104166666667 0.0036458333333333334 0.0046875 
4 0.5880208333333333 0.9872395833333333 0.004166666666666667 0.0046875 
5 0.5822916666666667 0.98515625 0.007291666666666667 0.008854166666666666 
4 0.59609375 0.9299479166666667 0.005729166666666666 0.0046875 
4 0.5393229166666667 0.95234375 0.0036458333333333334 0.0015625 
0 0.5807291666666666 0.2604166666666667 0.040625 0.04375 
0 0.6286458333333333 0.546875 0.029166666666666667 0.029166666666666667 
5 0.6270833333333333 0.6703125 0.013541666666666667 0.010416666666666666 
5 0.625 0.68359375 0.0125 0.009895833333333333 
5 0.62265625 0.6934895833333333 0.013020833333333334 0.009895833333333333 
5 0.6122395833333333 0.7096354166666666 0.011979166666666667 0.009895833333333333 
0 -0.024479166666666666 0.27682291666666664 0.07395833333333333 0.0765625 
0 0.01640625 -0.028645833333333332 0.09635416666666667 0.09791666666666667 
0 0.2864583333333333 0.7440104166666667 0.042708333333333334 0.03697916666666667 
0 0.26796875 0.6640625 0.0359375 0.03229166666666667 
9 0.7502604166666667 0.35390625 0.018229166666666668 0.018229166666666668 
5 0.8122395833333333 0.7278645833333334 0.0109375 0.011979166666666667 
5 0.7971354166666667 0.7255208333333333 0.013020833333333334 0.0125 
5 0.7127604166666667 0.8111979166666666 0.016145833333333335 0.011979166666666667 
5 0.5828125 0.7677083333333333 0.013541666666666667 0.009375 
4 0.5799479166666667 0.47369791666666666 0.0036458333333333334 0.005729166666666666 
5 0.5760416666666667 0.37213541666666666 0.005208333333333333 0.0078125 
4 0.06171875 0.89375 0.0046875 0.003125 
4 0.04296875 0.8940104166666667 0.0046875 0.0026041666666666665 
5 0.07526041666666666 0.9161458333333333 0.005729166666666666 0.003125 
5 0.09401041666666667 0.90546875 0.005729166666666666 0.0026041666666666665 
5 0.10677083333333333 0.91640625 0.007291666666666667 0.0026041666666666665 
5 0.14505208333333333 0.9184895833333333 0.0067708333333333336 0.0026041666666666665 
4 0.14635416666666667 0.9234375 0.005208333333333333 0.003125 
5 0.17005208333333333 0.9203125 0.0067708333333333336 0.003125 
4 0.15833333333333333 0.9119791666666667 0.005208333333333333 0.003125 
4 0.1828125 0.9135416666666667 0.005208333333333333 0.003125 
4 0.15286458333333333 0.9088541666666666 0.0046875 0.003125 
4 0.14114583333333333 0.9114583333333334 0.005208333333333333 0.003125 
4 0.18697916666666667 0.9104166666666667 0.005208333333333333 0.003125 
4 0.04375 0.91640625 0.004166666666666667 0.0026041666666666665 
4 0.05755208333333333 0.94140625 0.0026041666666666665 0.0046875 
4 0.06067708333333333 0.94140625 0.0026041666666666665 0.0036458333333333334 
4 0.06328125 0.94140625 0.0015625 0.0046875 
4 0.06614583333333333 0.9419270833333333 0.0020833333333333333 0.0046875 
4 0.08203125 0.94765625 0.005729166666666666 0.0026041666666666665 
4 0.09479166666666666 0.9471354166666667 0.004166666666666667 0.0026041666666666665 
4 0.1046875 0.9502604166666667 0.004166666666666667 0.0026041666666666665 
4 0.10104166666666667 0.9528645833333333 0.005208333333333333 0.0026041666666666665 
5 0.10651041666666666 0.959375 0.005729166666666666 0.0020833333333333333 
5 0.10416666666666667 0.95546875 0.005208333333333333 0.0026041666666666665 
5 0.10729166666666666 0.9619791666666667 0.005208333333333333 0.0020833333333333333 
4 0.06901041666666667 0.94140625 0.0026041666666666665 0.005729166666666666 
4 0.071875 0.9419270833333333 0.0020833333333333333 0.0046875 
4 0.06901041666666667 0.8830729166666667 0.0046875 0.0026041666666666665 
4 0.0546875 0.8861979166666667 0.005208333333333333 0.0026041666666666665 
4 0.04375 0.8841145833333334 0.005208333333333333 0.0026041666666666665 
0 -0.010416666666666666 0.36640625 0.075 0.07760416666666667 
5 0.00234375 0.8919270833333334 0.0067708333333333336 0.0026041666666666665 
4 0.021875 0.9020833333333333 0.00625 0.003125 
4 0.02734375 0.884375 0.0046875 0.003125 
5 0.01875 0.7770833333333333 0.014583333333333334 0.005208333333333333 
5 0.1140625 0.7838541666666666 0.007291666666666667 0.003125 
5 0.11588541666666667 0.7875 0.0067708333333333336 0.003125 
5 0.11796875 0.8015625 0.005729166666666666 0.003125 
4 0.14453125 0.7981770833333334 0.0015625 0.0036458333333333334 
5 0.15416666666666667 0.8703125 0.007291666666666667 0.005208333333333333 
4 0.12838541666666667 0.8760416666666667 0.0046875 0.003125 
4 0.1859375 0.8638020833333333 0.005208333333333333 0.0036458333333333334 
4 0.0109375 0.88828125 0.004166666666666667 0.0026041666666666665 
4 0.07421875 0.9424479166666667 0.0015625 0.0046875 
5 0.07760416666666667 0.9421875 0.003125 0.00625 
5 0.08125 0.94296875 0.003125 0.005729166666666666 
4 0.33567708333333335 0.7541666666666667 0.0036458333333333334 0.005208333333333333 
0 0.07057291666666667 0.040625 0.04635416666666667 0.04375 
5 0.30364583333333334 0.90390625 0.017708333333333333 0.0036458333333333334 
4 0.3109375 0.90859375 0.005208333333333333 0.0036458333333333334 
4 0.3263020833333333 0.93515625 0.0046875 0.0036458333333333334 
4 0.3502604166666667 0.925 0.005729166666666666 0.004166666666666667 
4 0.384375 0.9450520833333333 0.004166666666666667 0.0026041666666666665 
4 0.37005208333333334 0.9489583333333333 0.0067708333333333336 0.004166666666666667 
4 0.42291666666666666 0.9572916666666667 0.005208333333333333 0.003125 
4 0.4036458333333333 0.9234375 0.004166666666666667 0.003125 
4 0.42994791666666665 0.9158854166666667 0.0036458333333333334 0.0036458333333333334 
4 0.4049479166666667 0.8143229166666667 0.005729166666666666 0.0036458333333333334 
4 0.4856770833333333 0.9322916666666666 0.005729166666666666 0.005208333333333333 
0 0.10755208333333334 0.25026041666666665 0.0703125 0.07552083333333333 
4 0.49661458333333336 0.93984375 0.005729166666666666 0.0036458333333333334 
4 0.5088541666666667 0.9401041666666666 0.00625 0.003125 
4 0.46822916666666664 0.8440104166666667 0.0020833333333333333 0.0046875 
4 0.48854166666666665 0.8109375 0.004166666666666667 0.004166666666666667 
0 0.5296875 0.00026041666666666666 0.046875 0.04010416666666667 
5 0.4986979166666667 0.01171875 0.0036458333333333334 0.008854166666666666 
0 0.5466145833333333 0.10494791666666667 0.0546875 0.0421875 
0 0.559375 0.15520833333333334 0.04375 0.041666666666666664 
0 0.5744791666666667 0.20677083333333332 0.03333333333333333 0.03958333333333333 
4 0.5619791666666667 0.3723958333333333 0.003125 0.005208333333333333 
5 0.5578125 0.3203125 0.008333333333333333 0.0125 
0 0.08307291666666666 0.10390625 0.07760416666666667 0.06927083333333334 
0 0.11979166666666667 0.31302083333333336 0.06875 0.0625 
4 0.08489583333333334 0.94296875 0.0020833333333333333 0.0036458333333333334 
4 0.22109375 0.9190104166666667 0.005729166666666666 0.0026041666666666665 
4 0.0875 0.9434895833333333 0.0020833333333333333 0.0046875 
4 0.08958333333333333 0.9434895833333333 0.0010416666666666667 0.0046875 
4 0.09140625 0.9434895833333333 0.0015625 0.0046875 
4 0.09375 0.94296875 0.0020833333333333333 0.0046875 
5 0.09817708333333333 0.94375 0.0015625 0.005208333333333333 
5 0.10078125 0.94453125 0.0036458333333333334 0.0046875 
5 0.10286458333333333 0.9458333333333333 0.0026041666666666665 0.005208333333333333 
4 0.0796875 0.9559895833333333 0.005208333333333333 0.0046875 
4 0.20364583333333333 0.8994791666666667 0.005208333333333333 0.003125 
5 0.2911458333333333 0.9234375 0.00625 0.003125 
5 0.29765625 0.9200520833333333 0.0067708333333333336 0.0026041666666666665 
5 0.3059895833333333 0.9114583333333334 0.0078125 0.003125 
4 0.23203125 0.91328125 0.005729166666666666 0.0026041666666666665 
4 0.22109375 0.8190104166666666 0.0046875 0.0036458333333333334 
4 0.184375 0.9015625 0.005208333333333333 0.003125 
4 0.19661458333333334 0.91796875 0.005729166666666666 0.0026041666666666665 
4 0.20963541666666666 0.9151041666666667 0.005729166666666666 0.003125 
4 0.20572916666666666 0.9221354166666667 0.005208333333333333 0.0026041666666666665 
4 0.24817708333333333 0.9018229166666667 0.0046875 0.0026041666666666665 
4 0.265625 0.9153645833333334 0.005208333333333333 0.0026041666666666665 
4 0.2903645833333333 0.9072916666666667 0.005729166666666666 0.003125 
4 0.29010416666666666 0.9315104166666667 0.005208333333333333 0.0026041666666666665 
4 0.303125 0.9166666666666666 0.00625 0.003125 
4 0.22890625 0.8549479166666667 0.005729166666666666 0.0036458333333333334 
4 0.27708333333333335 0.8489583333333334 0.005208333333333333 0.003125 
4 0.28463541666666664 0.8528645833333334 0.005729166666666666 0.0036458333333333334 
4 0.88828125 0.29270833333333335 0.0046875 0.004166666666666667 
4 0.8846354166666667 0.0125 0.0036458333333333334 0.0020833333333333333 
4 0.7622395833333333 0.6763020833333333 0.0036458333333333334 0.0046875 
4 0.7611979166666667 0.67421875 0.0036458333333333334 0.0046875 
4 0.7575520833333333 0.6705729166666666 0.0036458333333333334 0.0046875 
4 0.7552083333333334 0.6690104166666667 0.003125 0.0046875 
4 0.75390625 0.6677083333333333 0.0036458333333333334 0.004166666666666667 
4 0.75234375 0.6666666666666666 0.0036458333333333334 0.004166666666666667 
4 0.7505208333333333 0.6645833333333333 0.003125 0.004166666666666667 
4 0.7486979166666666 0.6622395833333333 0.0036458333333333334 0.0036458333333333334 
4 0.7442708333333333 0.65703125 0.004166666666666667 0.0046875 
4 0.7419270833333333 0.6559895833333333 0.0036458333333333334 0.0036458333333333334 
4 0.7885416666666667 0.6838541666666667 0.004166666666666667 0.005208333333333333 
4 0.78046875 0.6807291666666667 0.0036458333333333334 0.003125 
4 0.7783854166666667 0.67890625 0.0036458333333333334 0.0036458333333333334 
4 0.7723958333333333 0.6625 0.003125 0.004166666666666667 
4 0.7705729166666667 0.6604166666666667 0.0036458333333333334 0.004166666666666667 
4 0.7567708333333333 0.6479166666666667 0.004166666666666667 0.005208333333333333 
4 0.7260416666666667 0.6484375 0.004166666666666667 0.005208333333333333 
4 0.7299479166666667 0.6510416666666666 0.0036458333333333334 0.004166666666666667 
4 0.7286458333333333 0.64921875 0.003125 0.0046875 
4 0.72265625 0.6447916666666667 0.0036458333333333334 0.004166666666666667 
4 0.7192708333333333 0.6424479166666667 0.004166666666666667 0.0036458333333333334 
4 0.7216145833333333 0.6385416666666667 0.0036458333333333334 0.004166666666666667 
4 0.7263020833333333 0.6424479166666667 0.0036458333333333334 0.0036458333333333334 
4 0.73125 0.64609375 0.005208333333333333 0.0046875 
4 0.7348958333333333 0.64921875 0.003125 0.0046875 
4 0.7369791666666666 0.6515625 0.003125 0.004166666666666667 
4 0.7385416666666667 0.653125 0.004166666666666667 0.004166666666666667 
4 0.7635416666666667 0.6783854166666666 0.004166666666666667 0.0046875 
4 0.759375 0.6729166666666667 0.004166666666666667 0.004166666666666667 
4 0.7658854166666667 0.6559895833333333 0.0036458333333333334 0.0046875 
4 0.73359375 0.74609375 0.0036458333333333334 0.0036458333333333334 
4 0.85859375 0.011979166666666667 0.0046875 0.003125 
4 0.8302083333333333 0.028385416666666666 0.005208333333333333 0.0026041666666666665 
4 0.8302083333333333 0.025520833333333333 0.004166666666666667 0.0020833333333333333 
4 0.8296875 0.022916666666666665 0.004166666666666667 0.0020833333333333333 
4 0.8283854166666667 0.018229166666666668 0.0046875 0.0020833333333333333 
4 0.71640625 0.6440104166666667 0.0036458333333333334 0.0046875 
4 0.7755208333333333 0.6908854166666667 0.004166666666666667 0.0046875 
4 0.7736979166666667 0.6893229166666667 0.0036458333333333334 0.0036458333333333334 
4 0.69609375 0.7270833333333333 0.0046875 0.004166666666666667 
4 0.7690104166666667 0.6591145833333333 0.0046875 0.0046875 
4 0.7283854166666667 0.74765625 0.0046875 0.0036458333333333334 
4 0.7270833333333333 0.7453125 0.004166666666666667 0.003125 
4 0.72578125 0.7432291666666667 0.0036458333333333334 0.004166666666666667 
4 0.7213541666666666 0.73828125 0.004166666666666667 0.0036458333333333334 
4 0.7309895833333333 0.7432291666666667 0.0046875 0.004166666666666667 
4 0.7296875 0.7403645833333333 0.004166666666666667 0.0036458333333333334 
4 0.7278645833333334 0.7385416666666667 0.0046875 0.004166666666666667 
4 0.7473958333333334 0.7361979166666667 0.004166666666666667 0.0036458333333333334 
4 0.75703125 0.7294270833333333 0.0046875 0.0036458333333333334 
4 0.7458333333333333 0.6596354166666667 0.003125 0.0046875 
4 0.7684895833333333 0.6830729166666667 0.0046875 0.0036458333333333334 
4 0.7807291666666667 0.69921875 0.004166666666666667 0.0036458333333333334 
4 0.7403645833333333 0.6546875 0.0036458333333333334 0.004166666666666667 
4 0.7768229166666667 0.6934895833333333 0.0036458333333333334 0.0036458333333333334 
4 0.7778645833333333 0.6950520833333333 0.0046875 0.0036458333333333334 
4 0.7669270833333334 0.7151041666666667 0.0036458333333333334 0.004166666666666667 
4 0.7739583333333333 0.7158854166666667 0.004166666666666667 0.0036458333333333334 
4 0.771875 0.7143229166666667 0.003125 0.0036458333333333334 
4 0.7705729166666667 0.71171875 0.0036458333333333334 0.0036458333333333334 
4 0.7682291666666666 0.7098958333333333 0.005208333333333333 0.004166666666666667 
4 0.7669270833333334 0.7067708333333333 0.0036458333333333334 0.004166666666666667 
4 0.7651041666666667 0.7049479166666667 0.003125 0.0036458333333333334 
4 0.7635416666666667 0.7033854166666667 0.004166666666666667 0.0036458333333333334 
4 0.7619791666666667 0.7010416666666667 0.004166666666666667 0.004166666666666667 
4 0.7604166666666666 0.6989583333333333 0.004166666666666667 0.004166666666666667 
4 0.7588541666666667 0.696875 0.003125 0.004166666666666667 
4 0.7697916666666667 0.71875 0.004166666666666667 0.004166666666666667 
4 0.7684895833333333 0.7169270833333333 0.0036458333333333334 0.0036458333333333334 
4 0.7651041666666667 0.7130208333333333 0.004166666666666667 0.004166666666666667 
4 0.7325520833333333 0.6544270833333333 0.0036458333333333334 0.0046875 
4 0.7625 0.71015625 0.005208333333333333 0.0046875 
4 0.7606770833333333 0.7078125 0.0046875 0.004166666666666667 
4 0.759375 0.70625 0.004166666666666667 0.004166666666666667 
4 0.7578125 0.7046875 0.005208333333333333 0.004166666666666667 
4 0.75703125 0.7020833333333333 0.0036458333333333334 0.004166666666666667 
4 0.7546875 0.6997395833333333 0.004166666666666667 0.0036458333333333334 
4 0.7606770833333333 0.7260416666666667 0.0046875 0.004166666666666667 
4 0.7591145833333334 0.72421875 0.0046875 0.0036458333333333334 
4 0.7583333333333333 0.7221354166666667 0.004166666666666667 0.0046875 
4 0.7559895833333333 0.7205729166666667 0.0046875 0.0036458333333333334 
4 0.7549479166666667 0.7182291666666667 0.0036458333333333334 0.004166666666666667 
4 0.7528645833333333 0.7169270833333333 0.0036458333333333334 0.0036458333333333334 
4 0.7309895833333333 0.6528645833333333 0.0046875 0.0046875 
4 0.7346354166666667 0.65625 0.0036458333333333334 0.003125 
4 0.7791666666666667 0.6966145833333334 0.004166666666666667 0.0036458333333333334 
4 0.7604166666666666 0.6815104166666667 0.004166666666666667 0.0036458333333333334 
4 0.78359375 0.7026041666666667 0.0036458333333333334 0.003125 
4 0.7825520833333334 0.70078125 0.0036458333333333334 0.0036458333333333334 
4 0.7815104166666667 0.7072916666666667 0.0036458333333333334 0.003125 
4 0.7799479166666666 0.70546875 0.0036458333333333334 0.0036458333333333334 
4 0.77734375 0.70234375 0.0036458333333333334 0.0036458333333333334 
4 0.77578125 0.7002604166666667 0.0036458333333333334 0.0036458333333333334 
4 0.7736979166666667 0.6981770833333333 0.0046875 0.0046875 
4 0.7721354166666666 0.6958333333333333 0.0036458333333333334 0.003125 
4 0.7708333333333334 0.69453125 0.004166666666666667 0.0036458333333333334 
4 0.76875 0.6927083333333334 0.005208333333333333 0.005208333333333333 
4 0.7674479166666667 0.690625 0.0046875 0.005208333333333333 
4 0.7658854166666667 0.6890625 0.0046875 0.004166666666666667 
4 0.7591145833333334 0.6802083333333333 0.0036458333333333334 0.004166666666666667 
4 0.7364583333333333 0.6575520833333334 0.004166666666666667 0.0036458333333333334 
4 0.7575520833333333 0.678125 0.0036458333333333334 0.003125 
4 0.7559895833333333 0.6760416666666667 0.0036458333333333334 0.004166666666666667 
4 0.75390625 0.6752604166666667 0.0036458333333333334 0.0046875 
4 0.7518229166666667 0.6734375 0.0036458333333333334 0.004166666666666667 
4 0.7505208333333333 0.671875 0.003125 0.004166666666666667 
4 0.7486979166666666 0.6700520833333333 0.0036458333333333334 0.0046875 
4 0.746875 0.6677083333333333 0.004166666666666667 0.004166666666666667 
4 0.7450520833333333 0.6661458333333333 0.0036458333333333334 0.004166666666666667 
4 0.74375 0.6645833333333333 0.003125 0.004166666666666667 
4 0.7419270833333333 0.6630208333333333 0.0036458333333333334 0.004166666666666667 
4 0.7403645833333333 0.6614583333333334 0.0036458333333333334 0.004166666666666667 
4 0.73828125 0.659375 0.0036458333333333334 0.004166666666666667 
4 0.86796875 0.013802083333333333 0.0026041666666666665 0.0046875 
4 0.87890625 0.011458333333333333 0.0036458333333333334 0.0020833333333333333 
4 0.7 0.6486979166666667 0.003125 0.0046875 
4 0.8658854166666666 0.043229166666666666 0.0046875 0.003125 
5 0.7192708333333333 0.7919270833333333 0.013541666666666667 0.009895833333333333 
4 0.5971354166666667 0.8609375 0.0067708333333333336 0.005208333333333333 
4 0.58046875 0.8630208333333333 0.0067708333333333336 0.004166666666666667 
4 0.5591145833333333 0.8713541666666667 0.0046875 0.004166666666666667 
4 0.65 0.8700520833333333 0.0020833333333333333 0.0046875 
4 0.6473958333333333 0.86328125 0.003125 0.0046875 
4 0.646875 0.8697916666666666 0.003125 0.005208333333333333 
4 0.64296875 0.8700520833333333 0.0026041666666666665 0.0036458333333333334 
4 0.6388020833333333 0.86953125 0.0036458333333333334 0.0046875 
4 0.840625 0.9502604166666667 0.00625 0.0036458333333333334 
4 0.8526041666666667 0.971875 0.005208333333333333 0.004166666666666667 
4 0.8174479166666667 0.9463541666666667 0.0046875 0.003125 
4 0.7986979166666667 0.94296875 0.005729166666666666 0.0026041666666666665 
4 0.7684895833333333 0.9296875 0.005729166666666666 0.003125 
4 0.7091145833333333 0.9278645833333333 0.005729166666666666 0.0026041666666666665 
4 0.7109375 0.93125 0.005208333333333333 0.0020833333333333333 
4 0.6947916666666667 0.9669270833333333 0.007291666666666667 0.0046875 
4 0.6916666666666667 0.9450520833333333 0.0020833333333333333 0.0036458333333333334 
4 0.6880208333333333 0.95078125 0.003125 0.0046875 
4 0.6776041666666667 0.9598958333333333 0.005208333333333333 0.005208333333333333 
4 0.6770833333333334 0.946875 0.004166666666666667 0.005208333333333333 
4 0.6736979166666667 0.9528645833333333 0.0046875 0.0036458333333333334 
4 0.6708333333333333 0.9580729166666667 0.005208333333333333 0.0046875 
4 0.6653645833333334 0.9596354166666666 0.0046875 0.0036458333333333334 
4 0.6625 0.965625 0.005208333333333333 0.004166666666666667 
4 0.6494791666666667 0.9684895833333333 0.004166666666666667 0.0026041666666666665 
5 0.6848958333333334 0.9481770833333333 0.010416666666666666 0.0171875 
4 0.6481770833333333 0.8528645833333334 0.005729166666666666 0.0046875 
5 0.6494791666666667 0.8151041666666666 0.004166666666666667 0.011458333333333333 
4 0.6497395833333334 0.8046875 0.0026041666666666665 0.005208333333333333 
4 0.6234375 0.7932291666666667 0.005208333333333333 0.003125 
4 0.6955729166666667 0.6708333333333333 0.0036458333333333334 0.005208333333333333 
4 0.6942708333333333 0.6765625 0.003125 0.004166666666666667 
4 0.6932291666666667 0.6833333333333333 0.003125 0.005208333333333333 
4 0.6924479166666667 0.6893229166666667 0.0026041666666666665 0.0046875 
4 0.6908854166666667 0.6958333333333333 0.0026041666666666665 0.004166666666666667 
4 0.6903645833333333 0.70078125 0.0036458333333333334 0.0046875 
4 0.6869791666666667 0.7197916666666667 0.0020833333333333333 0.005208333333333333 
4 0.6854166666666667 0.7276041666666667 0.003125 0.005208333333333333 
4 0.68515625 0.7333333333333333 0.0026041666666666665 0.004166666666666667 
4 0.68359375 0.7458333333333333 0.0026041666666666665 0.005208333333333333 
4 0.6828125 0.7544270833333333 0.003125 0.0046875 
4 0.615625 0.790625 0.004166666666666667 0.003125 
4 0.6307291666666667 0.7979166666666667 0.004166666666666667 0.004166666666666667 
4 0.65078125 0.7966145833333333 0.0026041666666666665 0.005729166666666666 
4 0.6356770833333333 0.8044270833333333 0.0036458333333333334 0.0046875 
4 0.6385416666666667 0.8104166666666667 0.003125 0.005208333333333333 
4 0.6427083333333333 0.8130208333333333 0.003125 0.005208333333333333 
4 0.6455729166666667 0.8169270833333333 0.0026041666666666665 0.005729166666666666 
4 0.6419270833333334 0.8223958333333333 0.0026041666666666665 0.005208333333333333 
4 0.6661458333333333 0.82265625 0.005208333333333333 0.0046875 
4 0.6638020833333333 0.8463541666666666 0.0046875 0.004166666666666667 
4 0.6682291666666667 0.8393229166666667 0.005208333333333333 0.0036458333333333334 
4 0.68046875 0.8315104166666667 0.0036458333333333334 0.0036458333333333334 
4 0.6916666666666667 0.82109375 0.004166666666666667 0.0036458333333333334 
4 0.7549479166666667 0.7799479166666666 0.0046875 0.0046875 
4 0.790625 0.7463541666666667 0.005208333333333333 0.005208333333333333 
5 0.6643229166666667 0.9692708333333333 0.0109375 0.00625 
4 0.61328125 0.95625 0.0036458333333333334 0.004166666666666667 
4 0.62265625 0.9596354166666666 0.0046875 0.0036458333333333334 
4 0.7528645833333333 0.6549479166666666 0.0046875 0.0046875 
4 0.70234375 0.73125 0.0036458333333333334 0.004166666666666667 
4 0.7 0.7286458333333333 0.004166666666666667 0.004166666666666667 
4 0.7838541666666666 0.6841145833333333 0.005208333333333333 0.0046875 
4 0.7921875 0.69609375 0.004166666666666667 0.0036458333333333334 
4 0.7903645833333334 0.6934895833333333 0.0046875 0.0046875 
4 0.7200520833333334 0.628125 0.0036458333333333334 0.004166666666666667 
4 0.7213541666666666 0.6309895833333333 0.003125 0.0036458333333333334 
4 0.7307291666666667 0.6346354166666667 0.003125 0.0046875 
4 0.75078125 0.6434895833333333 0.0036458333333333334 0.0046875 
4 0.7796875 0.67421875 0.004166666666666667 0.0036458333333333334 
4 0.76484375 0.6666666666666666 0.0036458333333333334 0.004166666666666667 
4 0.7609375 0.6630208333333333 0.004166666666666667 0.004166666666666667 
4 0.7497395833333333 0.6518229166666667 0.0036458333333333334 0.0036458333333333334 
4 0.7059895833333333 0.7354166666666667 0.0046875 0.004166666666666667 
4 0.7859375 0.7046875 0.003125 0.004166666666666667 
4 0.7830729166666667 0.6760416666666667 0.0026041666666666665 0.003125 
4 0.7744791666666667 0.6638020833333333 0.003125 0.0036458333333333334 
4 0.7747395833333334 0.6674479166666667 0.0036458333333333334 0.0036458333333333334 
4 0.0018229166666666667 0.13203125 0.0026041666666666665 0.0046875 
4 0.7041666666666667 0.73359375 0.004166666666666667 0.0046875 
4 0.7083333333333334 0.7395833333333334 0.004166666666666667 0.004166666666666667 
4 0.6182291666666667 0.9575520833333333 0.003125 0.0036458333333333334 
4 0.7200520833333334 0.75390625 0.0036458333333333334 0.0036458333333333334 
4 0.6932291666666667 0.7716145833333333 0.003125 0.0026041666666666665 
4 0.6916666666666667 0.7692708333333333 0.004166666666666667 0.003125 
4 0.6890625 0.7677083333333333 0.004166666666666667 0.003125 
4 0.6859375 0.7643229166666666 0.004166666666666667 0.0046875 
4 0.7057291666666666 0.7619791666666667 0.005208333333333333 0.004166666666666667 
4 0.6984375 0.7609375 0.004166666666666667 0.003125 
4 0.7015625 0.7559895833333333 0.004166666666666667 0.0036458333333333334 
4 0.6942708333333333 0.75546875 0.005208333333333333 0.0046875 
11 0.6432291666666666 0.9291666666666667 0.07395833333333333 0.075 
4 0.6901041666666666 0.7494791666666667 0.004166666666666667 0.003125 
4 0.6921875 0.7447916666666666 0.005208333333333333 0.004166666666666667 
4 0.7145833333333333 0.75546875 0.005208333333333333 0.0036458333333333334 
4 0.7184895833333333 0.7520833333333333 0.0036458333333333334 0.004166666666666667 
4 0.7111979166666667 0.7424479166666667 0.0036458333333333334 0.0046875 
4 0.71640625 0.7505208333333333 0.0036458333333333334 0.003125 
4 0.7106770833333333 0.74921875 0.0046875 0.0046875 
4 0.7072916666666667 0.7453125 0.004166666666666667 0.003125 
4 0.6971354166666667 0.7502604166666667 0.0046875 0.0036458333333333334 
4 0.6953125 0.7484375 0.004166666666666667 0.005208333333333333 
4 0.7 0.75390625 0.005208333333333333 0.0046875 
4 0.7041666666666667 0.7416666666666667 0.004166666666666667 0.004166666666666667 
4 0.703125 0.7401041666666667 0.004166666666666667 0.004166666666666667 
4 0.7015625 0.73828125 0.004166666666666667 0.0046875 
4 0.69921875 0.7359375 0.0046875 0.005208333333333333 
4 0.6958333333333333 0.7328125 0.004166666666666667 0.004166666666666667 
4 0.7138020833333333 0.7466145833333333 0.0036458333333333334 0.005729166666666666 
4 0.7518229166666667 0.7151041666666667 0.0046875 0.003125 
4 0.7497395833333333 0.7130208333333333 0.0036458333333333334 0.004166666666666667 
4 0.7473958333333334 0.709375 0.005208333333333333 0.004166666666666667 
4 0.7458333333333333 0.7065104166666667 0.004166666666666667 0.0036458333333333334 
4 0.7635416666666667 0.65390625 0.004166666666666667 0.0046875 
4 0.7619791666666667 0.6520833333333333 0.003125 0.005208333333333333 
4 0.76015625 0.6510416666666666 0.0036458333333333334 0.005208333333333333 
4 0.7583333333333333 0.6494791666666667 0.004166666666666667 0.005208333333333333 
4 0.7549479166666667 0.6458333333333334 0.0046875 0.005208333333333333 
4 0.7528645833333333 0.64453125 0.0036458333333333334 0.0046875 
4 0.7481770833333333 0.6424479166666667 0.0036458333333333334 0.0046875 
4 0.70078125 0.6916666666666667 0.0036458333333333334 0.004166666666666667 
4 0.6981770833333333 0.6901041666666666 0.0036458333333333334 0.005208333333333333 
4 0.7161458333333334 0.7075520833333333 0.004166666666666667 0.0036458333333333334 
4 0.7203125 0.7059895833333333 0.004166666666666667 0.0046875 
4 0.7161458333333334 0.7010416666666667 0.004166666666666667 0.004166666666666667 
4 0.78828125 0.690625 0.0036458333333333334 0.003125 
4 0.5971354166666667 0.5401041666666667 0.0046875 0.004166666666666667 
4 0.7458333333333333 0.6411458333333333 0.004166666666666667 0.005208333333333333 
4 0.7424479166666667 0.6388020833333333 0.0036458333333333334 0.0046875 
4 0.7401041666666667 0.6380208333333334 0.004166666666666667 0.005208333333333333 
4 0.7869791666666667 0.6885416666666667 0.004166666666666667 0.004166666666666667 
4 0.7140625 0.70546875 0.004166666666666667 0.0046875 
4 0.7122395833333334 0.7041666666666667 0.0036458333333333334 0.004166666666666667 
4 0.7091145833333333 0.6932291666666667 0.0046875 0.005208333333333333 
4 0.7109375 0.69453125 0.004166666666666667 0.0046875 
4 0.70703125 0.6984375 0.0036458333333333334 0.004166666666666667 
4 0.70546875 0.6963541666666667 0.0036458333333333334 0.004166666666666667 
4 0.7036458333333333 0.69453125 0.004166666666666667 0.0046875 
4 0.70234375 0.6924479166666667 0.0046875 0.0046875 
4 0.7747395833333334 0.6770833333333334 0.0046875 0.004166666666666667 
4 0.77109375 0.6854166666666667 0.0046875 0.004166666666666667 
4 0.7729166666666667 0.6875 0.005208333333333333 0.004166666666666667 
4 0.7848958333333333 0.6786458333333333 0.004166666666666667 0.004166666666666667 
4 0.7901041666666667 0.6848958333333334 0.004166666666666667 0.004166666666666667 
4 0.71953125 0.7036458333333333 0.0036458333333333334 0.004166666666666667 
4 0.7921875 0.68671875 0.003125 0.0046875 
4 0.7216145833333333 0.72890625 0.0046875 0.0046875 
4 0.7192708333333333 0.7263020833333333 0.005208333333333333 0.0036458333333333334 
4 0.7260416666666667 0.7359375 0.004166666666666667 0.004166666666666667 
4 0.7231770833333333 0.73984375 0.0046875 0.0046875 
4 0.61328125 0.9611979166666667 0.0046875 0.0046875 
4 0.5026041666666666 0.98125 0.005208333333333333 0.005208333333333333 
4 0.6432291666666666 0.8635416666666667 0.0020833333333333333 0.004166666666666667 
4 0.6419270833333334 0.2721354166666667 0.0046875 0.0026041666666666665 
4 0.89453125 0.32578125 0.0036458333333333334 0.0026041666666666665 
4 0.89375 0.32317708333333334 0.004166666666666667 0.0026041666666666665 
4 0.8927083333333333 0.32005208333333335 0.004166666666666667 0.0026041666666666665 
4 0.7177083333333333 0.7015625 0.003125 0.004166666666666667 
4 0.72265625 0.7083333333333334 0.0036458333333333334 0.004166666666666667 
4 0.7377604166666667 0.6372395833333333 0.0036458333333333334 0.0046875 
4 0.7260416666666667 0.6630208333333333 0.004166666666666667 0.005208333333333333 
4 0.7356770833333334 0.6372395833333333 0.0036458333333333334 0.0046875 
4 0.7333333333333333 0.6359375 0.004166666666666667 0.005208333333333333 
4 0.7239583333333334 0.63203125 0.004166666666666667 0.0046875 
4 0.7265625 0.6328125 0.0020833333333333333 0.004166666666666667 
4 0.72890625 0.63359375 0.0036458333333333334 0.0046875 
4 0.7098958333333333 0.6471354166666666 0.003125 0.0046875 
4 0.7078125 0.6458333333333334 0.004166666666666667 0.005208333333333333 
4 0.715625 0.65234375 0.003125 0.0046875 
4 0.7177083333333333 0.6541666666666667 0.004166666666666667 0.005208333333333333 
4 0.7192708333333333 0.6559895833333333 0.004166666666666667 0.005729166666666666 
4 0.72109375 0.6580729166666667 0.0036458333333333334 0.0046875 
4 0.7236979166666667 0.6609375 0.0046875 0.005208333333333333 
4 0.728125 0.6651041666666667 0.004166666666666667 0.005208333333333333 
4 0.7244791666666667 0.709375 0.004166666666666667 0.004166666666666667 
4 0.7161458333333334 0.66015625 0.004166666666666667 0.0036458333333333334 
4 0.7143229166666667 0.6583333333333333 0.0036458333333333334 0.004166666666666667 
4 0.7083333333333334 0.65234375 0.004166666666666667 0.0046875 
4 0.709375 0.6700520833333333 0.004166666666666667 0.0036458333333333334 
4 0.7109375 0.671875 0.004166666666666667 0.005208333333333333 
4 0.7125 0.6734375 0.004166666666666667 0.004166666666666667 
4 0.715625 0.6763020833333333 0.003125 0.0036458333333333334 
4 0.7177083333333333 0.678125 0.004166666666666667 0.004166666666666667 
4 0.7192708333333333 0.6794270833333333 0.004166666666666667 0.0036458333333333334 
4 0.72109375 0.68125 0.0036458333333333334 0.004166666666666667 
4 0.7239583333333334 0.6911458333333333 0.004166666666666667 0.004166666666666667 
4 0.72578125 0.6934895833333333 0.0036458333333333334 0.0046875 
4 0.6932291666666667 0.7234375 0.003125 0.004166666666666667 
4 0.70703125 0.6684895833333333 0.0036458333333333334 0.0036458333333333334 
4 0.7052083333333333 0.66640625 0.003125 0.0036458333333333334 
4 0.74296875 0.73984375 0.0036458333333333334 0.0036458333333333334 
4 0.7309895833333333 0.67421875 0.0036458333333333334 0.0036458333333333334 
4 0.72890625 0.67265625 0.0036458333333333334 0.0036458333333333334 
4 0.7286458333333333 0.6669270833333333 0.004166666666666667 0.0046875 
4 0.7260416666666667 0.6705729166666666 0.004166666666666667 0.0036458333333333334 
4 0.7223958333333333 0.6669270833333333 0.003125 0.0036458333333333334 
4 0.7190104166666667 0.6635416666666667 0.0036458333333333334 0.004166666666666667 
4 0.7171875 0.6622395833333333 0.003125 0.0046875 
4 0.7125 0.6559895833333333 0.004166666666666667 0.0036458333333333334 
4 0.7109375 0.6541666666666667 0.003125 0.004166666666666667 
4 0.7140625 0.65078125 0.003125 0.0036458333333333334 
4 0.7119791666666667 0.64921875 0.003125 0.0036458333333333334 
4 0.7455729166666667 0.7348958333333333 0.0036458333333333334 0.003125 
4 0.7416666666666667 0.73828125 0.004166666666666667 0.0036458333333333334 
4 0.7341145833333333 0.678125 0.0036458333333333334 0.004166666666666667 
4 0.7440104166666667 0.7325520833333333 0.0036458333333333334 0.0036458333333333334 
4 0.7401041666666667 0.7359375 0.003125 0.003125 
4 0.7424479166666667 0.7307291666666667 0.0036458333333333334 0.003125 
4 0.7385416666666667 0.7338541666666667 0.003125 0.003125 
4 0.7408854166666666 0.7283854166666667 0.0036458333333333334 0.0036458333333333334 
4 0.7372395833333333 0.7315104166666667 0.0036458333333333334 0.0036458333333333334 
4 0.73984375 0.7265625 0.0036458333333333334 0.003125 
4 0.7356770833333334 0.7291666666666666 0.0036458333333333334 0.004166666666666667 
4 0.7375 0.7247395833333333 0.004166666666666667 0.0036458333333333334 
4 0.73359375 0.7276041666666667 0.0036458333333333334 0.004166666666666667 
4 0.7361979166666667 0.7229166666666667 0.0036458333333333334 0.003125 
4 0.7348958333333333 0.7216145833333333 0.004166666666666667 0.0036458333333333334 
4 0.7322916666666667 0.6765625 0.004166666666666667 0.004166666666666667 
4 0.7354166666666667 0.6796875 0.003125 0.004166666666666667 
4 0.7338541666666667 0.7190104166666667 0.004166666666666667 0.0036458333333333334 
4 0.74609375 0.6833333333333333 0.0036458333333333334 0.004166666666666667 
4 0.7552083333333334 0.7268229166666667 0.003125 0.0036458333333333334 
4 0.753125 0.725 0.004166666666666667 0.004166666666666667 
4 0.7513020833333334 0.7231770833333333 0.0046875 0.0046875 
4 0.7489583333333333 0.7197916666666667 0.004166666666666667 0.003125 
4 0.746875 0.71796875 0.004166666666666667 0.0046875 
4 0.7458333333333333 0.715625 0.004166666666666667 0.004166666666666667 
4 0.74296875 0.7127604166666667 0.0046875 0.0036458333333333334 
4 0.74140625 0.7096354166666666 0.0036458333333333334 0.0036458333333333334 
4 0.753125 0.6893229166666667 0.004166666666666667 0.0036458333333333334 
4 0.7510416666666667 0.68828125 0.004166666666666667 0.0046875 
4 0.74921875 0.6864583333333333 0.0036458333333333334 0.004166666666666667 
4 0.7473958333333334 0.6848958333333334 0.004166666666666667 0.004166666666666667 
4 0.7442708333333333 0.6807291666666667 0.003125 0.004166666666666667 
4 0.7375 0.68125 0.003125 0.004166666666666667 
4 0.7427083333333333 0.67890625 0.003125 0.0036458333333333334 
4 0.7408854166666666 0.6776041666666667 0.0036458333333333334 0.004166666666666667 
4 0.7393229166666667 0.6760416666666667 0.0036458333333333334 0.003125 
4 0.7369791666666666 0.6739583333333333 0.004166666666666667 0.004166666666666667 
4 0.7338541666666667 0.6713541666666667 0.004166666666666667 0.004166666666666667 
4 0.73203125 0.6692708333333334 0.0036458333333333334 0.004166666666666667 
4 0.7484375 0.6921875 0.004166666666666667 0.004166666666666667 
4 0.7463541666666667 0.6895833333333333 0.003125 0.003125 
4 0.7442708333333333 0.68828125 0.004166666666666667 0.0046875 
4 0.7424479166666667 0.68671875 0.0036458333333333334 0.0036458333333333334 
4 0.7408854166666666 0.6848958333333334 0.0026041666666666665 0.004166666666666667 
4 0.7393229166666667 0.6828125 0.0036458333333333334 0.004166666666666667 
4 0.7307291666666667 0.725 0.005208333333333333 0.003125 
4 0.7294270833333333 0.72265625 0.0046875 0.0036458333333333334 
4 0.7138020833333333 0.6822916666666666 0.0036458333333333334 0.004166666666666667 
4 0.7192708333333333 0.6877604166666667 0.004166666666666667 0.0036458333333333334 
4 0.6958333333333333 0.7104166666666667 0.003125 0.003125 
4 0.6942708333333333 0.7080729166666667 0.003125 0.0036458333333333334 
4 0.7291666666666666 0.6895833333333333 0.004166666666666667 0.004166666666666667 
4 0.7260416666666667 0.6864583333333333 0.004166666666666667 0.003125 
4 0.72265625 0.68359375 0.0036458333333333334 0.0036458333333333334 
4 0.7307291666666667 0.6916666666666667 0.004166666666666667 0.003125 
4 0.73515625 0.69609375 0.0036458333333333334 0.0036458333333333334 
4 0.7328125 0.7002604166666667 0.005208333333333333 0.0036458333333333334 
4 0.73125 0.6981770833333333 0.004166666666666667 0.0036458333333333334 
4 0.7296875 0.696875 0.004166666666666667 0.004166666666666667 
4 0.7276041666666667 0.6947916666666667 0.004166666666666667 0.004166666666666667 
4 0.7205729166666667 0.6893229166666667 0.0046875 0.0046875 
4 0.7174479166666666 0.6854166666666667 0.0026041666666666665 0.004166666666666667 
4 0.6994791666666667 0.7135416666666666 0.003125 0.003125 
4 0.7161458333333334 0.6838541666666667 0.003125 0.004166666666666667 
4 0.7075520833333333 0.6911458333333333 0.0036458333333333334 0.005208333333333333 
4 0.70546875 0.68984375 0.0036458333333333334 0.0046875 
4 0.7036458333333333 0.6877604166666667 0.004166666666666667 0.0036458333333333334 
4 0.7015625 0.6861979166666666 0.003125 0.0036458333333333334 
4 0.7 0.684375 0.003125 0.004166666666666667 
4 0.7127604166666667 0.6966145833333334 0.0026041666666666665 0.0036458333333333334 
4 0.7091145833333333 0.7010416666666667 0.0036458333333333334 0.004166666666666667 
4 0.7111979166666667 0.7026041666666667 0.0036458333333333334 0.004166666666666667 
4 0.7192708333333333 0.7111979166666667 0.003125 0.0036458333333333334 
4 0.70703125 0.6755208333333333 0.0046875 0.004166666666666667 
4 0.7088541666666667 0.67734375 0.003125 0.0036458333333333334 
4 0.6981770833333333 0.7119791666666667 0.0036458333333333334 0.004166666666666667 
4 0.7013020833333333 0.7151041666666667 0.0036458333333333334 0.004166666666666667 
4 0.73203125 0.7166666666666667 0.0046875 0.004166666666666667 
4 0.71171875 0.7263020833333333 0.0046875 0.0036458333333333334 
4 0.7278645833333334 0.7205729166666667 0.0036458333333333334 0.0036458333333333334 
4 0.7260416666666667 0.7190104166666667 0.004166666666666667 0.0036458333333333334 
4 0.7283854166666667 0.7138020833333333 0.0036458333333333334 0.0036458333333333334 
4 0.7247395833333333 0.7166666666666667 0.0046875 0.004166666666666667 
4 0.7265625 0.7111979166666667 0.003125 0.0026041666666666665 
4 0.72265625 0.7138020833333333 0.0036458333333333334 0.0036458333333333334 
4 0.7393229166666667 0.6989583333333333 0.0046875 0.004166666666666667 
4 0.7236979166666667 0.7330729166666666 0.0036458333333333334 0.0046875 
4 0.7221354166666667 0.7315104166666667 0.0036458333333333334 0.0036458333333333334 
4 0.7177083333333333 0.7338541666666667 0.004166666666666667 0.004166666666666667 
4 0.7151041666666667 0.7299479166666667 0.004166666666666667 0.0036458333333333334 
4 0.7135416666666666 0.728125 0.004166666666666667 0.004166666666666667 
4 0.7078125 0.72265625 0.003125 0.0036458333333333334 
4 0.703125 0.7171875 0.003125 0.003125 
4 0.70625 0.7208333333333333 0.003125 0.003125 
4 0.71328125 0.7208333333333333 0.0046875 0.004166666666666667 
4 0.7161458333333334 0.7231770833333333 0.004166666666666667 0.0046875 
4 0.7104166666666667 0.7171875 0.004166666666666667 0.004166666666666667 
4 0.7083333333333334 0.7158854166666667 0.004166666666666667 0.0046875 
4 0.7065104166666667 0.7138020833333333 0.0036458333333333334 0.0036458333333333334 
4 0.7049479166666667 0.7122395833333334 0.0036458333333333334 0.0036458333333333334 
4 0.703125 0.71015625 0.003125 0.0036458333333333334 
4 0.7013020833333333 0.7083333333333334 0.0026041666666666665 0.003125 
4 0.6994791666666667 0.7067708333333333 0.003125 0.004166666666666667 
4 0.69765625 0.7052083333333333 0.0036458333333333334 0.003125 
4 0.7044270833333334 0.7192708333333333 0.0036458333333333334 0.004166666666666667 
4 0.6984375 0.6567708333333333 0.003125 0.00625 
4 0.7005208333333334 0.6440104166666667 0.003125 0.0046875 
4 0.8828125 0.26510416666666664 0.005208333333333333 0.003125 
4 0.8893229166666666 0.3328125 0.0046875 0.004166666666666667 
4 0.8890625 0.3359375 0.004166666666666667 0.004166666666666667 
4 0.8651041666666667 0.3572916666666667 0.003125 0.005208333333333333 
4 0.8674479166666667 0.3567708333333333 0.0026041666666666665 0.005208333333333333 
4 0.87265625 0.35494791666666664 0.0026041666666666665 0.0046875 
4 0.88046875 0.35260416666666666 0.0036458333333333334 0.004166666666666667 
4 0.88515625 0.35130208333333335 0.0026041666666666665 0.0046875 
4 0.8875 0.3502604166666667 0.003125 0.0046875 
4 0.8953125 0.34921875 0.003125 0.0015625 
5 0.7770833333333333 0.325 0.010416666666666666 0.0125 
5 0.77421875 0.31979166666666664 0.0067708333333333336 0.00625 
5 0.7729166666666667 0.30442708333333335 0.008333333333333333 0.0109375 
5 0.7716145833333333 0.2984375 0.008854166666666666 0.010416666666666666 
5 0.7700520833333333 0.2916666666666667 0.009895833333333333 0.010416666666666666 
5 0.7395833333333334 0.2669270833333333 0.005208333333333333 0.013020833333333334 
5 0.7747395833333334 0.24296875 0.0026041666666666665 0.011979166666666667 
4 0.79453125 0.2755208333333333 0.0026041666666666665 0.004166666666666667 
4 0.7822916666666667 0.26015625 0.0020833333333333333 0.0046875 
4 0.7869791666666667 0.2981770833333333 0.003125 0.0067708333333333336 
4 0.890625 0.30520833333333336 0.004166666666666667 0.0020833333333333333 
4 0.8901041666666667 0.3078125 0.004166666666666667 0.0020833333333333333 
4 0.8908854166666667 0.31015625 0.0046875 0.0026041666666666665 
4 0.8947916666666667 0.33229166666666665 0.005208333333333333 0.003125 
4 0.8911458333333333 0.33932291666666664 0.003125 0.0026041666666666665 
4 0.8911458333333333 0.34296875 0.005208333333333333 0.0036458333333333334 
4 0.8911458333333333 0.34713541666666664 0.005208333333333333 0.0036458333333333334 
4 0.89609375 0.3416666666666667 0.0036458333333333334 0.003125 
4 0.8890625 0.32890625 0.005208333333333333 0.0036458333333333334 
4 0.8877604166666667 0.32526041666666666 0.0046875 0.0036458333333333334 
4 0.8869791666666667 0.321875 0.005208333333333333 0.004166666666666667 
4 0.87734375 0.2596354166666667 0.0046875 0.0036458333333333334 
4 0.8846354166666667 0.27239583333333334 0.0046875 0.0020833333333333333 
4 0.8872395833333333 0.2825520833333333 0.0046875 0.0026041666666666665 
4 0.8872395833333333 0.2875 0.0046875 0.003125 
4 0.8885416666666667 0.2947916666666667 0.004166666666666667 0.003125 
4 0.8890625 0.2989583333333333 0.004166666666666667 0.0020833333333333333 
4 0.8822916666666667 0.2890625 0.005208333333333333 0.004166666666666667 
4 0.8822916666666667 0.2859375 0.005208333333333333 0.004166666666666667 
4 0.88125 0.28203125 0.004166666666666667 0.0036458333333333334 
4 0.8807291666666667 0.27838541666666666 0.005208333333333333 0.0036458333333333334 
4 0.8791666666666667 0.2708333333333333 0.005208333333333333 0.004166666666666667 
4 0.878125 0.26614583333333336 0.004166666666666667 0.003125 
4 0.87734375 0.26276041666666666 0.0046875 0.0036458333333333334 
4 0.8252604166666667 0.2671875 0.0026041666666666665 0.004166666666666667 
4 0.8875 0.3190104166666667 0.005208333333333333 0.0046875 
4 0.8239583333333333 0.28020833333333334 0.0020833333333333333 0.005208333333333333 
4 0.8276041666666667 0.30703125 0.0020833333333333333 0.0036458333333333334 
4 0.8145833333333333 0.28177083333333336 0.004166666666666667 0.005208333333333333 
4 0.8375 0.353125 0.00625 0.0020833333333333333 
4 0.7958333333333333 0.35833333333333334 0.005208333333333333 0.003125 
4 0.77734375 0.346875 0.0046875 0.005208333333333333 
4 0.7776041666666667 0.3411458333333333 0.005208333333333333 0.004166666666666667 
4 0.8013020833333333 0.32421875 0.005729166666666666 0.0046875 
4 0.8309895833333333 0.32083333333333336 0.0036458333333333334 0.005208333333333333 
4 0.8838541666666667 0.29791666666666666 0.005208333333333333 0.004166666666666667 
4 0.8833333333333333 0.3015625 0.00625 0.004166666666666667 
4 0.8859375 0.31171875 0.004166666666666667 0.0036458333333333334 
4 0.8958333333333334 0.3453125 0.004166666666666667 0.0020833333333333333 
4 0.8953125 0.3385416666666667 0.004166666666666667 0.0020833333333333333 
4 0.8932291666666666 0.32786458333333335 0.004166666666666667 0.0015625 
4 0.6778645833333333 0.32786458333333335 0.0015625 0.0046875 
4 0.6893229166666667 0.2908854166666667 0.0015625 0.0036458333333333334 
4 0.68984375 0.29635416666666664 0.0026041666666666665 0.004166666666666667 
4 0.6911458333333333 0.30130208333333336 0.0020833333333333333 0.0046875 
4 0.6932291666666667 0.3106770833333333 0.0020833333333333333 0.0046875 
4 0.69375 0.31614583333333335 0.0020833333333333333 0.004166666666666667 
4 0.6947916666666667 0.32109375 0.0020833333333333333 0.0046875 
4 0.70078125 0.32916666666666666 0.0026041666666666665 0.004166666666666667 
4 0.70234375 0.334375 0.0026041666666666665 0.004166666666666667 
4 0.6802083333333333 0.2791666666666667 0.003125 0.005208333333333333 
4 0.6817708333333333 0.28515625 0.003125 0.005729166666666666 
4 0.6846354166666667 0.3026041666666667 0.0026041666666666665 0.005208333333333333 
4 0.6869791666666667 0.31484375 0.003125 0.0046875 
4 0.67265625 0.32734375 0.0026041666666666665 0.0046875 
4 0.6861979166666666 0.2760416666666667 0.0026041666666666665 0.005208333333333333 
4 0.66953125 0.3328125 0.0026041666666666665 0.004166666666666667 
4 0.6752604166666667 0.29635416666666664 0.0026041666666666665 0.004166666666666667 
4 0.6479166666666667 0.2890625 0.005208333333333333 0.003125 
4 0.6419270833333334 0.27395833333333336 0.0046875 0.0020833333333333333 
4 0.64140625 0.26901041666666664 0.0046875 0.0015625 
4 0.67421875 0.26510416666666664 0.0046875 0.0020833333333333333 
4 0.6671875 0.26640625 0.004166666666666667 0.0015625 
4 0.7083333333333334 0.3888020833333333 0.0020833333333333333 0.0036458333333333334 
4 0.89921875 0.36354166666666665 0.0046875 0.0020833333333333333 
4 0.9 0.36614583333333334 0.004166666666666667 0.003125 
4 0.8888020833333333 0.36822916666666666 0.0036458333333333334 0.0020833333333333333 
4 0.8903645833333333 0.3703125 0.0046875 0.0020833333333333333 
4 0.6869791666666667 0.28125 0.0020833333333333333 0.004166666666666667 
4 0.6940104166666666 0.29192708333333334 0.0026041666666666665 0.0046875 
4 0.7333333333333333 0.26796875 0.003125 0.0046875 
4 0.7088541666666667 0.259375 0.005208333333333333 0.0020833333333333333 
4 0.72109375 0.2578125 0.0046875 0.0020833333333333333 
4 0.7255208333333333 0.27395833333333336 0.003125 0.004166666666666667 
4 0.73125 0.3 0.003125 0.004166666666666667 
4 0.72421875 0.30859375 0.0026041666666666665 0.005729166666666666 
4 0.7174479166666666 0.28854166666666664 0.0015625 0.005208333333333333 
4 0.7166666666666667 0.2953125 0.0020833333333333333 0.005208333333333333 
4 0.7153645833333333 0.29973958333333334 0.0026041666666666665 0.0026041666666666665 
4 0.71484375 0.30442708333333335 0.0026041666666666665 0.0046875 
4 0.7135416666666666 0.3125 0.0020833333333333333 0.004166666666666667 
4 0.7114583333333333 0.31927083333333334 0.003125 0.004166666666666667 
4 0.7057291666666666 0.35208333333333336 0.0020833333333333333 0.004166666666666667 
4 0.7143229166666667 0.2591145833333333 0.0036458333333333334 0.0015625 
4 0.696875 0.2609375 0.005208333333333333 0.003125 
4 0.7002604166666667 0.3203125 0.0026041666666666665 0.004166666666666667 
4 0.6872395833333333 0.2630208333333333 0.005729166666666666 0.003125 
4 0.66328125 0.26979166666666665 0.0078125 0.003125 
4 0.7041666666666667 0.32760416666666664 0.0020833333333333333 0.004166666666666667 
4 0.7052083333333333 0.334375 0.0020833333333333333 0.004166666666666667 
4 0.68828125 0.27447916666666666 0.0026041666666666665 0.005208333333333333 
4 0.68984375 0.28046875 0.0026041666666666665 0.0046875 
4 0.690625 0.2864583333333333 0.003125 0.004166666666666667 
4 0.6916666666666667 0.2916666666666667 0.0020833333333333333 0.004166666666666667 
4 0.69296875 0.29609375 0.0026041666666666665 0.0036458333333333334 
4 0.6934895833333333 0.30104166666666665 0.0026041666666666665 0.004166666666666667 
4 0.69453125 0.30494791666666665 0.0015625 0.0036458333333333334 
4 0.69921875 0.315625 0.0026041666666666665 0.005208333333333333 
4 0.88359375 0.2677083333333333 0.0046875 0.0020833333333333333 
4 0.8822916666666667 0.2598958333333333 0.005208333333333333 0.0020833333333333333 
4 0.7018229166666666 0.63828125 0.0026041666666666665 0.0046875 
4 0.8815104166666666 0.25494791666666666 0.0046875 0.0026041666666666665 
4 0.8565104166666667 0.00234375 0.0046875 0.0026041666666666665 
4 0.8572916666666667 0.00859375 0.005208333333333333 0.0015625 
4 0.8872395833333333 0.08880208333333334 0.0026041666666666665 0.0046875 
4 0.8908854166666667 0.08958333333333333 0.0036458333333333334 0.005208333333333333 
4 0.90390625 0.084375 0.0036458333333333334 0.004166666666666667 
4 0.90546875 0.07864583333333333 0.0036458333333333334 0.004166666666666667 
4 0.9033854166666667 0.07604166666666666 0.0026041666666666665 0.004166666666666667 
4 0.90859375 0.07161458333333333 0.0015625 0.0036458333333333334 
4 0.9052083333333333 0.07057291666666667 0.003125 0.0036458333333333334 
4 0.90703125 0.065625 0.0026041666666666665 0.003125 
4 0.9091145833333333 0.0609375 0.0026041666666666665 0.004166666666666667 
4 0.9104166666666667 0.038802083333333334 0.003125 0.0046875 
4 0.9075520833333334 0.034375 0.0026041666666666665 0.004166666666666667 
4 0.90390625 0.030729166666666665 0.0036458333333333334 0.004166666666666667 
4 0.8989583333333333 0.020052083333333335 0.005208333333333333 0.0026041666666666665 
4 0.88359375 0.016145833333333335 0.0046875 0.0020833333333333333 
4 0.8856770833333333 0.019270833333333334 0.005729166666666666 0.003125 
4 0.8841145833333334 0.02265625 0.0046875 0.0046875 
4 0.8786458333333333 0.019010416666666665 0.00625 0.0026041666666666665 
4 0.8731770833333333 0.017708333333333333 0.0046875 0.004166666666666667 
4 0.87890625 0.0265625 0.0036458333333333334 0.004166666666666667 
4 0.8809895833333333 0.03046875 0.0036458333333333334 0.0046875 
4 0.8708333333333333 0.04296875 0.004166666666666667 0.0036458333333333334 
4 0.8505208333333333 0.009375 0.0020833333333333333 0.005208333333333333 
4 0.8515625 0.015104166666666667 0.0020833333333333333 0.004166666666666667 
4 0.8526041666666667 0.020052083333333335 0.0020833333333333333 0.0036458333333333334 
4 0.8533854166666667 0.026041666666666668 0.0015625 0.004166666666666667 
4 0.8611979166666667 0.0359375 0.0036458333333333334 0.004166666666666667 
4 0.8825520833333333 0.06171875 0.0036458333333333334 0.0046875 
4 0.8807291666666667 0.0609375 0.003125 0.004166666666666667 
4 0.87890625 0.058854166666666666 0.0036458333333333334 0.005208333333333333 
4 0.8770833333333333 0.057291666666666664 0.004166666666666667 0.004166666666666667 
4 0.875 0.05520833333333333 0.004166666666666667 0.004166666666666667 
4 0.8734375 0.025 0.0020833333333333333 0.004166666666666667 
4 0.8625 0.02890625 0.005208333333333333 0.0026041666666666665 
4 0.8942708333333333 0.012760416666666666 0.0020833333333333333 0.0036458333333333334 
4 0.8005208333333333 0.14166666666666666 0.003125 0.005208333333333333 
4 0.7893229166666667 0.08541666666666667 0.0046875 0.00625 
4 0.8830729166666667 0.18645833333333334 0.0036458333333333334 0.00625 
4 0.8375 0.17083333333333334 0.0020833333333333333 0.005208333333333333 
4 0.85234375 0.19114583333333332 0.0036458333333333334 0.004166666666666667 
4 0.8518229166666667 0.21354166666666666 0.0036458333333333334 0.005208333333333333 
4 0.8388020833333333 0.20078125 0.0026041666666666665 0.0046875 
4 0.9033854166666667 0.19140625 0.0026041666666666665 0.005729166666666666 
4 0.8979166666666667 0.19401041666666666 0.004166666666666667 0.0026041666666666665 
4 0.8984375 0.19661458333333334 0.005208333333333333 0.0026041666666666665 
4 0.8997395833333334 0.19947916666666668 0.0046875 0.003125 
4 0.8888020833333333 0.20130208333333333 0.0046875 0.0015625 
4 0.8888020833333333 0.19869791666666667 0.005729166666666666 0.0015625 
4 0.8088541666666667 0.19166666666666668 0.004166666666666667 0.00625 
4 0.8026041666666667 0.06380208333333333 0.008333333333333333 0.0026041666666666665 
4 0.8028645833333333 0.23229166666666667 0.0036458333333333334 0.005208333333333333 
4 0.80078125 0.23723958333333334 0.0036458333333333334 0.005729166666666666 
4 0.7986979166666667 0.228125 0.0026041666666666665 0.004166666666666667 
4 0.7973958333333333 0.22213541666666667 0.0020833333333333333 0.0036458333333333334 
4 0.8505208333333333 0.30104166666666665 0.005208333333333333 0.003125 
4 0.8752604166666667 0.21614583333333334 0.0046875 0.0020833333333333333 
4 0.87578125 0.21953125 0.0046875 0.0026041666666666665 
4 0.87578125 0.22473958333333333 0.005729166666666666 0.0036458333333333334 
4 0.8799479166666667 0.24453125 0.0046875 0.0026041666666666665 
4 0.8794270833333333 0.24713541666666666 0.0046875 0.0026041666666666665 
4 0.8796875 0.25026041666666665 0.005208333333333333 0.0026041666666666665 
4 0.8807291666666667 0.2520833333333333 0.005208333333333333 0.003125 
5 0.7919270833333333 0.07161458333333333 0.008854166666666666 0.0109375 
4 0.8197916666666667 0.08203125 0.0020833333333333333 0.0046875 
4 0.9065104166666667 0.01640625 0.0026041666666666665 0.0046875 
4 0.8955729166666667 0.11875 0.0046875 0.005208333333333333 
4 0.9114583333333334 0.01953125 0.003125 0.0036458333333333334 
4 0.8716145833333333 0.035416666666666666 0.0036458333333333334 0.004166666666666667 
4 0.8677083333333333 0.03203125 0.004166666666666667 0.0046875 
4 0.8765625 0.040364583333333336 0.003125 0.0036458333333333334 
4 0.8783854166666667 0.0421875 0.0036458333333333334 0.004166666666666667 
4 0.8802083333333334 0.04401041666666667 0.004166666666666667 0.0046875 
4 0.8828125 0.04791666666666667 0.004166666666666667 0.0020833333333333333 
4 0.8830729166666667 0.05 0.005729166666666666 0.0020833333333333333 
4 0.8927083333333333 0.10442708333333334 0.004166666666666667 0.0046875 
4 0.8966145833333333 0.10859375 0.0036458333333333334 0.0046875 
4 0.9067708333333333 0.11848958333333333 0.004166666666666667 0.0046875 
4 0.9013020833333333 0.11354166666666667 0.0046875 0.005208333333333333 
4 0.8984375 0.12447916666666667 0.004166666666666667 0.004166666666666667 
4 0.8244791666666667 0.08333333333333333 0.003125 0.00625 
4 0.8747395833333333 0.14244791666666667 0.005729166666666666 0.0036458333333333334 
4 0.8658854166666666 0.13046875 0.0046875 0.0036458333333333334 
4 0.853125 0.12265625 0.00625 0.0036458333333333334 
4 0.846875 0.12161458333333333 0.005208333333333333 0.0036458333333333334 
4 0.8369791666666667 0.11822916666666666 0.00625 0.005208333333333333 
4 0.8346354166666666 0.12395833333333334 0.005729166666666666 0.005208333333333333 
4 0.8333333333333334 0.10859375 0.0020833333333333333 0.0046875 
4 0.83046875 0.09166666666666666 0.0026041666666666665 0.004166666666666667 
4 0.8283854166666667 0.07734375 0.0026041666666666665 0.0046875 
4 0.8236979166666667 0.05677083333333333 0.0036458333333333334 0.005208333333333333 
4 0.8153645833333333 0.051041666666666666 0.0067708333333333336 0.004166666666666667 
4 0.8127604166666667 0.058854166666666666 0.0046875 0.005208333333333333 
4 0.8955729166666667 0.40286458333333336 0.0036458333333333334 0.0026041666666666665 
4 0.8950520833333333 0.4005208333333333 0.0046875 0.0020833333333333333 
4 0.8947916666666667 0.39791666666666664 0.003125 0.0020833333333333333 
4 0.8940104166666667 0.39557291666666666 0.0046875 0.0015625 
4 0.8223958333333333 0.6333333333333333 0.005208333333333333 0.005208333333333333 
4 0.8197916666666667 0.63828125 0.004166666666666667 0.0036458333333333334 
4 0.8192708333333333 0.6408854166666667 0.004166666666666667 0.0036458333333333334 
4 0.8182291666666667 0.64296875 0.004166666666666667 0.0036458333333333334 
4 0.82109375 0.6473958333333333 0.0046875 0.003125 
4 0.81953125 0.6497395833333334 0.0046875 0.0036458333333333334 
4 0.81796875 0.65234375 0.0046875 0.0036458333333333334 
4 0.8171875 0.6546875 0.005208333333333333 0.004166666666666667 
4 0.81484375 0.6567708333333333 0.0036458333333333334 0.0020833333333333333 
4 0.8138020833333334 0.6588541666666666 0.0036458333333333334 0.003125 
4 0.8130208333333333 0.66171875 0.004166666666666667 0.0036458333333333334 
4 0.8114583333333333 0.66328125 0.004166666666666667 0.0036458333333333334 
4 0.809375 0.6651041666666667 0.004166666666666667 0.004166666666666667 
4 0.80859375 0.6682291666666667 0.0046875 0.004166666666666667 
4 0.8065104166666667 0.6705729166666666 0.0036458333333333334 0.0036458333333333334 
4 0.8052083333333333 0.67265625 0.004166666666666667 0.0036458333333333334 
4 0.8036458333333333 0.6755208333333333 0.004166666666666667 0.004166666666666667 
4 0.8015625 0.67734375 0.004166666666666667 0.0046875 
4 0.81640625 0.6447916666666667 0.0036458333333333334 0.004166666666666667 
4 0.8151041666666666 0.6471354166666666 0.004166666666666667 0.0036458333333333334 
4 0.8140625 0.64921875 0.004166666666666667 0.0036458333333333334 
4 0.8122395833333333 0.6518229166666667 0.0036458333333333334 0.0036458333333333334 
4 0.8109375 0.6533854166666667 0.004166666666666667 0.0036458333333333334 
4 0.8091145833333333 0.6557291666666667 0.0046875 0.004166666666666667 
4 0.8080729166666667 0.6583333333333333 0.0036458333333333334 0.003125 
4 0.8067708333333333 0.66015625 0.004166666666666667 0.0036458333333333334 
4 0.8044270833333333 0.6619791666666667 0.0046875 0.003125 
4 0.775 0.7239583333333334 0.004166666666666667 0.004166666666666667 
4 0.7815104166666667 0.7203125 0.0046875 0.005208333333333333 
4 0.78515625 0.7153645833333333 0.0046875 0.0046875 
4 0.83359375 0.646875 0.0067708333333333336 0.004166666666666667 
4 0.8197916666666667 0.6059895833333333 0.005208333333333333 0.0046875 
4 0.8231770833333333 0.61171875 0.0046875 0.0046875 
4 0.821875 0.61484375 0.004166666666666667 0.0036458333333333334 
4 0.8294270833333334 0.6221354166666667 0.005729166666666666 0.0046875 
4 0.8388020833333333 0.6359375 0.0046875 0.004166666666666667 
4 0.8369791666666667 0.6390625 0.005208333333333333 0.003125 
4 0.88671875 0.6518229166666667 0.0046875 0.0067708333333333336 
4 0.871875 0.6674479166666667 0.004166666666666667 0.005729166666666666 
4 0.8359375 0.67578125 0.005208333333333333 0.005729166666666666 
4 0.8260416666666667 0.6265625 0.005208333333333333 0.004166666666666667 
4 0.825 0.6291666666666667 0.005208333333333333 0.003125 
4 0.8356770833333333 0.6424479166666667 0.0036458333333333334 0.0036458333333333334 
4 0.8299479166666667 0.6528645833333333 0.005729166666666666 0.0036458333333333334 
4 0.7893229166666667 0.7104166666666667 0.0036458333333333334 0.004166666666666667 
4 0.8255208333333334 0.6598958333333333 0.004166666666666667 0.004166666666666667 
4 0.8229166666666666 0.6645833333333333 0.005208333333333333 0.004166666666666667 
4 0.81953125 0.66875 0.0036458333333333334 0.004166666666666667 
4 0.81875 0.6721354166666667 0.005208333333333333 0.0015625 
4 0.815625 0.6747395833333333 0.004166666666666667 0.0036458333333333334 
4 0.8140625 0.6796875 0.004166666666666667 0.005208333333333333 
4 0.8109375 0.68359375 0.003125 0.0036458333333333334 
4 0.80625 0.6885416666666667 0.004166666666666667 0.003125 
4 0.803125 0.69296875 0.003125 0.0036458333333333334 
4 0.8 0.6979166666666666 0.004166666666666667 0.005208333333333333 
4 0.7958333333333333 0.70234375 0.005208333333333333 0.0036458333333333334 
4 0.7924479166666667 0.7072916666666667 0.0036458333333333334 0.004166666666666667 
4 0.8033854166666666 0.6643229166666667 0.005729166666666666 0.0036458333333333334 
4 0.8020833333333334 0.6674479166666667 0.004166666666666667 0.0036458333333333334 
4 0.80078125 0.6690104166666667 0.0036458333333333334 0.0036458333333333334 
4 0.7932291666666667 0.6893229166666667 0.004166666666666667 0.0046875 
4 0.8026041666666667 0.6359375 0.004166666666666667 0.004166666666666667 
4 0.80078125 0.63828125 0.0046875 0.0036458333333333334 
4 0.8005208333333333 0.6401041666666667 0.004166666666666667 0.003125 
4 0.7989583333333333 0.6427083333333333 0.004166666666666667 0.003125 
4 0.7958333333333333 0.64765625 0.004166666666666667 0.0046875 
4 0.7924479166666667 0.65234375 0.0046875 0.0036458333333333334 
4 0.79609375 0.62578125 0.0046875 0.0046875 
4 0.7934895833333333 0.6302083333333334 0.0046875 0.003125 
4 0.7919270833333333 0.6330729166666667 0.0046875 0.0036458333333333334 
4 0.7901041666666667 0.63671875 0.005208333333333333 0.0046875 
4 0.7846354166666667 0.6658854166666667 0.0036458333333333334 0.0046875 
4 0.7971354166666667 0.69296875 0.0046875 0.0046875 
4 0.7677083333333333 0.7291666666666666 0.005208333333333333 0.004166666666666667 
4 0.8049479166666667 0.6317708333333333 0.0036458333333333334 0.003125 
4 0.7606770833333333 0.734375 0.005729166666666666 0.005208333333333333 
4 0.75546875 0.7380208333333333 0.0046875 0.003125 
4 0.75 0.7424479166666667 0.005208333333333333 0.0046875 
4 0.74453125 0.7463541666666667 0.0046875 0.005208333333333333 
4 0.7385416666666667 0.75078125 0.004166666666666667 0.0046875 
4 0.7328125 0.75546875 0.005208333333333333 0.0036458333333333334 
4 0.7140625 0.7640625 0.005208333333333333 0.004166666666666667 
4 0.63671875 0.75625 0.0046875 0.005208333333333333 
4 0.5997395833333333 0.7575520833333333 0.005729166666666666 0.0046875 
4 0.6721354166666667 0.6809895833333334 0.0026041666666666665 0.0046875 
4 0.6802083333333333 0.6645833333333333 0.003125 0.004166666666666667 
4 0.68359375 0.62890625 0.0026041666666666665 0.0046875 
4 0.80390625 0.63359375 0.0036458333333333334 0.0036458333333333334 
4 0.8067708333333333 0.6296875 0.005208333333333333 0.004166666666666667 
4 0.7986979166666667 0.6723958333333333 0.0046875 0.003125 
4 0.7981770833333334 0.6520833333333333 0.0046875 0.004166666666666667 
4 0.79609375 0.6760416666666667 0.0046875 0.004166666666666667 
4 0.8174479166666667 0.6205729166666667 0.005729166666666666 0.0046875 
4 0.8143229166666667 0.625 0.0046875 0.004166666666666667 
4 0.8122395833333333 0.62734375 0.0036458333333333334 0.0036458333333333334 
4 0.8119791666666667 0.6299479166666667 0.004166666666666667 0.0046875 
4 0.8114583333333333 0.6322916666666667 0.004166666666666667 0.004166666666666667 
4 0.809375 0.6341145833333334 0.005208333333333333 0.0036458333333333334 
4 0.80703125 0.6390625 0.0046875 0.004166666666666667 
4 0.80546875 0.6411458333333333 0.0046875 0.003125 
4 0.8046875 0.6432291666666666 0.004166666666666667 0.003125 
4 0.8033854166666666 0.6458333333333334 0.0046875 0.003125 
4 0.79921875 0.6494791666666667 0.0046875 0.004166666666666667 
4 0.7950520833333333 0.6567708333333333 0.0046875 0.004166666666666667 
4 0.8080729166666667 0.6276041666666666 0.0046875 0.003125 
4 0.7942708333333334 0.65859375 0.004166666666666667 0.0036458333333333334 
4 0.7924479166666667 0.6622395833333333 0.0046875 0.0036458333333333334 
4 0.7911458333333333 0.6640625 0.005208333333333333 0.005208333333333333 
4 0.7893229166666667 0.6669270833333333 0.0046875 0.0036458333333333334 
4 0.7872395833333333 0.6690104166666667 0.0046875 0.0036458333333333334 
4 0.8169270833333333 0.6119791666666666 0.0046875 0.004166666666666667 
4 0.815625 0.6140625 0.005208333333333333 0.004166666666666667 
4 0.8143229166666667 0.615625 0.0046875 0.004166666666666667 
4 0.8122395833333333 0.6174479166666667 0.0046875 0.0036458333333333334 
4 0.8111979166666666 0.6197916666666666 0.0046875 0.003125 
4 0.81015625 0.6221354166666667 0.0046875 0.0036458333333333334 
4 0.8088541666666667 0.6247395833333333 0.004166666666666667 0.0036458333333333334 
4 0.8114583333333333 0.6013020833333333 0.004166666666666667 0.005729166666666666 
4 0.8197916666666667 0.5971354166666667 0.004166666666666667 0.005729166666666666 
4 0.8283854166666667 0.60390625 0.0046875 0.0046875 
4 0.6072916666666667 0.265625 0.003125 0.005208333333333333 
4 0.8708333333333333 0.3893229166666667 0.004166666666666667 0.0026041666666666665 
4 0.8705729166666667 0.39166666666666666 0.0046875 0.0020833333333333333 
4 0.8723958333333334 0.39895833333333336 0.004166666666666667 0.0020833333333333333 
4 0.871875 0.39609375 0.004166666666666667 0.0015625 
4 0.8713541666666667 0.39401041666666664 0.004166666666666667 0.0015625 
4 0.88828125 0.39401041666666664 0.0046875 0.0015625 
4 0.8885416666666667 0.396875 0.004166666666666667 0.0020833333333333333 
4 0.8893229166666666 0.3997395833333333 0.0036458333333333334 0.0026041666666666665 
4 0.890625 0.4036458333333333 0.004166666666666667 0.003125 
4 0.8364583333333333 0.38307291666666665 0.0020833333333333333 0.0046875 
4 0.840625 0.39921875 0.0020833333333333333 0.0036458333333333334 
4 0.8434895833333333 0.40651041666666665 0.0026041666666666665 0.0046875 
4 0.89140625 0.40911458333333334 0.0046875 0.0026041666666666665 
4 0.8692708333333333 0.38359375 0.004166666666666667 0.0015625 
4 0.8927083333333333 0.41380208333333335 0.004166666666666667 0.0015625 
4 0.8828125 0.42083333333333334 0.005208333333333333 0.0020833333333333333 
4 0.8825520833333333 0.41848958333333336 0.0046875 0.0015625 
4 0.878125 0.4244791666666667 0.004166666666666667 0.0020833333333333333 
4 0.8830729166666667 0.42604166666666665 0.0036458333333333334 0.0020833333333333333 
4 0.87734375 0.41953125 0.0036458333333333334 0.0026041666666666665 
4 0.8778645833333333 0.421875 0.0036458333333333334 0.0020833333333333333 
4 0.87421875 0.40729166666666666 0.0046875 0.0020833333333333333 
4 0.8546875 0.36380208333333336 0.004166666666666667 0.0015625 
4 0.8546875 0.3658854166666667 0.005208333333333333 0.0015625 
4 0.8552083333333333 0.3690104166666667 0.005208333333333333 0.0026041666666666665 
4 0.85625 0.37109375 0.005208333333333333 0.0026041666666666665 
4 0.8700520833333333 0.38645833333333335 0.0046875 0.0020833333333333333 
4 0.86875 0.3809895833333333 0.004166666666666667 0.0026041666666666665 
4 0.8651041666666667 0.421875 0.004166666666666667 0.0020833333333333333 
4 0.87890625 0.4036458333333333 0.0046875 0.0020833333333333333 
4 0.89375 0.39296875 0.004166666666666667 0.0015625 
4 0.89296875 0.39088541666666665 0.0046875 0.0015625 
4 0.8924479166666667 0.3880208333333333 0.0036458333333333334 0.0020833333333333333 
4 0.8872395833333333 0.38619791666666664 0.0046875 0.0026041666666666665 
4 0.8911458333333333 0.38307291666666665 0.003125 0.0015625 
4 0.8848958333333333 0.37604166666666666 0.004166666666666667 0.0020833333333333333 
4 0.8841145833333334 0.37109375 0.0036458333333333334 0.0026041666666666665 
4 0.8838541666666667 0.3690104166666667 0.004166666666666667 0.0026041666666666665 
4 0.8895833333333333 0.37552083333333336 0.004166666666666667 0.003125 
4 0.8903645833333333 0.37864583333333335 0.0036458333333333334 0.0020833333333333333 
4 0.89140625 0.3807291666666667 0.0036458333333333334 0.0020833333333333333 
4 0.8723958333333334 0.37005208333333334 0.003125 0.0015625 
4 0.878125 0.40130208333333334 0.005208333333333333 0.0015625 
4 0.86875 0.37864583333333335 0.004166666666666667 0.0020833333333333333 
4 0.87734375 0.3984375 0.0046875 0.0020833333333333333 
4 0.8770833333333333 0.3958333333333333 0.005208333333333333 0.0020833333333333333 
4 0.8768229166666667 0.39348958333333334 0.0046875 0.0015625 
4 0.8760416666666667 0.39114583333333336 0.005208333333333333 0.0020833333333333333 
4 0.8752604166666667 0.38567708333333334 0.0046875 0.0026041666666666665 
4 0.8752604166666667 0.38333333333333336 0.0046875 0.0020833333333333333 
4 0.8744791666666667 0.3807291666666667 0.005208333333333333 0.0020833333333333333 
4 0.8739583333333333 0.378125 0.004166666666666667 0.0020833333333333333 
4 0.8734375 0.375 0.004166666666666667 0.0020833333333333333 
4 0.87265625 0.37265625 0.0036458333333333334 0.0026041666666666665 
4 0.8682291666666667 0.3734375 0.004166666666666667 0.0020833333333333333 
4 0.8684895833333334 0.37604166666666666 0.0046875 0.0020833333333333333 
4 0.8658854166666666 0.4244791666666667 0.0046875 0.003125 
4 0.8645833333333334 0.41901041666666666 0.004166666666666667 0.0026041666666666665 
4 0.8375 0.61875 0.005208333333333333 0.004166666666666667 
4 0.88984375 0.51953125 0.0046875 0.0036458333333333334 
4 0.6768229166666667 0.5669270833333333 0.0036458333333333334 0.005729166666666666 
4 0.6690104166666667 0.5950520833333334 0.0026041666666666665 0.0046875 
4 0.6252604166666667 0.6502604166666667 0.005729166666666666 0.005729166666666666 
4 0.8716145833333333 0.5651041666666666 0.0036458333333333334 0.004166666666666667 
4 0.8794270833333333 0.55703125 0.0046875 0.0046875 
4 0.8859375 0.55 0.005208333333333333 0.005208333333333333 
4 0.8934895833333333 0.53984375 0.0067708333333333336 0.005729166666666666 
4 0.8872395833333333 0.5302083333333333 0.0046875 0.004166666666666667 
4 0.8893229166666666 0.52890625 0.0046875 0.0046875 
4 0.8869791666666667 0.5234375 0.005208333333333333 0.004166666666666667 
4 0.8919270833333334 0.51796875 0.0046875 0.0036458333333333334 
4 0.8888020833333333 0.52109375 0.0046875 0.0036458333333333334 
4 0.87734375 0.5182291666666666 0.0046875 0.004166666666666667 
4 0.68671875 0.5143229166666666 0.005729166666666666 0.005729166666666666 
4 0.8697916666666666 0.5268229166666667 0.003125 0.0036458333333333334 
4 0.8677083333333333 0.534375 0.0020833333333333333 0.005208333333333333 
4 0.8684895833333334 0.5424479166666667 0.0026041666666666665 0.0046875 
4 0.86875 0.5481770833333334 0.0020833333333333333 0.0036458333333333334 
4 0.8690104166666667 0.55390625 0.0026041666666666665 0.0046875 
4 0.878125 0.5411458333333333 0.005208333333333333 0.005208333333333333 
4 0.846875 0.596875 0.005208333333333333 0.005208333333333333 
4 0.85625 0.61015625 0.004166666666666667 0.0036458333333333334 
5 0.7122395833333334 0.5033854166666667 0.011979166666666667 0.008854166666666666 
4 0.8333333333333334 0.5963541666666666 0.00625 0.005208333333333333 
4 0.8450520833333334 0.6080729166666666 0.0046875 0.0046875 
4 0.8354166666666667 0.6135416666666667 0.005208333333333333 0.004166666666666667 
4 0.69765625 0.5450520833333333 0.0026041666666666665 0.0046875 
4 0.6888020833333334 0.49895833333333334 0.0036458333333333334 0.00625 
4 0.8640625 0.41692708333333334 0.005208333333333333 0.0026041666666666665 
4 0.8575520833333333 0.3807291666666667 0.0046875 0.0020833333333333333 
4 0.86328125 0.41458333333333336 0.0036458333333333334 0.003125 
4 0.8627604166666667 0.4114583333333333 0.0046875 0.0020833333333333333 
4 0.8622395833333333 0.4088541666666667 0.005729166666666666 0.0020833333333333333 
4 0.86171875 0.40677083333333336 0.0046875 0.0010416666666666667 
4 0.8614583333333333 0.40390625 0.005208333333333333 0.0026041666666666665 
4 0.8606770833333334 0.4015625 0.0046875 0.0020833333333333333 
4 0.8604166666666667 0.39947916666666666 0.004166666666666667 0.0020833333333333333 
4 0.8596354166666667 0.3966145833333333 0.0046875 0.0026041666666666665 
4 0.8596354166666667 0.39375 0.0046875 0.0020833333333333333 
4 0.8591145833333333 0.39088541666666665 0.0046875 0.0026041666666666665 
4 0.8583333333333333 0.3859375 0.005208333333333333 0.0020833333333333333 
4 0.8572916666666667 0.38307291666666665 0.004166666666666667 0.0015625 
4 0.85703125 0.378125 0.0046875 0.0020833333333333333 
4 0.6986979166666667 0.50625 0.005729166666666666 0.004166666666666667 
4 0.8567708333333334 0.37552083333333336 0.004166666666666667 0.0020833333333333333 
4 0.8567708333333334 0.3736979166666667 0.004166666666666667 0.0015625 
4 0.8856770833333333 0.47942708333333334 0.0036458333333333334 0.0046875 
4 0.8877604166666667 0.4778645833333333 0.0036458333333333334 0.0046875 
4 0.8908854166666667 0.44427083333333334 0.0036458333333333334 0.005208333333333333 
4 0.8888020833333333 0.44557291666666665 0.0036458333333333334 0.0036458333333333334 
4 0.88125 0.44895833333333335 0.003125 0.004166666666666667 
4 0.8578125 0.45546875 0.003125 0.0046875 
4 0.8609375 0.4549479166666667 0.003125 0.0046875 
4 0.88359375 0.44765625 0.0036458333333333334 0.0046875 
4 0.5911458333333334 0.5098958333333333 0.0020833333333333333 0.004166666666666667 
4 0.7216145833333333 0.47265625 0.0036458333333333334 0.0046875 
