4 0.5291666666666667 0.44114583333333335 0.004166666666666667 0.00625 
0 0.03229166666666667 0.8036458333333333 0.03125 0.03854166666666667 
4 0.5684895833333333 0.49609375 0.0046875 0.005729166666666666 
0 0.047135416666666666 0.6153645833333333 0.04010416666666667 0.04114583333333333 
0 -0.0005208333333333333 0.65078125 0.046875 0.0453125 
0 0.08880208333333334 0.6484375 0.049479166666666664 0.05 
0 0.14869791666666668 0.71484375 0.06197916666666667 0.05364583333333333 
0 0.615625 0.9145833333333333 0.027083333333333334 0.022916666666666665 
0 0.5875 0.88125 0.04479166666666667 0.0375 
0 0.5703125 0.8463541666666666 0.022916666666666665 0.016666666666666666 
0 0.22786458333333334 0.6270833333333333 0.0546875 0.04479166666666667 
0 0.290625 0.10286458333333333 0.034375 0.033854166666666664 
0 0.21692708333333333 0.10859375 0.0109375 0.0140625 
0 0.22760416666666666 0.10989583333333333 0.010416666666666666 0.013541666666666667 
0 0.24505208333333334 0.11380208333333333 0.0140625 0.0140625 
0 0.26067708333333334 0.11614583333333334 0.015104166666666667 0.016666666666666666 
0 0.2604166666666667 0.03177083333333333 0.029166666666666667 0.029166666666666667 
4 0.7518229166666667 0.43046875 0.0046875 0.0036458333333333334 
4 0.5122395833333333 0.27786458333333336 0.0067708333333333336 0.0026041666666666665 
4 0.51171875 0.2799479166666667 0.005729166666666666 0.0036458333333333334 
4 0.7690104166666667 0.34479166666666666 0.005729166666666666 0.003125 
4 0.8401041666666667 0.35989583333333336 0.005208333333333333 0.003125 
4 0.8359375 0.36276041666666664 0.005208333333333333 0.0026041666666666665 
4 0.84609375 0.36302083333333335 0.0046875 0.003125 
4 0.8481770833333333 0.36640625 0.0046875 0.0026041666666666665 
4 0.8942708333333333 0.36380208333333336 0.00625 0.0036458333333333334 
4 0.9109375 0.36875 0.00625 0.003125 
4 0.9111979166666667 0.371875 0.0046875 0.0020833333333333333 
4 0.9083333333333333 0.38046875 0.004166666666666667 0.0036458333333333334 
4 0.9088541666666666 0.3768229166666667 0.004166666666666667 0.0026041666666666665 
4 0.9166666666666666 0.37890625 0.004166666666666667 0.0015625 
4 0.703125 0.45390625 0.00625 0.0036458333333333334 
4 0.740625 0.428125 0.005208333333333333 0.003125 
4 0.9736979166666667 0.4427083333333333 0.0046875 0.0020833333333333333 
4 0.9622395833333334 0.43020833333333336 0.0046875 0.0020833333333333333 
4 0.9458333333333333 0.4359375 0.005208333333333333 0.0020833333333333333 
4 0.9348958333333334 0.43359375 0.004166666666666667 0.0026041666666666665 
4 0.928125 0.4328125 0.005208333333333333 0.0020833333333333333 
4 0.9302083333333333 0.4265625 0.005208333333333333 0.003125 
4 0.9375 0.425 0.005208333333333333 0.003125 
4 0.6484375 0.4981770833333333 0.004166666666666667 0.0036458333333333334 
4 0.5799479166666667 0.5328125 0.0046875 0.004166666666666667 
4 0.5768229166666666 0.5291666666666667 0.005729166666666666 0.003125 
4 0.503125 0.53515625 0.005208333333333333 0.0026041666666666665 
4 0.55234375 0.5393229166666667 0.0046875 0.0026041666666666665 
4 0.5041666666666667 0.28229166666666666 0.005208333333333333 0.003125 
4 0.48203125 0.27057291666666666 0.0046875 0.0026041666666666665 
4 0.5505208333333333 0.31197916666666664 0.0020833333333333333 0.005208333333333333 
4 0.5723958333333333 0.2994791666666667 0.00625 0.003125 
5 0.40677083333333336 0.25859375 0.011458333333333333 0.0046875 
5 0.38177083333333334 0.25416666666666665 0.0125 0.005208333333333333 
4 0.47942708333333334 0.14375 0.0036458333333333334 0.004166666666666667 
4 0.4830729166666667 0.14348958333333334 0.0036458333333333334 0.0036458333333333334 
4 0.30911458333333336 0.24661458333333333 0.005729166666666666 0.0026041666666666665 
4 0.3346354166666667 0.25052083333333336 0.005729166666666666 0.003125 
4 0.3494791666666667 0.25364583333333335 0.00625 0.003125 
4 0.3692708333333333 0.24817708333333333 0.005208333333333333 0.0026041666666666665 
4 0.3723958333333333 0.25104166666666666 0.004166666666666667 0.0020833333333333333 
4 0.37265625 0.25755208333333335 0.0046875 0.0026041666666666665 
4 0.3606770833333333 0.2578125 0.0046875 0.003125 
4 0.36380208333333336 0.25364583333333335 0.005729166666666666 0.0020833333333333333 
4 0.40677083333333336 0.26901041666666664 0.00625 0.0026041666666666665 
4 0.3919270833333333 0.29010416666666666 0.0026041666666666665 0.005208333333333333 
4 0.4158854166666667 0.2635416666666667 0.005729166666666666 0.003125 
4 0.4276041666666667 0.2625 0.005208333333333333 0.0020833333333333333 
4 0.44114583333333335 0.2596354166666667 0.00625 0.0026041666666666665 
4 0.45234375 0.2721354166666667 0.0046875 0.0026041666666666665 
4 0.46041666666666664 0.27057291666666666 0.005208333333333333 0.0026041666666666665 
4 0.73046875 0.33046875 0.0046875 0.0026041666666666665 
4 0.6984375 0.31588541666666664 0.005208333333333333 0.0026041666666666665 
4 0.6395833333333333 0.30546875 0.005208333333333333 0.0026041666666666665 
4 0.6278645833333333 0.3138020833333333 0.0046875 0.0026041666666666665 
4 0.5963541666666666 0.30052083333333335 0.00625 0.003125 
4 0.5911458333333334 0.30416666666666664 0.005208333333333333 0.003125 
