0 0.571875 0.4473958333333333 0.023958333333333335 0.020833333333333332 
0 0.5 0.4348958333333333 0.0375 0.034375 
0 0.4609375 0.4278645833333333 0.0375 0.033854166666666664 
0 0.42291666666666666 0.41822916666666665 0.03854166666666667 0.0375 
0 0.07890625 0.34921875 0.07552083333333333 0.07447916666666667 
0 0.040364583333333336 0.6908854166666667 0.04739583333333333 0.043229166666666666 
0 0.5200520833333333 0.6466145833333333 0.05364583333333333 0.06302083333333333 
0 0.0109375 0.33177083333333335 0.071875 0.06770833333333333 
0 0.14947916666666666 0.36796875 0.078125 0.0734375 
0 0.3846354166666667 0.4088541666666667 0.0296875 0.027083333333333334 
5 0.12395833333333334 0.5854166666666667 0.009375 0.007291666666666667 
5 0.12604166666666666 0.5880208333333333 0.009375 0.007291666666666667 
5 0.12786458333333334 0.5911458333333334 0.009895833333333333 0.00625 
0 0.6041666666666666 0.45416666666666666 0.021875 0.020833333333333332 
0 0.57109375 0.68203125 0.0578125 0.04739583333333333 
0 0.5653645833333333 0.796875 0.030729166666666665 0.026041666666666668 
0 0.590625 0.9361979166666666 0.034375 0.033854166666666664 
0 0.5169270833333334 0.9419270833333333 0.0109375 0.0140625 
0 0.5276041666666667 0.9432291666666667 0.010416666666666666 0.013541666666666667 
0 0.5450520833333333 0.9471354166666667 0.0140625 0.0140625 
0 0.5606770833333333 0.9494791666666667 0.015104166666666667 0.016666666666666666 
0 0.5604166666666667 0.8651041666666667 0.029166666666666667 0.029166666666666667 
5 0.14817708333333332 0.9481770833333333 0.009895833333333333 0.0067708333333333336 
5 0.16223958333333333 0.9651041666666667 0.0067708333333333336 0.010416666666666666 
5 0.19114583333333332 0.96875 0.013541666666666667 0.005208333333333333 
4 0.7794270833333333 0.9770833333333333 0.0036458333333333334 0.004166666666666667 
4 0.7830729166666667 0.9768229166666667 0.0036458333333333334 0.0036458333333333334 
