11 0.7384020618556701 0.7761449077238551 0.01632302405498282 0.012987012987012988 
0 0.4652061855670103 0.5878332194121668 0.01632302405498282 0.01367053998632946 
10 0.015893470790378006 0.9179767600820232 0.01632302405498282 0.019138755980861243 
0 0.48195876288659795 0.6305536568694463 0.015463917525773196 0.01161995898838004 
0 0.4849656357388316 0.6408065618591935 0.01288659793814433 0.010252904989747095 
0 0.4570446735395189 0.6349965823650034 0.01718213058419244 0.012303485987696514 
0 0.46005154639175255 0.6490088858509911 0.014604810996563574 0.01161995898838004 
0 0.47766323024054985 0.6079972658920028 0.013745704467353952 0.012987012987012988 
0 0.48238831615120276 0.5850991114149009 0.014604810996563574 0.012303485987696514 
0 0.4488831615120275 0.5898838004101162 0.014604810996563574 0.01367053998632946 
11 0.5880584192439863 0.7365003417634997 0.011168384879725086 0.00888585099111415 
0 0.41967353951890035 0.6363636363636364 0.011168384879725086 0.008202323991797676 
0 0.42482817869415807 0.6462747778537252 0.01288659793814433 0.00888585099111415 
0 0.42826460481099654 0.6555023923444976 0.01288659793814433 0.008202323991797676 
11 0.2538659793814433 0.5570745044429255 0.01288659793814433 0.009569377990430622 
11 0.29853951890034364 0.25495557074504444 0.036941580756013746 0.02734107997265892 
3 0.41580756013745707 0.9453178400546821 0.03608247422680412 0.03417634996582365 
10 0.41537800687285226 0.9449760765550239 0.02147766323024055 0.022556390977443608 
3 0.014604810996563574 0.9183185235816814 0.024054982817869417 0.036226930963773066 
