4 0.7484450587422253 0.8158105939004815 0.0055286800276434 0.0040128410914927765 
4 0.6233586731167934 0.8876404494382022 0.0055286800276434 0.008025682182985553 
4 0.8396682791983414 0.9169341894060995 0.0055286800276434 0.0072231139646869984 
4 0.8420870767104354 0.913322632423756 0.0048375950241879755 0.006420545746388443 
4 0.8458880442294402 0.9113162118780096 0.0055286800276434 0.0072231139646869984 
4 0.6323427781617139 0.9048956661316212 0.0055286800276434 0.0072231139646869984 
4 0.6378714581893573 0.9121187800963082 0.0055286800276434 0.0072231139646869984 
4 0.6295784381478922 0.9097110754414125 0.0055286800276434 0.0072231139646869984 
4 0.6268140981340705 0.913322632423756 0.0055286800276434 0.008025682182985553 
4 0.6219765031098825 0.9036918138041734 0.0055286800276434 0.008025682182985553 
4 0.6254319281271596 0.9012841091492777 0.006910850034554251 0.008025682182985553 
4 0.6285418106427091 0.8960674157303371 0.006219765031098825 0.0072231139646869984 
4 0.6205943331029716 0.8936597110754414 0.0055286800276434 0.00882825040128411 
4 0.26952315134761573 0.8170144462279294 0.006910850034554251 0.006420545746388443 
4 0.8033863165169316 0.9028892455858748 0.0048375950241879755 0.006420545746388443 
4 0.3130615065653075 0.7487961476725522 0.0027643400138217 0.006420545746388443 
4 0.3306841741534209 0.7616372391653291 0.007601935038009675 0.0032102728731942215 
4 0.2563925362819627 0.6753611556982343 0.0055286800276434 0.0056179775280898875 
4 0.2574291637871458 0.6797752808988764 0.006219765031098825 0.006420545746388443 
4 0.2588113337940567 0.6837881219903692 0.006219765031098825 0.006420545746388443 
4 0.2615756738078784 0.6910112359550562 0.006219765031098825 0.006420545746388443 
4 0.26364892881824464 0.6946227929373997 0.006219765031098825 0.0072231139646869984 
4 0.3116793365583967 0.36556982343499195 0.0027643400138217 0.0072231139646869984 
4 0.3061506565307533 0.3527287319422151 0.0027643400138217 0.0072231139646869984 
4 0.3075328265376641 0.34470304975922955 0.0027643400138217 0.0072231139646869984 
4 0.2978576364892882 0.34269662921348315 0.006910850034554251 0.004815409309791332 
4 0.8268832066344161 0.9265650080256822 0.006219765031098825 0.0072231139646869984 
4 0.7916378714581893 0.8290529695024077 0.006219765031098825 0.006420545746388443 
4 0.30027643400138215 0.32423756019261635 0.006219765031098825 0.004815409309791332 
4 0.6413268832066344 0.8270465489566613 0.006910850034554251 0.0072231139646869984 
4 0.8455425017277125 0.666131621187801 0.006219765031098825 0.006420545746388443 
4 0.9004837595024188 0.6428571428571429 0.006910850034554251 0.006420545746388443 
4 0.9035936420179682 0.648876404494382 0.006219765031098825 0.0072231139646869984 
4 0.9084312370421562 0.6565008025682183 0.007601935038009675 0.008025682182985553 
4 0.9416033172080166 0.7423756019261637 0.006219765031098825 0.008025682182985553 
4 0.5532135452660677 0.89446227929374 0.0048375950241879755 0.00882825040128411 
4 0.5604699378023497 0.872792937399679 0.0055286800276434 0.0072231139646869984 
4 0.5635798203178991 0.8715890850722311 0.0048375950241879755 0.006420545746388443 
4 0.5725639253628196 0.8643659711075441 0.006219765031098825 0.008025682182985553 
4 0.5981340704906704 0.8426966292134831 0.006219765031098825 0.006420545746388443 
4 0.5946786454733932 0.8455056179775281 0.006219765031098825 0.0072231139646869984 
4 0.638217000691085 0.829454253611557 0.007601935038009675 0.0072231139646869984 
4 0.7615756738078784 0.8130016051364366 0.006910850034554251 0.006420545746388443 
4 0.6437456807187284 0.8242375601926164 0.006219765031098825 0.006420545746388443 
4 0.6492743607463718 0.8206260032102729 0.0048375950241879755 0.0072231139646869984 
4 0.6897028334485141 0.7604333868378812 0.006910850034554251 0.0072231139646869984 
4 0.6921216309606082 0.7564205457463884 0.0048375950241879755 0.0056179775280898875 
4 0.748790601243953 0.8326645264847512 0.006219765031098825 0.0040128410914927765 
4 0.748790601243953 0.8206260032102729 0.006219765031098825 0.0040128410914927765 
4 0.7408431237042156 0.8242375601926164 0.006910850034554251 0.0032102728731942215 
4 0.7280580511402902 0.851123595505618 0.007601935038009675 0.0056179775280898875 
4 0.7411886662059434 0.8326645264847512 0.006219765031098825 0.002407704654895666 
4 0.7408431237042156 0.8374799357945425 0.006910850034554251 0.0040128410914927765 
4 0.7674498963372495 0.8190208667736758 0.007601935038009675 0.0072231139646869984 
4 0.2985487214927436 0.33386837881219905 0.006910850034554251 0.004815409309791332 
4 0.31340704906703526 0.315008025682183 0.0034554250172771253 0.0072231139646869984 
4 0.9094678645473393 0.5666131621187801 0.00414651002073255 0.008025682182985553 
4 0.09813407049067036 0.8735955056179775 0.00414651002073255 0.0072231139646869984 
5 0.04906703524533518 0.8374799357945425 0.01520387007601935 0.0040128410914927765 
5 0.03420870767104354 0.6890048154093098 0.014512785072563926 0.024879614767255216 
4 0.03628196268140981 0.7186998394863563 0.0034554250172771253 0.00882825040128411 
4 0.07325501036627505 0.7877207062600321 0.0055286800276434 0.002407704654895666 
4 0.07394609536973047 0.7909309791332263 0.0055286800276434 0.002407704654895666 
4 0.07429163787145819 0.7953451043338684 0.006219765031098825 0.0032102728731942215 
4 0.07532826537664132 0.7728731942215088 0.006910850034554251 0.0032102728731942215 
4 0.06046993780234969 0.7764847512038523 0.006219765031098825 0.002407704654895666 
4 0.05908776779543884 0.7961476725521669 0.006219765031098825 0.0032102728731942215 
4 0.05874222529371113 0.8013643659711075 0.006910850034554251 0.0040128410914927765 
4 0.09433310297166551 0.8908507223113965 0.0034554250172771253 0.006420545746388443 
4 0.11230131306150656 0.8342696629213483 0.0034554250172771253 0.0072231139646869984 
4 0.05874222529371113 0.27808988764044945 0.00414651002073255 0.00882825040128411 
4 0.138217000691085 0.8142054574638844 0.0027643400138217 0.0072231139646869984 
4 0.13856254319281272 0.7688603531300161 0.0048375950241879755 0.009630818619582664 
4 0.1686247408431237 0.5730337078651685 0.00414651002073255 0.008025682182985553 
4 0.19695922598479612 0.4333868378812199 0.0027643400138217 0.006420545746388443 
4 0.22529371112646857 0.16653290529695025 0.00414651002073255 0.0072231139646869984 
10 0.5172771250863857 0.4024879614767255 0.19695922598479612 0.22391653290529695 
3 0.5069108500345543 0.4085072231139647 0.27712508638562544 0.30497592295345105 
11 0.8020041465100207 0.17495987158908508 0.021423635107118175 0.025682182985553772 
10 0.6095369730476848 0.5212680577849117 0.1161022805805114 0.12921348314606743 
10 0.46302695231513474 0.6380417335473515 0.15618521078092606 0.13162118780096307 
11 0.5891499654457498 0.21629213483146068 0.015894955079474776 0.020064205457463884 
5 0.06979958534899793 0.8234349919743178 0.00414651002073255 0.009630818619582664 
4 0.48203178991015894 0.19903691813804172 0.0048375950241879755 0.008025682182985553 
4 0.30545957152729786 0.29775280898876405 0.0055286800276434 0.004815409309791332 
4 0.2805805114029026 0.46508828250401285 0.0055286800276434 0.0056179775280898875 
4 0.306496199032481 0.2929373996789727 0.006219765031098825 0.0032102728731942215 
4 0.3071872840359364 0.28892455858747995 0.006219765031098825 0.004815409309791332 
4 0.30684174153420873 0.28330658105939005 0.0055286800276434 0.006420545746388443 
4 0.30856945404284725 0.2784911717495987 0.006219765031098825 0.004815409309791332 
4 0.30960608154803043 0.2748796147672552 0.0055286800276434 0.0040128410914927765 
4 0.29474775397373876 0.3563402889245586 0.006219765031098825 0.004815409309791332 
4 0.2895646164478231 0.4048956661316212 0.0055286800276434 0.0056179775280898875 
4 0.2698686938493435 0.4337881219903692 0.006219765031098825 0.0040128410914927765 
4 0.2712508638562543 0.4426163723916533 0.006219765031098825 0.0056179775280898875 
4 0.27297857636489287 0.4518459069020867 0.006910850034554251 0.006420545746388443 
4 0.27712508638562544 0.4582664526484751 0.006910850034554251 0.006420545746388443 
4 0.28127159640635796 0.46990369181380415 0.006910850034554251 0.0056179775280898875 
4 0.3766413268832066 0.28170144462279295 0.00414651002073255 0.008025682182985553 
4 0.28092605390463027 0.4923756019261637 0.006219765031098825 0.0056179775280898875 
4 0.28127159640635796 0.5024077046548957 0.0055286800276434 0.006420545746388443 
4 0.28092605390463027 0.562199036918138 0.007601935038009675 0.0056179775280898875 
4 0.2795438838977194 0.5975120385232745 0.007601935038009675 0.0056179775280898875 
4 0.31064270905321356 0.2700642054574639 0.006219765031098825 0.0056179775280898875 
4 0.3213545266067726 0.21268057784911718 0.006910850034554251 0.004815409309791332 
4 0.36662059433310296 0.21709470304975922 0.0034554250172771253 0.0072231139646869984 
4 0.35452660677263304 0.2231139646869984 0.0055286800276434 0.008025682182985553 
4 0.3458880442294402 0.21910112359550563 0.0034554250172771253 0.006420545746388443 
4 0.3116793365583967 0.16613162118780098 0.006910850034554251 0.004815409309791332 
4 0.29751209398756046 0.16934189406099517 0.007601935038009675 0.004815409309791332 
4 0.9125777470628887 0.5646067415730337 0.0034554250172771253 0.0072231139646869984 
4 0.7695231513476157 0.4032905296950241 0.0048375950241879755 0.0072231139646869984 
4 0.7491361437456807 0.8109951845906902 0.0055286800276434 0.0040128410914927765 
4 0.5694540428472702 0.8651685393258427 0.0055286800276434 0.006420545746388443 
5 0.7076710435383552 0.7411717495987159 0.0055286800276434 0.0072231139646869984 
5 0.7107809260539046 0.7395666131621188 0.0048375950241879755 0.0056179775280898875 
5 0.7118175535590877 0.7363563402889246 0.0055286800276434 0.0056179775280898875 
5 0.5452660677263304 0.9048956661316212 0.0055286800276434 0.0072231139646869984 
5 0.5494125777470629 0.9101123595505618 0.0055286800276434 0.006420545746388443 
5 0.645473393227367 0.9229534510433387 0.0055286800276434 0.008025682182985553 
5 0.6351071181755356 0.9177367576243981 0.006910850034554251 0.00882825040128411 
5 0.5134761575673807 0.9024879614767255 0.006910850034554251 0.0056179775280898875 
5 0.7073255010366275 0.9743178170144462 0.008984105044920525 0.014446227929373997 
4 0.5563234277816171 0.8788121990369181 0.006910850034554251 0.008025682182985553 
4 0.5663441603317207 0.8687800963081862 0.006219765031098825 0.0072231139646869984 
4 0.5749827228749136 0.8611556982343499 0.006910850034554251 0.008025682182985553 
5 0.6869384934346925 0.7636436597110754 0.0055286800276434 0.0056179775280898875 
4 0.5839668279198341 0.8551364365971108 0.0055286800276434 0.0056179775280898875 
4 0.5870767104353836 0.8527287319422151 0.0048375950241879755 0.0056179775280898875 
4 0.590186592950933 0.8503210272873194 0.00414651002073255 0.0056179775280898875 
4 0.5919143054595716 0.8475120385232745 0.006219765031098825 0.006420545746388443 
4 0.6012439530062198 0.8398876404494382 0.0055286800276434 0.0056179775280898875 
4 0.6033172080165861 0.8378812199036918 0.0055286800276434 0.006420545746388443 
4 0.6133379405666897 0.8306581059390048 0.006219765031098825 0.006420545746388443 
4 0.6157567380787837 0.8278491171749599 0.0055286800276434 0.0072231139646869984 
4 0.6181755355908777 0.8250401284109149 0.0048375950241879755 0.004815409309791332 
4 0.6216309606081548 0.8234349919743178 0.0048375950241879755 0.006420545746388443 
4 0.6243953006219765 0.8202247191011236 0.0048375950241879755 0.006420545746388443 
5 0.7024879060124395 0.7475922953451043 0.0048375950241879755 0.0056179775280898875 
5 0.6727712508638563 0.7768860353130016 0.0048375950241879755 0.006420545746388443 
4 0.6399447131997236 0.8069823434991974 0.0055286800276434 0.0072231139646869984 
4 0.5532135452660677 0.9173354735152488 0.0048375950241879755 0.006420545746388443 
4 0.7892190739460954 0.9707062600321027 0.0027643400138217 0.0072231139646869984 
4 0.7930200414651002 0.96669341894061 0.0034554250172771253 0.0056179775280898875 
4 0.7961299239806496 0.9650882825040128 0.0027643400138217 0.0072231139646869984 
4 0.6979958534899793 0.7508025682182986 0.0055286800276434 0.0056179775280898875 
4 0.6852107809260539 0.7724719101123596 0.0048375950241879755 0.0072231139646869984 
4 0.6807187284035936 0.7696629213483146 0.0055286800276434 0.006420545746388443 
4 0.677954388389772 0.771669341894061 0.0055286800276434 0.0056179775280898875 
4 0.683828610919143 0.790529695024077 0.0048375950241879755 0.006420545746388443 
4 0.677954388389772 0.7941412520064205 0.00414651002073255 0.0056179775280898875 
4 0.6748445058742225 0.7969502407704655 0.006219765031098825 0.008025682182985553 
4 0.6717346233586731 0.7997592295345104 0.00414651002073255 0.0056179775280898875 
5 0.6202487906012439 0.03330658105939005 0.006219765031098825 0.0056179775280898875 
5 0.675535590877678 0.7748796147672552 0.006219765031098825 0.0072231139646869984 
5 0.7411886662059434 0.16653290529695025 0.0034554250172771253 0.0072231139646869984 
5 0.7125086385625432 0.16653290529695025 0.0055286800276434 0.0040128410914927765 
5 0.6727712508638563 0.15409309791332262 0.006219765031098825 0.004815409309791332 
5 0.6717346233586731 0.15850722311396467 0.006910850034554251 0.0056179775280898875 
5 0.49378023496890117 0.20385232744783308 0.0034554250172771253 0.006420545746388443 
5 0.4972356599861783 0.20465489566613163 0.0034554250172771253 0.006420545746388443 
5 0.5003455425017277 0.20545746388443017 0.00414651002073255 0.006420545746388443 
5 0.5034554250172771 0.20706260032102727 0.0034554250172771253 0.006420545746388443 
5 0.4944713199723566 0.22592295345104335 0.0034554250172771253 0.0056179775280898875 
5 0.49032480995162403 0.22431781701444622 0.0034554250172771253 0.0072231139646869984 
5 0.3227366966136835 0.3025682182985554 0.00414651002073255 0.006420545746388443 
4 0.6275051831375259 0.8186195826645265 0.0055286800276434 0.006420545746388443 
4 0.6351071181755356 0.8318619582664526 0.0055286800276434 0.0072231139646869984 
4 0.6675881133379405 0.3475120385232745 0.0055286800276434 0.006420545746388443 
4 0.81720801658604 0.09951845906902086 0.006219765031098825 0.008025682182985553 
4 0.3047684865238424 0.19101123595505617 0.0055286800276434 0.0032102728731942215 
4 0.31098825155494125 0.19221508828250403 0.0055286800276434 0.0040128410914927765 
4 0.3099516240497581 0.1962279293739968 0.006219765031098825 0.0040128410914927765 
4 0.31237042156185213 0.18097913322632425 0.0055286800276434 0.0040128410914927765 
4 0.31340704906703526 0.17696629213483145 0.006219765031098825 0.0040128410914927765 
4 0.306496199032481 0.18659711075441412 0.0048375950241879755 0.002407704654895666 
4 0.30165860400829303 0.20184590690208667 0.0048375950241879755 0.002407704654895666 
4 0.3075328265376641 0.20626003210272872 0.0055286800276434 0.0032102728731942215 
4 0.30165860400829303 0.2050561797752809 0.0048375950241879755 0.002407704654895666 
4 0.30234968901174847 0.20906902086677367 0.0048375950241879755 0.002407704654895666 
4 0.09295093296475467 0.05417335473515249 0.002073255010366275 0.0056179775280898875 
4 0.6154111955770559 0.05738362760834671 0.006219765031098825 0.0040128410914927765 
4 0.37180373185901866 0.2267255216693419 0.0027643400138217 0.0056179775280898875 
4 0.6119557705597789 0.06741573033707865 0.006219765031098825 0.004815409309791332 
4 0.60573600552868 0.10032102728731943 0.0034554250172771253 0.006420545746388443 
4 0.5967519004837595 0.1312199036918138 0.002073255010366275 0.0056179775280898875 
4 0.5953697304768486 0.13804173354735153 0.0034554250172771253 0.006420545746388443 
4 0.5932964754664823 0.14646869983948635 0.0034554250172771253 0.0072231139646869984 
4 0.5915687629578438 0.15329052969502407 0.00414651002073255 0.006420545746388443 
4 0.5884588804422944 0.16252006420545748 0.0034554250172771253 0.0072231139646869984 
4 0.7550103662750518 0.04614767255216693 0.0048375950241879755 0.0072231139646869984 
4 0.7398064961990325 0.14967897271268057 0.007601935038009675 0.0056179775280898875 
4 0.8151347615756738 0.18218298555377208 0.0034554250172771253 0.006420545746388443 
4 0.8054595715272979 0.22351524879614768 0.0034554250172771253 0.0072231139646869984 
4 0.37353144436765723 0.21789727126805777 0.0034554250172771253 0.0056179775280898875 
4 0.3655839668279198 0.22351524879614768 0.0027643400138217 0.0056179775280898875 
4 0.6326883206634416 0.833868378812199 0.0048375950241879755 0.006420545746388443 
4 0.2978576364892882 0.5846709470304976 0.0027643400138217 0.0072231139646869984 
4 0.6299239806496199 0.8362760834670947 0.0048375950241879755 0.006420545746388443 
4 0.6257774706288873 0.8382825040128411 0.0048375950241879755 0.0056179775280898875 
4 0.6237042156185211 0.8406902086677368 0.0048375950241879755 0.0056179775280898875 
4 0.6209398756046994 0.8434991974317817 0.0048375950241879755 0.006420545746388443 
4 0.6181755355908777 0.8451043338683788 0.0048375950241879755 0.006420545746388443 
4 0.01520387007601935 0.6653290529695024 0.006910850034554251 0.004815409309791332 
4 0.015894955079474776 0.6528892455858748 0.006910850034554251 0.0040128410914927765 
4 0.03939184519695923 0.6629213483146067 0.0055286800276434 0.006420545746388443 
4 0.036627505183137524 0.6657303370786517 0.0055286800276434 0.0056179775280898875 
4 0.3185901865929509 0.6392455858747994 0.0055286800276434 0.0072231139646869984 
4 0.31651693158258465 0.6360353130016051 0.0055286800276434 0.0072231139646869984 
4 0.30856945404284725 0.6095505617977528 0.006219765031098825 0.0056179775280898875 
4 0.36351071181755357 0.21508828250401285 0.0027643400138217 0.004815409309791332 
4 0.308914996544575 0.5918940609951846 0.0055286800276434 0.0056179775280898875 
4 0.30822391154111956 0.5798555377207063 0.0055286800276434 0.0040128410914927765 
4 0.31133379405666894 0.47953451043338685 0.0048375950241879755 0.0056179775280898875 
4 0.31340704906703526 0.46629213483146065 0.0048375950241879755 0.0032102728731942215 
4 0.31928127159640635 0.45264847512038525 0.0055286800276434 0.0032102728731942215 
4 0.33655839668279197 0.2897271268057785 0.0055286800276434 0.004815409309791332 
4 0.3375950241879751 0.28531300160513645 0.0048375950241879755 0.0040128410914927765 
4 0.3372494816862474 0.2808988764044944 0.0055286800276434 0.004815409309791332 
4 0.3372494816862474 0.27648475120385235 0.0055286800276434 0.0040128410914927765 
4 0.3441603317208017 0.21107544141252008 0.0027643400138217 0.006420545746388443 
4 0.35729094678645473 0.21428571428571427 0.0027643400138217 0.004815409309791332 
11 0.2930200414651002 0.8310593900481541 0.0414651002073255 0.048956661316211875 
