4 0.9528645833333333 0.7231770833333333 0.0046875 0.0026041666666666665 
4 0.95546875 0.06145833333333333 0.0046875 0.0020833333333333333 
4 0.95078125 0.059895833333333336 0.0036458333333333334 0.0020833333333333333 
4 0.9669270833333333 0.06380208333333333 0.0046875 0.0026041666666666665 
4 0.9567708333333333 0.06666666666666667 0.004166666666666667 0.0020833333333333333 
0 0.6515625 0.7265625 0.040625 0.04375 
0 0.04635416666666667 0.74296875 0.07395833333333333 0.0765625 
0 0.08723958333333333 0.4375 0.09635416666666667 0.09791666666666667 
9 0.82109375 0.8200520833333333 0.018229166666666668 0.018229166666666668 
4 0.95703125 0.06875 0.0036458333333333334 0.0020833333333333333 
4 0.9578125 0.07109375 0.003125 0.0015625 
4 0.9575520833333333 0.07421875 0.0036458333333333334 0.0015625 
4 0.92109375 0.06796875 0.0046875 0.0036458333333333334 
4 0.94609375 0.08411458333333334 0.0046875 0.0026041666666666665 
4 0.9466145833333334 0.08671875 0.0046875 0.0026041666666666665 
4 0.9479166666666666 0.08984375 0.005208333333333333 0.0026041666666666665 
4 0.9484375 0.09270833333333334 0.004166666666666667 0.0020833333333333333 
4 0.9489583333333333 0.09427083333333333 0.004166666666666667 0.0020833333333333333 
4 0.9614583333333333 0.0953125 0.004166666666666667 0.0020833333333333333 
4 0.9567708333333333 0.09036458333333333 0.004166666666666667 0.0015625 
4 0.9403645833333333 0.08307291666666666 0.0026041666666666665 0.0046875 
4 0.9401041666666666 0.08984375 0.0020833333333333333 0.005729166666666666 
4 0.93828125 0.06692708333333333 0.0026041666666666665 0.0046875 
4 0.9169270833333333 0.06015625 0.0036458333333333334 0.0036458333333333334 
4 0.9182291666666667 0.06328125 0.004166666666666667 0.0036458333333333334 
4 0.9231770833333334 0.0734375 0.0046875 0.003125 
4 0.94453125 0.0796875 0.0046875 0.0020833333333333333 
4 0.925 0.07578125 0.005208333333333333 0.0036458333333333334 
4 0.9270833333333334 0.07994791666666666 0.005208333333333333 0.0036458333333333334 
4 0.928125 0.08229166666666667 0.005208333333333333 0.003125 
4 0.92890625 0.0859375 0.0046875 0.004166666666666667 
4 0.92890625 0.090625 0.0046875 0.003125 
4 0.9291666666666667 0.09401041666666667 0.004166666666666667 0.0026041666666666665 
4 0.9088541666666666 0.061197916666666664 0.003125 0.0046875 
4 0.90625 0.06328125 0.003125 0.005729166666666666 
4 0.903125 0.06796875 0.003125 0.005729166666666666 
4 0.90078125 0.06979166666666667 0.0026041666666666665 0.005208333333333333 
4 0.8984375 0.071875 0.003125 0.00625 
4 0.8973958333333333 0.07708333333333334 0.0020833333333333333 0.004166666666666667 
4 0.9458333333333333 0.08151041666666667 0.004166666666666667 0.0026041666666666665 
4 0.9442708333333333 0.07734375 0.005208333333333333 0.0026041666666666665 
4 0.96796875 0.07135416666666666 0.0036458333333333334 0.0020833333333333333 
4 0.978125 0.12473958333333333 0.004166666666666667 0.0026041666666666665 
4 0.96875 0.07369791666666667 0.003125 0.0026041666666666665 
4 0.9708333333333333 0.0890625 0.003125 0.0020833333333333333 
4 0.9713541666666666 0.09166666666666666 0.003125 0.0020833333333333333 
4 0.9723958333333333 0.09401041666666667 0.004166666666666667 0.0026041666666666665 
4 0.97265625 0.09661458333333334 0.0036458333333333334 0.0026041666666666665 
4 0.9747395833333333 0.10572916666666667 0.0036458333333333334 0.0020833333333333333 
4 0.9752604166666666 0.10729166666666666 0.0036458333333333334 0.0020833333333333333 
4 0.9760416666666667 0.11041666666666666 0.004166666666666667 0.003125 
4 0.9768229166666667 0.11276041666666667 0.0036458333333333334 0.0036458333333333334 
4 0.97734375 0.11484375 0.0036458333333333334 0.0026041666666666665 
4 0.9776041666666667 0.11796875 0.004166666666666667 0.0026041666666666665 
4 0.97734375 0.12239583333333333 0.0046875 0.0020833333333333333 
4 0.9786458333333333 0.12734375 0.004166666666666667 0.0026041666666666665 
4 0.9440104166666666 0.075 0.0046875 0.0020833333333333333 
4 0.9796875 0.12942708333333333 0.004166666666666667 0.0015625 
4 0.9802083333333333 0.13203125 0.004166666666666667 0.0026041666666666665 
4 0.9809895833333333 0.13489583333333333 0.0046875 0.0020833333333333333 
4 0.98125 0.13697916666666668 0.004166666666666667 0.0020833333333333333 
4 0.98203125 0.1390625 0.0036458333333333334 0.003125 
4 0.9825520833333333 0.14401041666666667 0.0046875 0.0026041666666666665 
4 0.9583333333333334 0.07734375 0.004166666666666667 0.0026041666666666665 
4 0.9401041666666666 0.06197916666666667 0.004166666666666667 0.003125 
4 0.9408854166666667 0.06536458333333334 0.0046875 0.0026041666666666665 
4 0.9419270833333333 0.06770833333333333 0.0046875 0.0020833333333333333 
4 0.94296875 0.07005208333333333 0.0046875 0.0026041666666666665 
4 0.9434895833333333 0.07265625 0.0046875 0.0026041666666666665 
4 0.65078125 0.93984375 0.0036458333333333334 0.005729166666666666 
4 0.8924479166666667 0.078125 0.0015625 0.005208333333333333 
5 0.646875 0.83828125 0.005208333333333333 0.0078125 
0 0.0 0.453125 0.07916666666666666 0.084375 
0 0.06041666666666667 0.8325520833333333 0.075 0.07760416666666667 
0 0.14140625 0.5067708333333333 0.04635416666666667 0.04375 
0 0.17760416666666667 0.41901041666666666 0.06770833333333333 0.07864583333333333 
0 0.17838541666666666 0.71640625 0.0703125 0.07552083333333333 
0 0.5854166666666667 0.11171875 0.06458333333333334 0.07760416666666667 
0 0.6005208333333333 0.46640625 0.046875 0.04010416666666667 
5 0.56953125 0.4778645833333333 0.0036458333333333334 0.008854166666666666 
0 0.6174479166666667 0.57109375 0.0546875 0.0421875 
0 0.6302083333333334 0.6213541666666667 0.04375 0.041666666666666664 
0 0.6453125 0.6729166666666667 0.03333333333333333 0.03958333333333333 
4 0.6328125 0.8385416666666666 0.003125 0.005208333333333333 
5 0.6286458333333333 0.7864583333333334 0.008333333333333333 0.0125 
0 0.15390625 0.5700520833333333 0.07760416666666667 0.06927083333333334 
0 0.190625 0.7791666666666667 0.06875 0.0625 
4 0.89453125 0.07552083333333333 0.0026041666666666665 0.005208333333333333 
4 0.8932291666666666 0.08203125 0.0020833333333333333 0.0036458333333333334 
4 0.9591145833333333 0.7588541666666667 0.0046875 0.004166666666666667 
4 0.9700520833333334 0.15859375 0.0026041666666666665 0.0036458333333333334 
4 0.8046875 0.18333333333333332 0.003125 0.004166666666666667 
4 0.8059895833333334 0.18854166666666666 0.0026041666666666665 0.004166666666666667 
4 0.8078125 0.19479166666666667 0.0020833333333333333 0.003125 
4 0.80703125 0.21041666666666667 0.0026041666666666665 0.0010416666666666667 
5 0.8526041666666667 0.28046875 0.007291666666666667 0.0026041666666666665 
5 0.8088541666666667 0.20703125 0.00625 0.0026041666666666665 
5 0.7520833333333333 0.26848958333333334 0.007291666666666667 0.0026041666666666665 
4 0.80625 0.17213541666666668 0.004166666666666667 0.0036458333333333334 
4 0.8143229166666667 0.22005208333333334 0.0026041666666666665 0.0036458333333333334 
4 0.8106770833333333 0.23411458333333332 0.0046875 0.0026041666666666665 
4 0.75 0.2609375 0.005208333333333333 0.003125 
4 0.7510416666666667 0.265625 0.005208333333333333 0.0020833333333333333 
4 0.7515625 0.2734375 0.005208333333333333 0.0020833333333333333 
4 0.75234375 0.27838541666666666 0.0046875 0.0026041666666666665 
4 0.7528645833333333 0.28046875 0.0046875 0.0026041666666666665 
4 0.75390625 0.2833333333333333 0.0046875 0.003125 
4 0.7546875 0.28567708333333336 0.004166666666666667 0.0026041666666666665 
4 0.7552083333333334 0.29010416666666666 0.003125 0.0020833333333333333 
4 0.7333333333333333 0.26145833333333335 0.005208333333333333 0.0020833333333333333 
4 0.734375 0.26614583333333336 0.005208333333333333 0.003125 
4 0.7341145833333333 0.26927083333333335 0.0036458333333333334 0.003125 
4 0.734375 0.27317708333333335 0.005208333333333333 0.0026041666666666665 
4 0.73984375 0.27291666666666664 0.0036458333333333334 0.0020833333333333333 
4 0.7354166666666667 0.27578125 0.004166666666666667 0.0026041666666666665 
4 0.7377604166666667 0.28046875 0.005729166666666666 0.0026041666666666665 
4 0.7359375 0.28619791666666666 0.005208333333333333 0.0026041666666666665 
4 0.7419270833333333 0.28489583333333335 0.0046875 0.0020833333333333333 
4 0.8104166666666667 0.18098958333333334 0.003125 0.0036458333333333334 
4 0.8174479166666667 0.18072916666666666 0.0036458333333333334 0.004166666666666667 
4 0.81796875 0.18385416666666668 0.0036458333333333334 0.005208333333333333 
4 0.9489583333333333 0.19505208333333332 0.004166666666666667 0.0026041666666666665 
4 0.9692708333333333 0.16744791666666667 0.0010416666666666667 0.0036458333333333334 
4 0.9669270833333333 0.16875 0.0015625 0.004166666666666667 
4 0.9643229166666667 0.16901041666666666 0.0015625 0.0046875 
4 0.9619791666666667 0.16953125 0.0020833333333333333 0.0036458333333333334 
4 0.9596354166666666 0.1703125 0.0015625 0.004166666666666667 
4 0.95546875 0.17135416666666667 0.0026041666666666665 0.004166666666666667 
4 0.9526041666666667 0.17161458333333332 0.0020833333333333333 0.0036458333333333334 
4 0.9494791666666667 0.171875 0.003125 0.004166666666666667 
4 0.9473958333333333 0.17239583333333333 0.003125 0.004166666666666667 
4 0.9447916666666667 0.17265625 0.0020833333333333333 0.0036458333333333334 
4 0.9502604166666667 0.19947916666666668 0.0036458333333333334 0.0020833333333333333 
4 0.9494791666666667 0.19739583333333333 0.004166666666666667 0.0020833333333333333 
4 0.9486979166666667 0.19166666666666668 0.0036458333333333334 0.0020833333333333333 
4 0.9546875 0.22447916666666667 0.004166666666666667 0.0020833333333333333 
4 0.9557291666666666 0.21041666666666667 0.0020833333333333333 0.004166666666666667 
4 0.95390625 0.20494791666666667 0.0026041666666666665 0.0036458333333333334 
4 0.984375 0.19348958333333333 0.004166666666666667 0.0036458333333333334 
4 0.9841145833333333 0.19036458333333334 0.0036458333333333334 0.0026041666666666665 
4 0.98359375 0.1875 0.0036458333333333334 0.003125 
4 0.9830729166666666 0.18385416666666668 0.0036458333333333334 0.003125 
4 0.98671875 0.25729166666666664 0.0036458333333333334 0.0020833333333333333 
4 0.98203125 0.2578125 0.0036458333333333334 0.003125 
4 0.9765625 0.2591145833333333 0.005208333333333333 0.0026041666666666665 
4 0.9658854166666667 0.25625 0.0026041666666666665 0.005208333333333333 
4 0.9690104166666667 0.2557291666666667 0.0026041666666666665 0.004166666666666667 
4 0.95625 0.22786458333333334 0.0020833333333333333 0.0036458333333333334 
4 0.74140625 0.2875 0.0046875 0.0020833333333333333 
4 0.7427083333333333 0.29010416666666666 0.005208333333333333 0.0020833333333333333 
4 0.73828125 0.29322916666666665 0.0067708333333333336 0.0020833333333333333 
4 0.8671875 0.39765625 0.004166666666666667 0.0015625 
4 0.85390625 0.33125 0.005729166666666666 0.0020833333333333333 
4 0.8546875 0.33359375 0.005208333333333333 0.0015625 
4 0.85546875 0.33645833333333336 0.0046875 0.0020833333333333333 
4 0.859375 0.35833333333333334 0.005208333333333333 0.0020833333333333333 
4 0.86015625 0.36328125 0.005729166666666666 0.0015625 
4 0.8604166666666667 0.36666666666666664 0.005208333333333333 0.003125 
4 0.86171875 0.3776041666666667 0.0046875 0.0020833333333333333 
4 0.93671875 0.33932291666666664 0.005729166666666666 0.0046875 
4 0.9502604166666667 0.36692708333333335 0.0046875 0.0046875 
4 0.9557291666666666 0.37161458333333336 0.005208333333333333 0.0046875 
4 0.9713541666666666 0.3768229166666667 0.004166666666666667 0.0036458333333333334 
4 0.9729166666666667 0.38515625 0.004166666666666667 0.0036458333333333334 
4 0.8674479166666667 0.40078125 0.0046875 0.0026041666666666665 
4 0.8528645833333334 0.32473958333333336 0.005729166666666666 0.0026041666666666665 
4 0.8671875 0.4036458333333333 0.005208333333333333 0.0020833333333333333 
4 0.8786458333333333 0.40130208333333334 0.003125 0.0046875 
4 0.8791666666666667 0.40546875 0.003125 0.0046875 
4 0.8690104166666667 0.41302083333333334 0.005729166666666666 0.0020833333333333333 
4 0.86953125 0.41796875 0.0046875 0.0026041666666666665 
4 0.87421875 0.4244791666666667 0.0036458333333333334 0.005208333333333333 
4 0.8770833333333333 0.42942708333333335 0.003125 0.0046875 
4 0.91484375 0.42265625 0.0046875 0.0046875 
4 0.9166666666666666 0.4244791666666667 0.004166666666666667 0.005208333333333333 
4 0.9174479166666667 0.43020833333333336 0.0067708333333333336 0.0020833333333333333 
4 0.903125 0.4484375 0.0020833333333333333 0.004166666666666667 
4 0.9036458333333334 0.4544270833333333 0.0020833333333333333 0.0036458333333333334 
4 0.8533854166666667 0.328125 0.005729166666666666 0.0020833333333333333 
4 0.9481770833333333 0.33203125 0.0036458333333333334 0.0046875 
4 0.7260416666666667 0.290625 0.00625 0.0020833333333333333 
4 0.909375 0.31979166666666664 0.004166666666666667 0.003125 
4 0.72578125 0.29375 0.0046875 0.0020833333333333333 
4 0.7265625 0.2953125 0.004166666666666667 0.0020833333333333333 
4 0.7270833333333333 0.2994791666666667 0.004166666666666667 0.0020833333333333333 
4 0.76875 0.29791666666666666 0.0020833333333333333 0.005208333333333333 
4 0.7716145833333333 0.296875 0.0026041666666666665 0.005208333333333333 
4 0.7744791666666667 0.296875 0.0020833333333333333 0.004166666666666667 
4 0.7794270833333333 0.2799479166666667 0.0026041666666666665 0.0046875 
4 0.7822916666666667 0.28020833333333334 0.0020833333333333333 0.004166666666666667 
4 0.8950520833333333 0.28671875 0.0015625 0.0046875 
4 0.9072916666666667 0.30625 0.004166666666666667 0.0020833333333333333 
4 0.9078125 0.30911458333333336 0.004166666666666667 0.0026041666666666665 
4 0.9078125 0.31484375 0.004166666666666667 0.0036458333333333334 
4 0.9182291666666667 0.3106770833333333 0.004166666666666667 0.0026041666666666665 
4 0.95 0.34375 0.004166666666666667 0.0020833333333333333 
4 0.9192708333333334 0.31354166666666666 0.004166666666666667 0.0020833333333333333 
4 0.9192708333333334 0.31640625 0.005208333333333333 0.0026041666666666665 
4 0.9200520833333333 0.3184895833333333 0.0046875 0.0026041666666666665 
4 0.9205729166666666 0.32109375 0.0046875 0.0026041666666666665 
4 0.9213541666666667 0.32473958333333336 0.005208333333333333 0.0026041666666666665 
4 0.9216145833333333 0.328125 0.005729166666666666 0.003125 
4 0.9213541666666667 0.33125 0.005208333333333333 0.003125 
4 0.928125 0.33515625 0.004166666666666667 0.0046875 
4 0.9401041666666666 0.35494791666666664 0.0020833333333333333 0.0046875 
4 0.9364583333333333 0.3515625 0.0020833333333333333 0.004166666666666667 
4 0.9333333333333333 0.3494791666666667 0.0020833333333333333 0.004166666666666667 
4 0.9302083333333333 0.34739583333333335 0.003125 0.005208333333333333 
4 0.9734375 0.1671875 0.0020833333333333333 0.004166666666666667 
4 0.9674479166666666 0.15911458333333334 0.0015625 0.0036458333333333334 
4 0.8911458333333333 0.084375 0.003125 0.005208333333333333 
4 0.9651041666666667 0.159375 0.0020833333333333333 0.004166666666666667 
4 0.9192708333333334 0.12682291666666667 0.004166666666666667 0.0046875 
4 0.9072916666666667 0.11875 0.004166666666666667 0.004166666666666667 
4 0.8984375 0.11276041666666667 0.004166666666666667 0.0036458333333333334 
4 0.8838541666666667 0.08984375 0.004166666666666667 0.0046875 
4 0.8828125 0.09192708333333334 0.004166666666666667 0.0036458333333333334 
4 0.8916666666666667 0.09921875 0.004166666666666667 0.0036458333333333334 
4 0.8924479166666667 0.09609375 0.0036458333333333334 0.0036458333333333334 
4 0.9028645833333333 0.09114583333333333 0.0036458333333333334 0.004166666666666667 
4 0.9005208333333333 0.09348958333333333 0.004166666666666667 0.0036458333333333334 
4 0.9078125 0.075 0.004166666666666667 0.003125 
4 0.9067708333333333 0.07734375 0.003125 0.0026041666666666665 
4 0.90546875 0.07994791666666666 0.0046875 0.0036458333333333334 
4 0.9033854166666667 0.08229166666666667 0.0036458333333333334 0.003125 
4 0.9018229166666667 0.084375 0.0046875 0.004166666666666667 
4 0.8994791666666667 0.08802083333333334 0.004166666666666667 0.004166666666666667 
4 0.8979166666666667 0.08984375 0.004166666666666667 0.0036458333333333334 
4 0.89609375 0.09192708333333334 0.0036458333333333334 0.0036458333333333334 
4 0.8940104166666667 0.09453125 0.0046875 0.0036458333333333334 
4 0.8979166666666667 0.09765625 0.004166666666666667 0.0036458333333333334 
4 0.915625 0.07395833333333333 0.005208333333333333 0.004166666666666667 
4 0.9135416666666667 0.07604166666666666 0.005208333333333333 0.004166666666666667 
4 0.9119791666666667 0.07786458333333333 0.004166666666666667 0.0036458333333333334 
4 0.9106770833333333 0.0796875 0.0046875 0.004166666666666667 
4 0.9091145833333333 0.08203125 0.0046875 0.0036458333333333334 
4 0.9067708333333333 0.08489583333333334 0.004166666666666667 0.003125 
4 0.9049479166666666 0.08723958333333333 0.0046875 0.0036458333333333334 
4 0.91796875 0.08307291666666666 0.0036458333333333334 0.0046875 
4 0.93125 0.12838541666666667 0.005208333333333333 0.0026041666666666665 
4 0.9307291666666667 0.12552083333333333 0.005208333333333333 0.0020833333333333333 
4 0.9307291666666667 0.12291666666666666 0.005208333333333333 0.0020833333333333333 
4 0.9091145833333333 0.10442708333333334 0.0036458333333333334 0.0036458333333333334 
4 0.8893229166666666 0.08723958333333333 0.0036458333333333334 0.0046875 
4 0.9161458333333333 0.08515625 0.003125 0.0046875 
4 0.9143229166666667 0.08828125 0.0036458333333333334 0.0046875 
4 0.91328125 0.09114583333333333 0.0036458333333333334 0.004166666666666667 
4 0.9109375 0.09296875 0.004166666666666667 0.0046875 
4 0.9091145833333333 0.0953125 0.0046875 0.004166666666666667 
4 0.9065104166666667 0.09947916666666666 0.0036458333333333334 0.004166666666666667 
4 0.9052083333333333 0.1015625 0.004166666666666667 0.003125 
4 0.9036458333333334 0.10390625 0.004166666666666667 0.0036458333333333334 
4 0.903125 0.10598958333333333 0.004166666666666667 0.0026041666666666665 
4 0.9065104166666667 0.109375 0.0036458333333333334 0.004166666666666667 
4 0.9075520833333334 0.10625 0.0036458333333333334 0.004166666666666667 
4 0.91484375 0.09583333333333334 0.0015625 0.004166666666666667 
4 0.9302083333333333 0.11979166666666667 0.005208333333333333 0.0020833333333333333 
4 0.9127604166666666 0.09817708333333333 0.0036458333333333334 0.0046875 
4 0.9221354166666667 0.10078125 0.0036458333333333334 0.0036458333333333334 
4 0.9203125 0.103125 0.004166666666666667 0.003125 
4 0.9184895833333333 0.10546875 0.0036458333333333334 0.0036458333333333334 
4 0.9174479166666667 0.10755208333333334 0.0036458333333333334 0.0036458333333333334 
4 0.9138020833333333 0.11354166666666667 0.0036458333333333334 0.003125 
4 0.92265625 0.1078125 0.0036458333333333334 0.003125 
4 0.9213541666666667 0.11015625 0.004166666666666667 0.0036458333333333334 
4 0.9200520833333333 0.1125 0.0046875 0.004166666666666667 
4 0.9184895833333333 0.11432291666666666 0.0046875 0.0036458333333333334 
4 0.9166666666666666 0.11640625 0.005208333333333333 0.0026041666666666665 
4 0.92890625 0.11015625 0.0026041666666666665 0.0036458333333333334 
4 0.9200520833333333 0.0875 0.0036458333333333334 0.005208333333333333 
4 0.9192708333333334 0.08958333333333333 0.004166666666666667 0.004166666666666667 
4 0.9171875 0.09296875 0.003125 0.0046875 
4 0.9177083333333333 0.16796875 0.003125 0.0046875 
4 0.8208333333333333 0.059895833333333336 0.0020833333333333333 0.004166666666666667 
4 0.8239583333333333 0.059895833333333336 0.0020833333333333333 0.004166666666666667 
4 0.8270833333333333 0.06015625 0.0020833333333333333 0.0036458333333333334 
4 0.8921875 0.05807291666666667 0.004166666666666667 0.0036458333333333334 
4 0.8768229166666667 0.06328125 0.0046875 0.0046875 
4 0.8578125 0.06328125 0.004166666666666667 0.0015625 
4 0.8596354166666667 0.06536458333333334 0.0036458333333333334 0.0026041666666666665 
4 0.75234375 0.17135416666666667 0.0036458333333333334 0.005208333333333333 
4 0.90625 0.16901041666666666 0.003125 0.0046875 
4 0.9098958333333333 0.16901041666666666 0.0020833333333333333 0.0046875 
4 0.9125 0.16796875 0.0020833333333333333 0.0046875 
4 0.9140625 0.16770833333333332 0.003125 0.004166666666666667 
4 0.9216145833333333 0.16692708333333334 0.0026041666666666665 0.0046875 
4 0.8158854166666667 0.058333333333333334 0.0015625 0.003125 
4 0.9270833333333334 0.16614583333333333 0.0020833333333333333 0.004166666666666667 
4 0.93046875 0.16510416666666666 0.0026041666666666665 0.003125 
4 0.9333333333333333 0.16588541666666667 0.003125 0.0046875 
4 0.9354166666666667 0.16458333333333333 0.0020833333333333333 0.005208333333333333 
4 0.9403645833333333 0.16171875 0.0026041666666666665 0.0046875 
4 0.9434895833333333 0.16223958333333333 0.0015625 0.0046875 
4 0.9450520833333333 0.15833333333333333 0.0026041666666666665 0.005208333333333333 
4 0.9513020833333333 0.16119791666666666 0.0015625 0.0046875 
4 0.9533854166666667 0.16145833333333334 0.0015625 0.004166666666666667 
4 0.9578125 0.16067708333333333 0.0020833333333333333 0.0046875 
4 0.9606770833333333 0.16015625 0.0026041666666666665 0.0046875 
4 0.9627604166666667 0.159375 0.0015625 0.004166666666666667 
4 0.81796875 0.05911458333333333 0.0015625 0.0046875 
4 0.81328125 0.05807291666666667 0.0026041666666666665 0.0046875 
4 0.8802083333333334 0.0828125 0.004166666666666667 0.0020833333333333333 
4 0.7893229166666667 0.059375 0.005729166666666666 0.003125 
4 0.8638020833333333 0.0765625 0.0046875 0.0020833333333333333 
4 0.86015625 0.07447916666666667 0.005729166666666666 0.003125 
4 0.8546875 0.07291666666666667 0.005208333333333333 0.004166666666666667 
4 0.8625 0.08697916666666666 0.005208333333333333 0.004166666666666667 
4 0.8442708333333333 0.0765625 0.005208333333333333 0.004166666666666667 
4 0.8286458333333333 0.07135416666666666 0.005208333333333333 0.003125 
4 0.8221354166666667 0.06927083333333334 0.0036458333333333334 0.003125 
4 0.8158854166666667 0.06666666666666667 0.0046875 0.003125 
4 0.809375 0.06510416666666667 0.005208333333333333 0.0020833333333333333 
4 0.8044270833333333 0.06354166666666666 0.0036458333333333334 0.003125 
4 0.79921875 0.0625 0.0046875 0.0020833333333333333 
4 0.79375 0.06041666666666667 0.004166666666666667 0.0020833333333333333 
4 0.7822916666666667 0.057291666666666664 0.005208333333333333 0.003125 
4 0.8104166666666667 0.05703125 0.0020833333333333333 0.0046875 
4 0.84921875 0.05911458333333333 0.0026041666666666665 0.0036458333333333334 
4 0.8473958333333333 0.061197916666666664 0.0020833333333333333 0.0046875 
4 0.84375 0.062239583333333334 0.0020833333333333333 0.0046875 
4 0.8411458333333334 0.05859375 0.0020833333333333333 0.0036458333333333334 
4 0.84453125 0.0578125 0.0015625 0.004166666666666667 
4 0.840625 0.06458333333333334 0.0020833333333333333 0.004166666666666667 
4 0.8359375 0.0578125 0.0020833333333333333 0.004166666666666667 
4 0.8338541666666667 0.06432291666666666 0.003125 0.0046875 
4 0.8377604166666667 0.06432291666666666 0.0036458333333333334 0.0046875 
4 0.8033854166666666 0.05572916666666667 0.0026041666666666665 0.004166666666666667 
4 0.8052083333333333 0.05520833333333333 0.0020833333333333333 0.004166666666666667 
4 0.8075520833333333 0.05546875 0.0015625 0.0046875 
4 0.9059895833333333 0.46119791666666665 0.0026041666666666665 0.0046875 
4 0.92109375 0.45546875 0.0036458333333333334 0.0026041666666666665 
4 0.91328125 0.45390625 0.0046875 0.0046875 
4 0.95546875 0.4786458333333333 0.0036458333333333334 0.0020833333333333333 
4 0.9294270833333333 0.478125 0.0046875 0.003125 
4 0.9354166666666667 0.46640625 0.0020833333333333333 0.0036458333333333334 
4 0.9705729166666667 0.46145833333333336 0.0015625 0.004166666666666667 
4 0.9752604166666666 0.4625 0.0015625 0.003125 
4 0.9799479166666667 0.4630208333333333 0.0015625 0.004166666666666667 
4 0.9010416666666666 0.49453125 0.005208333333333333 0.0026041666666666665 
4 0.9010416666666666 0.49166666666666664 0.004166666666666667 0.0020833333333333333 
4 0.9005208333333333 0.4890625 0.004166666666666667 0.0020833333333333333 
4 0.89921875 0.484375 0.0046875 0.0020833333333333333 
4 0.9388020833333334 0.47994791666666664 0.0026041666666666665 0.0046875 
4 0.9497395833333333 0.47760416666666666 0.0036458333333333334 0.0020833333333333333 
4 0.93671875 0.509375 0.0046875 0.003125 
4 0.6515625 0.0625 0.003125 0.005208333333333333 
4 0.07265625 0.5981770833333333 0.0026041666666666665 0.0046875 
4 0.65546875 0.06901041666666667 0.0026041666666666665 0.0046875 
4 0.6598958333333333 0.09609375 0.005208333333333333 0.0026041666666666665 
4 0.9096354166666667 0.07265625 0.0036458333333333334 0.0036458333333333334 
4 0.9111979166666667 0.07135416666666666 0.0036458333333333334 0.003125 
4 0.9135416666666667 0.06927083333333334 0.004166666666666667 0.004166666666666667 
4 0.9591145833333333 0.07994791666666666 0.0036458333333333334 0.0026041666666666665 
4 0.9598958333333333 0.08255208333333333 0.003125 0.0026041666666666665 
4 0.9606770833333333 0.08515625 0.0036458333333333334 0.0015625 
4 0.96171875 0.08776041666666666 0.0046875 0.0026041666666666665 
4 0.9510416666666667 0.0640625 0.004166666666666667 0.0020833333333333333 
4 0.9513020833333333 0.0671875 0.0046875 0.0020833333333333333 
4 0.9518229166666666 0.06979166666666667 0.0036458333333333334 0.0020833333333333333 
4 0.95234375 0.07239583333333334 0.0036458333333333334 0.0020833333333333333 
4 0.953125 0.07447916666666667 0.004166666666666667 0.0020833333333333333 
4 0.9536458333333333 0.07708333333333334 0.004166666666666667 0.003125 
4 0.9544270833333334 0.07994791666666666 0.0036458333333333334 0.0026041666666666665 
4 0.9541666666666667 0.08307291666666666 0.004166666666666667 0.0015625 
4 0.95546875 0.08515625 0.005729166666666666 0.0026041666666666665 
4 0.9557291666666666 0.08776041666666666 0.004166666666666667 0.0026041666666666665 
4 0.9421875 0.17317708333333334 0.003125 0.0046875 
4 0.93984375 0.1734375 0.0026041666666666665 0.004166666666666667 
4 0.9375 0.17369791666666667 0.003125 0.0036458333333333334 
4 0.8630208333333333 0.061197916666666664 0.003125 0.0046875 
4 0.85859375 0.06067708333333333 0.0046875 0.0015625 
4 0.8697916666666666 0.065625 0.0020833333333333333 0.004166666666666667 
4 0.8942708333333333 0.06067708333333333 0.004166666666666667 0.0015625 
4 0.7833333333333333 0.28567708333333336 0.003125 0.005729166666666666 
4 0.77109375 0.28802083333333334 0.0046875 0.003125 
4 0.76953125 0.2828125 0.0036458333333333334 0.0020833333333333333 
4 0.7692708333333333 0.28020833333333334 0.004166666666666667 0.0020833333333333333 
4 0.89296875 0.06328125 0.0036458333333333334 0.0015625 
4 0.8677083333333333 0.06901041666666667 0.0020833333333333333 0.0036458333333333334 
4 0.8911458333333333 0.06640625 0.004166666666666667 0.0015625 
4 0.8890625 0.06901041666666667 0.004166666666666667 0.0015625 
4 0.8872395833333333 0.07135416666666666 0.0036458333333333334 0.0020833333333333333 
4 0.8861979166666667 0.07473958333333333 0.0036458333333333334 0.0015625 
4 0.8838541666666667 0.07708333333333334 0.004166666666666667 0.0020833333333333333 
4 0.8809895833333333 0.08020833333333334 0.0046875 0.0010416666666666667 
4 0.8791666666666667 0.07786458333333333 0.004166666666666667 0.0036458333333333334 
4 0.8854166666666666 0.06744791666666666 0.005208333333333333 0.0046875 
4 0.8828125 0.071875 0.003125 0.004166666666666667 
4 0.8893229166666666 0.06197916666666667 0.0046875 0.005208333333333333 
4 0.865625 0.07083333333333333 0.0020833333333333333 0.004166666666666667 
4 0.86171875 0.071875 0.0046875 0.003125 
4 0.7127604166666667 0.73828125 0.0046875 0.0026041666666666665 
4 0.9653645833333333 0.7919270833333333 0.0036458333333333334 0.0026041666666666665 
4 0.9645833333333333 0.7893229166666667 0.004166666666666667 0.0026041666666666665 
4 0.9635416666666666 0.7861979166666667 0.004166666666666667 0.0026041666666666665 
4 0.925 0.45390625 0.004166666666666667 0.0026041666666666665 
4 0.9536458333333333 0.73125 0.005208333333333333 0.003125 
4 0.96015625 0.7989583333333333 0.0046875 0.004166666666666667 
4 0.9598958333333333 0.8020833333333334 0.004166666666666667 0.004166666666666667 
4 0.9359375 0.8234375 0.003125 0.005208333333333333 
4 0.93828125 0.8229166666666666 0.0026041666666666665 0.005208333333333333 
4 0.9434895833333333 0.82109375 0.0026041666666666665 0.0046875 
4 0.9513020833333333 0.81875 0.0036458333333333334 0.004166666666666667 
4 0.9559895833333333 0.8174479166666667 0.0026041666666666665 0.0046875 
4 0.9583333333333334 0.81640625 0.003125 0.0046875 
4 0.9661458333333334 0.8153645833333333 0.003125 0.0015625 
5 0.8479166666666667 0.7911458333333333 0.010416666666666666 0.0125 
5 0.8450520833333334 0.7859375 0.0067708333333333336 0.00625 
5 0.84375 0.7705729166666667 0.008333333333333333 0.0109375 
5 0.8424479166666666 0.7645833333333333 0.008854166666666666 0.010416666666666666 
5 0.8408854166666667 0.7578125 0.009895833333333333 0.010416666666666666 
5 0.8104166666666667 0.7330729166666666 0.005208333333333333 0.013020833333333334 
5 0.8455729166666667 0.7091145833333333 0.0026041666666666665 0.011979166666666667 
4 0.8653645833333333 0.7416666666666667 0.0026041666666666665 0.004166666666666667 
4 0.853125 0.7263020833333333 0.0020833333333333333 0.0046875 
4 0.8578125 0.7643229166666666 0.003125 0.0067708333333333336 
4 0.9614583333333333 0.7713541666666667 0.004166666666666667 0.0020833333333333333 
4 0.9609375 0.7739583333333333 0.004166666666666667 0.0020833333333333333 
4 0.96171875 0.7763020833333333 0.0046875 0.0026041666666666665 
4 0.965625 0.7984375 0.005208333333333333 0.003125 
4 0.9619791666666667 0.80546875 0.003125 0.0026041666666666665 
4 0.9619791666666667 0.8091145833333333 0.005208333333333333 0.0036458333333333334 
4 0.9619791666666667 0.81328125 0.005208333333333333 0.0036458333333333334 
4 0.9669270833333333 0.8078125 0.0036458333333333334 0.003125 
4 0.9598958333333333 0.7950520833333333 0.005208333333333333 0.0036458333333333334 
4 0.95859375 0.79140625 0.0046875 0.0036458333333333334 
4 0.9578125 0.7880208333333333 0.005208333333333333 0.004166666666666667 
4 0.9481770833333333 0.72578125 0.0046875 0.0036458333333333334 
4 0.95546875 0.7385416666666667 0.0046875 0.0020833333333333333 
4 0.9580729166666667 0.7486979166666666 0.0046875 0.0026041666666666665 
4 0.9580729166666667 0.7536458333333333 0.0046875 0.003125 
4 0.959375 0.7609375 0.004166666666666667 0.003125 
4 0.9598958333333333 0.7651041666666667 0.004166666666666667 0.0020833333333333333 
4 0.953125 0.7552083333333334 0.005208333333333333 0.004166666666666667 
4 0.953125 0.7520833333333333 0.005208333333333333 0.004166666666666667 
4 0.9520833333333333 0.7481770833333333 0.004166666666666667 0.0036458333333333334 
4 0.9515625 0.74453125 0.005208333333333333 0.0036458333333333334 
4 0.95 0.7369791666666666 0.005208333333333333 0.004166666666666667 
4 0.9489583333333333 0.7322916666666667 0.004166666666666667 0.003125 
4 0.9481770833333333 0.72890625 0.0046875 0.0036458333333333334 
4 0.89609375 0.7333333333333333 0.0026041666666666665 0.004166666666666667 
4 0.9583333333333334 0.78515625 0.005208333333333333 0.0046875 
4 0.8947916666666667 0.7463541666666667 0.0020833333333333333 0.005208333333333333 
4 0.8984375 0.7731770833333333 0.0020833333333333333 0.0036458333333333334 
4 0.8854166666666666 0.7479166666666667 0.004166666666666667 0.005208333333333333 
4 0.9083333333333333 0.8192708333333333 0.00625 0.0020833333333333333 
4 0.8666666666666667 0.8244791666666667 0.005208333333333333 0.003125 
4 0.8481770833333333 0.8130208333333333 0.0046875 0.005208333333333333 
4 0.8484375 0.8072916666666666 0.005208333333333333 0.004166666666666667 
4 0.8721354166666667 0.7903645833333334 0.005729166666666666 0.0046875 
4 0.9018229166666667 0.7869791666666667 0.0036458333333333334 0.005208333333333333 
4 0.9546875 0.7640625 0.005208333333333333 0.004166666666666667 
4 0.9541666666666667 0.7677083333333333 0.00625 0.004166666666666667 
4 0.9567708333333333 0.7778645833333333 0.004166666666666667 0.0036458333333333334 
4 0.9666666666666667 0.8114583333333333 0.004166666666666667 0.0020833333333333333 
4 0.9661458333333334 0.8046875 0.004166666666666667 0.0020833333333333333 
4 0.9640625 0.7940104166666667 0.004166666666666667 0.0015625 
4 0.7486979166666666 0.7940104166666667 0.0015625 0.0046875 
4 0.76015625 0.75703125 0.0015625 0.0036458333333333334 
4 0.7606770833333333 0.7625 0.0026041666666666665 0.004166666666666667 
4 0.7619791666666667 0.7674479166666667 0.0020833333333333333 0.0046875 
4 0.7640625 0.7768229166666667 0.0020833333333333333 0.0046875 
4 0.7645833333333333 0.7822916666666667 0.0020833333333333333 0.004166666666666667 
4 0.765625 0.7872395833333333 0.0020833333333333333 0.0046875 
4 0.7716145833333333 0.7953125 0.0026041666666666665 0.004166666666666667 
4 0.7731770833333333 0.8005208333333333 0.0026041666666666665 0.004166666666666667 
4 0.7510416666666667 0.7453125 0.003125 0.005208333333333333 
4 0.7526041666666666 0.7513020833333334 0.003125 0.005729166666666666 
4 0.75546875 0.76875 0.0026041666666666665 0.005208333333333333 
4 0.7578125 0.7809895833333333 0.003125 0.0046875 
4 0.7434895833333334 0.7934895833333333 0.0026041666666666665 0.0046875 
4 0.75703125 0.7421875 0.0026041666666666665 0.005208333333333333 
4 0.7403645833333333 0.7989583333333333 0.0026041666666666665 0.004166666666666667 
4 0.74609375 0.7625 0.0026041666666666665 0.004166666666666667 
4 0.71875 0.7552083333333334 0.005208333333333333 0.003125 
4 0.7127604166666667 0.7401041666666667 0.0046875 0.0020833333333333333 
4 0.7122395833333334 0.73515625 0.0046875 0.0015625 
4 0.7450520833333333 0.73125 0.0046875 0.0020833333333333333 
4 0.7380208333333333 0.7325520833333333 0.004166666666666667 0.0015625 
4 0.7791666666666667 0.8549479166666667 0.0020833333333333333 0.0036458333333333334 
4 0.9700520833333334 0.8296875 0.0046875 0.0020833333333333333 
4 0.9708333333333333 0.8322916666666667 0.004166666666666667 0.003125 
4 0.9596354166666666 0.834375 0.0036458333333333334 0.0020833333333333333 
4 0.9611979166666667 0.8364583333333333 0.0046875 0.0020833333333333333 
4 0.7578125 0.7473958333333334 0.0020833333333333333 0.004166666666666667 
4 0.76484375 0.7580729166666667 0.0026041666666666665 0.0046875 
4 0.8041666666666667 0.7341145833333333 0.003125 0.0046875 
4 0.7796875 0.7255208333333333 0.005208333333333333 0.0020833333333333333 
4 0.7919270833333333 0.7239583333333334 0.0046875 0.0020833333333333333 
4 0.7963541666666667 0.7401041666666667 0.003125 0.004166666666666667 
4 0.8020833333333334 0.7661458333333333 0.003125 0.004166666666666667 
4 0.7950520833333333 0.7747395833333334 0.0026041666666666665 0.005729166666666666 
4 0.78828125 0.7546875 0.0015625 0.005208333333333333 
4 0.7875 0.7614583333333333 0.0020833333333333333 0.005208333333333333 
4 0.7861979166666667 0.7658854166666667 0.0026041666666666665 0.0026041666666666665 
4 0.7856770833333333 0.7705729166666667 0.0026041666666666665 0.0046875 
4 0.784375 0.7786458333333334 0.0020833333333333333 0.004166666666666667 
4 0.7822916666666667 0.7854166666666667 0.003125 0.004166666666666667 
4 0.7765625 0.8182291666666667 0.0020833333333333333 0.004166666666666667 
4 0.78515625 0.7252604166666666 0.0036458333333333334 0.0015625 
4 0.7677083333333333 0.7270833333333333 0.005208333333333333 0.003125 
4 0.77109375 0.7864583333333334 0.0026041666666666665 0.004166666666666667 
4 0.7580729166666667 0.7291666666666666 0.005729166666666666 0.003125 
4 0.7341145833333333 0.7359375 0.0078125 0.003125 
4 0.775 0.79375 0.0020833333333333333 0.004166666666666667 
4 0.7760416666666666 0.8005208333333333 0.0020833333333333333 0.004166666666666667 
4 0.7591145833333334 0.740625 0.0026041666666666665 0.005208333333333333 
4 0.7606770833333333 0.7466145833333333 0.0026041666666666665 0.0046875 
4 0.7614583333333333 0.7526041666666666 0.003125 0.004166666666666667 
4 0.7625 0.7578125 0.0020833333333333333 0.004166666666666667 
4 0.7638020833333333 0.7622395833333333 0.0026041666666666665 0.0036458333333333334 
4 0.7643229166666666 0.7671875 0.0026041666666666665 0.004166666666666667 
4 0.7653645833333333 0.77109375 0.0015625 0.0036458333333333334 
4 0.7700520833333333 0.7817708333333333 0.0026041666666666665 0.005208333333333333 
4 0.9544270833333334 0.7338541666666667 0.0046875 0.0020833333333333333 
4 0.953125 0.7260416666666667 0.005208333333333333 0.0020833333333333333 
4 0.95234375 0.72109375 0.0046875 0.0026041666666666665 
4 0.95859375 0.4661458333333333 0.0046875 0.0020833333333333333 
4 0.9528645833333333 0.46458333333333335 0.0036458333333333334 0.0020833333333333333 
4 0.9479166666666666 0.46458333333333335 0.005208333333333333 0.003125 
4 0.9421875 0.4627604166666667 0.004166666666666667 0.0026041666666666665 
4 0.9372395833333333 0.46197916666666666 0.0046875 0.0020833333333333333 
4 0.92734375 0.46848958333333335 0.0046875 0.0026041666666666665 
4 0.928125 0.4747395833333333 0.005208333333333333 0.0015625 
4 0.9580729166666667 0.5549479166666667 0.0026041666666666665 0.0046875 
4 0.96171875 0.5557291666666667 0.0036458333333333334 0.005208333333333333 
4 0.9747395833333333 0.5505208333333333 0.0036458333333333334 0.004166666666666667 
4 0.9763020833333333 0.5447916666666667 0.0036458333333333334 0.004166666666666667 
4 0.97421875 0.5421875 0.0026041666666666665 0.004166666666666667 
4 0.9794270833333333 0.5377604166666666 0.0015625 0.0036458333333333334 
4 0.9760416666666667 0.53671875 0.003125 0.0036458333333333334 
4 0.9778645833333334 0.5317708333333333 0.0026041666666666665 0.003125 
4 0.9799479166666667 0.5270833333333333 0.0026041666666666665 0.004166666666666667 
4 0.98125 0.5049479166666667 0.003125 0.0046875 
4 0.9783854166666667 0.5005208333333333 0.0026041666666666665 0.004166666666666667 
4 0.9747395833333333 0.496875 0.0036458333333333334 0.004166666666666667 
4 0.9697916666666667 0.4861979166666667 0.005208333333333333 0.0026041666666666665 
4 0.9544270833333334 0.4822916666666667 0.0046875 0.0020833333333333333 
4 0.9565104166666667 0.48541666666666666 0.005729166666666666 0.003125 
4 0.9549479166666667 0.48880208333333336 0.0046875 0.0046875 
4 0.9494791666666667 0.48515625 0.00625 0.0026041666666666665 
4 0.9440104166666666 0.48385416666666664 0.0046875 0.004166666666666667 
4 0.9497395833333333 0.49270833333333336 0.0036458333333333334 0.004166666666666667 
4 0.9518229166666666 0.49661458333333336 0.0036458333333333334 0.0046875 
4 0.9651041666666667 0.4674479166666667 0.004166666666666667 0.0026041666666666665 
4 0.96171875 0.4596354166666667 0.0015625 0.0046875 
4 0.9596354166666666 0.459375 0.0026041666666666665 0.004166666666666667 
4 0.9416666666666667 0.5091145833333334 0.004166666666666667 0.0036458333333333334 
4 0.9302083333333333 0.4546875 0.005208333333333333 0.0020833333333333333 
4 0.9255208333333333 0.4588541666666667 0.004166666666666667 0.0010416666666666667 
4 0.9260416666666667 0.46119791666666665 0.004166666666666667 0.0015625 
4 0.9265625 0.46380208333333334 0.004166666666666667 0.0026041666666666665 
4 0.9135416666666667 0.46145833333333336 0.003125 0.003125 
4 0.9158854166666667 0.46015625 0.0015625 0.0036458333333333334 
4 0.9203125 0.4661458333333333 0.0020833333333333333 0.005208333333333333 
4 0.9213541666666667 0.47552083333333334 0.0020833333333333333 0.005208333333333333 
4 0.9223958333333333 0.48125 0.0020833333333333333 0.004166666666666667 
4 0.9234375 0.4861979166666667 0.0020833333333333333 0.0036458333333333334 
4 0.92421875 0.4921875 0.0015625 0.004166666666666667 
4 0.93203125 0.5020833333333333 0.0036458333333333334 0.004166666666666667 
4 0.9533854166666667 0.5278645833333333 0.0036458333333333334 0.0046875 
4 0.9572916666666667 0.45807291666666666 0.0020833333333333333 0.0046875 
4 0.9515625 0.5270833333333333 0.003125 0.004166666666666667 
4 0.9497395833333333 0.525 0.0036458333333333334 0.005208333333333333 
4 0.9479166666666666 0.5234375 0.004166666666666667 0.004166666666666667 
4 0.9458333333333333 0.5213541666666667 0.004166666666666667 0.004166666666666667 
4 0.9375 0.45234375 0.005208333333333333 0.0046875 
4 0.9411458333333333 0.45208333333333334 0.0020833333333333333 0.004166666666666667 
4 0.9440104166666666 0.453125 0.0026041666666666665 0.005208333333333333 
4 0.94609375 0.4546875 0.0026041666666666665 0.005208333333333333 
4 0.9486979166666667 0.4549479166666667 0.0026041666666666665 0.0046875 
4 0.95078125 0.45598958333333334 0.0036458333333333334 0.0046875 
4 0.9526041666666667 0.45703125 0.003125 0.0046875 
4 0.9546875 0.4578125 0.0020833333333333333 0.005208333333333333 
4 0.9442708333333333 0.49114583333333334 0.0020833333333333333 0.004166666666666667 
4 0.9333333333333333 0.49505208333333334 0.005208333333333333 0.0026041666666666665 
4 0.9651041666666667 0.47890625 0.0020833333333333333 0.0036458333333333334 
4 0.8713541666666667 0.6078125 0.003125 0.005208333333333333 
4 0.86015625 0.5515625 0.0046875 0.00625 
4 0.95390625 0.6526041666666667 0.0036458333333333334 0.00625 
4 0.9083333333333333 0.6369791666666667 0.0020833333333333333 0.005208333333333333 
4 0.9231770833333334 0.6572916666666667 0.0036458333333333334 0.004166666666666667 
4 0.92265625 0.6796875 0.0036458333333333334 0.005208333333333333 
4 0.9096354166666667 0.6669270833333333 0.0026041666666666665 0.0046875 
4 0.97421875 0.6575520833333334 0.0026041666666666665 0.005729166666666666 
4 0.96875 0.66015625 0.004166666666666667 0.0026041666666666665 
4 0.9692708333333333 0.6627604166666666 0.005208333333333333 0.0026041666666666665 
4 0.9705729166666667 0.665625 0.0046875 0.003125 
4 0.9596354166666666 0.6674479166666667 0.0046875 0.0015625 
4 0.9596354166666666 0.66484375 0.005729166666666666 0.0015625 
4 0.8796875 0.6578125 0.004166666666666667 0.00625 
4 0.8734375 0.5299479166666666 0.008333333333333333 0.0026041666666666665 
4 0.8736979166666666 0.6984375 0.0036458333333333334 0.005208333333333333 
4 0.8716145833333333 0.7033854166666667 0.0036458333333333334 0.005729166666666666 
4 0.86953125 0.6942708333333333 0.0026041666666666665 0.004166666666666667 
4 0.8682291666666667 0.68828125 0.0020833333333333333 0.0036458333333333334 
4 0.9213541666666667 0.7671875 0.005208333333333333 0.003125 
4 0.94609375 0.6822916666666666 0.0046875 0.0020833333333333333 
4 0.9466145833333334 0.6856770833333333 0.0046875 0.0026041666666666665 
4 0.9466145833333334 0.6908854166666667 0.005729166666666666 0.0036458333333333334 
4 0.95078125 0.7106770833333333 0.0046875 0.0026041666666666665 
4 0.9502604166666667 0.71328125 0.0046875 0.0026041666666666665 
4 0.9505208333333334 0.71640625 0.005208333333333333 0.0026041666666666665 
4 0.9515625 0.7182291666666667 0.005208333333333333 0.003125 
5 0.8627604166666667 0.5377604166666666 0.008854166666666666 0.0109375 
4 0.890625 0.5481770833333334 0.0020833333333333333 0.0046875 
4 0.97734375 0.4825520833333333 0.0026041666666666665 0.0046875 
4 0.96640625 0.5848958333333333 0.0046875 0.005208333333333333 
4 0.9822916666666667 0.4856770833333333 0.003125 0.0036458333333333334 
4 0.9424479166666667 0.5015625 0.0036458333333333334 0.004166666666666667 
4 0.9385416666666667 0.4981770833333333 0.004166666666666667 0.0046875 
4 0.9473958333333333 0.5065104166666666 0.003125 0.0036458333333333334 
4 0.94921875 0.5083333333333333 0.0036458333333333334 0.004166666666666667 
4 0.9510416666666667 0.51015625 0.004166666666666667 0.0046875 
4 0.9536458333333333 0.5140625 0.004166666666666667 0.0020833333333333333 
4 0.95390625 0.5161458333333333 0.005729166666666666 0.0020833333333333333 
4 0.9635416666666666 0.5705729166666667 0.004166666666666667 0.0046875 
4 0.9674479166666666 0.5747395833333333 0.0036458333333333334 0.0046875 
4 0.9776041666666667 0.5846354166666666 0.004166666666666667 0.0046875 
4 0.9721354166666667 0.5796875 0.0046875 0.005208333333333333 
4 0.9692708333333333 0.590625 0.004166666666666667 0.004166666666666667 
4 0.8953125 0.5494791666666666 0.003125 0.00625 
4 0.9455729166666667 0.60859375 0.005729166666666666 0.0036458333333333334 
4 0.93671875 0.5966145833333333 0.0046875 0.0036458333333333334 
4 0.9239583333333333 0.5888020833333333 0.00625 0.0036458333333333334 
4 0.9177083333333333 0.5877604166666667 0.005208333333333333 0.0036458333333333334 
4 0.9078125 0.584375 0.00625 0.005208333333333333 
4 0.90546875 0.5901041666666667 0.005729166666666666 0.005208333333333333 
4 0.9041666666666667 0.5747395833333333 0.0020833333333333333 0.0046875 
4 0.9013020833333333 0.5578125 0.0026041666666666665 0.004166666666666667 
4 0.89921875 0.5434895833333333 0.0026041666666666665 0.0046875 
4 0.89453125 0.5229166666666667 0.0036458333333333334 0.005208333333333333 
4 0.8861979166666667 0.5171875 0.0067708333333333336 0.004166666666666667 
4 0.88359375 0.525 0.0046875 0.005208333333333333 
4 0.96640625 0.8690104166666667 0.0036458333333333334 0.0026041666666666665 
4 0.9658854166666667 0.8666666666666667 0.0046875 0.0020833333333333333 
4 0.965625 0.8640625 0.003125 0.0020833333333333333 
4 0.96484375 0.86171875 0.0046875 0.0015625 
4 0.678125 0.7317708333333334 0.003125 0.005208333333333333 
4 0.9416666666666667 0.85546875 0.004166666666666667 0.0026041666666666665 
4 0.94140625 0.8578125 0.0046875 0.0020833333333333333 
4 0.9432291666666667 0.8651041666666667 0.004166666666666667 0.0020833333333333333 
4 0.9427083333333334 0.8622395833333333 0.004166666666666667 0.0015625 
4 0.9421875 0.86015625 0.004166666666666667 0.0015625 
4 0.9591145833333333 0.86015625 0.0046875 0.0015625 
4 0.959375 0.8630208333333333 0.004166666666666667 0.0020833333333333333 
4 0.96015625 0.8658854166666666 0.0036458333333333334 0.0026041666666666665 
4 0.9614583333333333 0.8697916666666666 0.004166666666666667 0.003125 
4 0.9072916666666667 0.84921875 0.0020833333333333333 0.0046875 
4 0.9114583333333334 0.8653645833333333 0.0020833333333333333 0.0036458333333333334 
4 0.9143229166666667 0.87265625 0.0026041666666666665 0.0046875 
4 0.9622395833333334 0.8752604166666667 0.0046875 0.0026041666666666665 
4 0.9401041666666666 0.8497395833333333 0.004166666666666667 0.0015625 
4 0.9635416666666666 0.8799479166666667 0.004166666666666667 0.0015625 
4 0.9536458333333333 0.8869791666666667 0.005208333333333333 0.0020833333333333333 
4 0.9533854166666667 0.8846354166666667 0.0046875 0.0015625 
4 0.9489583333333333 0.890625 0.004166666666666667 0.0020833333333333333 
4 0.95390625 0.8921875 0.0036458333333333334 0.0020833333333333333 
4 0.9481770833333333 0.8856770833333333 0.0036458333333333334 0.0026041666666666665 
4 0.9486979166666667 0.8880208333333334 0.0036458333333333334 0.0020833333333333333 
4 0.9450520833333333 0.8734375 0.0046875 0.0020833333333333333 
4 0.9255208333333333 0.8299479166666667 0.004166666666666667 0.0015625 
4 0.9255208333333333 0.83203125 0.005208333333333333 0.0015625 
4 0.9260416666666667 0.83515625 0.005208333333333333 0.0026041666666666665 
4 0.9270833333333334 0.8372395833333334 0.005208333333333333 0.0026041666666666665 
4 0.9408854166666667 0.8526041666666667 0.0046875 0.0020833333333333333 
4 0.9395833333333333 0.8471354166666667 0.004166666666666667 0.0026041666666666665 
4 0.9359375 0.8880208333333334 0.004166666666666667 0.0020833333333333333 
4 0.9497395833333333 0.8697916666666666 0.0046875 0.0020833333333333333 
4 0.9645833333333333 0.8591145833333333 0.004166666666666667 0.0015625 
4 0.9638020833333333 0.85703125 0.0046875 0.0015625 
4 0.96328125 0.8541666666666666 0.0036458333333333334 0.0020833333333333333 
4 0.9580729166666667 0.85234375 0.0046875 0.0026041666666666665 
4 0.9619791666666667 0.84921875 0.003125 0.0015625 
4 0.9557291666666666 0.8421875 0.004166666666666667 0.0020833333333333333 
4 0.9549479166666667 0.8372395833333334 0.0036458333333333334 0.0026041666666666665 
4 0.9546875 0.83515625 0.004166666666666667 0.0026041666666666665 
4 0.9604166666666667 0.8416666666666667 0.004166666666666667 0.003125 
4 0.9611979166666667 0.8447916666666667 0.0036458333333333334 0.0020833333333333333 
4 0.9622395833333334 0.846875 0.0036458333333333334 0.0020833333333333333 
4 0.9432291666666667 0.8361979166666667 0.003125 0.0015625 
4 0.9489583333333333 0.8674479166666667 0.005208333333333333 0.0015625 
4 0.9395833333333333 0.8447916666666667 0.004166666666666667 0.0020833333333333333 
4 0.9481770833333333 0.8645833333333334 0.0046875 0.0020833333333333333 
4 0.9479166666666666 0.8619791666666666 0.005208333333333333 0.0020833333333333333 
4 0.94765625 0.8596354166666667 0.0046875 0.0015625 
4 0.946875 0.8572916666666667 0.005208333333333333 0.0020833333333333333 
4 0.94609375 0.8518229166666667 0.0046875 0.0026041666666666665 
4 0.94609375 0.8494791666666667 0.0046875 0.0020833333333333333 
4 0.9453125 0.846875 0.005208333333333333 0.0020833333333333333 
4 0.9447916666666667 0.8442708333333333 0.004166666666666667 0.0020833333333333333 
4 0.9442708333333333 0.8411458333333334 0.004166666666666667 0.0020833333333333333 
4 0.9434895833333333 0.8388020833333333 0.0036458333333333334 0.0026041666666666665 
4 0.9390625 0.8395833333333333 0.004166666666666667 0.0020833333333333333 
4 0.9393229166666667 0.8421875 0.0046875 0.0020833333333333333 
4 0.93671875 0.890625 0.0046875 0.003125 
4 0.9354166666666667 0.88515625 0.004166666666666667 0.0026041666666666665 
4 0.9606770833333333 0.9856770833333334 0.0046875 0.0036458333333333334 
4 0.9580729166666667 0.9963541666666667 0.0046875 0.004166666666666667 
4 0.96015625 0.9950520833333333 0.0046875 0.0046875 
4 0.9578125 0.9895833333333334 0.005208333333333333 0.004166666666666667 
4 0.9627604166666667 0.9841145833333333 0.0046875 0.0036458333333333334 
4 0.9596354166666666 0.9872395833333333 0.0046875 0.0036458333333333334 
4 0.9481770833333333 0.984375 0.0046875 0.004166666666666667 
4 0.7575520833333333 0.98046875 0.005729166666666666 0.005729166666666666 
4 0.940625 0.99296875 0.003125 0.0036458333333333334 
5 0.7830729166666667 0.96953125 0.011979166666666667 0.008854166666666666 
4 0.7596354166666667 0.9651041666666667 0.0036458333333333334 0.00625 
4 0.9348958333333334 0.8830729166666667 0.005208333333333333 0.0026041666666666665 
4 0.9283854166666666 0.846875 0.0046875 0.0020833333333333333 
4 0.9341145833333333 0.8807291666666667 0.0036458333333333334 0.003125 
4 0.93359375 0.8776041666666666 0.0046875 0.0020833333333333333 
4 0.9330729166666667 0.875 0.005729166666666666 0.0020833333333333333 
4 0.9325520833333333 0.8729166666666667 0.0046875 0.0010416666666666667 
4 0.9322916666666666 0.8700520833333333 0.005208333333333333 0.0026041666666666665 
4 0.9315104166666667 0.8677083333333333 0.0046875 0.0020833333333333333 
4 0.93125 0.865625 0.004166666666666667 0.0020833333333333333 
4 0.93046875 0.8627604166666667 0.0046875 0.0026041666666666665 
4 0.93046875 0.8598958333333333 0.0046875 0.0020833333333333333 
4 0.9299479166666667 0.85703125 0.0046875 0.0026041666666666665 
4 0.9291666666666667 0.8520833333333333 0.005208333333333333 0.0020833333333333333 
4 0.928125 0.84921875 0.004166666666666667 0.0015625 
4 0.9278645833333333 0.8442708333333333 0.0046875 0.0020833333333333333 
4 0.76953125 0.9723958333333333 0.005729166666666666 0.004166666666666667 
4 0.9276041666666667 0.8416666666666667 0.004166666666666667 0.0020833333333333333 
4 0.9276041666666667 0.83984375 0.004166666666666667 0.0015625 
4 0.9565104166666667 0.9455729166666667 0.0036458333333333334 0.0046875 
4 0.95859375 0.9440104166666666 0.0036458333333333334 0.0046875 
4 0.96171875 0.9104166666666667 0.0036458333333333334 0.005208333333333333 
4 0.9596354166666666 0.91171875 0.0036458333333333334 0.0036458333333333334 
4 0.9520833333333333 0.9151041666666667 0.003125 0.004166666666666667 
4 0.9286458333333333 0.9216145833333333 0.003125 0.0046875 
4 0.9317708333333333 0.92109375 0.003125 0.0046875 
4 0.9544270833333334 0.9138020833333333 0.0036458333333333334 0.0046875 
4 0.6619791666666667 0.9760416666666667 0.0020833333333333333 0.004166666666666667 
4 0.7924479166666667 0.9388020833333334 0.0036458333333333334 0.0046875 
