0 0.8088541666666667 0.74296875 0.07395833333333333 0.0765625 
0 0.8497395833333333 0.4375 0.09635416666666667 0.09791666666666667 
0 0.6640625 0.86796875 0.059375 0.05677083333333333 
0 0.65078125 0.8153645833333333 0.05677083333333333 0.05677083333333333 
0 0.6223958333333334 0.7544270833333333 0.059375 0.0609375 
0 0.7625 0.453125 0.07916666666666666 0.084375 
0 0.8229166666666666 0.8325520833333333 0.075 0.07760416666666667 
0 0.90390625 0.5067708333333333 0.04635416666666667 0.04375 
0 0.9401041666666666 0.41901041666666666 0.06770833333333333 0.07864583333333333 
0 0.9408854166666667 0.71640625 0.0703125 0.07552083333333333 
0 0.91640625 0.5700520833333333 0.07760416666666667 0.06927083333333334 
0 0.953125 0.7791666666666667 0.06875 0.0625 
5 0.12239583333333333 0.3111979166666667 0.011458333333333333 0.009895833333333333 
4 0.058333333333333334 0.51953125 0.004166666666666667 0.0036458333333333334 
4 0.07369791666666667 0.5028645833333333 0.0046875 0.0036458333333333334 
4 0.07317708333333334 0.50546875 0.0036458333333333334 0.0026041666666666665 
4 0.06822916666666666 0.5229166666666667 0.005208333333333333 0.004166666666666667 
4 0.07942708333333333 0.5111979166666667 0.0026041666666666665 0.0046875 
4 0.07786458333333333 0.53046875 0.0046875 0.0036458333333333334 
4 0.06744791666666666 0.5424479166666667 0.0046875 0.0026041666666666665 
5 0.061197916666666664 0.5549479166666667 0.0109375 0.0046875 
5 0.04244791666666667 0.5708333333333333 0.0078125 0.009375 
5 0.03697916666666667 0.590625 0.007291666666666667 0.008333333333333333 
5 0.0390625 0.5942708333333333 0.007291666666666667 0.008333333333333333 
4 0.024739583333333332 0.7205729166666667 0.0026041666666666665 0.0046875 
4 0.027083333333333334 0.7216145833333333 0.003125 0.0046875 
4 0.0296875 0.7223958333333333 0.0020833333333333333 0.004166666666666667 
4 0.03203125 0.72265625 0.0026041666666666665 0.0046875 
4 0.03463541666666667 0.7236979166666667 0.0026041666666666665 0.0046875 
4 0.03671875 0.72421875 0.0026041666666666665 0.0046875 
4 0.039322916666666666 0.725 0.0026041666666666665 0.004166666666666667 
4 0.041666666666666664 0.7260416666666667 0.003125 0.005208333333333333 
4 0.04401041666666667 0.7265625 0.0026041666666666665 0.004166666666666667 
4 0.04609375 0.7278645833333334 0.0036458333333333334 0.005729166666666666 
4 0.04869791666666667 0.7278645833333334 0.0026041666666666665 0.0036458333333333334 
4 0.05078125 0.7283854166666667 0.0026041666666666665 0.0046875 
4 0.053385416666666664 0.72890625 0.0026041666666666665 0.0046875 
4 0.055989583333333336 0.7294270833333333 0.0026041666666666665 0.0026041666666666665 
4 0.05807291666666667 0.7307291666666667 0.0026041666666666665 0.004166666666666667 
4 0.0609375 0.73125 0.003125 0.004166666666666667 
4 0.06015625 0.51484375 0.0046875 0.0036458333333333334 
4 0.061197916666666664 0.51015625 0.005729166666666666 0.0036458333333333334 
4 0.06197916666666667 0.5072916666666667 0.005208333333333333 0.003125 
4 0.03723958333333333 0.4395833333333333 0.0026041666666666665 0.004166666666666667 
5 0.11927083333333334 0.31744791666666666 0.011458333333333333 0.009895833333333333 
5 0.11458333333333333 0.32265625 0.0125 0.009895833333333333 
5 0.08385416666666666 0.38645833333333335 0.009375 0.011458333333333333 
5 0.15208333333333332 0.3619791666666667 0.014583333333333334 0.00625 
5 0.14791666666666667 0.3875 0.009375 0.005208333333333333 
5 0.07395833333333333 0.4002604166666667 0.009375 0.011979166666666667 
5 0.0875 0.44036458333333334 0.015625 0.011979166666666667 
5 0.08463541666666667 0.4518229166666667 0.0109375 0.0078125 
5 0.07265625 0.4591145833333333 0.005729166666666666 0.0046875 
4 0.045572916666666664 0.44375 0.0036458333333333334 0.005208333333333333 
5 0.04296875 0.44166666666666665 0.0026041666666666665 0.004166666666666667 
4 0.03984375 0.4401041666666667 0.0026041666666666665 0.005208333333333333 
4 0.034375 0.43828125 0.0020833333333333333 0.0036458333333333334 
4 0.06380208333333333 0.49921875 0.005729166666666666 0.0036458333333333334 
5 0.036458333333333336 0.46979166666666666 0.005208333333333333 0.007291666666666667 
4 0.040364583333333336 0.453125 0.0036458333333333334 0.004166666666666667 
4 0.037760416666666664 0.45234375 0.0036458333333333334 0.0046875 
4 0.035416666666666666 0.45078125 0.004166666666666667 0.0046875 
5 0.03619791666666667 0.4890625 0.0067708333333333336 0.014583333333333334 
5 0.07942708333333333 0.4859375 0.0078125 0.003125 
5 0.09036458333333333 0.48854166666666665 0.0067708333333333336 0.004166666666666667 
4 0.07395833333333333 0.4908854166666667 0.003125 0.005729166666666666 
4 0.0765625 0.49114583333333334 0.003125 0.005208333333333333 
4 0.07916666666666666 0.49244791666666665 0.003125 0.0046875 
4 0.08385416666666666 0.4934895833333333 0.003125 0.0046875 
5 0.05807291666666667 0.49921875 0.0046875 0.0067708333333333336 
4 0.06328125 0.7322916666666667 0.0036458333333333334 0.005208333333333333 
4 0.06770833333333333 0.734375 0.003125 0.005208333333333333 
4 0.0703125 0.7346354166666667 0.003125 0.0046875 
4 0.046875 0.7645833333333333 0.003125 0.005208333333333333 
4 0.0359375 0.75546875 0.003125 0.0046875 
4 0.0390625 0.75546875 0.003125 0.0046875 
4 0.04583333333333333 0.7580729166666667 0.003125 0.0046875 
4 0.048177083333333336 0.7583333333333333 0.0026041666666666665 0.004166666666666667 
4 0.05130208333333333 0.7596354166666667 0.0026041666666666665 0.0046875 
4 0.024739583333333332 0.7580729166666667 0.0026041666666666665 0.0046875 
4 0.027083333333333334 0.7596354166666667 0.003125 0.0046875 
4 0.029427083333333333 0.76015625 0.0026041666666666665 0.0046875 
4 0.03203125 0.7606770833333333 0.0036458333333333334 0.005729166666666666 
4 0.03671875 0.7619791666666667 0.0026041666666666665 0.005208333333333333 
4 0.039322916666666666 0.7627604166666667 0.0026041666666666665 0.0046875 
4 0.041666666666666664 0.7640625 0.003125 0.005208333333333333 
4 0.023958333333333335 0.77109375 0.003125 0.0046875 
4 0.030989583333333334 0.7536458333333333 0.0026041666666666665 0.004166666666666667 
4 0.03125 0.7723958333333333 0.003125 0.005208333333333333 
4 0.03463541666666667 0.7799479166666666 0.0026041666666666665 0.0046875 
4 0.0703125 0.7442708333333333 0.004166666666666667 0.003125 
4 0.06901041666666667 0.74765625 0.0046875 0.0026041666666666665 
4 0.06744791666666666 0.7505208333333333 0.0046875 0.0020833333333333333 
4 0.06666666666666667 0.75390625 0.004166666666666667 0.0026041666666666665 
4 0.06484375 0.75703125 0.0046875 0.0026041666666666665 
4 0.06354166666666666 0.76015625 0.004166666666666667 0.0026041666666666665 
4 0.062239583333333334 0.7625 0.0046875 0.003125 
4 0.05859375 0.7674479166666667 0.0046875 0.0026041666666666665 
4 0.0546875 0.77265625 0.005208333333333333 0.0026041666666666665 
4 0.044270833333333336 0.7856770833333333 0.004166666666666667 0.0026041666666666665 
4 0.033854166666666664 0.7546875 0.003125 0.005208333333333333 
4 0.02890625 0.753125 0.0026041666666666665 0.004166666666666667 
4 0.05807291666666667 0.7427083333333333 0.0026041666666666665 0.005208333333333333 
4 0.0484375 0.73984375 0.003125 0.0046875 
4 0.05546875 0.7416666666666667 0.0026041666666666665 0.005208333333333333 
4 0.05286458333333333 0.7416666666666667 0.0026041666666666665 0.005208333333333333 
4 0.024479166666666666 0.7330729166666666 0.0020833333333333333 0.0036458333333333334 
4 0.026041666666666668 0.73359375 0.003125 0.0036458333333333334 
4 0.02890625 0.734375 0.0026041666666666665 0.004166666666666667 
4 0.03125 0.7348958333333333 0.003125 0.005208333333333333 
4 0.03359375 0.7354166666666667 0.0026041666666666665 0.004166666666666667 
4 0.0359375 0.7369791666666666 0.003125 0.004166666666666667 
4 0.0390625 0.7375 0.003125 0.005208333333333333 
4 0.04114583333333333 0.7377604166666667 0.0020833333333333333 0.0046875 
4 0.043229166666666666 0.73828125 0.003125 0.0046875 
4 0.04583333333333333 0.7390625 0.003125 0.004166666666666667 
4 0.05026041666666667 0.74140625 0.0026041666666666665 0.0046875 
4 0.026302083333333334 0.75234375 0.0026041666666666665 0.0046875 
4 0.02734375 0.7403645833333333 0.0036458333333333334 0.0046875 
4 0.029947916666666668 0.7416666666666667 0.0026041666666666665 0.004166666666666667 
4 0.032552083333333336 0.7416666666666667 0.0026041666666666665 0.004166666666666667 
4 0.034895833333333334 0.7427083333333333 0.003125 0.005208333333333333 
4 0.03697916666666667 0.74375 0.003125 0.005208333333333333 
4 0.039322916666666666 0.7442708333333333 0.0026041666666666665 0.004166666666666667 
4 0.0421875 0.74453125 0.0020833333333333333 0.0046875 
4 0.04453125 0.7447916666666666 0.0026041666666666665 0.005208333333333333 
4 0.04635416666666667 0.74609375 0.003125 0.0046875 
4 0.051041666666666666 0.7471354166666667 0.004166666666666667 0.005729166666666666 
4 0.055989583333333336 0.7486979166666666 0.0036458333333333334 0.0046875 
4 0.023958333333333335 0.7518229166666667 0.0020833333333333333 0.0046875 
5 0.11979166666666667 0.31354166666666666 0.0125 0.010416666666666666 
5 0.12526041666666668 0.30885416666666665 0.009895833333333333 0.008333333333333333 
5 0.09895833333333333 0.30885416666666665 0.008333333333333333 0.0125 
4 0.1203125 0.20078125 0.003125 0.0046875 
4 0.12239583333333333 0.20208333333333334 0.003125 0.004166666666666667 
4 0.11067708333333333 0.20338541666666668 0.0036458333333333334 0.0026041666666666665 
4 0.10911458333333333 0.20651041666666667 0.0046875 0.0026041666666666665 
4 0.10885416666666667 0.209375 0.004166666666666667 0.0020833333333333333 
4 0.10885416666666667 0.215625 0.005208333333333333 0.005208333333333333 
4 0.11171875 0.21796875 0.0046875 0.0046875 
4 0.11432291666666666 0.21953125 0.0046875 0.0046875 
4 0.1171875 0.22135416666666666 0.005208333333333333 0.005208333333333333 
4 0.12005208333333334 0.22291666666666668 0.0046875 0.005208333333333333 
4 0.12265625 0.22473958333333333 0.0046875 0.0046875 
4 0.12109375 0.21302083333333333 0.0026041666666666665 0.004166666666666667 
4 0.12369791666666667 0.21328125 0.0026041666666666665 0.0046875 
4 0.12630208333333334 0.2140625 0.0026041666666666665 0.005208333333333333 
4 0.12890625 0.21484375 0.0015625 0.0046875 
4 0.13098958333333333 0.215625 0.0026041666666666665 0.005208333333333333 
4 0.13385416666666666 0.21614583333333334 0.003125 0.005208333333333333 
4 0.15260416666666668 0.21848958333333332 0.004166666666666667 0.0046875 
4 0.1546875 0.21979166666666666 0.003125 0.005208333333333333 
4 0.15651041666666668 0.22083333333333333 0.0036458333333333334 0.004166666666666667 
4 0.14947916666666666 0.22239583333333332 0.003125 0.004166666666666667 
4 0.1515625 0.22317708333333333 0.003125 0.0036458333333333334 
4 0.15338541666666666 0.22421875 0.0036458333333333334 0.0036458333333333334 
5 0.07109375 0.28958333333333336 0.0078125 0.00625 
5 0.07109375 0.28541666666666665 0.0078125 0.00625 
5 0.07421875 0.2799479166666667 0.005729166666666666 0.0046875 
5 0.07734375 0.2838541666666667 0.0046875 0.005208333333333333 
4 0.11744791666666667 0.19921875 0.0036458333333333334 0.005729166666666666 
4 0.14244791666666667 0.21015625 0.0036458333333333334 0.0046875 
4 0.140625 0.20833333333333334 0.004166666666666667 0.005208333333333333 
4 0.14713541666666666 0.19921875 0.0046875 0.005729166666666666 
9 0.25286458333333334 0.0609375 0.0234375 0.025 
9 0.27239583333333334 0.03411458333333333 0.023958333333333335 0.024479166666666666 
11 0.27578125 0.2125 0.030729166666666665 0.029166666666666667 
4 0.128125 0.17890625 0.003125 0.0046875 
4 0.13098958333333333 0.17786458333333333 0.0026041666666666665 0.0046875 
4 0.12447916666666667 0.1828125 0.004166666666666667 0.004166666666666667 
4 0.12265625 0.18515625 0.0046875 0.0046875 
4 0.121875 0.18828125 0.004166666666666667 0.0036458333333333334 
4 0.14036458333333332 0.19140625 0.0046875 0.0046875 
4 0.14192708333333334 0.19348958333333333 0.0046875 0.0046875 
4 0.14348958333333334 0.19609375 0.0036458333333333334 0.0036458333333333334 
4 0.1453125 0.19739583333333333 0.004166666666666667 0.004166666666666667 
4 0.15390625 0.20442708333333334 0.0036458333333333334 0.0046875 
4 0.15052083333333333 0.21223958333333334 0.005208333333333333 0.0046875 
4 0.15572916666666667 0.20625 0.004166666666666667 0.005208333333333333 
4 0.15807291666666667 0.20755208333333333 0.0036458333333333334 0.0046875 
4 0.16041666666666668 0.20911458333333333 0.003125 0.0046875 
4 0.16328125 0.21223958333333334 0.0036458333333333334 0.0046875 
4 0.165625 0.2140625 0.003125 0.004166666666666667 
4 0.12057291666666667 0.19140625 0.0046875 0.0026041666666666665 
4 0.121875 0.19583333333333333 0.004166666666666667 0.005208333333333333 
4 0.12447916666666667 0.196875 0.004166666666666667 0.005208333333333333 
4 0.12682291666666667 0.1984375 0.0036458333333333334 0.004166666666666667 
4 0.13098958333333333 0.20208333333333334 0.0036458333333333334 0.005208333333333333 
4 0.13333333333333333 0.20364583333333333 0.004166666666666667 0.005208333333333333 
4 0.13541666666666666 0.20572916666666666 0.004166666666666667 0.004166666666666667 
4 0.07838541666666667 0.2786458333333333 0.0046875 0.004166666666666667 
4 0.07942708333333333 0.2760416666666667 0.0046875 0.004166666666666667 
4 0.078125 0.2716145833333333 0.004166666666666667 0.0026041666666666665 
5 0.14921875 0.2760416666666667 0.009895833333333333 0.008333333333333333 
5 0.17291666666666666 0.2453125 0.011458333333333333 0.009375 
5 0.17057291666666666 0.24765625 0.009895833333333333 0.009895833333333333 
5 0.16927083333333334 0.25078125 0.011458333333333333 0.009895833333333333 
5 0.16692708333333334 0.25338541666666664 0.011979166666666667 0.009895833333333333 
5 0.16640625 0.25729166666666664 0.0067708333333333336 0.00625 
5 0.1640625 0.26015625 0.007291666666666667 0.0067708333333333336 
5 0.15286458333333333 0.25885416666666666 0.008854166666666666 0.011458333333333333 
5 0.16119791666666666 0.26223958333333336 0.008854166666666666 0.0078125 
5 0.15911458333333334 0.26536458333333335 0.008854166666666666 0.0078125 
5 0.15677083333333333 0.26848958333333334 0.008333333333333333 0.0078125 
5 0.15364583333333334 0.27005208333333336 0.011458333333333333 0.009895833333333333 
5 0.15130208333333334 0.27291666666666664 0.011979166666666667 0.010416666666666666 
5 0.14765625 0.2794270833333333 0.011979166666666667 0.009895833333333333 
5 0.1765625 0.23958333333333334 0.011458333333333333 0.010416666666666666 
5 0.13776041666666666 0.2752604166666667 0.008854166666666666 0.0109375 
5 0.14557291666666666 0.28203125 0.011979166666666667 0.009895833333333333 
5 0.14322916666666666 0.28489583333333335 0.010416666666666666 0.009375 
5 0.14140625 0.2869791666666667 0.011979166666666667 0.010416666666666666 
5 0.1390625 0.28984375 0.011458333333333333 0.009895833333333333 
5 0.13541666666666666 0.2911458333333333 0.008333333333333333 0.007291666666666667 
5 0.13541666666666666 0.2955729166666667 0.011458333333333333 0.009895833333333333 
5 0.12578125 0.2921875 0.008854166666666666 0.011458333333333333 
5 0.13307291666666668 0.29791666666666666 0.0109375 0.009375 
5 0.13098958333333333 0.30078125 0.008854166666666666 0.0078125 
5 0.10677083333333333 0.29375 0.010416666666666666 0.0125 
5 0.12890625 0.303125 0.0109375 0.009375 
5 0.17473958333333334 0.24270833333333333 0.011979166666666667 0.009375 
5 0.18203125 0.23046875 0.008854166666666666 0.0078125 
5 0.13671875 0.23229166666666667 0.0078125 0.005208333333333333 
5 0.08776041666666666 0.26875 0.008854166666666666 0.013541666666666667 
5 0.13333333333333333 0.23541666666666666 0.009375 0.005208333333333333 
5 0.13333333333333333 0.23880208333333333 0.008333333333333333 0.0046875 
5 0.13151041666666666 0.24140625 0.008854166666666666 0.005729166666666666 
5 0.12838541666666667 0.24427083333333333 0.008854166666666666 0.005208333333333333 
5 0.12760416666666666 0.24765625 0.008333333333333333 0.0046875 
5 0.12291666666666666 0.2526041666666667 0.009375 0.005208333333333333 
5 0.12109375 0.2557291666666667 0.008854166666666666 0.005208333333333333 
5 0.11901041666666666 0.25859375 0.013020833333333334 0.0067708333333333336 
5 0.11536458333333334 0.2609375 0.013020833333333334 0.00625 
5 0.11276041666666667 0.2638020833333333 0.013020833333333334 0.0067708333333333336 
5 0.11015625 0.26640625 0.013020833333333334 0.0067708333333333336 
5 0.10807291666666667 0.27005208333333336 0.013020833333333334 0.0067708333333333336 
5 0.10703125 0.27317708333333335 0.0078125 0.0046875 
5 0.18541666666666667 0.22864583333333333 0.011458333333333333 0.010416666666666666 
5 0.10546875 0.27578125 0.008854166666666666 0.005729166666666666 
5 0.103125 0.278125 0.009375 0.00625 
5 0.10052083333333334 0.28098958333333335 0.009375 0.0046875 
5 0.09869791666666666 0.28411458333333334 0.0078125 0.005729166666666666 
5 0.09635416666666667 0.28671875 0.009375 0.005729166666666666 
5 0.09401041666666667 0.28984375 0.008854166666666666 0.005729166666666666 
5 0.09270833333333334 0.29322916666666665 0.010416666666666666 0.00625 
5 0.16666666666666666 0.22005208333333334 0.010416666666666666 0.0109375 
5 0.17239583333333333 0.22447916666666667 0.010416666666666666 0.011458333333333333 
5 0.17526041666666667 0.2265625 0.0109375 0.0125 
5 0.16328125 0.2359375 0.009895833333333333 0.011458333333333333 
5 0.16640625 0.2375 0.009895833333333333 0.011458333333333333 
4 0.02265625 0.79609375 0.0026041666666666665 0.0046875 
4 0.026822916666666665 0.7901041666666667 0.0036458333333333334 0.004166666666666667 
4 0.23072916666666668 0.14609375 0.004166666666666667 0.005729166666666666 
4 0.26848958333333334 0.13984375 0.0046875 0.005729166666666666 
5 0.31223958333333335 0.37395833333333334 0.005729166666666666 0.00625 
4 0.22760416666666666 0.14479166666666668 0.004166666666666667 0.005208333333333333 
4 0.22526041666666666 0.14088541666666668 0.0046875 0.0046875 
4 0.1984375 0.16197916666666667 0.004166666666666667 0.004166666666666667 
4 0.2078125 0.18385416666666668 0.003125 0.004166666666666667 
4 0.1984375 0.18385416666666668 0.004166666666666667 0.005208333333333333 
4 0.19661458333333334 0.18177083333333333 0.0046875 0.005208333333333333 
4 0.1921875 0.17890625 0.004166666666666667 0.005729166666666666 
4 0.22916666666666666 0.19947916666666668 0.004166666666666667 0.005208333333333333 
4 0.22682291666666668 0.19791666666666666 0.0036458333333333334 0.005208333333333333 
4 0.22421875 0.19661458333333334 0.0036458333333333334 0.0046875 
4 0.22239583333333332 0.19453125 0.004166666666666667 0.0046875 
4 0.22005208333333334 0.19296875 0.0036458333333333334 0.0046875 
4 0.21822916666666667 0.19088541666666667 0.003125 0.0036458333333333334 
4 0.215625 0.19036458333333334 0.003125 0.0046875 
4 0.21354166666666666 0.18854166666666666 0.003125 0.004166666666666667 
4 0.21015625 0.18515625 0.0036458333333333334 0.0046875 
4 0.20598958333333334 0.18229166666666666 0.0036458333333333334 0.005208333333333333 
4 0.20052083333333334 0.16380208333333332 0.004166666666666667 0.0046875 
4 0.20364583333333333 0.18072916666666666 0.004166666666666667 0.004166666666666667 
4 0.23229166666666667 0.1875 0.004166666666666667 0.005208333333333333 
4 0.2296875 0.18541666666666667 0.004166666666666667 0.005208333333333333 
4 0.22161458333333334 0.1796875 0.0046875 0.005208333333333333 
4 0.21770833333333334 0.17604166666666668 0.004166666666666667 0.004166666666666667 
4 0.21536458333333333 0.17447916666666666 0.0046875 0.005208333333333333 
4 0.21276041666666667 0.17291666666666666 0.0036458333333333334 0.004166666666666667 
4 0.21067708333333332 0.17083333333333334 0.0036458333333333334 0.004166666666666667 
4 0.20885416666666667 0.16953125 0.003125 0.0036458333333333334 
4 0.20703125 0.16848958333333333 0.0036458333333333334 0.0046875 
4 0.20494791666666667 0.16692708333333334 0.0036458333333333334 0.0036458333333333334 
4 0.203125 0.16510416666666666 0.004166666666666667 0.005208333333333333 
0 0.490625 0.36484375 0.03125 0.03802083333333333 
4 0.20078125 0.18515625 0.0046875 0.0046875 
4 0.20286458333333332 0.18671875 0.0046875 0.0046875 
4 0.20677083333333332 0.18984375 0.005208333333333333 0.005729166666666666 
4 0.19583333333333333 0.28229166666666666 0.005208333333333333 0.004166666666666667 
4 0.21953125 0.29739583333333336 0.0026041666666666665 0.005208333333333333 
4 0.2171875 0.29635416666666664 0.003125 0.005208333333333333 
4 0.21484375 0.2953125 0.0036458333333333334 0.00625 
4 0.21223958333333334 0.2947916666666667 0.0036458333333333334 0.005208333333333333 
4 0.209375 0.29401041666666666 0.003125 0.0046875 
4 0.20677083333333332 0.29322916666666665 0.003125 0.00625 
4 0.20494791666666667 0.29322916666666665 0.0026041666666666665 0.005208333333333333 
4 0.20260416666666667 0.29192708333333334 0.003125 0.005729166666666666 
4 0.2 0.2911458333333333 0.003125 0.005208333333333333 
4 0.19713541666666667 0.2911458333333333 0.0036458333333333334 0.005208333333333333 
4 0.19375 0.28984375 0.004166666666666667 0.0046875 
4 0.19401041666666666 0.28515625 0.0046875 0.0036458333333333334 
4 0.23854166666666668 0.29010416666666666 0.004166666666666667 0.005208333333333333 
4 0.22447916666666667 0.2984375 0.003125 0.005208333333333333 
4 0.265625 0.296875 0.003125 0.005208333333333333 
4 0.2674479166666667 0.2908854166666667 0.0036458333333333334 0.0046875 
4 0.278125 0.3106770833333333 0.003125 0.0046875 
4 0.22890625 0.28671875 0.0036458333333333334 0.0046875 
4 0.22630208333333332 0.2864583333333333 0.0026041666666666665 0.005208333333333333 
4 0.22421875 0.28515625 0.0026041666666666665 0.0046875 
4 0.221875 0.28515625 0.003125 0.005729166666666666 
4 0.21953125 0.28411458333333334 0.0036458333333333334 0.0046875 
4 0.21666666666666667 0.2838541666666667 0.003125 0.004166666666666667 
4 0.2140625 0.2833333333333333 0.003125 0.005208333333333333 
4 0.21145833333333333 0.2825520833333333 0.003125 0.0046875 
4 0.20911458333333333 0.28203125 0.0026041666666666665 0.0046875 
4 0.221875 0.29765625 0.003125 0.0046875 
4 0.22708333333333333 0.2984375 0.003125 0.005208333333333333 
4 0.21328125 0.27682291666666664 0.0026041666666666665 0.0046875 
4 0.24140625 0.30234375 0.0026041666666666665 0.005729166666666666 
5 0.1859375 0.3424479166666667 0.008333333333333333 0.0046875 
5 0.18776041666666668 0.33307291666666666 0.0067708333333333336 0.0046875 
4 0.26901041666666664 0.3098958333333333 0.0026041666666666665 0.005208333333333333 
4 0.2716145833333333 0.3106770833333333 0.0026041666666666665 0.0046875 
4 0.27421875 0.31145833333333334 0.0026041666666666665 0.004166666666666667 
4 0.24375 0.303125 0.003125 0.004166666666666667 
4 0.21067708333333332 0.27708333333333335 0.0026041666666666665 0.005208333333333333 
4 0.215625 0.27734375 0.003125 0.0046875 
4 0.21067708333333332 0.19270833333333334 0.0036458333333333334 0.005208333333333333 
4 0.21276041666666667 0.20729166666666668 0.0046875 0.004166666666666667 
4 0.24739583333333334 0.27630208333333334 0.004166666666666667 0.0026041666666666665 
4 0.2630208333333333 0.2721354166666667 0.0020833333333333333 0.0046875 
4 0.22942708333333334 0.26276041666666666 0.0036458333333333334 0.005729166666666666 
4 0.22630208333333332 0.2609375 0.0036458333333333334 0.005208333333333333 
4 0.23385416666666667 0.2638020833333333 0.003125 0.0046875 
4 0.24348958333333334 0.26614583333333336 0.0036458333333333334 0.005208333333333333 
4 0.23046875 0.25625 0.0036458333333333334 0.00625 
4 0.23046875 0.24401041666666667 0.0036458333333333334 0.0046875 
4 0.24296875 0.24765625 0.0036458333333333334 0.005729166666666666 
4 0.29739583333333336 0.26875 0.005208333333333333 0.003125 
4 0.21197916666666666 0.21354166666666666 0.004166666666666667 0.004166666666666667 
4 0.209375 0.21171875 0.004166666666666667 0.0046875 
4 0.21510416666666668 0.209375 0.004166666666666667 0.004166666666666667 
4 0.2375 0.27395833333333336 0.004166666666666667 0.003125 
4 0.20651041666666667 0.20286458333333332 0.0046875 0.0046875 
4 0.20364583333333333 0.20104166666666667 0.004166666666666667 0.005208333333333333 
4 0.20078125 0.19869791666666667 0.0046875 0.0046875 
4 0.19791666666666666 0.19713541666666667 0.004166666666666667 0.0046875 
4 0.19322916666666667 0.19921875 0.004166666666666667 0.0046875 
4 0.19427083333333334 0.19375 0.004166666666666667 0.004166666666666667 
4 0.19192708333333333 0.19192708333333333 0.0046875 0.0046875 
4 0.18932291666666667 0.19036458333333334 0.0046875 0.0046875 
4 0.22552083333333334 0.20390625 0.004166666666666667 0.0036458333333333334 
4 0.2234375 0.20208333333333334 0.005208333333333333 0.005208333333333333 
4 0.21927083333333333 0.19869791666666667 0.004166666666666667 0.0046875 
4 0.21302083333333333 0.19427083333333334 0.004166666666666667 0.005208333333333333 
4 0.24244791666666668 0.275 0.0046875 0.003125 
4 0.23255208333333333 0.27239583333333334 0.0046875 0.003125 
4 0.21848958333333332 0.27760416666666665 0.0026041666666666665 0.004166666666666667 
4 0.2 0.2752604166666667 0.005208333333333333 0.0046875 
4 0.22109375 0.2786458333333333 0.0026041666666666665 0.004166666666666667 
4 0.22317708333333333 0.27890625 0.0026041666666666665 0.0036458333333333334 
4 0.22552083333333334 0.2796875 0.003125 0.004166666666666667 
4 0.228125 0.28020833333333334 0.003125 0.004166666666666667 
4 0.23020833333333332 0.28125 0.003125 0.004166666666666667 
4 0.2328125 0.28229166666666666 0.003125 0.004166666666666667 
4 0.23515625 0.2825520833333333 0.0026041666666666665 0.0046875 
4 0.23802083333333332 0.2830729166666667 0.003125 0.0046875 
4 0.24010416666666667 0.28359375 0.003125 0.0046875 
4 0.2453125 0.28489583333333335 0.003125 0.005208333333333333 
4 0.24739583333333334 0.2859375 0.003125 0.005208333333333333 
4 0.1984375 0.27708333333333335 0.005208333333333333 0.004166666666666667 
4 0.2015625 0.27265625 0.004166666666666667 0.0036458333333333334 
4 0.22734375 0.2708333333333333 0.0046875 0.003125 
4 0.203125 0.27057291666666666 0.004166666666666667 0.0046875 
4 0.20416666666666666 0.2682291666666667 0.004166666666666667 0.004166666666666667 
4 0.20598958333333334 0.26640625 0.0046875 0.0046875 
4 0.20755208333333333 0.26484375 0.0046875 0.0036458333333333334 
4 0.20859375 0.26197916666666665 0.0036458333333333334 0.003125 
4 0.21119791666666668 0.2604166666666667 0.0046875 0.004166666666666667 
4 0.2125 0.25833333333333336 0.004166666666666667 0.004166666666666667 
4 0.2140625 0.25625 0.004166666666666667 0.004166666666666667 
4 0.215625 0.25416666666666665 0.004166666666666667 0.004166666666666667 
4 0.21692708333333333 0.2518229166666667 0.0036458333333333334 0.0036458333333333334 
4 0.21875 0.26875 0.004166666666666667 0.003125 
4 0.22265625 0.26979166666666665 0.0036458333333333334 0.0020833333333333333 
4 0.6348958333333333 0.88203125 0.005208333333333333 0.0026041666666666665 
4 0.6375 0.8778645833333333 0.004166666666666667 0.0026041666666666665 
4 0.6002604166666666 0.7682291666666666 0.0036458333333333334 0.0020833333333333333 
4 0.6015625 0.7651041666666667 0.004166666666666667 0.0020833333333333333 
4 0.83515625 0.5981770833333333 0.0026041666666666665 0.0046875 
5 0.043229166666666666 0.5763020833333333 0.008333333333333333 0.009895833333333333 
9 0.23229166666666667 0.08697916666666666 0.023958333333333335 0.025 
