0 0.4734375 0.12682291666666667 0.04375 0.0390625 
0 0.24661458333333333 0.8653645833333333 0.0234375 0.0171875 
0 0.2591145833333333 0.8778645833333333 0.03177083333333333 0.0171875 
0 0.24973958333333332 0.9020833333333333 0.03697916666666667 0.034375 
14 0.23619791666666667 0.921875 0.013020833333333334 0.011458333333333333 
14 0.23333333333333334 0.9299479166666667 0.0125 0.011979166666666667 
14 0.22838541666666667 0.9533854166666667 0.018229166666666668 0.016145833333333335 
14 0.2296875 0.9682291666666667 0.017708333333333333 0.013541666666666667 
14 0.22604166666666667 0.9786458333333333 0.014583333333333334 0.009375 
14 0.22109375 0.9932291666666667 0.016145833333333335 0.010416666666666666 
14 0.22447916666666667 0.98671875 0.015625 0.0109375 
0 0.15989583333333332 0.99140625 0.022916666666666665 0.016145833333333335 
0 0.16171875 0.9692708333333333 0.043229166666666666 0.035416666666666666 
0 0.171875 0.9510416666666667 0.03125 0.026041666666666668 
14 0.17708333333333334 0.9408854166666667 0.019791666666666666 0.0171875 
14 0.1828125 0.9315104166666667 0.015625 0.015104166666666667 
0 0.178125 0.9174479166666667 0.0375 0.028645833333333332 
0 0.1828125 0.8997395833333334 0.023958333333333335 0.0234375 
0 0.18359375 0.8671875 0.022395833333333334 0.019791666666666666 
0 0.19192708333333333 0.85078125 0.024479166666666666 0.022395833333333334 
0 0.25234375 0.85234375 0.044270833333333336 0.03802083333333333 
0 0.24244791666666668 0.8390625 0.0203125 0.020833333333333332 
0 0.2559895833333333 0.83203125 0.0296875 0.03177083333333333 
0 0.27239583333333334 0.84765625 0.03333333333333333 0.03177083333333333 
0 0.37578125 -0.009114583333333334 0.05364583333333333 0.04635416666666667 
0 0.30755208333333334 0.13359375 0.022395833333333334 0.0203125 
0 -0.0020833333333333333 0.82734375 0.036458333333333336 0.028645833333333332 
0 0.04192708333333333 0.8817708333333333 0.0421875 0.04583333333333333 
0 0.0109375 0.8669270833333333 0.0375 0.043229166666666666 
0 0.025520833333333333 0.8260416666666667 0.042708333333333334 0.04375 
0 0.05 0.8393229166666667 0.04479166666666667 0.0421875 
0 0.048177083333333336 0.8067708333333333 0.0390625 0.03333333333333333 
0 0.0453125 0.78125 0.0375 0.03333333333333333 
0 0.004427083333333333 0.7731770833333333 0.0421875 0.04114583333333333 
0 -0.008072916666666667 0.8065104166666667 0.044270833333333336 0.03697916666666667 
0 0.1828125 0.16614583333333333 0.021875 0.017708333333333333 
0 0.15729166666666666 0.16197916666666667 0.020833333333333332 0.021875 
0 0.13385416666666666 0.15442708333333333 0.020833333333333332 0.015104166666666667 
0 0.10677083333333333 0.15104166666666666 0.023958333333333335 0.01875 
0 0.08098958333333334 0.14635416666666667 0.024479166666666666 0.020833333333333332 
0 0.054427083333333334 0.14140625 0.024479166666666666 0.024479166666666666 
0 0.02734375 0.1359375 0.025520833333333333 0.023958333333333335 
0 0.00234375 0.12890625 0.024479166666666666 0.0234375 
0 0.09270833333333334 0.10130208333333333 0.016666666666666666 0.019270833333333334 
0 0.04088541666666667 0.08854166666666667 0.0171875 0.021875 
0 0.020052083333333335 0.08385416666666666 0.0203125 0.020833333333333332 
0 -0.0005208333333333333 0.078125 0.019791666666666666 0.016666666666666666 
0 0.4861979166666667 0.059375 0.05364583333333333 0.05 
0 0.8013020833333333 0.11510416666666666 0.04635416666666667 0.034375 
0 0.6901041666666666 0.04244791666666667 0.019791666666666666 0.0171875 
5 0.9572916666666667 0.023177083333333334 0.004166666666666667 0.008854166666666666 
5 0.9557291666666666 0.03307291666666667 0.004166666666666667 0.0078125 
5 0.9544270833333334 0.02421875 0.0036458333333333334 0.008854166666666666 
5 0.9510416666666667 0.026041666666666668 0.003125 0.008333333333333333 
5 0.9484375 0.027604166666666666 0.003125 0.0125 
5 0.93671875 0.00390625 0.008854166666666666 0.0026041666666666665 
5 0.9388020833333334 0.007552083333333333 0.0140625 0.0036458333333333334 
5 0.9364583333333333 0.011197916666666667 0.013541666666666667 0.0026041666666666665 
5 0.75859375 0.07239583333333334 0.0109375 0.00625 
5 0.9403645833333333 0.22213541666666667 0.008854166666666666 0.011979166666666667 
5 0.9807291666666667 0.2682291666666667 0.007291666666666667 0.011458333333333333 
5 0.98359375 0.26666666666666666 0.0067708333333333336 0.010416666666666666 
5 0.9752604166666666 0.25833333333333336 0.0067708333333333336 0.010416666666666666 
5 0.9651041666666667 0.2638020833333333 0.007291666666666667 0.009895833333333333 
5 0.9705729166666667 0.27421875 0.0067708333333333336 0.0109375 
5 0.9622395833333334 0.2708333333333333 0.005729166666666666 0.010416666666666666 
5 0.9859375 0.22421875 0.010416666666666666 0.009895833333333333 
0 0.7817708333333333 0.0005208333333333333 0.042708333333333334 0.034375 
0 0.14479166666666668 0.11354166666666667 0.01875 0.01875 
0 0.9778645833333334 0.9518229166666666 0.059895833333333336 0.059895833333333336 
0 0.07109375 0.09609375 0.021354166666666667 0.021354166666666667 
0 0.24114583333333334 0.9416666666666667 0.03229166666666667 0.029166666666666667 
0 0.9924479166666667 0.8981770833333333 0.0609375 0.058854166666666666 
