0 0.9932291666666667 0.99140625 0.022916666666666665 0.016145833333333335 
0 0.9950520833333333 0.9692708333333333 0.043229166666666666 0.035416666666666666 
0 1.0052083333333333 0.9510416666666667 0.03125 0.026041666666666668 
0 1.0114583333333333 0.9174479166666667 0.0375 0.028645833333333332 
0 0.83125 0.82734375 0.036458333333333336 0.028645833333333332 
0 0.8752604166666667 0.8817708333333333 0.0421875 0.04583333333333333 
0 0.8442708333333333 0.8669270833333333 0.0375 0.043229166666666666 
0 0.8588541666666667 0.8260416666666667 0.042708333333333334 0.04375 
0 0.8833333333333333 0.8393229166666667 0.04479166666666667 0.0421875 
0 0.8815104166666666 0.8067708333333333 0.0390625 0.03333333333333333 
0 0.8786458333333333 0.78125 0.0375 0.03333333333333333 
0 0.8377604166666667 0.7731770833333333 0.0421875 0.04114583333333333 
0 0.8252604166666667 0.8065104166666667 0.044270833333333336 0.03697916666666667 
0 0.8145833333333333 0.84921875 0.042708333333333334 0.03697916666666667 
0 0.7408854166666666 0.05755208333333333 0.021354166666666667 0.022395833333333334 
0 0.8057291666666667 0.8799479166666667 0.04583333333333333 0.0421875 
0 0.80703125 0.93828125 0.0484375 0.0390625 
0 0.37890625 0.4 0.04739583333333333 0.046875 
0 0.7203125 0.05260416666666667 0.020833333333333332 0.021875 
14 0.7010416666666667 0.04635416666666667 0.016666666666666666 0.019791666666666666 
0 0.80859375 0.12083333333333333 0.018229166666666668 0.01875 
0 0.990625 0.16197916666666667 0.020833333333333332 0.021875 
0 0.9671875 0.15442708333333333 0.020833333333333332 0.015104166666666667 
0 0.9401041666666666 0.15104166666666666 0.023958333333333335 0.01875 
0 0.9143229166666667 0.14635416666666667 0.024479166666666666 0.020833333333333332 
0 0.8877604166666667 0.14140625 0.024479166666666666 0.024479166666666666 
0 0.8606770833333334 0.1359375 0.025520833333333333 0.023958333333333335 
0 0.8356770833333333 0.12890625 0.024479166666666666 0.0234375 
0 0.7572916666666667 0.1078125 0.021875 0.017708333333333333 
0 0.7606770833333333 0.06067708333333333 0.019270833333333334 0.019270833333333334 
0 0.7359375 0.10364583333333334 0.020833333333333332 0.020833333333333332 
0 0.7177083333333333 0.09895833333333333 0.019791666666666666 0.020833333333333332 
0 0.7005208333333334 0.09375 0.01875 0.019791666666666666 
0 0.6822916666666666 0.08958333333333333 0.01875 0.01875 
0 0.9260416666666667 0.10130208333333333 0.016666666666666666 0.019270833333333334 
0 0.87421875 0.08854166666666667 0.0171875 0.021875 
0 0.8533854166666667 0.08385416666666666 0.0203125 0.020833333333333332 
0 0.8328125 0.078125 0.019791666666666666 0.016666666666666666 
0 0.978125 0.11354166666666667 0.01875 0.01875 
0 0.78359375 0.11458333333333333 0.0203125 0.019791666666666666 
0 0.9044270833333333 0.09609375 0.021354166666666667 0.021354166666666667 
0 0.8015625 0.07161458333333333 0.020833333333333332 0.019270833333333334 
