4 0.8291666666666667 0.4078125 0.004166666666666667 0.00625 
0 0.20234375 0.6533854166666667 0.05677083333333333 0.044270833333333336 
0 0.33229166666666665 0.7703125 0.03125 0.03854166666666667 
4 0.8684895833333334 0.4627604166666667 0.0046875 0.005729166666666666 
0 0.34713541666666664 0.58203125 0.04010416666666667 0.04114583333333333 
0 -0.009375 0.5059895833333333 0.05416666666666667 0.0484375 
0 0.04453125 0.6440104166666667 0.05364583333333333 0.05364583333333333 
0 0.14270833333333333 0.5669270833333333 0.05625 0.0578125 
0 0.22604166666666667 0.5859375 0.04791666666666667 0.04895833333333333 
0 0.2994791666666667 0.6174479166666667 0.046875 0.0453125 
0 0.3888020833333333 0.6151041666666667 0.049479166666666664 0.05 
0 0.44869791666666664 0.6815104166666667 0.06197916666666667 0.05364583333333333 
0 0.17916666666666667 0.7479166666666667 0.041666666666666664 0.041666666666666664 
0 0.13645833333333332 0.7520833333333333 0.04375 0.04479166666666667 
0 0.915625 0.88125 0.027083333333333334 0.022916666666666665 
0 0.8875 0.8479166666666667 0.04479166666666667 0.0375 
0 0.8703125 0.8130208333333333 0.022916666666666665 0.016666666666666666 
0 0.5278645833333333 0.59375 0.0546875 0.04479166666666667 
0 0.590625 0.06953125 0.034375 0.033854166666666664 
0 0.5169270833333334 0.07526041666666666 0.0109375 0.0140625 
0 0.5276041666666667 0.0765625 0.010416666666666666 0.013541666666666667 
0 0.5450520833333333 0.08046875 0.0140625 0.0140625 
0 0.5606770833333333 0.0828125 0.015104166666666667 0.016666666666666666 
0 0.5604166666666667 -0.0015625 0.029166666666666667 0.029166666666666667 
5 0.14817708333333332 0.08151041666666667 0.009895833333333333 0.0067708333333333336 
5 0.16223958333333333 0.0984375 0.0067708333333333336 0.010416666666666666 
5 0.19114583333333332 0.10208333333333333 0.013541666666666667 0.005208333333333333 
4 0.8122395833333333 0.24453125 0.0067708333333333336 0.0026041666666666665 
4 0.81171875 0.24661458333333333 0.005729166666666666 0.0036458333333333334 
5 0.16901041666666666 0.5388020833333333 0.0067708333333333336 0.009895833333333333 
4 0.9484375 0.46484375 0.004166666666666667 0.0036458333333333334 
4 0.8799479166666667 0.49947916666666664 0.0046875 0.004166666666666667 
4 0.8768229166666667 0.49583333333333335 0.005729166666666666 0.003125 
4 0.803125 0.5018229166666667 0.005208333333333333 0.0026041666666666665 
4 0.85234375 0.5059895833333333 0.0046875 0.0026041666666666665 
4 0.8041666666666667 0.24895833333333334 0.005208333333333333 0.003125 
4 0.78203125 0.23723958333333334 0.0046875 0.0026041666666666665 
4 0.8505208333333333 0.2786458333333333 0.0020833333333333333 0.005208333333333333 
4 0.8723958333333334 0.26614583333333336 0.00625 0.003125 
5 0.17604166666666668 0.54921875 0.007291666666666667 0.009895833333333333 
5 0.16614583333333333 0.5401041666666667 0.00625 0.010416666666666666 
5 0.7067708333333333 0.22526041666666666 0.011458333333333333 0.0046875 
5 0.6817708333333333 0.22083333333333333 0.0125 0.005208333333333333 
4 0.7794270833333333 0.11041666666666666 0.0036458333333333334 0.004166666666666667 
4 0.7830729166666667 0.11015625 0.0036458333333333334 0.0036458333333333334 
4 0.6091145833333333 0.21328125 0.005729166666666666 0.0026041666666666665 
4 0.6346354166666667 0.2171875 0.005729166666666666 0.003125 
4 0.6494791666666667 0.2203125 0.00625 0.003125 
4 0.6692708333333334 0.21484375 0.005208333333333333 0.0026041666666666665 
4 0.6723958333333333 0.21770833333333334 0.004166666666666667 0.0020833333333333333 
4 0.67265625 0.22421875 0.0046875 0.0026041666666666665 
4 0.6606770833333333 0.22447916666666667 0.0046875 0.003125 
4 0.6638020833333333 0.2203125 0.005729166666666666 0.0020833333333333333 
4 0.7067708333333333 0.23567708333333334 0.00625 0.0026041666666666665 
4 0.6919270833333333 0.25677083333333334 0.0026041666666666665 0.005208333333333333 
4 0.7158854166666667 0.23020833333333332 0.005729166666666666 0.003125 
4 0.7276041666666667 0.22916666666666666 0.005208333333333333 0.0020833333333333333 
4 0.7411458333333333 0.22630208333333332 0.00625 0.0026041666666666665 
4 0.75234375 0.23880208333333333 0.0046875 0.0026041666666666665 
4 0.7604166666666666 0.23723958333333334 0.005208333333333333 0.0026041666666666665 
4 0.9984375 0.2825520833333333 0.005208333333333333 0.0026041666666666665 
4 0.9395833333333333 0.2721354166666667 0.005208333333333333 0.0026041666666666665 
4 0.9278645833333333 0.28046875 0.0046875 0.0026041666666666665 
4 0.8963541666666667 0.2671875 0.00625 0.003125 
4 0.8911458333333333 0.2708333333333333 0.005208333333333333 0.003125 
