4 0.5484375 0.8856770833333333 0.005208333333333333 0.0026041666666666665 
4 0.66796875 0.8859375 0.0046875 0.003125 
4 0.62109375 0.8854166666666666 0.0046875 0.003125 
4 0.81328125 0.7830729166666667 0.0036458333333333334 0.0036458333333333334 
4 0.79765625 0.7859375 0.0046875 0.003125 
4 0.8015625 0.7864583333333334 0.003125 0.003125 
4 0.75078125 0.79765625 0.0026041666666666665 0.0046875 
4 0.7544270833333333 0.7963541666666667 0.0036458333333333334 0.004166666666666667 
4 0.7393229166666667 0.7997395833333333 0.0036458333333333334 0.0036458333333333334 
4 0.71953125 0.8072916666666666 0.0036458333333333334 0.005208333333333333 
4 0.5299479166666666 0.8796875 0.0046875 0.003125 
4 0.55234375 0.8692708333333333 0.0046875 0.003125 
4 0.5846354166666666 0.8744791666666667 0.005729166666666666 0.003125 
0 0.8208333333333333 0.6317708333333333 0.04895833333333333 0.046875 
0 0.8088541666666667 0.27682291666666664 0.07395833333333333 0.0765625 
4 0.7838541666666666 0.8877604166666667 0.004166666666666667 0.0026041666666666665 
0 0.8497395833333333 -0.028645833333333332 0.09635416666666667 0.09791666666666667 
4 0.34140625 0.9015625 0.005729166666666666 0.0020833333333333333 
4 0.48541666666666666 0.925 0.005208333333333333 0.003125 
4 0.48463541666666665 0.9213541666666667 0.0046875 0.0020833333333333333 
4 0.7171875 0.884375 0.004166666666666667 0.0020833333333333333 
4 0.73671875 0.8890625 0.0046875 0.0020833333333333333 
4 0.8950520833333333 0.89375 0.0046875 0.003125 
4 0.8763020833333334 0.8940104166666667 0.0046875 0.0026041666666666665 
5 0.90859375 0.9161458333333333 0.005729166666666666 0.003125 
5 0.92734375 0.90546875 0.005729166666666666 0.0026041666666666665 
5 0.9401041666666666 0.91640625 0.007291666666666667 0.0026041666666666665 
5 0.9783854166666667 0.9184895833333333 0.0067708333333333336 0.0026041666666666665 
4 0.9796875 0.9234375 0.005208333333333333 0.003125 
4 0.9916666666666667 0.9119791666666667 0.005208333333333333 0.003125 
4 0.9861979166666667 0.9088541666666666 0.0046875 0.003125 
4 0.9744791666666667 0.9114583333333334 0.005208333333333333 0.003125 
4 0.8770833333333333 0.91640625 0.004166666666666667 0.0026041666666666665 
4 0.8908854166666667 0.94140625 0.0026041666666666665 0.0046875 
4 0.8940104166666667 0.94140625 0.0026041666666666665 0.0036458333333333334 
4 0.8966145833333333 0.94140625 0.0015625 0.0046875 
4 0.8994791666666667 0.9419270833333333 0.0020833333333333333 0.0046875 
4 0.9153645833333334 0.94765625 0.005729166666666666 0.0026041666666666665 
4 0.928125 0.9471354166666667 0.004166666666666667 0.0026041666666666665 
4 0.9380208333333333 0.9502604166666667 0.004166666666666667 0.0026041666666666665 
4 0.934375 0.9528645833333333 0.005208333333333333 0.0026041666666666665 
5 0.93984375 0.959375 0.005729166666666666 0.0020833333333333333 
5 0.9375 0.95546875 0.005208333333333333 0.0026041666666666665 
5 0.940625 0.9619791666666667 0.005208333333333333 0.0020833333333333333 
4 0.90234375 0.94140625 0.0026041666666666665 0.005729166666666666 
4 0.9052083333333333 0.9419270833333333 0.0020833333333333333 0.0046875 
4 0.90234375 0.8830729166666667 0.0046875 0.0026041666666666665 
4 0.8880208333333334 0.8861979166666667 0.005208333333333333 0.0026041666666666665 
4 0.8770833333333333 0.8841145833333334 0.005208333333333333 0.0026041666666666665 
4 0.80546875 0.89921875 0.0067708333333333336 0.0026041666666666665 
5 0.6229166666666667 0.7528645833333333 0.008333333333333333 0.0036458333333333334 
5 0.6153645833333333 0.71796875 0.0078125 0.0046875 
0 0.6640625 0.40182291666666664 0.059375 0.05677083333333333 
0 0.65078125 0.34921875 0.05677083333333333 0.05677083333333333 
0 0.6223958333333334 0.28828125 0.059375 0.0609375 
0 0.7625 -0.013020833333333334 0.07916666666666666 0.084375 
0 0.8229166666666666 0.36640625 0.075 0.07760416666666667 
5 0.8229166666666666 0.903125 0.009375 0.003125 
5 0.8356770833333333 0.8919270833333334 0.0067708333333333336 0.0026041666666666665 
4 0.7661458333333333 0.84375 0.005208333333333333 0.0020833333333333333 
4 0.775 0.84375 0.005208333333333333 0.003125 
4 0.8552083333333333 0.9020833333333333 0.00625 0.003125 
4 0.82734375 0.8997395833333334 0.0036458333333333334 0.0026041666666666665 
4 0.8606770833333334 0.884375 0.0046875 0.003125 
4 0.8096354166666667 0.9510416666666667 0.0026041666666666665 0.005208333333333333 
4 0.81640625 0.9528645833333333 0.0026041666666666665 0.0046875 
4 0.82109375 0.9528645833333333 0.0026041666666666665 0.0046875 
5 0.8520833333333333 0.7770833333333333 0.014583333333333334 0.005208333333333333 
5 0.9473958333333333 0.7838541666666666 0.007291666666666667 0.003125 
5 0.94921875 0.7875 0.0067708333333333336 0.003125 
5 0.9513020833333333 0.8015625 0.005729166666666666 0.003125 
4 0.9778645833333334 0.7981770833333334 0.0015625 0.0036458333333333334 
5 0.9875 0.8703125 0.007291666666666667 0.005208333333333333 
4 0.96171875 0.8760416666666667 0.0046875 0.003125 
4 0.8442708333333333 0.88828125 0.004166666666666667 0.0026041666666666665 
4 0.9075520833333334 0.9424479166666667 0.0015625 0.0046875 
5 0.9109375 0.9421875 0.003125 0.00625 
5 0.9145833333333333 0.94296875 0.003125 0.005729166666666666 
0 0.90390625 0.040625 0.04635416666666667 0.04375 
0 0.9408854166666667 0.25026041666666665 0.0703125 0.07552083333333333 
0 0.91640625 0.10390625 0.07760416666666667 0.06927083333333334 
0 0.953125 0.31302083333333336 0.06875 0.0625 
4 0.9182291666666667 0.94296875 0.0020833333333333333 0.0036458333333333334 
4 0.9208333333333333 0.9434895833333333 0.0020833333333333333 0.0046875 
4 0.9229166666666667 0.9434895833333333 0.0010416666666666667 0.0046875 
4 0.9247395833333333 0.9434895833333333 0.0015625 0.0046875 
4 0.9270833333333334 0.94296875 0.0020833333333333333 0.0046875 
5 0.9315104166666667 0.94375 0.0015625 0.005208333333333333 
5 0.9341145833333333 0.94453125 0.0036458333333333334 0.0046875 
5 0.9361979166666666 0.9458333333333333 0.0026041666666666665 0.005208333333333333 
4 0.9130208333333333 0.9559895833333333 0.005208333333333333 0.0046875 
5 0.6213541666666667 0.7481770833333333 0.009375 0.0036458333333333334 
5 0.6182291666666667 0.7341145833333333 0.008333333333333333 0.0036458333333333334 
5 0.6145833333333334 0.72265625 0.014583333333333334 0.0067708333333333336 
4 0.058333333333333334 0.053385416666666664 0.004166666666666667 0.0036458333333333334 
4 0.07369791666666667 0.03671875 0.0046875 0.0036458333333333334 
4 0.07317708333333334 0.039322916666666666 0.0036458333333333334 0.0026041666666666665 
4 0.06822916666666666 0.05677083333333333 0.005208333333333333 0.004166666666666667 
4 0.07942708333333333 0.04505208333333333 0.0026041666666666665 0.0046875 
4 0.07786458333333333 0.06432291666666666 0.0046875 0.0036458333333333334 
4 0.06744791666666666 0.07630208333333334 0.0046875 0.0026041666666666665 
5 0.061197916666666664 0.08880208333333334 0.0109375 0.0046875 
5 0.04244791666666667 0.1046875 0.0078125 0.009375 
5 0.03697916666666667 0.12447916666666667 0.007291666666666667 0.008333333333333333 
5 0.0390625 0.128125 0.007291666666666667 0.008333333333333333 
4 0.024739583333333332 0.25442708333333336 0.0026041666666666665 0.0046875 
4 0.027083333333333334 0.25546875 0.003125 0.0046875 
4 0.0296875 0.25625 0.0020833333333333333 0.004166666666666667 
4 0.03203125 0.2565104166666667 0.0026041666666666665 0.0046875 
4 0.03463541666666667 0.25755208333333335 0.0026041666666666665 0.0046875 
4 0.03671875 0.25807291666666665 0.0026041666666666665 0.0046875 
4 0.039322916666666666 0.25885416666666666 0.0026041666666666665 0.004166666666666667 
4 0.041666666666666664 0.2598958333333333 0.003125 0.005208333333333333 
4 0.04401041666666667 0.2604166666666667 0.0026041666666666665 0.004166666666666667 
4 0.04609375 0.26171875 0.0036458333333333334 0.005729166666666666 
4 0.04869791666666667 0.26171875 0.0026041666666666665 0.0036458333333333334 
4 0.05078125 0.26223958333333336 0.0026041666666666665 0.0046875 
4 0.053385416666666664 0.26276041666666666 0.0026041666666666665 0.0046875 
4 0.055989583333333336 0.26328125 0.0026041666666666665 0.0026041666666666665 
4 0.05807291666666667 0.26458333333333334 0.0026041666666666665 0.004166666666666667 
4 0.0609375 0.26510416666666664 0.003125 0.004166666666666667 
4 0.06015625 0.04869791666666667 0.0046875 0.0036458333333333334 
4 0.061197916666666664 0.04401041666666667 0.005729166666666666 0.0036458333333333334 
4 0.06197916666666667 0.04114583333333333 0.005208333333333333 0.003125 
4 0.06380208333333333 0.03307291666666667 0.005729166666666666 0.0036458333333333334 
5 0.036458333333333336 0.0036458333333333334 0.005208333333333333 0.007291666666666667 
5 0.03619791666666667 0.022916666666666665 0.0067708333333333336 0.014583333333333334 
5 0.07942708333333333 0.019791666666666666 0.0078125 0.003125 
5 0.09036458333333333 0.022395833333333334 0.0067708333333333336 0.004166666666666667 
4 0.07395833333333333 0.024739583333333332 0.003125 0.005729166666666666 
4 0.0765625 0.025 0.003125 0.005208333333333333 
4 0.07916666666666666 0.026302083333333334 0.003125 0.0046875 
4 0.08385416666666666 0.02734375 0.003125 0.0046875 
5 0.05807291666666667 0.03307291666666667 0.0046875 0.0067708333333333336 
4 0.06328125 0.26614583333333336 0.0036458333333333334 0.005208333333333333 
4 0.06770833333333333 0.2682291666666667 0.003125 0.005208333333333333 
4 0.0703125 0.26848958333333334 0.003125 0.0046875 
4 0.046875 0.2984375 0.003125 0.005208333333333333 
4 0.0359375 0.28932291666666665 0.003125 0.0046875 
4 0.0390625 0.28932291666666665 0.003125 0.0046875 
4 0.04583333333333333 0.29192708333333334 0.003125 0.0046875 
4 0.048177083333333336 0.2921875 0.0026041666666666665 0.004166666666666667 
4 0.05130208333333333 0.29348958333333336 0.0026041666666666665 0.0046875 
4 0.024739583333333332 0.29192708333333334 0.0026041666666666665 0.0046875 
4 0.027083333333333334 0.29348958333333336 0.003125 0.0046875 
4 0.029427083333333333 0.29401041666666666 0.0026041666666666665 0.0046875 
4 0.03203125 0.29453125 0.0036458333333333334 0.005729166666666666 
4 0.03671875 0.29583333333333334 0.0026041666666666665 0.005208333333333333 
4 0.039322916666666666 0.29661458333333335 0.0026041666666666665 0.0046875 
4 0.041666666666666664 0.29791666666666666 0.003125 0.005208333333333333 
4 0.023958333333333335 0.30494791666666665 0.003125 0.0046875 
4 0.030989583333333334 0.2875 0.0026041666666666665 0.004166666666666667 
4 0.03125 0.30625 0.003125 0.005208333333333333 
4 0.03463541666666667 0.3138020833333333 0.0026041666666666665 0.0046875 
4 0.0703125 0.278125 0.004166666666666667 0.003125 
4 0.06901041666666667 0.28151041666666665 0.0046875 0.0026041666666666665 
4 0.06744791666666666 0.284375 0.0046875 0.0020833333333333333 
4 0.06666666666666667 0.2877604166666667 0.004166666666666667 0.0026041666666666665 
4 0.06484375 0.2908854166666667 0.0046875 0.0026041666666666665 
4 0.06354166666666666 0.29401041666666666 0.004166666666666667 0.0026041666666666665 
4 0.062239583333333334 0.29635416666666664 0.0046875 0.003125 
4 0.05859375 0.30130208333333336 0.0046875 0.0026041666666666665 
4 0.0546875 0.3065104166666667 0.005208333333333333 0.0026041666666666665 
4 0.044270833333333336 0.31953125 0.004166666666666667 0.0026041666666666665 
4 0.033854166666666664 0.28854166666666664 0.003125 0.005208333333333333 
4 0.02890625 0.2869791666666667 0.0026041666666666665 0.004166666666666667 
4 0.05807291666666667 0.2765625 0.0026041666666666665 0.005208333333333333 
4 0.0484375 0.27369791666666665 0.003125 0.0046875 
4 0.05546875 0.2755208333333333 0.0026041666666666665 0.005208333333333333 
4 0.05286458333333333 0.2755208333333333 0.0026041666666666665 0.005208333333333333 
4 0.024479166666666666 0.2669270833333333 0.0020833333333333333 0.0036458333333333334 
4 0.026041666666666668 0.2674479166666667 0.003125 0.0036458333333333334 
4 0.02890625 0.2682291666666667 0.0026041666666666665 0.004166666666666667 
4 0.03125 0.26875 0.003125 0.005208333333333333 
4 0.03359375 0.26927083333333335 0.0026041666666666665 0.004166666666666667 
4 0.0359375 0.2708333333333333 0.003125 0.004166666666666667 
4 0.0390625 0.2713541666666667 0.003125 0.005208333333333333 
4 0.04114583333333333 0.2716145833333333 0.0020833333333333333 0.0046875 
4 0.043229166666666666 0.2721354166666667 0.003125 0.0046875 
4 0.04583333333333333 0.27291666666666664 0.003125 0.004166666666666667 
4 0.05026041666666667 0.2752604166666667 0.0026041666666666665 0.0046875 
4 0.026302083333333334 0.28619791666666666 0.0026041666666666665 0.0046875 
4 0.02734375 0.27421875 0.0036458333333333334 0.0046875 
4 0.029947916666666668 0.2755208333333333 0.0026041666666666665 0.004166666666666667 
4 0.032552083333333336 0.2755208333333333 0.0026041666666666665 0.004166666666666667 
4 0.034895833333333334 0.2765625 0.003125 0.005208333333333333 
4 0.03697916666666667 0.27760416666666665 0.003125 0.005208333333333333 
4 0.039322916666666666 0.278125 0.0026041666666666665 0.004166666666666667 
4 0.0421875 0.27838541666666666 0.0020833333333333333 0.0046875 
4 0.04453125 0.2786458333333333 0.0026041666666666665 0.005208333333333333 
4 0.04635416666666667 0.2799479166666667 0.003125 0.0046875 
4 0.051041666666666666 0.28098958333333335 0.004166666666666667 0.005729166666666666 
4 0.055989583333333336 0.2825520833333333 0.0036458333333333334 0.0046875 
4 0.023958333333333335 0.28567708333333336 0.0020833333333333333 0.0046875 
5 0.6010416666666667 0.7309895833333333 0.011458333333333333 0.013020833333333334 
4 0.02265625 0.3299479166666667 0.0026041666666666665 0.0046875 
4 0.026822916666666665 0.32395833333333335 0.0036458333333333334 0.004166666666666667 
5 0.10755208333333334 0.9361979166666666 0.0067708333333333336 0.0036458333333333334 
5 0.14453125 0.9328125 0.0067708333333333336 0.004166666666666667 
4 0.32916666666666666 0.9161458333333333 0.00625 0.003125 
4 0.32317708333333334 0.90078125 0.005729166666666666 0.0026041666666666665 
4 0.33489583333333334 0.91171875 0.00625 0.0036458333333333334 
4 0.3658854166666667 0.9052083333333333 0.0046875 0.003125 
4 0.3690104166666667 0.8911458333333333 0.0046875 0.003125 
4 0.3338541666666667 0.8958333333333334 0.005208333333333333 0.003125 
4 0.35442708333333334 0.89609375 0.0046875 0.0036458333333333334 
4 0.365625 0.884375 0.005208333333333333 0.004166666666666667 
4 0.390625 0.8919270833333334 0.004166666666666667 0.0026041666666666665 
4 0.40729166666666666 0.9002604166666667 0.005208333333333333 0.0026041666666666665 
4 0.409375 0.9067708333333333 0.00625 0.003125 
4 0.4125 0.884375 0.004166666666666667 0.003125 
4 0.42291666666666666 0.9018229166666667 0.005208333333333333 0.0026041666666666665 
4 0.42682291666666666 0.8890625 0.0046875 0.003125 
4 0.44427083333333334 0.8841145833333334 0.005208333333333333 0.0026041666666666665 
4 0.45078125 0.896875 0.0046875 0.003125 
4 0.45677083333333335 0.8872395833333333 0.00625 0.0036458333333333334 
4 0.478125 0.8942708333333333 0.004166666666666667 0.003125 
4 0.47239583333333335 0.8856770833333333 0.005208333333333333 0.0036458333333333334 
5 0.43515625 0.93828125 0.0036458333333333334 0.005729166666666666 
4 0.4088541666666667 0.8690104166666667 0.005208333333333333 0.0046875 
4 0.42291666666666666 0.8684895833333334 0.003125 0.005729166666666666 
4 0.4161458333333333 0.8609375 0.004166666666666667 0.005208333333333333 
4 0.42916666666666664 0.8731770833333333 0.004166666666666667 0.0026041666666666665 
4 0.4393229166666667 0.8684895833333334 0.0046875 0.0026041666666666665 
4 0.42916666666666664 0.8669270833333333 0.005208333333333333 0.0026041666666666665 
4 0.42864583333333334 0.8638020833333333 0.00625 0.0026041666666666665 
4 0.7041666666666667 0.9432291666666667 0.003125 0.005208333333333333 
4 0.5041666666666667 0.9484375 0.005208333333333333 0.004166666666666667 
4 0.5041666666666667 0.9518229166666666 0.005208333333333333 0.0046875 
4 0.54765625 0.9143229166666667 0.0046875 0.0046875 
4 0.540625 0.9315104166666667 0.004166666666666667 0.0026041666666666665 
4 0.5403645833333334 0.9369791666666667 0.0046875 0.003125 
4 0.5403645833333334 0.94140625 0.0046875 0.0026041666666666665 
4 0.5401041666666667 0.9440104166666666 0.004166666666666667 0.0015625 
4 0.53984375 0.9463541666666667 0.0046875 0.003125 
4 0.5401041666666667 0.9486979166666667 0.004166666666666667 0.0015625 
4 0.53984375 0.9513020833333333 0.0046875 0.0026041666666666665 
4 0.5393229166666667 0.95390625 0.005729166666666666 0.0026041666666666665 
4 0.53984375 0.9567708333333333 0.0046875 0.003125 
5 0.6520833333333333 0.8828125 0.014583333333333334 0.004166666666666667 
4 0.49947916666666664 0.9380208333333333 0.0020833333333333333 0.004166666666666667 
4 0.6247395833333333 0.8924479166666667 0.005729166666666666 0.0036458333333333334 
4 0.6416666666666667 0.8588541666666667 0.00625 0.003125 
4 0.6796875 0.8927083333333333 0.00625 0.003125 
4 0.6408854166666667 0.8997395833333334 0.005729166666666666 0.0036458333333333334 
4 0.6651041666666667 0.9002604166666667 0.005208333333333333 0.0026041666666666665 
4 0.6848958333333334 0.8997395833333334 0.005208333333333333 0.0026041666666666665 
5 0.7145833333333333 0.8971354166666666 0.00625 0.0026041666666666665 
4 0.6994791666666667 0.88046875 0.004166666666666667 0.0026041666666666665 
5 0.7450520833333333 0.90625 0.0078125 0.003125 
5 0.7302083333333333 0.8544270833333333 0.00625 0.0036458333333333334 
4 0.7317708333333334 0.9044270833333333 0.005208333333333333 0.0026041666666666665 
4 0.7611979166666667 0.9083333333333333 0.005729166666666666 0.0020833333333333333 
4 0.5002604166666667 0.94296875 0.0026041666666666665 0.005729166666666666 
4 0.49921875 0.9322916666666666 0.0026041666666666665 0.005208333333333333 
4 0.42864583333333334 0.8606770833333334 0.004166666666666667 0.0026041666666666665 
4 0.5440104166666667 0.89140625 0.0046875 0.0026041666666666665 
4 0.4205729166666667 0.8455729166666667 0.005729166666666666 0.0036458333333333334 
4 0.4328125 0.8442708333333333 0.004166666666666667 0.0020833333333333333 
4 0.44244791666666666 0.8440104166666667 0.0036458333333333334 0.0026041666666666665 
4 0.4942708333333333 0.9015625 0.005208333333333333 0.003125 
4 0.4895833333333333 0.896875 0.004166666666666667 0.003125 
4 0.4869791666666667 0.8848958333333333 0.005208333333333333 0.003125 
4 0.5091145833333334 0.8625 0.005729166666666666 0.0020833333333333333 
4 0.5158854166666667 0.8625 0.005729166666666666 0.003125 
4 0.5140625 0.8869791666666667 0.005208333333333333 0.003125 
4 0.5513020833333333 0.8791666666666667 0.0046875 0.003125 
4 0.5325520833333334 0.8955729166666667 0.0036458333333333334 0.0026041666666666665 
4 0.5486979166666667 0.89453125 0.0046875 0.0026041666666666665 
4 0.49947916666666664 0.9276041666666667 0.0020833333333333333 0.004166666666666667 
4 0.5239583333333333 0.8984375 0.005208333333333333 0.003125 
5 0.5700520833333333 0.8984375 0.0067708333333333336 0.003125 
4 0.57578125 0.8854166666666666 0.0046875 0.003125 
4 0.5697916666666667 0.8791666666666667 0.004166666666666667 0.003125 
5 0.59609375 0.89765625 0.0078125 0.0036458333333333334 
4 0.6010416666666667 0.8825520833333333 0.005208333333333333 0.0026041666666666665 
4 0.6005208333333333 0.8908854166666667 0.005208333333333333 0.0026041666666666665 
4 0.6125 0.87734375 0.005208333333333333 0.0026041666666666665 
4 0.5028645833333333 0.9325520833333333 0.0046875 0.0036458333333333334 
4 0.5033854166666667 0.9375 0.0046875 0.004166666666666667 
4 0.5041666666666667 0.9408854166666667 0.005208333333333333 0.0046875 
4 0.50859375 0.9401041666666666 0.0026041666666666665 0.004166666666666667 
4 0.2869791666666667 0.9065104166666667 0.00625 0.0036458333333333334 
4 0.18098958333333334 0.9380208333333333 0.0046875 0.003125 
4 0.1640625 0.925 0.005208333333333333 0.003125 
4 0.20885416666666667 0.9359375 0.005208333333333333 0.003125 
4 0.17864583333333334 0.925 0.004166666666666667 0.003125 
5 0.22994791666666667 0.928125 0.005729166666666666 0.003125 
4 0.20026041666666666 0.9244791666666666 0.005729166666666666 0.003125 
4 0.17682291666666666 0.94140625 0.0046875 0.0026041666666666665 
4 0.23489583333333333 0.9104166666666667 0.005208333333333333 0.003125 
4 0.2125 0.9184895833333333 0.005208333333333333 0.0026041666666666665 
4 0.23802083333333332 0.9302083333333333 0.004166666666666667 0.003125 
4 0.24192708333333332 0.9263020833333333 0.0046875 0.0026041666666666665 
4 0.25390625 0.9276041666666667 0.0046875 0.003125 
4 0.27265625 0.9083333333333333 0.005729166666666666 0.003125 
4 0.271875 0.9041666666666667 0.005208333333333333 0.003125 
4 0.2838541666666667 0.90234375 0.005208333333333333 0.0036458333333333334 
4 0.27317708333333335 0.9200520833333333 0.005729166666666666 0.0026041666666666665 
4 0.30703125 0.8994791666666667 0.005729166666666666 0.004166666666666667 
4 0.3111979166666667 0.9059895833333333 0.005729166666666666 0.0036458333333333334 
4 0.31666666666666665 0.9109375 0.005208333333333333 0.003125 
4 0.6348958333333333 0.4158854166666667 0.005208333333333333 0.0026041666666666665 
4 0.6375 0.41171875 0.004166666666666667 0.0026041666666666665 
4 0.6002604166666666 0.3020833333333333 0.0036458333333333334 0.0020833333333333333 
4 0.6015625 0.2989583333333333 0.004166666666666667 0.0020833333333333333 
4 0.83515625 0.13203125 0.0026041666666666665 0.0046875 
5 0.043229166666666666 0.11015625 0.008333333333333333 0.009895833333333333 
