4 0.88203125 0.7231770833333333 0.0046875 0.0026041666666666665 
4 0.8846354166666667 0.06145833333333333 0.0046875 0.0020833333333333333 
4 0.8799479166666667 0.059895833333333336 0.0036458333333333334 0.0020833333333333333 
4 0.89609375 0.06380208333333333 0.0046875 0.0026041666666666665 
4 0.8859375 0.06666666666666667 0.004166666666666667 0.0020833333333333333 
0 0.5807291666666666 0.7265625 0.040625 0.04375 
0 -0.024479166666666666 0.74296875 0.07395833333333333 0.0765625 
0 0.01640625 0.4375 0.09635416666666667 0.09791666666666667 
9 0.7502604166666667 0.8200520833333333 0.018229166666666668 0.018229166666666668 
4 0.8861979166666667 0.06875 0.0036458333333333334 0.0020833333333333333 
4 0.8869791666666667 0.07109375 0.003125 0.0015625 
4 0.88671875 0.07421875 0.0036458333333333334 0.0015625 
4 0.8502604166666666 0.06796875 0.0046875 0.0036458333333333334 
4 0.8752604166666667 0.08411458333333334 0.0046875 0.0026041666666666665 
4 0.87578125 0.08671875 0.0046875 0.0026041666666666665 
4 0.8770833333333333 0.08984375 0.005208333333333333 0.0026041666666666665 
4 0.8776041666666666 0.09270833333333334 0.004166666666666667 0.0020833333333333333 
4 0.878125 0.09427083333333333 0.004166666666666667 0.0020833333333333333 
4 0.890625 0.0953125 0.004166666666666667 0.0020833333333333333 
4 0.8859375 0.09036458333333333 0.004166666666666667 0.0015625 
4 0.86953125 0.08307291666666666 0.0026041666666666665 0.0046875 
4 0.8692708333333333 0.08984375 0.0020833333333333333 0.005729166666666666 
4 0.8674479166666667 0.06692708333333333 0.0026041666666666665 0.0046875 
4 0.84609375 0.06015625 0.0036458333333333334 0.0036458333333333334 
4 0.8473958333333333 0.06328125 0.004166666666666667 0.0036458333333333334 
4 0.85234375 0.0734375 0.0046875 0.003125 
4 0.8736979166666666 0.0796875 0.0046875 0.0020833333333333333 
4 0.8541666666666666 0.07578125 0.005208333333333333 0.0036458333333333334 
4 0.85625 0.07994791666666666 0.005208333333333333 0.0036458333333333334 
4 0.8572916666666667 0.08229166666666667 0.005208333333333333 0.003125 
4 0.8580729166666666 0.0859375 0.0046875 0.004166666666666667 
4 0.8580729166666666 0.090625 0.0046875 0.003125 
4 0.8583333333333333 0.09401041666666667 0.004166666666666667 0.0026041666666666665 
4 0.8380208333333333 0.061197916666666664 0.003125 0.0046875 
4 0.8354166666666667 0.06328125 0.003125 0.005729166666666666 
4 0.8322916666666667 0.06796875 0.003125 0.005729166666666666 
4 0.8299479166666667 0.06979166666666667 0.0026041666666666665 0.005208333333333333 
4 0.8276041666666667 0.071875 0.003125 0.00625 
4 0.8265625 0.07708333333333334 0.0020833333333333333 0.004166666666666667 
4 0.875 0.08151041666666667 0.004166666666666667 0.0026041666666666665 
4 0.8734375 0.07734375 0.005208333333333333 0.0026041666666666665 
4 0.8971354166666666 0.07135416666666666 0.0036458333333333334 0.0020833333333333333 
4 0.9072916666666667 0.12473958333333333 0.004166666666666667 0.0026041666666666665 
4 0.8979166666666667 0.07369791666666667 0.003125 0.0026041666666666665 
4 0.9 0.0890625 0.003125 0.0020833333333333333 
4 0.9005208333333333 0.09166666666666666 0.003125 0.0020833333333333333 
4 0.9015625 0.09401041666666667 0.004166666666666667 0.0026041666666666665 
4 0.9018229166666667 0.09661458333333334 0.0036458333333333334 0.0026041666666666665 
4 0.90390625 0.10572916666666667 0.0036458333333333334 0.0020833333333333333 
4 0.9044270833333333 0.10729166666666666 0.0036458333333333334 0.0020833333333333333 
4 0.9052083333333333 0.11041666666666666 0.004166666666666667 0.003125 
4 0.9059895833333333 0.11276041666666667 0.0036458333333333334 0.0036458333333333334 
4 0.9065104166666667 0.11484375 0.0036458333333333334 0.0026041666666666665 
4 0.9067708333333333 0.11796875 0.004166666666666667 0.0026041666666666665 
4 0.9065104166666667 0.12239583333333333 0.0046875 0.0020833333333333333 
4 0.9078125 0.12734375 0.004166666666666667 0.0026041666666666665 
4 0.8731770833333333 0.075 0.0046875 0.0020833333333333333 
4 0.9088541666666666 0.12942708333333333 0.004166666666666667 0.0015625 
4 0.909375 0.13203125 0.004166666666666667 0.0026041666666666665 
4 0.91015625 0.13489583333333333 0.0046875 0.0020833333333333333 
4 0.9104166666666667 0.13697916666666668 0.004166666666666667 0.0020833333333333333 
4 0.9111979166666667 0.1390625 0.0036458333333333334 0.003125 
4 0.91171875 0.14401041666666667 0.0046875 0.0026041666666666665 
4 0.8875 0.07734375 0.004166666666666667 0.0026041666666666665 
4 0.8692708333333333 0.06197916666666667 0.004166666666666667 0.003125 
4 0.8700520833333333 0.06536458333333334 0.0046875 0.0026041666666666665 
4 0.87109375 0.06770833333333333 0.0046875 0.0020833333333333333 
4 0.8721354166666667 0.07005208333333333 0.0046875 0.0026041666666666665 
4 0.87265625 0.07265625 0.0046875 0.0026041666666666665 
4 0.5799479166666667 0.93984375 0.0036458333333333334 0.005729166666666666 
4 0.8216145833333334 0.078125 0.0015625 0.005208333333333333 
5 0.5760416666666667 0.83828125 0.005208333333333333 0.0078125 
0 -0.010416666666666666 0.8325520833333333 0.075 0.07760416666666667 
0 0.07057291666666667 0.5067708333333333 0.04635416666666667 0.04375 
0 0.10677083333333333 0.41901041666666666 0.06770833333333333 0.07864583333333333 
0 0.10755208333333334 0.71640625 0.0703125 0.07552083333333333 
0 0.5145833333333333 0.11171875 0.06458333333333334 0.07760416666666667 
0 0.5296875 0.46640625 0.046875 0.04010416666666667 
5 0.4986979166666667 0.4778645833333333 0.0036458333333333334 0.008854166666666666 
0 0.5466145833333333 0.57109375 0.0546875 0.0421875 
0 0.559375 0.6213541666666667 0.04375 0.041666666666666664 
0 0.5744791666666667 0.6729166666666667 0.03333333333333333 0.03958333333333333 
4 0.5619791666666667 0.8385416666666666 0.003125 0.005208333333333333 
5 0.5578125 0.7864583333333334 0.008333333333333333 0.0125 
0 0.08307291666666666 0.5700520833333333 0.07760416666666667 0.06927083333333334 
0 0.11979166666666667 0.7791666666666667 0.06875 0.0625 
4 0.8236979166666667 0.07552083333333333 0.0026041666666666665 0.005208333333333333 
4 0.8223958333333333 0.08203125 0.0020833333333333333 0.0036458333333333334 
4 0.88828125 0.7588541666666667 0.0046875 0.004166666666666667 
4 0.89921875 0.15859375 0.0026041666666666665 0.0036458333333333334 
4 0.7338541666666667 0.18333333333333332 0.003125 0.004166666666666667 
4 0.73515625 0.18854166666666666 0.0026041666666666665 0.004166666666666667 
4 0.7369791666666666 0.19479166666666667 0.0020833333333333333 0.003125 
4 0.7361979166666667 0.21041666666666667 0.0026041666666666665 0.0010416666666666667 
5 0.7817708333333333 0.28046875 0.007291666666666667 0.0026041666666666665 
5 0.7380208333333333 0.20703125 0.00625 0.0026041666666666665 
5 0.68125 0.26848958333333334 0.007291666666666667 0.0026041666666666665 
4 0.7354166666666667 0.17213541666666668 0.004166666666666667 0.0036458333333333334 
4 0.7434895833333334 0.22005208333333334 0.0026041666666666665 0.0036458333333333334 
4 0.73984375 0.23411458333333332 0.0046875 0.0026041666666666665 
4 0.6791666666666667 0.2609375 0.005208333333333333 0.003125 
4 0.6802083333333333 0.265625 0.005208333333333333 0.0020833333333333333 
4 0.6807291666666667 0.2734375 0.005208333333333333 0.0020833333333333333 
4 0.6815104166666667 0.27838541666666666 0.0046875 0.0026041666666666665 
4 0.68203125 0.28046875 0.0046875 0.0026041666666666665 
4 0.6830729166666667 0.2833333333333333 0.0046875 0.003125 
4 0.6838541666666667 0.28567708333333336 0.004166666666666667 0.0026041666666666665 
4 0.684375 0.29010416666666666 0.003125 0.0020833333333333333 
4 0.6625 0.26145833333333335 0.005208333333333333 0.0020833333333333333 
4 0.6635416666666667 0.26614583333333336 0.005208333333333333 0.003125 
4 0.66328125 0.26927083333333335 0.0036458333333333334 0.003125 
4 0.6635416666666667 0.27317708333333335 0.005208333333333333 0.0026041666666666665 
4 0.6690104166666667 0.27291666666666664 0.0036458333333333334 0.0020833333333333333 
4 0.6645833333333333 0.27578125 0.004166666666666667 0.0026041666666666665 
4 0.6669270833333333 0.28046875 0.005729166666666666 0.0026041666666666665 
4 0.6651041666666667 0.28619791666666666 0.005208333333333333 0.0026041666666666665 
4 0.67109375 0.28489583333333335 0.0046875 0.0020833333333333333 
4 0.7395833333333334 0.18098958333333334 0.003125 0.0036458333333333334 
4 0.7466145833333333 0.18072916666666666 0.0036458333333333334 0.004166666666666667 
4 0.7471354166666667 0.18385416666666668 0.0036458333333333334 0.005208333333333333 
4 0.878125 0.19505208333333332 0.004166666666666667 0.0026041666666666665 
4 0.8984375 0.16744791666666667 0.0010416666666666667 0.0036458333333333334 
4 0.89609375 0.16875 0.0015625 0.004166666666666667 
4 0.8934895833333333 0.16901041666666666 0.0015625 0.0046875 
4 0.8911458333333333 0.16953125 0.0020833333333333333 0.0036458333333333334 
4 0.8888020833333333 0.1703125 0.0015625 0.004166666666666667 
4 0.8846354166666667 0.17135416666666667 0.0026041666666666665 0.004166666666666667 
4 0.8817708333333333 0.17161458333333332 0.0020833333333333333 0.0036458333333333334 
4 0.8786458333333333 0.171875 0.003125 0.004166666666666667 
4 0.8765625 0.17239583333333333 0.003125 0.004166666666666667 
4 0.8739583333333333 0.17265625 0.0020833333333333333 0.0036458333333333334 
4 0.8794270833333333 0.19947916666666668 0.0036458333333333334 0.0020833333333333333 
4 0.8786458333333333 0.19739583333333333 0.004166666666666667 0.0020833333333333333 
4 0.8778645833333333 0.19166666666666668 0.0036458333333333334 0.0020833333333333333 
4 0.8838541666666667 0.22447916666666667 0.004166666666666667 0.0020833333333333333 
4 0.8848958333333333 0.21041666666666667 0.0020833333333333333 0.004166666666666667 
4 0.8830729166666667 0.20494791666666667 0.0026041666666666665 0.0036458333333333334 
4 0.9135416666666667 0.19348958333333333 0.004166666666666667 0.0036458333333333334 
4 0.91328125 0.19036458333333334 0.0036458333333333334 0.0026041666666666665 
4 0.9127604166666666 0.1875 0.0036458333333333334 0.003125 
4 0.9122395833333333 0.18385416666666668 0.0036458333333333334 0.003125 
4 0.9158854166666667 0.25729166666666664 0.0036458333333333334 0.0020833333333333333 
4 0.9111979166666667 0.2578125 0.0036458333333333334 0.003125 
4 0.9057291666666667 0.2591145833333333 0.005208333333333333 0.0026041666666666665 
4 0.8950520833333333 0.25625 0.0026041666666666665 0.005208333333333333 
4 0.8981770833333333 0.2557291666666667 0.0026041666666666665 0.004166666666666667 
4 0.8854166666666666 0.22786458333333334 0.0020833333333333333 0.0036458333333333334 
4 0.6705729166666666 0.2875 0.0046875 0.0020833333333333333 
4 0.671875 0.29010416666666666 0.005208333333333333 0.0020833333333333333 
4 0.6674479166666667 0.29322916666666665 0.0067708333333333336 0.0020833333333333333 
4 0.7963541666666667 0.39765625 0.004166666666666667 0.0015625 
4 0.7830729166666667 0.33125 0.005729166666666666 0.0020833333333333333 
4 0.7838541666666666 0.33359375 0.005208333333333333 0.0015625 
4 0.7846354166666667 0.33645833333333336 0.0046875 0.0020833333333333333 
4 0.7885416666666667 0.35833333333333334 0.005208333333333333 0.0020833333333333333 
4 0.7893229166666667 0.36328125 0.005729166666666666 0.0015625 
4 0.7895833333333333 0.36666666666666664 0.005208333333333333 0.003125 
4 0.7908854166666667 0.3776041666666667 0.0046875 0.0020833333333333333 
4 0.8658854166666666 0.33932291666666664 0.005729166666666666 0.0046875 
4 0.8794270833333333 0.36692708333333335 0.0046875 0.0046875 
4 0.8848958333333333 0.37161458333333336 0.005208333333333333 0.0046875 
4 0.9005208333333333 0.3768229166666667 0.004166666666666667 0.0036458333333333334 
4 0.9020833333333333 0.38515625 0.004166666666666667 0.0036458333333333334 
4 0.7966145833333333 0.40078125 0.0046875 0.0026041666666666665 
4 0.78203125 0.32473958333333336 0.005729166666666666 0.0026041666666666665 
4 0.7963541666666667 0.4036458333333333 0.005208333333333333 0.0020833333333333333 
4 0.8078125 0.40130208333333334 0.003125 0.0046875 
4 0.8083333333333333 0.40546875 0.003125 0.0046875 
4 0.7981770833333334 0.41302083333333334 0.005729166666666666 0.0020833333333333333 
4 0.7986979166666667 0.41796875 0.0046875 0.0026041666666666665 
4 0.8033854166666666 0.4244791666666667 0.0036458333333333334 0.005208333333333333 
4 0.80625 0.42942708333333335 0.003125 0.0046875 
4 0.8440104166666667 0.42265625 0.0046875 0.0046875 
4 0.8458333333333333 0.4244791666666667 0.004166666666666667 0.005208333333333333 
4 0.8466145833333333 0.43020833333333336 0.0067708333333333336 0.0020833333333333333 
4 0.8322916666666667 0.4484375 0.0020833333333333333 0.004166666666666667 
4 0.8328125 0.4544270833333333 0.0020833333333333333 0.0036458333333333334 
4 0.7825520833333334 0.328125 0.005729166666666666 0.0020833333333333333 
4 0.87734375 0.33203125 0.0036458333333333334 0.0046875 
4 0.6552083333333333 0.290625 0.00625 0.0020833333333333333 
4 0.8385416666666666 0.31979166666666664 0.004166666666666667 0.003125 
4 0.6549479166666666 0.29375 0.0046875 0.0020833333333333333 
4 0.6557291666666667 0.2953125 0.004166666666666667 0.0020833333333333333 
4 0.65625 0.2994791666666667 0.004166666666666667 0.0020833333333333333 
4 0.6979166666666666 0.29791666666666666 0.0020833333333333333 0.005208333333333333 
4 0.70078125 0.296875 0.0026041666666666665 0.005208333333333333 
4 0.7036458333333333 0.296875 0.0020833333333333333 0.004166666666666667 
4 0.70859375 0.2799479166666667 0.0026041666666666665 0.0046875 
4 0.7114583333333333 0.28020833333333334 0.0020833333333333333 0.004166666666666667 
4 0.82421875 0.28671875 0.0015625 0.0046875 
4 0.8364583333333333 0.30625 0.004166666666666667 0.0020833333333333333 
4 0.8369791666666667 0.30911458333333336 0.004166666666666667 0.0026041666666666665 
4 0.8369791666666667 0.31484375 0.004166666666666667 0.0036458333333333334 
4 0.8473958333333333 0.3106770833333333 0.004166666666666667 0.0026041666666666665 
4 0.8791666666666667 0.34375 0.004166666666666667 0.0020833333333333333 
4 0.8484375 0.31354166666666666 0.004166666666666667 0.0020833333333333333 
4 0.8484375 0.31640625 0.005208333333333333 0.0026041666666666665 
4 0.84921875 0.3184895833333333 0.0046875 0.0026041666666666665 
4 0.8497395833333333 0.32109375 0.0046875 0.0026041666666666665 
4 0.8505208333333333 0.32473958333333336 0.005208333333333333 0.0026041666666666665 
4 0.85078125 0.328125 0.005729166666666666 0.003125 
4 0.8505208333333333 0.33125 0.005208333333333333 0.003125 
4 0.8572916666666667 0.33515625 0.004166666666666667 0.0046875 
4 0.8692708333333333 0.35494791666666664 0.0020833333333333333 0.0046875 
4 0.865625 0.3515625 0.0020833333333333333 0.004166666666666667 
4 0.8625 0.3494791666666667 0.0020833333333333333 0.004166666666666667 
4 0.859375 0.34739583333333335 0.003125 0.005208333333333333 
4 0.9026041666666667 0.1671875 0.0020833333333333333 0.004166666666666667 
4 0.8966145833333333 0.15911458333333334 0.0015625 0.0036458333333333334 
4 0.8203125 0.084375 0.003125 0.005208333333333333 
4 0.8942708333333333 0.159375 0.0020833333333333333 0.004166666666666667 
4 0.8484375 0.12682291666666667 0.004166666666666667 0.0046875 
4 0.8364583333333333 0.11875 0.004166666666666667 0.004166666666666667 
4 0.8276041666666667 0.11276041666666667 0.004166666666666667 0.0036458333333333334 
4 0.8130208333333333 0.08984375 0.004166666666666667 0.0046875 
4 0.8119791666666667 0.09192708333333334 0.004166666666666667 0.0036458333333333334 
4 0.8208333333333333 0.09921875 0.004166666666666667 0.0036458333333333334 
4 0.8216145833333334 0.09609375 0.0036458333333333334 0.0036458333333333334 
4 0.83203125 0.09114583333333333 0.0036458333333333334 0.004166666666666667 
4 0.8296875 0.09348958333333333 0.004166666666666667 0.0036458333333333334 
4 0.8369791666666667 0.075 0.004166666666666667 0.003125 
4 0.8359375 0.07734375 0.003125 0.0026041666666666665 
4 0.8346354166666666 0.07994791666666666 0.0046875 0.0036458333333333334 
4 0.8325520833333333 0.08229166666666667 0.0036458333333333334 0.003125 
4 0.8309895833333333 0.084375 0.0046875 0.004166666666666667 
4 0.8286458333333333 0.08802083333333334 0.004166666666666667 0.004166666666666667 
4 0.8270833333333333 0.08984375 0.004166666666666667 0.0036458333333333334 
4 0.8252604166666667 0.09192708333333334 0.0036458333333333334 0.0036458333333333334 
4 0.8231770833333333 0.09453125 0.0046875 0.0036458333333333334 
4 0.8270833333333333 0.09765625 0.004166666666666667 0.0036458333333333334 
4 0.8447916666666667 0.07395833333333333 0.005208333333333333 0.004166666666666667 
4 0.8427083333333333 0.07604166666666666 0.005208333333333333 0.004166666666666667 
4 0.8411458333333334 0.07786458333333333 0.004166666666666667 0.0036458333333333334 
4 0.83984375 0.0796875 0.0046875 0.004166666666666667 
4 0.83828125 0.08203125 0.0046875 0.0036458333333333334 
4 0.8359375 0.08489583333333334 0.004166666666666667 0.003125 
4 0.8341145833333333 0.08723958333333333 0.0046875 0.0036458333333333334 
4 0.8471354166666667 0.08307291666666666 0.0036458333333333334 0.0046875 
4 0.8604166666666667 0.12838541666666667 0.005208333333333333 0.0026041666666666665 
4 0.8598958333333333 0.12552083333333333 0.005208333333333333 0.0020833333333333333 
4 0.8598958333333333 0.12291666666666666 0.005208333333333333 0.0020833333333333333 
4 0.83828125 0.10442708333333334 0.0036458333333333334 0.0036458333333333334 
4 0.8184895833333333 0.08723958333333333 0.0036458333333333334 0.0046875 
4 0.8453125 0.08515625 0.003125 0.0046875 
4 0.8434895833333333 0.08828125 0.0036458333333333334 0.0046875 
4 0.8424479166666666 0.09114583333333333 0.0036458333333333334 0.004166666666666667 
4 0.8401041666666667 0.09296875 0.004166666666666667 0.0046875 
4 0.83828125 0.0953125 0.0046875 0.004166666666666667 
4 0.8356770833333333 0.09947916666666666 0.0036458333333333334 0.004166666666666667 
4 0.834375 0.1015625 0.004166666666666667 0.003125 
4 0.8328125 0.10390625 0.004166666666666667 0.0036458333333333334 
4 0.8322916666666667 0.10598958333333333 0.004166666666666667 0.0026041666666666665 
4 0.8356770833333333 0.109375 0.0036458333333333334 0.004166666666666667 
4 0.83671875 0.10625 0.0036458333333333334 0.004166666666666667 
4 0.8440104166666667 0.09583333333333334 0.0015625 0.004166666666666667 
4 0.859375 0.11979166666666667 0.005208333333333333 0.0020833333333333333 
4 0.8419270833333333 0.09817708333333333 0.0036458333333333334 0.0046875 
4 0.8513020833333333 0.10078125 0.0036458333333333334 0.0036458333333333334 
4 0.8494791666666667 0.103125 0.004166666666666667 0.003125 
4 0.84765625 0.10546875 0.0036458333333333334 0.0036458333333333334 
4 0.8466145833333333 0.10755208333333334 0.0036458333333333334 0.0036458333333333334 
4 0.84296875 0.11354166666666667 0.0036458333333333334 0.003125 
4 0.8518229166666667 0.1078125 0.0036458333333333334 0.003125 
4 0.8505208333333333 0.11015625 0.004166666666666667 0.0036458333333333334 
4 0.84921875 0.1125 0.0046875 0.004166666666666667 
4 0.84765625 0.11432291666666666 0.0046875 0.0036458333333333334 
4 0.8458333333333333 0.11640625 0.005208333333333333 0.0026041666666666665 
4 0.8580729166666666 0.11015625 0.0026041666666666665 0.0036458333333333334 
4 0.84921875 0.0875 0.0036458333333333334 0.005208333333333333 
4 0.8484375 0.08958333333333333 0.004166666666666667 0.004166666666666667 
4 0.8463541666666666 0.09296875 0.003125 0.0046875 
4 0.846875 0.16796875 0.003125 0.0046875 
4 0.75 0.059895833333333336 0.0020833333333333333 0.004166666666666667 
4 0.753125 0.059895833333333336 0.0020833333333333333 0.004166666666666667 
4 0.75625 0.06015625 0.0020833333333333333 0.0036458333333333334 
4 0.8213541666666667 0.05807291666666667 0.004166666666666667 0.0036458333333333334 
4 0.8059895833333334 0.06328125 0.0046875 0.0046875 
4 0.7869791666666667 0.06328125 0.004166666666666667 0.0015625 
4 0.7888020833333333 0.06536458333333334 0.0036458333333333334 0.0026041666666666665 
4 0.6815104166666667 0.17135416666666667 0.0036458333333333334 0.005208333333333333 
4 0.8354166666666667 0.16901041666666666 0.003125 0.0046875 
4 0.8390625 0.16901041666666666 0.0020833333333333333 0.0046875 
4 0.8416666666666667 0.16796875 0.0020833333333333333 0.0046875 
4 0.8432291666666667 0.16770833333333332 0.003125 0.004166666666666667 
4 0.85078125 0.16692708333333334 0.0026041666666666665 0.0046875 
4 0.7450520833333333 0.058333333333333334 0.0015625 0.003125 
4 0.85625 0.16614583333333333 0.0020833333333333333 0.004166666666666667 
4 0.8596354166666667 0.16510416666666666 0.0026041666666666665 0.003125 
4 0.8625 0.16588541666666667 0.003125 0.0046875 
4 0.8645833333333334 0.16458333333333333 0.0020833333333333333 0.005208333333333333 
4 0.86953125 0.16171875 0.0026041666666666665 0.0046875 
4 0.87265625 0.16223958333333333 0.0015625 0.0046875 
4 0.87421875 0.15833333333333333 0.0026041666666666665 0.005208333333333333 
4 0.88046875 0.16119791666666666 0.0015625 0.0046875 
4 0.8825520833333333 0.16145833333333334 0.0015625 0.004166666666666667 
4 0.8869791666666667 0.16067708333333333 0.0020833333333333333 0.0046875 
4 0.88984375 0.16015625 0.0026041666666666665 0.0046875 
4 0.8919270833333334 0.159375 0.0015625 0.004166666666666667 
4 0.7471354166666667 0.05911458333333333 0.0015625 0.0046875 
4 0.7424479166666667 0.05807291666666667 0.0026041666666666665 0.0046875 
4 0.809375 0.0828125 0.004166666666666667 0.0020833333333333333 
4 0.7184895833333333 0.059375 0.005729166666666666 0.003125 
4 0.79296875 0.0765625 0.0046875 0.0020833333333333333 
4 0.7893229166666667 0.07447916666666667 0.005729166666666666 0.003125 
4 0.7838541666666666 0.07291666666666667 0.005208333333333333 0.004166666666666667 
4 0.7916666666666666 0.08697916666666666 0.005208333333333333 0.004166666666666667 
4 0.7734375 0.0765625 0.005208333333333333 0.004166666666666667 
4 0.7578125 0.07135416666666666 0.005208333333333333 0.003125 
4 0.7513020833333334 0.06927083333333334 0.0036458333333333334 0.003125 
4 0.7450520833333333 0.06666666666666667 0.0046875 0.003125 
4 0.7385416666666667 0.06510416666666667 0.005208333333333333 0.0020833333333333333 
4 0.73359375 0.06354166666666666 0.0036458333333333334 0.003125 
4 0.7283854166666667 0.0625 0.0046875 0.0020833333333333333 
4 0.7229166666666667 0.06041666666666667 0.004166666666666667 0.0020833333333333333 
4 0.7114583333333333 0.057291666666666664 0.005208333333333333 0.003125 
4 0.7395833333333334 0.05703125 0.0020833333333333333 0.0046875 
4 0.7783854166666667 0.05911458333333333 0.0026041666666666665 0.0036458333333333334 
4 0.7765625 0.061197916666666664 0.0020833333333333333 0.0046875 
4 0.7729166666666667 0.062239583333333334 0.0020833333333333333 0.0046875 
4 0.7703125 0.05859375 0.0020833333333333333 0.0036458333333333334 
4 0.7736979166666667 0.0578125 0.0015625 0.004166666666666667 
4 0.7697916666666667 0.06458333333333334 0.0020833333333333333 0.004166666666666667 
4 0.7651041666666667 0.0578125 0.0020833333333333333 0.004166666666666667 
4 0.7630208333333334 0.06432291666666666 0.003125 0.0046875 
4 0.7669270833333334 0.06432291666666666 0.0036458333333333334 0.0046875 
4 0.7325520833333333 0.05572916666666667 0.0026041666666666665 0.004166666666666667 
4 0.734375 0.05520833333333333 0.0020833333333333333 0.004166666666666667 
4 0.73671875 0.05546875 0.0015625 0.0046875 
4 0.83515625 0.46119791666666665 0.0026041666666666665 0.0046875 
4 0.8502604166666666 0.45546875 0.0036458333333333334 0.0026041666666666665 
4 0.8424479166666666 0.45390625 0.0046875 0.0046875 
4 0.8846354166666667 0.4786458333333333 0.0036458333333333334 0.0020833333333333333 
4 0.85859375 0.478125 0.0046875 0.003125 
4 0.8645833333333334 0.46640625 0.0020833333333333333 0.0036458333333333334 
4 0.8997395833333334 0.46145833333333336 0.0015625 0.004166666666666667 
4 0.9044270833333333 0.4625 0.0015625 0.003125 
4 0.9091145833333333 0.4630208333333333 0.0015625 0.004166666666666667 
4 0.8302083333333333 0.49453125 0.005208333333333333 0.0026041666666666665 
4 0.8302083333333333 0.49166666666666664 0.004166666666666667 0.0020833333333333333 
4 0.8296875 0.4890625 0.004166666666666667 0.0020833333333333333 
4 0.8283854166666667 0.484375 0.0046875 0.0020833333333333333 
4 0.86796875 0.47994791666666664 0.0026041666666666665 0.0046875 
4 0.87890625 0.47760416666666666 0.0036458333333333334 0.0020833333333333333 
4 0.8658854166666666 0.509375 0.0046875 0.003125 
4 0.5807291666666666 0.0625 0.003125 0.005208333333333333 
4 0.0018229166666666667 0.5981770833333333 0.0026041666666666665 0.0046875 
4 0.5846354166666666 0.06901041666666667 0.0026041666666666665 0.0046875 
4 0.5890625 0.09609375 0.005208333333333333 0.0026041666666666665 
4 0.8388020833333333 0.07265625 0.0036458333333333334 0.0036458333333333334 
4 0.8403645833333333 0.07135416666666666 0.0036458333333333334 0.003125 
4 0.8427083333333333 0.06927083333333334 0.004166666666666667 0.004166666666666667 
4 0.88828125 0.07994791666666666 0.0036458333333333334 0.0026041666666666665 
4 0.8890625 0.08255208333333333 0.003125 0.0026041666666666665 
4 0.88984375 0.08515625 0.0036458333333333334 0.0015625 
4 0.8908854166666667 0.08776041666666666 0.0046875 0.0026041666666666665 
4 0.8802083333333334 0.0640625 0.004166666666666667 0.0020833333333333333 
4 0.88046875 0.0671875 0.0046875 0.0020833333333333333 
4 0.8809895833333333 0.06979166666666667 0.0036458333333333334 0.0020833333333333333 
4 0.8815104166666666 0.07239583333333334 0.0036458333333333334 0.0020833333333333333 
4 0.8822916666666667 0.07447916666666667 0.004166666666666667 0.0020833333333333333 
4 0.8828125 0.07708333333333334 0.004166666666666667 0.003125 
4 0.88359375 0.07994791666666666 0.0036458333333333334 0.0026041666666666665 
4 0.8833333333333333 0.08307291666666666 0.004166666666666667 0.0015625 
4 0.8846354166666667 0.08515625 0.005729166666666666 0.0026041666666666665 
4 0.8848958333333333 0.08776041666666666 0.004166666666666667 0.0026041666666666665 
4 0.8713541666666667 0.17317708333333334 0.003125 0.0046875 
4 0.8690104166666667 0.1734375 0.0026041666666666665 0.004166666666666667 
4 0.8666666666666667 0.17369791666666667 0.003125 0.0036458333333333334 
4 0.7921875 0.061197916666666664 0.003125 0.0046875 
4 0.7877604166666666 0.06067708333333333 0.0046875 0.0015625 
4 0.7989583333333333 0.065625 0.0020833333333333333 0.004166666666666667 
4 0.8234375 0.06067708333333333 0.004166666666666667 0.0015625 
4 0.7125 0.28567708333333336 0.003125 0.005729166666666666 
4 0.7002604166666667 0.28802083333333334 0.0046875 0.003125 
4 0.6986979166666667 0.2828125 0.0036458333333333334 0.0020833333333333333 
4 0.6984375 0.28020833333333334 0.004166666666666667 0.0020833333333333333 
4 0.8221354166666667 0.06328125 0.0036458333333333334 0.0015625 
4 0.796875 0.06901041666666667 0.0020833333333333333 0.0036458333333333334 
4 0.8203125 0.06640625 0.004166666666666667 0.0015625 
4 0.8182291666666667 0.06901041666666667 0.004166666666666667 0.0015625 
4 0.81640625 0.07135416666666666 0.0036458333333333334 0.0020833333333333333 
4 0.8153645833333333 0.07473958333333333 0.0036458333333333334 0.0015625 
4 0.8130208333333333 0.07708333333333334 0.004166666666666667 0.0020833333333333333 
4 0.81015625 0.08020833333333334 0.0046875 0.0010416666666666667 
4 0.8083333333333333 0.07786458333333333 0.004166666666666667 0.0036458333333333334 
4 0.8145833333333333 0.06744791666666666 0.005208333333333333 0.0046875 
4 0.8119791666666667 0.071875 0.003125 0.004166666666666667 
4 0.8184895833333333 0.06197916666666667 0.0046875 0.005208333333333333 
4 0.7947916666666667 0.07083333333333333 0.0020833333333333333 0.004166666666666667 
4 0.7908854166666667 0.071875 0.0046875 0.003125 
4 0.6419270833333334 0.73828125 0.0046875 0.0026041666666666665 
4 0.89453125 0.7919270833333333 0.0036458333333333334 0.0026041666666666665 
4 0.89375 0.7893229166666667 0.004166666666666667 0.0026041666666666665 
4 0.8927083333333333 0.7861979166666667 0.004166666666666667 0.0026041666666666665 
4 0.8541666666666666 0.45390625 0.004166666666666667 0.0026041666666666665 
4 0.8828125 0.73125 0.005208333333333333 0.003125 
4 0.8893229166666666 0.7989583333333333 0.0046875 0.004166666666666667 
4 0.8890625 0.8020833333333334 0.004166666666666667 0.004166666666666667 
4 0.8651041666666667 0.8234375 0.003125 0.005208333333333333 
4 0.8674479166666667 0.8229166666666666 0.0026041666666666665 0.005208333333333333 
4 0.87265625 0.82109375 0.0026041666666666665 0.0046875 
4 0.88046875 0.81875 0.0036458333333333334 0.004166666666666667 
4 0.88515625 0.8174479166666667 0.0026041666666666665 0.0046875 
4 0.8875 0.81640625 0.003125 0.0046875 
4 0.8953125 0.8153645833333333 0.003125 0.0015625 
5 0.7770833333333333 0.7911458333333333 0.010416666666666666 0.0125 
5 0.77421875 0.7859375 0.0067708333333333336 0.00625 
5 0.7729166666666667 0.7705729166666667 0.008333333333333333 0.0109375 
5 0.7716145833333333 0.7645833333333333 0.008854166666666666 0.010416666666666666 
5 0.7700520833333333 0.7578125 0.009895833333333333 0.010416666666666666 
5 0.7395833333333334 0.7330729166666666 0.005208333333333333 0.013020833333333334 
5 0.7747395833333334 0.7091145833333333 0.0026041666666666665 0.011979166666666667 
4 0.79453125 0.7416666666666667 0.0026041666666666665 0.004166666666666667 
4 0.7822916666666667 0.7263020833333333 0.0020833333333333333 0.0046875 
4 0.7869791666666667 0.7643229166666666 0.003125 0.0067708333333333336 
4 0.890625 0.7713541666666667 0.004166666666666667 0.0020833333333333333 
4 0.8901041666666667 0.7739583333333333 0.004166666666666667 0.0020833333333333333 
4 0.8908854166666667 0.7763020833333333 0.0046875 0.0026041666666666665 
4 0.8947916666666667 0.7984375 0.005208333333333333 0.003125 
4 0.8911458333333333 0.80546875 0.003125 0.0026041666666666665 
4 0.8911458333333333 0.8091145833333333 0.005208333333333333 0.0036458333333333334 
4 0.8911458333333333 0.81328125 0.005208333333333333 0.0036458333333333334 
4 0.89609375 0.8078125 0.0036458333333333334 0.003125 
4 0.8890625 0.7950520833333333 0.005208333333333333 0.0036458333333333334 
4 0.8877604166666667 0.79140625 0.0046875 0.0036458333333333334 
4 0.8869791666666667 0.7880208333333333 0.005208333333333333 0.004166666666666667 
4 0.87734375 0.72578125 0.0046875 0.0036458333333333334 
4 0.8846354166666667 0.7385416666666667 0.0046875 0.0020833333333333333 
4 0.8872395833333333 0.7486979166666666 0.0046875 0.0026041666666666665 
4 0.8872395833333333 0.7536458333333333 0.0046875 0.003125 
4 0.8885416666666667 0.7609375 0.004166666666666667 0.003125 
4 0.8890625 0.7651041666666667 0.004166666666666667 0.0020833333333333333 
4 0.8822916666666667 0.7552083333333334 0.005208333333333333 0.004166666666666667 
4 0.8822916666666667 0.7520833333333333 0.005208333333333333 0.004166666666666667 
4 0.88125 0.7481770833333333 0.004166666666666667 0.0036458333333333334 
4 0.8807291666666667 0.74453125 0.005208333333333333 0.0036458333333333334 
4 0.8791666666666667 0.7369791666666666 0.005208333333333333 0.004166666666666667 
4 0.878125 0.7322916666666667 0.004166666666666667 0.003125 
4 0.87734375 0.72890625 0.0046875 0.0036458333333333334 
4 0.8252604166666667 0.7333333333333333 0.0026041666666666665 0.004166666666666667 
4 0.8875 0.78515625 0.005208333333333333 0.0046875 
4 0.8239583333333333 0.7463541666666667 0.0020833333333333333 0.005208333333333333 
4 0.8276041666666667 0.7731770833333333 0.0020833333333333333 0.0036458333333333334 
4 0.8145833333333333 0.7479166666666667 0.004166666666666667 0.005208333333333333 
4 0.8375 0.8192708333333333 0.00625 0.0020833333333333333 
4 0.7958333333333333 0.8244791666666667 0.005208333333333333 0.003125 
4 0.77734375 0.8130208333333333 0.0046875 0.005208333333333333 
4 0.7776041666666667 0.8072916666666666 0.005208333333333333 0.004166666666666667 
4 0.8013020833333333 0.7903645833333334 0.005729166666666666 0.0046875 
4 0.8309895833333333 0.7869791666666667 0.0036458333333333334 0.005208333333333333 
4 0.8838541666666667 0.7640625 0.005208333333333333 0.004166666666666667 
4 0.8833333333333333 0.7677083333333333 0.00625 0.004166666666666667 
4 0.8859375 0.7778645833333333 0.004166666666666667 0.0036458333333333334 
4 0.8958333333333334 0.8114583333333333 0.004166666666666667 0.0020833333333333333 
4 0.8953125 0.8046875 0.004166666666666667 0.0020833333333333333 
4 0.8932291666666666 0.7940104166666667 0.004166666666666667 0.0015625 
4 0.6778645833333333 0.7940104166666667 0.0015625 0.0046875 
4 0.6893229166666667 0.75703125 0.0015625 0.0036458333333333334 
4 0.68984375 0.7625 0.0026041666666666665 0.004166666666666667 
4 0.6911458333333333 0.7674479166666667 0.0020833333333333333 0.0046875 
4 0.6932291666666667 0.7768229166666667 0.0020833333333333333 0.0046875 
4 0.69375 0.7822916666666667 0.0020833333333333333 0.004166666666666667 
4 0.6947916666666667 0.7872395833333333 0.0020833333333333333 0.0046875 
4 0.70078125 0.7953125 0.0026041666666666665 0.004166666666666667 
4 0.70234375 0.8005208333333333 0.0026041666666666665 0.004166666666666667 
4 0.6802083333333333 0.7453125 0.003125 0.005208333333333333 
4 0.6817708333333333 0.7513020833333334 0.003125 0.005729166666666666 
4 0.6846354166666667 0.76875 0.0026041666666666665 0.005208333333333333 
4 0.6869791666666667 0.7809895833333333 0.003125 0.0046875 
4 0.67265625 0.7934895833333333 0.0026041666666666665 0.0046875 
4 0.6861979166666666 0.7421875 0.0026041666666666665 0.005208333333333333 
4 0.66953125 0.7989583333333333 0.0026041666666666665 0.004166666666666667 
4 0.6752604166666667 0.7625 0.0026041666666666665 0.004166666666666667 
4 0.6479166666666667 0.7552083333333334 0.005208333333333333 0.003125 
4 0.6419270833333334 0.7401041666666667 0.0046875 0.0020833333333333333 
4 0.64140625 0.73515625 0.0046875 0.0015625 
4 0.67421875 0.73125 0.0046875 0.0020833333333333333 
4 0.6671875 0.7325520833333333 0.004166666666666667 0.0015625 
4 0.7083333333333334 0.8549479166666667 0.0020833333333333333 0.0036458333333333334 
4 0.89921875 0.8296875 0.0046875 0.0020833333333333333 
4 0.9 0.8322916666666667 0.004166666666666667 0.003125 
4 0.8888020833333333 0.834375 0.0036458333333333334 0.0020833333333333333 
4 0.8903645833333333 0.8364583333333333 0.0046875 0.0020833333333333333 
4 0.6869791666666667 0.7473958333333334 0.0020833333333333333 0.004166666666666667 
4 0.6940104166666666 0.7580729166666667 0.0026041666666666665 0.0046875 
4 0.7333333333333333 0.7341145833333333 0.003125 0.0046875 
4 0.7088541666666667 0.7255208333333333 0.005208333333333333 0.0020833333333333333 
4 0.72109375 0.7239583333333334 0.0046875 0.0020833333333333333 
4 0.7255208333333333 0.7401041666666667 0.003125 0.004166666666666667 
4 0.73125 0.7661458333333333 0.003125 0.004166666666666667 
4 0.72421875 0.7747395833333334 0.0026041666666666665 0.005729166666666666 
4 0.7174479166666666 0.7546875 0.0015625 0.005208333333333333 
4 0.7166666666666667 0.7614583333333333 0.0020833333333333333 0.005208333333333333 
4 0.7153645833333333 0.7658854166666667 0.0026041666666666665 0.0026041666666666665 
4 0.71484375 0.7705729166666667 0.0026041666666666665 0.0046875 
4 0.7135416666666666 0.7786458333333334 0.0020833333333333333 0.004166666666666667 
4 0.7114583333333333 0.7854166666666667 0.003125 0.004166666666666667 
4 0.7057291666666666 0.8182291666666667 0.0020833333333333333 0.004166666666666667 
4 0.7143229166666667 0.7252604166666666 0.0036458333333333334 0.0015625 
4 0.696875 0.7270833333333333 0.005208333333333333 0.003125 
4 0.7002604166666667 0.7864583333333334 0.0026041666666666665 0.004166666666666667 
4 0.6872395833333333 0.7291666666666666 0.005729166666666666 0.003125 
4 0.66328125 0.7359375 0.0078125 0.003125 
4 0.7041666666666667 0.79375 0.0020833333333333333 0.004166666666666667 
4 0.7052083333333333 0.8005208333333333 0.0020833333333333333 0.004166666666666667 
4 0.68828125 0.740625 0.0026041666666666665 0.005208333333333333 
4 0.68984375 0.7466145833333333 0.0026041666666666665 0.0046875 
4 0.690625 0.7526041666666666 0.003125 0.004166666666666667 
4 0.6916666666666667 0.7578125 0.0020833333333333333 0.004166666666666667 
4 0.69296875 0.7622395833333333 0.0026041666666666665 0.0036458333333333334 
4 0.6934895833333333 0.7671875 0.0026041666666666665 0.004166666666666667 
4 0.69453125 0.77109375 0.0015625 0.0036458333333333334 
4 0.69921875 0.7817708333333333 0.0026041666666666665 0.005208333333333333 
4 0.88359375 0.7338541666666667 0.0046875 0.0020833333333333333 
4 0.8822916666666667 0.7260416666666667 0.005208333333333333 0.0020833333333333333 
4 0.8815104166666666 0.72109375 0.0046875 0.0026041666666666665 
4 0.8877604166666667 0.4661458333333333 0.0046875 0.0020833333333333333 
4 0.88203125 0.46458333333333335 0.0036458333333333334 0.0020833333333333333 
4 0.8770833333333333 0.46458333333333335 0.005208333333333333 0.003125 
4 0.8713541666666667 0.4627604166666667 0.004166666666666667 0.0026041666666666665 
4 0.86640625 0.46197916666666666 0.0046875 0.0020833333333333333 
4 0.8565104166666667 0.46848958333333335 0.0046875 0.0026041666666666665 
4 0.8572916666666667 0.4747395833333333 0.005208333333333333 0.0015625 
4 0.8872395833333333 0.5549479166666667 0.0026041666666666665 0.0046875 
4 0.8908854166666667 0.5557291666666667 0.0036458333333333334 0.005208333333333333 
4 0.90390625 0.5505208333333333 0.0036458333333333334 0.004166666666666667 
4 0.90546875 0.5447916666666667 0.0036458333333333334 0.004166666666666667 
4 0.9033854166666667 0.5421875 0.0026041666666666665 0.004166666666666667 
4 0.90859375 0.5377604166666666 0.0015625 0.0036458333333333334 
4 0.9052083333333333 0.53671875 0.003125 0.0036458333333333334 
4 0.90703125 0.5317708333333333 0.0026041666666666665 0.003125 
4 0.9091145833333333 0.5270833333333333 0.0026041666666666665 0.004166666666666667 
4 0.9104166666666667 0.5049479166666667 0.003125 0.0046875 
4 0.9075520833333334 0.5005208333333333 0.0026041666666666665 0.004166666666666667 
4 0.90390625 0.496875 0.0036458333333333334 0.004166666666666667 
4 0.8989583333333333 0.4861979166666667 0.005208333333333333 0.0026041666666666665 
4 0.88359375 0.4822916666666667 0.0046875 0.0020833333333333333 
4 0.8856770833333333 0.48541666666666666 0.005729166666666666 0.003125 
4 0.8841145833333334 0.48880208333333336 0.0046875 0.0046875 
4 0.8786458333333333 0.48515625 0.00625 0.0026041666666666665 
4 0.8731770833333333 0.48385416666666664 0.0046875 0.004166666666666667 
4 0.87890625 0.49270833333333336 0.0036458333333333334 0.004166666666666667 
4 0.8809895833333333 0.49661458333333336 0.0036458333333333334 0.0046875 
4 0.8942708333333333 0.4674479166666667 0.004166666666666667 0.0026041666666666665 
4 0.8908854166666667 0.4596354166666667 0.0015625 0.0046875 
4 0.8888020833333333 0.459375 0.0026041666666666665 0.004166666666666667 
4 0.8708333333333333 0.5091145833333334 0.004166666666666667 0.0036458333333333334 
4 0.859375 0.4546875 0.005208333333333333 0.0020833333333333333 
4 0.8546875 0.4588541666666667 0.004166666666666667 0.0010416666666666667 
4 0.8552083333333333 0.46119791666666665 0.004166666666666667 0.0015625 
4 0.8557291666666667 0.46380208333333334 0.004166666666666667 0.0026041666666666665 
4 0.8427083333333333 0.46145833333333336 0.003125 0.003125 
4 0.8450520833333334 0.46015625 0.0015625 0.0036458333333333334 
4 0.8494791666666667 0.4661458333333333 0.0020833333333333333 0.005208333333333333 
4 0.8505208333333333 0.47552083333333334 0.0020833333333333333 0.005208333333333333 
4 0.8515625 0.48125 0.0020833333333333333 0.004166666666666667 
4 0.8526041666666667 0.4861979166666667 0.0020833333333333333 0.0036458333333333334 
4 0.8533854166666667 0.4921875 0.0015625 0.004166666666666667 
4 0.8611979166666667 0.5020833333333333 0.0036458333333333334 0.004166666666666667 
4 0.8825520833333333 0.5278645833333333 0.0036458333333333334 0.0046875 
4 0.8864583333333333 0.45807291666666666 0.0020833333333333333 0.0046875 
4 0.8807291666666667 0.5270833333333333 0.003125 0.004166666666666667 
4 0.87890625 0.525 0.0036458333333333334 0.005208333333333333 
4 0.8770833333333333 0.5234375 0.004166666666666667 0.004166666666666667 
4 0.875 0.5213541666666667 0.004166666666666667 0.004166666666666667 
4 0.8666666666666667 0.45234375 0.005208333333333333 0.0046875 
4 0.8703125 0.45208333333333334 0.0020833333333333333 0.004166666666666667 
4 0.8731770833333333 0.453125 0.0026041666666666665 0.005208333333333333 
4 0.8752604166666667 0.4546875 0.0026041666666666665 0.005208333333333333 
4 0.8778645833333333 0.4549479166666667 0.0026041666666666665 0.0046875 
4 0.8799479166666667 0.45598958333333334 0.0036458333333333334 0.0046875 
4 0.8817708333333333 0.45703125 0.003125 0.0046875 
4 0.8838541666666667 0.4578125 0.0020833333333333333 0.005208333333333333 
4 0.8734375 0.49114583333333334 0.0020833333333333333 0.004166666666666667 
4 0.8625 0.49505208333333334 0.005208333333333333 0.0026041666666666665 
4 0.8942708333333333 0.47890625 0.0020833333333333333 0.0036458333333333334 
4 0.8005208333333333 0.6078125 0.003125 0.005208333333333333 
4 0.7893229166666667 0.5515625 0.0046875 0.00625 
4 0.8830729166666667 0.6526041666666667 0.0036458333333333334 0.00625 
4 0.8375 0.6369791666666667 0.0020833333333333333 0.005208333333333333 
4 0.85234375 0.6572916666666667 0.0036458333333333334 0.004166666666666667 
4 0.8518229166666667 0.6796875 0.0036458333333333334 0.005208333333333333 
4 0.8388020833333333 0.6669270833333333 0.0026041666666666665 0.0046875 
4 0.9033854166666667 0.6575520833333334 0.0026041666666666665 0.005729166666666666 
4 0.8979166666666667 0.66015625 0.004166666666666667 0.0026041666666666665 
4 0.8984375 0.6627604166666666 0.005208333333333333 0.0026041666666666665 
4 0.8997395833333334 0.665625 0.0046875 0.003125 
4 0.8888020833333333 0.6674479166666667 0.0046875 0.0015625 
4 0.8888020833333333 0.66484375 0.005729166666666666 0.0015625 
4 0.8088541666666667 0.6578125 0.004166666666666667 0.00625 
4 0.8026041666666667 0.5299479166666666 0.008333333333333333 0.0026041666666666665 
4 0.8028645833333333 0.6984375 0.0036458333333333334 0.005208333333333333 
4 0.80078125 0.7033854166666667 0.0036458333333333334 0.005729166666666666 
4 0.7986979166666667 0.6942708333333333 0.0026041666666666665 0.004166666666666667 
4 0.7973958333333333 0.68828125 0.0020833333333333333 0.0036458333333333334 
4 0.8505208333333333 0.7671875 0.005208333333333333 0.003125 
4 0.8752604166666667 0.6822916666666666 0.0046875 0.0020833333333333333 
4 0.87578125 0.6856770833333333 0.0046875 0.0026041666666666665 
4 0.87578125 0.6908854166666667 0.005729166666666666 0.0036458333333333334 
4 0.8799479166666667 0.7106770833333333 0.0046875 0.0026041666666666665 
4 0.8794270833333333 0.71328125 0.0046875 0.0026041666666666665 
4 0.8796875 0.71640625 0.005208333333333333 0.0026041666666666665 
4 0.8807291666666667 0.7182291666666667 0.005208333333333333 0.003125 
5 0.7919270833333333 0.5377604166666666 0.008854166666666666 0.0109375 
4 0.8197916666666667 0.5481770833333334 0.0020833333333333333 0.0046875 
4 0.9065104166666667 0.4825520833333333 0.0026041666666666665 0.0046875 
4 0.8955729166666667 0.5848958333333333 0.0046875 0.005208333333333333 
4 0.9114583333333334 0.4856770833333333 0.003125 0.0036458333333333334 
4 0.8716145833333333 0.5015625 0.0036458333333333334 0.004166666666666667 
4 0.8677083333333333 0.4981770833333333 0.004166666666666667 0.0046875 
4 0.8765625 0.5065104166666666 0.003125 0.0036458333333333334 
4 0.8783854166666667 0.5083333333333333 0.0036458333333333334 0.004166666666666667 
4 0.8802083333333334 0.51015625 0.004166666666666667 0.0046875 
4 0.8828125 0.5140625 0.004166666666666667 0.0020833333333333333 
4 0.8830729166666667 0.5161458333333333 0.005729166666666666 0.0020833333333333333 
4 0.8927083333333333 0.5705729166666667 0.004166666666666667 0.0046875 
4 0.8966145833333333 0.5747395833333333 0.0036458333333333334 0.0046875 
4 0.9067708333333333 0.5846354166666666 0.004166666666666667 0.0046875 
4 0.9013020833333333 0.5796875 0.0046875 0.005208333333333333 
4 0.8984375 0.590625 0.004166666666666667 0.004166666666666667 
4 0.8244791666666667 0.5494791666666666 0.003125 0.00625 
4 0.8747395833333333 0.60859375 0.005729166666666666 0.0036458333333333334 
4 0.8658854166666666 0.5966145833333333 0.0046875 0.0036458333333333334 
4 0.853125 0.5888020833333333 0.00625 0.0036458333333333334 
4 0.846875 0.5877604166666667 0.005208333333333333 0.0036458333333333334 
4 0.8369791666666667 0.584375 0.00625 0.005208333333333333 
4 0.8346354166666666 0.5901041666666667 0.005729166666666666 0.005208333333333333 
4 0.8333333333333334 0.5747395833333333 0.0020833333333333333 0.0046875 
4 0.83046875 0.5578125 0.0026041666666666665 0.004166666666666667 
4 0.8283854166666667 0.5434895833333333 0.0026041666666666665 0.0046875 
4 0.8236979166666667 0.5229166666666667 0.0036458333333333334 0.005208333333333333 
4 0.8153645833333333 0.5171875 0.0067708333333333336 0.004166666666666667 
4 0.8127604166666667 0.525 0.0046875 0.005208333333333333 
4 0.8955729166666667 0.8690104166666667 0.0036458333333333334 0.0026041666666666665 
4 0.8950520833333333 0.8666666666666667 0.0046875 0.0020833333333333333 
4 0.8947916666666667 0.8640625 0.003125 0.0020833333333333333 
4 0.8940104166666667 0.86171875 0.0046875 0.0015625 
4 0.6072916666666667 0.7317708333333334 0.003125 0.005208333333333333 
4 0.8708333333333333 0.85546875 0.004166666666666667 0.0026041666666666665 
4 0.8705729166666667 0.8578125 0.0046875 0.0020833333333333333 
4 0.8723958333333334 0.8651041666666667 0.004166666666666667 0.0020833333333333333 
4 0.871875 0.8622395833333333 0.004166666666666667 0.0015625 
4 0.8713541666666667 0.86015625 0.004166666666666667 0.0015625 
4 0.88828125 0.86015625 0.0046875 0.0015625 
4 0.8885416666666667 0.8630208333333333 0.004166666666666667 0.0020833333333333333 
4 0.8893229166666666 0.8658854166666666 0.0036458333333333334 0.0026041666666666665 
4 0.890625 0.8697916666666666 0.004166666666666667 0.003125 
4 0.8364583333333333 0.84921875 0.0020833333333333333 0.0046875 
4 0.840625 0.8653645833333333 0.0020833333333333333 0.0036458333333333334 
4 0.8434895833333333 0.87265625 0.0026041666666666665 0.0046875 
4 0.89140625 0.8752604166666667 0.0046875 0.0026041666666666665 
4 0.8692708333333333 0.8497395833333333 0.004166666666666667 0.0015625 
4 0.8927083333333333 0.8799479166666667 0.004166666666666667 0.0015625 
4 0.8828125 0.8869791666666667 0.005208333333333333 0.0020833333333333333 
4 0.8825520833333333 0.8846354166666667 0.0046875 0.0015625 
4 0.878125 0.890625 0.004166666666666667 0.0020833333333333333 
4 0.8830729166666667 0.8921875 0.0036458333333333334 0.0020833333333333333 
4 0.87734375 0.8856770833333333 0.0036458333333333334 0.0026041666666666665 
4 0.8778645833333333 0.8880208333333334 0.0036458333333333334 0.0020833333333333333 
4 0.87421875 0.8734375 0.0046875 0.0020833333333333333 
4 0.8546875 0.8299479166666667 0.004166666666666667 0.0015625 
4 0.8546875 0.83203125 0.005208333333333333 0.0015625 
4 0.8552083333333333 0.83515625 0.005208333333333333 0.0026041666666666665 
4 0.85625 0.8372395833333334 0.005208333333333333 0.0026041666666666665 
4 0.8700520833333333 0.8526041666666667 0.0046875 0.0020833333333333333 
4 0.86875 0.8471354166666667 0.004166666666666667 0.0026041666666666665 
4 0.8651041666666667 0.8880208333333334 0.004166666666666667 0.0020833333333333333 
4 0.87890625 0.8697916666666666 0.0046875 0.0020833333333333333 
4 0.89375 0.8591145833333333 0.004166666666666667 0.0015625 
4 0.89296875 0.85703125 0.0046875 0.0015625 
4 0.8924479166666667 0.8541666666666666 0.0036458333333333334 0.0020833333333333333 
4 0.8872395833333333 0.85234375 0.0046875 0.0026041666666666665 
4 0.8911458333333333 0.84921875 0.003125 0.0015625 
4 0.8848958333333333 0.8421875 0.004166666666666667 0.0020833333333333333 
4 0.8841145833333334 0.8372395833333334 0.0036458333333333334 0.0026041666666666665 
4 0.8838541666666667 0.83515625 0.004166666666666667 0.0026041666666666665 
4 0.8895833333333333 0.8416666666666667 0.004166666666666667 0.003125 
4 0.8903645833333333 0.8447916666666667 0.0036458333333333334 0.0020833333333333333 
4 0.89140625 0.846875 0.0036458333333333334 0.0020833333333333333 
4 0.8723958333333334 0.8361979166666667 0.003125 0.0015625 
4 0.878125 0.8674479166666667 0.005208333333333333 0.0015625 
4 0.86875 0.8447916666666667 0.004166666666666667 0.0020833333333333333 
4 0.87734375 0.8645833333333334 0.0046875 0.0020833333333333333 
4 0.8770833333333333 0.8619791666666666 0.005208333333333333 0.0020833333333333333 
4 0.8768229166666667 0.8596354166666667 0.0046875 0.0015625 
4 0.8760416666666667 0.8572916666666667 0.005208333333333333 0.0020833333333333333 
4 0.8752604166666667 0.8518229166666667 0.0046875 0.0026041666666666665 
4 0.8752604166666667 0.8494791666666667 0.0046875 0.0020833333333333333 
4 0.8744791666666667 0.846875 0.005208333333333333 0.0020833333333333333 
4 0.8739583333333333 0.8442708333333333 0.004166666666666667 0.0020833333333333333 
4 0.8734375 0.8411458333333334 0.004166666666666667 0.0020833333333333333 
4 0.87265625 0.8388020833333333 0.0036458333333333334 0.0026041666666666665 
4 0.8682291666666667 0.8395833333333333 0.004166666666666667 0.0020833333333333333 
4 0.8684895833333334 0.8421875 0.0046875 0.0020833333333333333 
4 0.8658854166666666 0.890625 0.0046875 0.003125 
4 0.8645833333333334 0.88515625 0.004166666666666667 0.0026041666666666665 
4 0.88984375 0.9856770833333334 0.0046875 0.0036458333333333334 
4 0.8872395833333333 0.9963541666666667 0.0046875 0.004166666666666667 
4 0.8893229166666666 0.9950520833333333 0.0046875 0.0046875 
4 0.8869791666666667 0.9895833333333334 0.005208333333333333 0.004166666666666667 
4 0.8919270833333334 0.9841145833333333 0.0046875 0.0036458333333333334 
4 0.8888020833333333 0.9872395833333333 0.0046875 0.0036458333333333334 
4 0.87734375 0.984375 0.0046875 0.004166666666666667 
4 0.68671875 0.98046875 0.005729166666666666 0.005729166666666666 
4 0.8697916666666666 0.99296875 0.003125 0.0036458333333333334 
5 0.7122395833333334 0.96953125 0.011979166666666667 0.008854166666666666 
4 0.6888020833333334 0.9651041666666667 0.0036458333333333334 0.00625 
4 0.8640625 0.8830729166666667 0.005208333333333333 0.0026041666666666665 
4 0.8575520833333333 0.846875 0.0046875 0.0020833333333333333 
4 0.86328125 0.8807291666666667 0.0036458333333333334 0.003125 
4 0.8627604166666667 0.8776041666666666 0.0046875 0.0020833333333333333 
4 0.8622395833333333 0.875 0.005729166666666666 0.0020833333333333333 
4 0.86171875 0.8729166666666667 0.0046875 0.0010416666666666667 
4 0.8614583333333333 0.8700520833333333 0.005208333333333333 0.0026041666666666665 
4 0.8606770833333334 0.8677083333333333 0.0046875 0.0020833333333333333 
4 0.8604166666666667 0.865625 0.004166666666666667 0.0020833333333333333 
4 0.8596354166666667 0.8627604166666667 0.0046875 0.0026041666666666665 
4 0.8596354166666667 0.8598958333333333 0.0046875 0.0020833333333333333 
4 0.8591145833333333 0.85703125 0.0046875 0.0026041666666666665 
4 0.8583333333333333 0.8520833333333333 0.005208333333333333 0.0020833333333333333 
4 0.8572916666666667 0.84921875 0.004166666666666667 0.0015625 
4 0.85703125 0.8442708333333333 0.0046875 0.0020833333333333333 
4 0.6986979166666667 0.9723958333333333 0.005729166666666666 0.004166666666666667 
4 0.8567708333333334 0.8416666666666667 0.004166666666666667 0.0020833333333333333 
4 0.8567708333333334 0.83984375 0.004166666666666667 0.0015625 
4 0.8856770833333333 0.9455729166666667 0.0036458333333333334 0.0046875 
4 0.8877604166666667 0.9440104166666666 0.0036458333333333334 0.0046875 
4 0.8908854166666667 0.9104166666666667 0.0036458333333333334 0.005208333333333333 
4 0.8888020833333333 0.91171875 0.0036458333333333334 0.0036458333333333334 
4 0.88125 0.9151041666666667 0.003125 0.004166666666666667 
4 0.8578125 0.9216145833333333 0.003125 0.0046875 
4 0.8609375 0.92109375 0.003125 0.0046875 
4 0.88359375 0.9138020833333333 0.0036458333333333334 0.0046875 
4 0.5911458333333334 0.9760416666666667 0.0020833333333333333 0.004166666666666667 
4 0.7216145833333333 0.9388020833333334 0.0036458333333333334 0.0046875 
