0 0.4734375 0.42682291666666666 0.04375 0.0390625 
0 0.41640625 0.11875 0.0171875 0.014583333333333334 
0 0.41953125 0.17291666666666666 0.022395833333333334 0.01875 
0 0.40703125 0.16744791666666667 0.024479166666666666 0.022395833333333334 
0 0.3859375 0.12682291666666667 0.019791666666666666 0.018229166666666668 
0 0.39739583333333334 0.1234375 0.019791666666666666 0.013541666666666667 
14 0.40729166666666666 0.12239583333333333 0.0125 0.011458333333333333 
0 0.40182291666666664 0.10833333333333334 0.018229166666666668 0.014583333333333334 
0 0.3828125 0.10833333333333334 0.020833333333333332 0.017708333333333333 
0 0.4049479166666667 0.06015625 0.0234375 0.0234375 
0 0.3729166666666667 0.06979166666666667 0.020833333333333332 0.020833333333333332 
0 0.36171875 0.07239583333333334 0.0203125 0.01875 
0 0.35104166666666664 0.07682291666666667 0.019791666666666666 0.018229166666666668 
0 0.37578125 0.2908854166666667 0.05364583333333333 0.04635416666666667 
0 0.3536458333333333 0.2598958333333333 0.05416666666666667 0.04895833333333333 
0 0.30755208333333334 0.43359375 0.022395833333333334 0.0203125 
0 0.15416666666666667 0.23098958333333333 0.05 0.04010416666666667 
0 0.13489583333333333 0.19895833333333332 0.030208333333333334 0.023958333333333335 
0 0.1828125 0.4661458333333333 0.021875 0.017708333333333333 
0 0.09557291666666666 0.13645833333333332 0.021354166666666667 0.01875 
0 0.15729166666666666 0.46197916666666666 0.020833333333333332 0.021875 
0 0.13385416666666666 0.4544270833333333 0.020833333333333332 0.015104166666666667 
0 0.10677083333333333 0.4510416666666667 0.023958333333333335 0.01875 
0 0.08098958333333334 0.44635416666666666 0.024479166666666666 0.020833333333333332 
0 0.054427083333333334 0.44140625 0.024479166666666666 0.024479166666666666 
0 0.02734375 0.4359375 0.025520833333333333 0.023958333333333335 
0 0.00234375 0.42890625 0.024479166666666666 0.0234375 
0 0.09270833333333334 0.40130208333333334 0.016666666666666666 0.019270833333333334 
0 0.04088541666666667 0.3885416666666667 0.0171875 0.021875 
0 0.020052083333333335 0.38385416666666666 0.0203125 0.020833333333333332 
0 -0.0005208333333333333 0.378125 0.019791666666666666 0.016666666666666666 
0 0.4861979166666667 0.359375 0.05364583333333333 0.05 
0 0.8013020833333333 0.41510416666666666 0.04635416666666667 0.034375 
0 0.6901041666666666 0.3424479166666667 0.019791666666666666 0.0171875 
5 0.9572916666666667 0.32317708333333334 0.004166666666666667 0.008854166666666666 
5 0.9557291666666666 0.33307291666666666 0.004166666666666667 0.0078125 
5 0.9544270833333334 0.32421875 0.0036458333333333334 0.008854166666666666 
5 0.9510416666666667 0.3260416666666667 0.003125 0.008333333333333333 
5 0.9484375 0.32760416666666664 0.003125 0.0125 
5 0.93671875 0.30390625 0.008854166666666666 0.0026041666666666665 
5 0.9388020833333334 0.30755208333333334 0.0140625 0.0036458333333333334 
5 0.9364583333333333 0.3111979166666667 0.013541666666666667 0.0026041666666666665 
5 0.75859375 0.3723958333333333 0.0109375 0.00625 
5 0.9403645833333333 0.5221354166666666 0.008854166666666666 0.011979166666666667 
5 0.9807291666666667 0.5682291666666667 0.007291666666666667 0.011458333333333333 
5 0.98359375 0.5666666666666667 0.0067708333333333336 0.010416666666666666 
5 0.9752604166666666 0.5583333333333333 0.0067708333333333336 0.010416666666666666 
5 0.9651041666666667 0.5638020833333334 0.007291666666666667 0.009895833333333333 
5 0.9705729166666667 0.57421875 0.0067708333333333336 0.0109375 
5 0.9622395833333334 0.5708333333333333 0.005729166666666666 0.010416666666666666 
5 0.9859375 0.52421875 0.010416666666666666 0.009895833333333333 
0 0.6450520833333333 0.0375 0.0203125 0.017708333333333333 
0 0.6489583333333333 0.06666666666666667 0.017708333333333333 0.007291666666666667 
0 0.65 0.09479166666666666 0.017708333333333333 0.016666666666666666 
0 0.6630208333333333 0.121875 0.030208333333333334 0.022916666666666665 
0 0.6666666666666666 0.16432291666666668 0.023958333333333335 0.0203125 
0 0.7671875 0.19270833333333334 0.04375 0.035416666666666666 
0 0.6690104166666667 0.19244791666666666 0.024479166666666666 0.0203125 
0 0.6713541666666667 0.22630208333333332 0.017708333333333333 0.0203125 
0 0.7723958333333333 0.23020833333333332 0.040625 0.034375 
0 0.7817708333333333 0.30052083333333335 0.042708333333333334 0.034375 
0 0.14479166666666668 0.41354166666666664 0.01875 0.01875 
0 0.07109375 0.39609375 0.021354166666666667 0.021354166666666667 
0 0.921875 0.24453125 0.051041666666666666 0.0484375 
