4 0.8291666666666667 0.44114583333333335 0.004166666666666667 0.00625 
0 0.20234375 0.68671875 0.05677083333333333 0.044270833333333336 
0 0.33229166666666665 0.8036458333333333 0.03125 0.03854166666666667 
4 0.8684895833333334 0.49609375 0.0046875 0.005729166666666666 
0 0.34713541666666664 0.6153645833333333 0.04010416666666667 0.04114583333333333 
0 -0.009375 0.5393229166666667 0.05416666666666667 0.0484375 
0 0.04453125 0.67734375 0.05364583333333333 0.05364583333333333 
0 0.14270833333333333 0.6002604166666666 0.05625 0.0578125 
0 0.22604166666666667 0.6192708333333333 0.04791666666666667 0.04895833333333333 
0 0.2994791666666667 0.65078125 0.046875 0.0453125 
0 0.3888020833333333 0.6484375 0.049479166666666664 0.05 
0 0.44869791666666664 0.71484375 0.06197916666666667 0.05364583333333333 
0 0.17916666666666667 0.78125 0.041666666666666664 0.041666666666666664 
0 0.13645833333333332 0.7854166666666667 0.04375 0.04479166666666667 
0 0.915625 0.9145833333333333 0.027083333333333334 0.022916666666666665 
0 0.8875 0.88125 0.04479166666666667 0.0375 
0 0.8703125 0.8463541666666666 0.022916666666666665 0.016666666666666666 
0 0.5278645833333333 0.6270833333333333 0.0546875 0.04479166666666667 
0 0.590625 0.10286458333333333 0.034375 0.033854166666666664 
0 0.5169270833333334 0.10859375 0.0109375 0.0140625 
0 0.5276041666666667 0.10989583333333333 0.010416666666666666 0.013541666666666667 
0 0.5450520833333333 0.11380208333333333 0.0140625 0.0140625 
0 0.5606770833333333 0.11614583333333334 0.015104166666666667 0.016666666666666666 
0 0.5604166666666667 0.03177083333333333 0.029166666666666667 0.029166666666666667 
5 0.14817708333333332 0.11484375 0.009895833333333333 0.0067708333333333336 
5 0.16223958333333333 0.13177083333333334 0.0067708333333333336 0.010416666666666666 
5 0.19114583333333332 0.13541666666666666 0.013541666666666667 0.005208333333333333 
4 0.8122395833333333 0.27786458333333336 0.0067708333333333336 0.0026041666666666665 
4 0.81171875 0.2799479166666667 0.005729166666666666 0.0036458333333333334 
5 0.16901041666666666 0.5721354166666667 0.0067708333333333336 0.009895833333333333 
4 0.9484375 0.4981770833333333 0.004166666666666667 0.0036458333333333334 
4 0.8799479166666667 0.5328125 0.0046875 0.004166666666666667 
4 0.8768229166666667 0.5291666666666667 0.005729166666666666 0.003125 
4 0.803125 0.53515625 0.005208333333333333 0.0026041666666666665 
4 0.85234375 0.5393229166666667 0.0046875 0.0026041666666666665 
4 0.8041666666666667 0.28229166666666666 0.005208333333333333 0.003125 
4 0.78203125 0.27057291666666666 0.0046875 0.0026041666666666665 
4 0.8505208333333333 0.31197916666666664 0.0020833333333333333 0.005208333333333333 
4 0.8723958333333334 0.2994791666666667 0.00625 0.003125 
5 0.17604166666666668 0.5825520833333333 0.007291666666666667 0.009895833333333333 
5 0.16614583333333333 0.5734375 0.00625 0.010416666666666666 
5 0.7067708333333333 0.25859375 0.011458333333333333 0.0046875 
5 0.6817708333333333 0.25416666666666665 0.0125 0.005208333333333333 
4 0.7794270833333333 0.14375 0.0036458333333333334 0.004166666666666667 
4 0.7830729166666667 0.14348958333333334 0.0036458333333333334 0.0036458333333333334 
4 0.6091145833333333 0.24661458333333333 0.005729166666666666 0.0026041666666666665 
4 0.6346354166666667 0.25052083333333336 0.005729166666666666 0.003125 
4 0.6494791666666667 0.25364583333333335 0.00625 0.003125 
4 0.6692708333333334 0.24817708333333333 0.005208333333333333 0.0026041666666666665 
4 0.6723958333333333 0.25104166666666666 0.004166666666666667 0.0020833333333333333 
4 0.67265625 0.25755208333333335 0.0046875 0.0026041666666666665 
4 0.6606770833333333 0.2578125 0.0046875 0.003125 
4 0.6638020833333333 0.25364583333333335 0.005729166666666666 0.0020833333333333333 
4 0.7067708333333333 0.26901041666666664 0.00625 0.0026041666666666665 
4 0.6919270833333333 0.29010416666666666 0.0026041666666666665 0.005208333333333333 
4 0.7158854166666667 0.2635416666666667 0.005729166666666666 0.003125 
4 0.7276041666666667 0.2625 0.005208333333333333 0.0020833333333333333 
4 0.7411458333333333 0.2596354166666667 0.00625 0.0026041666666666665 
4 0.75234375 0.2721354166666667 0.0046875 0.0026041666666666665 
4 0.7604166666666666 0.27057291666666666 0.005208333333333333 0.0026041666666666665 
4 0.9984375 0.31588541666666664 0.005208333333333333 0.0026041666666666665 
4 0.9395833333333333 0.30546875 0.005208333333333333 0.0026041666666666665 
4 0.9278645833333333 0.3138020833333333 0.0046875 0.0026041666666666665 
4 0.8963541666666667 0.30052083333333335 0.00625 0.003125 
4 0.8911458333333333 0.30416666666666664 0.005208333333333333 0.003125 
