4 0.9528645833333333 0.25703125 0.0046875 0.0026041666666666665 
5 0.6177083333333333 0.7768229166666667 0.0125 0.0046875 
4 0.05078125 0.7830729166666667 0.0036458333333333334 0.0036458333333333334 
4 0.03515625 0.7859375 0.0046875 0.003125 
4 0.0390625 0.7864583333333334 0.003125 0.003125 
4 0.9169270833333333 0.6703125 0.005729166666666666 0.007291666666666667 
5 0.68359375 0.8669270833333333 0.0109375 0.0067708333333333336 
4 0.6984375 0.9276041666666667 0.00625 0.003125 
4 0.7127604166666667 0.9244791666666666 0.0046875 0.0020833333333333333 
4 0.7286458333333333 0.9265625 0.005208333333333333 0.0020833333333333333 
4 0.68828125 0.9369791666666667 0.005729166666666666 0.003125 
4 0.70703125 0.93515625 0.005729166666666666 0.0036458333333333334 
4 0.6864583333333333 0.9510416666666667 0.003125 0.004166666666666667 
4 0.6815104166666667 0.95234375 0.0036458333333333334 0.0046875 
4 0.6763020833333333 0.95078125 0.0036458333333333334 0.0046875 
4 0.6786458333333333 0.95703125 0.003125 0.0046875 
4 0.6872395833333333 0.96015625 0.0036458333333333334 0.0046875 
4 0.6809895833333334 0.9643229166666667 0.0036458333333333334 0.0046875 
0 0.058333333333333334 0.6317708333333333 0.04895833333333333 0.046875 
4 0.6080729166666666 0.9419270833333333 0.0046875 0.0036458333333333334 
4 0.6627604166666666 0.9815104166666667 0.0036458333333333334 0.0046875 
4 0.6588541666666666 0.9872395833333333 0.004166666666666667 0.0046875 
5 0.653125 0.98515625 0.007291666666666667 0.008854166666666666 
4 0.6669270833333333 0.9299479166666667 0.005729166666666666 0.0046875 
4 0.61015625 0.95234375 0.0036458333333333334 0.0015625 
0 0.6515625 0.2604166666666667 0.040625 0.04375 
0 0.6994791666666667 0.546875 0.029166666666666667 0.029166666666666667 
5 0.6979166666666666 0.6703125 0.013541666666666667 0.010416666666666666 
5 0.6958333333333333 0.68359375 0.0125 0.009895833333333333 
5 0.6934895833333333 0.6934895833333333 0.013020833333333334 0.009895833333333333 
5 0.6830729166666667 0.7096354166666666 0.011979166666666667 0.009895833333333333 
0 0.04635416666666667 0.27682291666666664 0.07395833333333333 0.0765625 
4 0.021354166666666667 0.8877604166666667 0.004166666666666667 0.0026041666666666665 
0 0.08723958333333333 -0.028645833333333332 0.09635416666666667 0.09791666666666667 
0 0.3572916666666667 0.7440104166666667 0.042708333333333334 0.03697916666666667 
0 0.33880208333333334 0.6640625 0.0359375 0.03229166666666667 
9 0.82109375 0.35390625 0.018229166666666668 0.018229166666666668 
5 0.8830729166666667 0.7278645833333334 0.0109375 0.011979166666666667 
5 0.86796875 0.7255208333333333 0.013020833333333334 0.0125 
5 0.78359375 0.8111979166666666 0.016145833333333335 0.011979166666666667 
5 0.6536458333333334 0.7677083333333333 0.013541666666666667 0.009375 
4 0.65078125 0.47369791666666666 0.0036458333333333334 0.005729166666666666 
5 0.646875 0.37213541666666666 0.005208333333333333 0.0078125 
4 0.13255208333333332 0.89375 0.0046875 0.003125 
4 0.11380208333333333 0.8940104166666667 0.0046875 0.0026041666666666665 
5 0.14609375 0.9161458333333333 0.005729166666666666 0.003125 
5 0.16484375 0.90546875 0.005729166666666666 0.0026041666666666665 
5 0.17760416666666667 0.91640625 0.007291666666666667 0.0026041666666666665 
5 0.21588541666666666 0.9184895833333333 0.0067708333333333336 0.0026041666666666665 
4 0.2171875 0.9234375 0.005208333333333333 0.003125 
5 0.24088541666666666 0.9203125 0.0067708333333333336 0.003125 
4 0.22916666666666666 0.9119791666666667 0.005208333333333333 0.003125 
4 0.25364583333333335 0.9135416666666667 0.005208333333333333 0.003125 
4 0.22369791666666666 0.9088541666666666 0.0046875 0.003125 
4 0.21197916666666666 0.9114583333333334 0.005208333333333333 0.003125 
4 0.2578125 0.9104166666666667 0.005208333333333333 0.003125 
4 0.11458333333333333 0.91640625 0.004166666666666667 0.0026041666666666665 
4 0.12838541666666667 0.94140625 0.0026041666666666665 0.0046875 
4 0.13151041666666666 0.94140625 0.0026041666666666665 0.0036458333333333334 
4 0.13411458333333334 0.94140625 0.0015625 0.0046875 
4 0.13697916666666668 0.9419270833333333 0.0020833333333333333 0.0046875 
4 0.15286458333333333 0.94765625 0.005729166666666666 0.0026041666666666665 
4 0.165625 0.9471354166666667 0.004166666666666667 0.0026041666666666665 
4 0.17552083333333332 0.9502604166666667 0.004166666666666667 0.0026041666666666665 
4 0.171875 0.9528645833333333 0.005208333333333333 0.0026041666666666665 
5 0.17734375 0.959375 0.005729166666666666 0.0020833333333333333 
5 0.175 0.95546875 0.005208333333333333 0.0026041666666666665 
5 0.178125 0.9619791666666667 0.005208333333333333 0.0020833333333333333 
4 0.13984375 0.94140625 0.0026041666666666665 0.005729166666666666 
4 0.14270833333333333 0.9419270833333333 0.0020833333333333333 0.0046875 
4 0.13984375 0.8830729166666667 0.0046875 0.0026041666666666665 
4 0.12552083333333333 0.8861979166666667 0.005208333333333333 0.0026041666666666665 
4 0.11458333333333333 0.8841145833333334 0.005208333333333333 0.0026041666666666665 
4 0.04296875 0.89921875 0.0067708333333333336 0.0026041666666666665 
0 0.0 -0.013020833333333334 0.07916666666666666 0.084375 
0 0.06041666666666667 0.36640625 0.075 0.07760416666666667 
5 0.06041666666666667 0.903125 0.009375 0.003125 
5 0.07317708333333334 0.8919270833333334 0.0067708333333333336 0.0026041666666666665 
4 0.0036458333333333334 0.84375 0.005208333333333333 0.0020833333333333333 
4 0.0125 0.84375 0.005208333333333333 0.003125 
4 0.09270833333333334 0.9020833333333333 0.00625 0.003125 
4 0.06484375 0.8997395833333334 0.0036458333333333334 0.0026041666666666665 
4 0.09817708333333333 0.884375 0.0046875 0.003125 
4 0.047135416666666666 0.9510416666666667 0.0026041666666666665 0.005208333333333333 
4 0.05390625 0.9528645833333333 0.0026041666666666665 0.0046875 
4 0.05859375 0.9528645833333333 0.0026041666666666665 0.0046875 
5 0.08958333333333333 0.7770833333333333 0.014583333333333334 0.005208333333333333 
5 0.18489583333333334 0.7838541666666666 0.007291666666666667 0.003125 
5 0.18671875 0.7875 0.0067708333333333336 0.003125 
5 0.18880208333333334 0.8015625 0.005729166666666666 0.003125 
4 0.21536458333333333 0.7981770833333334 0.0015625 0.0036458333333333334 
5 0.225 0.8703125 0.007291666666666667 0.005208333333333333 
4 0.19921875 0.8760416666666667 0.0046875 0.003125 
4 0.25677083333333334 0.8638020833333333 0.005208333333333333 0.0036458333333333334 
4 0.08177083333333333 0.88828125 0.004166666666666667 0.0026041666666666665 
4 0.14505208333333333 0.9424479166666667 0.0015625 0.0046875 
5 0.1484375 0.9421875 0.003125 0.00625 
5 0.15208333333333332 0.94296875 0.003125 0.005729166666666666 
4 0.40651041666666665 0.7541666666666667 0.0036458333333333334 0.005208333333333333 
0 0.14140625 0.040625 0.04635416666666667 0.04375 
5 0.37447916666666664 0.90390625 0.017708333333333333 0.0036458333333333334 
4 0.38177083333333334 0.90859375 0.005208333333333333 0.0036458333333333334 
4 0.3971354166666667 0.93515625 0.0046875 0.0036458333333333334 
4 0.42109375 0.925 0.005729166666666666 0.004166666666666667 
4 0.4552083333333333 0.9450520833333333 0.004166666666666667 0.0026041666666666665 
4 0.44088541666666664 0.9489583333333333 0.0067708333333333336 0.004166666666666667 
4 0.49375 0.9572916666666667 0.005208333333333333 0.003125 
4 0.4744791666666667 0.9234375 0.004166666666666667 0.003125 
4 0.50078125 0.9158854166666667 0.0036458333333333334 0.0036458333333333334 
4 0.47578125 0.8143229166666667 0.005729166666666666 0.0036458333333333334 
4 0.5565104166666667 0.9322916666666666 0.005729166666666666 0.005208333333333333 
0 0.17838541666666666 0.25026041666666665 0.0703125 0.07552083333333333 
4 0.5674479166666667 0.93984375 0.005729166666666666 0.0036458333333333334 
4 0.5796875 0.9401041666666666 0.00625 0.003125 
4 0.5390625 0.8440104166666667 0.0020833333333333333 0.0046875 
4 0.559375 0.8109375 0.004166666666666667 0.004166666666666667 
0 0.6005208333333333 0.00026041666666666666 0.046875 0.04010416666666667 
5 0.56953125 0.01171875 0.0036458333333333334 0.008854166666666666 
0 0.6174479166666667 0.10494791666666667 0.0546875 0.0421875 
0 0.6302083333333334 0.15520833333333334 0.04375 0.041666666666666664 
0 0.6453125 0.20677083333333332 0.03333333333333333 0.03958333333333333 
4 0.6328125 0.3723958333333333 0.003125 0.005208333333333333 
5 0.6286458333333333 0.3203125 0.008333333333333333 0.0125 
0 0.15390625 0.10390625 0.07760416666666667 0.06927083333333334 
0 0.190625 0.31302083333333336 0.06875 0.0625 
4 0.15572916666666667 0.94296875 0.0020833333333333333 0.0036458333333333334 
4 0.29192708333333334 0.9190104166666667 0.005729166666666666 0.0026041666666666665 
4 0.15833333333333333 0.9434895833333333 0.0020833333333333333 0.0046875 
4 0.16041666666666668 0.9434895833333333 0.0010416666666666667 0.0046875 
4 0.16223958333333333 0.9434895833333333 0.0015625 0.0046875 
4 0.16458333333333333 0.94296875 0.0020833333333333333 0.0046875 
5 0.16901041666666666 0.94375 0.0015625 0.005208333333333333 
5 0.17161458333333332 0.94453125 0.0036458333333333334 0.0046875 
5 0.17369791666666667 0.9458333333333333 0.0026041666666666665 0.005208333333333333 
4 0.15052083333333333 0.9559895833333333 0.005208333333333333 0.0046875 
4 0.27447916666666666 0.8994791666666667 0.005208333333333333 0.003125 
5 0.3619791666666667 0.9234375 0.00625 0.003125 
5 0.3684895833333333 0.9200520833333333 0.0067708333333333336 0.0026041666666666665 
5 0.3768229166666667 0.9114583333333334 0.0078125 0.003125 
4 0.3028645833333333 0.91328125 0.005729166666666666 0.0026041666666666665 
4 0.29192708333333334 0.8190104166666666 0.0046875 0.0036458333333333334 
4 0.2552083333333333 0.9015625 0.005208333333333333 0.003125 
4 0.2674479166666667 0.91796875 0.005729166666666666 0.0026041666666666665 
4 0.28046875 0.9151041666666667 0.005729166666666666 0.003125 
4 0.2765625 0.9221354166666667 0.005208333333333333 0.0026041666666666665 
4 0.3190104166666667 0.9018229166666667 0.0046875 0.0026041666666666665 
4 0.33645833333333336 0.9153645833333334 0.005208333333333333 0.0026041666666666665 
4 0.3611979166666667 0.9072916666666667 0.005729166666666666 0.003125 
4 0.3609375 0.9315104166666667 0.005208333333333333 0.0026041666666666665 
4 0.37395833333333334 0.9166666666666666 0.00625 0.003125 
4 0.29973958333333334 0.8549479166666667 0.005729166666666666 0.0036458333333333334 
4 0.34791666666666665 0.8489583333333334 0.005208333333333333 0.003125 
4 0.35546875 0.8528645833333334 0.005729166666666666 0.0036458333333333334 
4 0.9591145833333333 0.29270833333333335 0.0046875 0.004166666666666667 
4 0.95546875 0.0125 0.0036458333333333334 0.0020833333333333333 
4 0.8330729166666667 0.6763020833333333 0.0036458333333333334 0.0046875 
4 0.83203125 0.67421875 0.0036458333333333334 0.0046875 
4 0.8283854166666667 0.6705729166666666 0.0036458333333333334 0.0046875 
4 0.8260416666666667 0.6690104166666667 0.003125 0.0046875 
4 0.8247395833333333 0.6677083333333333 0.0036458333333333334 0.004166666666666667 
4 0.8231770833333333 0.6666666666666666 0.0036458333333333334 0.004166666666666667 
4 0.8213541666666667 0.6645833333333333 0.003125 0.004166666666666667 
4 0.81953125 0.6622395833333333 0.0036458333333333334 0.0036458333333333334 
4 0.8151041666666666 0.65703125 0.004166666666666667 0.0046875 
4 0.8127604166666667 0.6559895833333333 0.0036458333333333334 0.0036458333333333334 
4 0.859375 0.6838541666666667 0.004166666666666667 0.005208333333333333 
4 0.8513020833333333 0.6807291666666667 0.0036458333333333334 0.003125 
4 0.84921875 0.67890625 0.0036458333333333334 0.0036458333333333334 
4 0.8432291666666667 0.6625 0.003125 0.004166666666666667 
4 0.84140625 0.6604166666666667 0.0036458333333333334 0.004166666666666667 
4 0.8276041666666667 0.6479166666666667 0.004166666666666667 0.005208333333333333 
4 0.796875 0.6484375 0.004166666666666667 0.005208333333333333 
4 0.80078125 0.6510416666666666 0.0036458333333333334 0.004166666666666667 
4 0.7994791666666666 0.64921875 0.003125 0.0046875 
4 0.7934895833333333 0.6447916666666667 0.0036458333333333334 0.004166666666666667 
4 0.7901041666666667 0.6424479166666667 0.004166666666666667 0.0036458333333333334 
4 0.7924479166666667 0.6385416666666667 0.0036458333333333334 0.004166666666666667 
4 0.7971354166666667 0.6424479166666667 0.0036458333333333334 0.0036458333333333334 
4 0.8020833333333334 0.64609375 0.005208333333333333 0.0046875 
4 0.8057291666666667 0.64921875 0.003125 0.0046875 
4 0.8078125 0.6515625 0.003125 0.004166666666666667 
4 0.809375 0.653125 0.004166666666666667 0.004166666666666667 
4 0.834375 0.6783854166666666 0.004166666666666667 0.0046875 
4 0.8302083333333333 0.6729166666666667 0.004166666666666667 0.004166666666666667 
4 0.83671875 0.6559895833333333 0.0036458333333333334 0.0046875 
4 0.8044270833333333 0.74609375 0.0036458333333333334 0.0036458333333333334 
4 0.9294270833333333 0.011979166666666667 0.0046875 0.003125 
4 0.9010416666666666 0.028385416666666666 0.005208333333333333 0.0026041666666666665 
4 0.9010416666666666 0.025520833333333333 0.004166666666666667 0.0020833333333333333 
4 0.9005208333333333 0.022916666666666665 0.004166666666666667 0.0020833333333333333 
4 0.89921875 0.018229166666666668 0.0046875 0.0020833333333333333 
4 0.7872395833333333 0.6440104166666667 0.0036458333333333334 0.0046875 
4 0.8463541666666666 0.6908854166666667 0.004166666666666667 0.0046875 
4 0.84453125 0.6893229166666667 0.0036458333333333334 0.0036458333333333334 
4 0.7669270833333334 0.7270833333333333 0.0046875 0.004166666666666667 
4 0.83984375 0.6591145833333333 0.0046875 0.0046875 
4 0.79921875 0.74765625 0.0046875 0.0036458333333333334 
4 0.7979166666666667 0.7453125 0.004166666666666667 0.003125 
4 0.7966145833333333 0.7432291666666667 0.0036458333333333334 0.004166666666666667 
4 0.7921875 0.73828125 0.004166666666666667 0.0036458333333333334 
4 0.8018229166666667 0.7432291666666667 0.0046875 0.004166666666666667 
4 0.8005208333333333 0.7403645833333333 0.004166666666666667 0.0036458333333333334 
4 0.7986979166666667 0.7385416666666667 0.0046875 0.004166666666666667 
4 0.8182291666666667 0.7361979166666667 0.004166666666666667 0.0036458333333333334 
4 0.8278645833333333 0.7294270833333333 0.0046875 0.0036458333333333334 
4 0.8166666666666667 0.6596354166666667 0.003125 0.0046875 
4 0.8393229166666667 0.6830729166666667 0.0046875 0.0036458333333333334 
4 0.8515625 0.69921875 0.004166666666666667 0.0036458333333333334 
4 0.8111979166666666 0.6546875 0.0036458333333333334 0.004166666666666667 
4 0.84765625 0.6934895833333333 0.0036458333333333334 0.0036458333333333334 
4 0.8486979166666667 0.6950520833333333 0.0046875 0.0036458333333333334 
4 0.8377604166666667 0.7151041666666667 0.0036458333333333334 0.004166666666666667 
4 0.8447916666666667 0.7158854166666667 0.004166666666666667 0.0036458333333333334 
4 0.8427083333333333 0.7143229166666667 0.003125 0.0036458333333333334 
4 0.84140625 0.71171875 0.0036458333333333334 0.0036458333333333334 
4 0.8390625 0.7098958333333333 0.005208333333333333 0.004166666666666667 
4 0.8377604166666667 0.7067708333333333 0.0036458333333333334 0.004166666666666667 
4 0.8359375 0.7049479166666667 0.003125 0.0036458333333333334 
4 0.834375 0.7033854166666667 0.004166666666666667 0.0036458333333333334 
4 0.8328125 0.7010416666666667 0.004166666666666667 0.004166666666666667 
4 0.83125 0.6989583333333333 0.004166666666666667 0.004166666666666667 
4 0.8296875 0.696875 0.003125 0.004166666666666667 
4 0.840625 0.71875 0.004166666666666667 0.004166666666666667 
4 0.8393229166666667 0.7169270833333333 0.0036458333333333334 0.0036458333333333334 
4 0.8359375 0.7130208333333333 0.004166666666666667 0.004166666666666667 
4 0.8033854166666666 0.6544270833333333 0.0036458333333333334 0.0046875 
4 0.8333333333333334 0.71015625 0.005208333333333333 0.0046875 
4 0.8315104166666667 0.7078125 0.0046875 0.004166666666666667 
4 0.8302083333333333 0.70625 0.004166666666666667 0.004166666666666667 
4 0.8286458333333333 0.7046875 0.005208333333333333 0.004166666666666667 
4 0.8278645833333333 0.7020833333333333 0.0036458333333333334 0.004166666666666667 
4 0.8255208333333334 0.6997395833333333 0.004166666666666667 0.0036458333333333334 
4 0.8315104166666667 0.7260416666666667 0.0046875 0.004166666666666667 
4 0.8299479166666667 0.72421875 0.0046875 0.0036458333333333334 
4 0.8291666666666667 0.7221354166666667 0.004166666666666667 0.0046875 
4 0.8268229166666666 0.7205729166666667 0.0046875 0.0036458333333333334 
4 0.82578125 0.7182291666666667 0.0036458333333333334 0.004166666666666667 
4 0.8236979166666667 0.7169270833333333 0.0036458333333333334 0.0036458333333333334 
4 0.8018229166666667 0.6528645833333333 0.0046875 0.0046875 
4 0.80546875 0.65625 0.0036458333333333334 0.003125 
4 0.85 0.6966145833333334 0.004166666666666667 0.0036458333333333334 
4 0.83125 0.6815104166666667 0.004166666666666667 0.0036458333333333334 
4 0.8544270833333333 0.7026041666666667 0.0036458333333333334 0.003125 
4 0.8533854166666667 0.70078125 0.0036458333333333334 0.0036458333333333334 
4 0.85234375 0.7072916666666667 0.0036458333333333334 0.003125 
4 0.85078125 0.70546875 0.0036458333333333334 0.0036458333333333334 
4 0.8481770833333333 0.70234375 0.0036458333333333334 0.0036458333333333334 
4 0.8466145833333333 0.7002604166666667 0.0036458333333333334 0.0036458333333333334 
4 0.84453125 0.6981770833333333 0.0046875 0.0046875 
4 0.84296875 0.6958333333333333 0.0036458333333333334 0.003125 
4 0.8416666666666667 0.69453125 0.004166666666666667 0.0036458333333333334 
4 0.8395833333333333 0.6927083333333334 0.005208333333333333 0.005208333333333333 
4 0.83828125 0.690625 0.0046875 0.005208333333333333 
4 0.83671875 0.6890625 0.0046875 0.004166666666666667 
4 0.8299479166666667 0.6802083333333333 0.0036458333333333334 0.004166666666666667 
4 0.8072916666666666 0.6575520833333334 0.004166666666666667 0.0036458333333333334 
4 0.8283854166666667 0.678125 0.0036458333333333334 0.003125 
4 0.8268229166666666 0.6760416666666667 0.0036458333333333334 0.004166666666666667 
4 0.8247395833333333 0.6752604166666667 0.0036458333333333334 0.0046875 
4 0.82265625 0.6734375 0.0036458333333333334 0.004166666666666667 
4 0.8213541666666667 0.671875 0.003125 0.004166666666666667 
4 0.81953125 0.6700520833333333 0.0036458333333333334 0.0046875 
4 0.8177083333333334 0.6677083333333333 0.004166666666666667 0.004166666666666667 
4 0.8158854166666667 0.6661458333333333 0.0036458333333333334 0.004166666666666667 
4 0.8145833333333333 0.6645833333333333 0.003125 0.004166666666666667 
4 0.8127604166666667 0.6630208333333333 0.0036458333333333334 0.004166666666666667 
4 0.8111979166666666 0.6614583333333334 0.0036458333333333334 0.004166666666666667 
4 0.8091145833333333 0.659375 0.0036458333333333334 0.004166666666666667 
4 0.9388020833333334 0.013802083333333333 0.0026041666666666665 0.0046875 
4 0.9497395833333333 0.011458333333333333 0.0036458333333333334 0.0020833333333333333 
4 0.7708333333333334 0.6486979166666667 0.003125 0.0046875 
4 0.93671875 0.043229166666666666 0.0046875 0.003125 
5 0.7901041666666667 0.7919270833333333 0.013541666666666667 0.009895833333333333 
4 0.66796875 0.8609375 0.0067708333333333336 0.005208333333333333 
4 0.6513020833333333 0.8630208333333333 0.0067708333333333336 0.004166666666666667 
4 0.6299479166666667 0.8713541666666667 0.0046875 0.004166666666666667 
4 0.7208333333333333 0.8700520833333333 0.0020833333333333333 0.0046875 
4 0.7182291666666667 0.86328125 0.003125 0.0046875 
4 0.7177083333333333 0.8697916666666666 0.003125 0.005208333333333333 
4 0.7138020833333333 0.8700520833333333 0.0026041666666666665 0.0036458333333333334 
4 0.7096354166666666 0.86953125 0.0036458333333333334 0.0046875 
4 0.9114583333333334 0.9502604166666667 0.00625 0.0036458333333333334 
4 0.9234375 0.971875 0.005208333333333333 0.004166666666666667 
4 0.88828125 0.9463541666666667 0.0046875 0.003125 
4 0.86953125 0.94296875 0.005729166666666666 0.0026041666666666665 
4 0.8393229166666667 0.9296875 0.005729166666666666 0.003125 
4 0.7799479166666666 0.9278645833333333 0.005729166666666666 0.0026041666666666665 
4 0.7817708333333333 0.93125 0.005208333333333333 0.0020833333333333333 
4 0.765625 0.9669270833333333 0.007291666666666667 0.0046875 
4 0.7625 0.9450520833333333 0.0020833333333333333 0.0036458333333333334 
4 0.7588541666666667 0.95078125 0.003125 0.0046875 
4 0.7484375 0.9598958333333333 0.005208333333333333 0.005208333333333333 
4 0.7479166666666667 0.946875 0.004166666666666667 0.005208333333333333 
4 0.74453125 0.9528645833333333 0.0046875 0.0036458333333333334 
4 0.7416666666666667 0.9580729166666667 0.005208333333333333 0.0046875 
4 0.7361979166666667 0.9596354166666666 0.0046875 0.0036458333333333334 
4 0.7333333333333333 0.965625 0.005208333333333333 0.004166666666666667 
4 0.7203125 0.9684895833333333 0.004166666666666667 0.0026041666666666665 
5 0.7557291666666667 0.9481770833333333 0.010416666666666666 0.0171875 
4 0.7190104166666667 0.8528645833333334 0.005729166666666666 0.0046875 
5 0.7203125 0.8151041666666666 0.004166666666666667 0.011458333333333333 
4 0.7205729166666667 0.8046875 0.0026041666666666665 0.005208333333333333 
4 0.6942708333333333 0.7932291666666667 0.005208333333333333 0.003125 
4 0.76640625 0.6708333333333333 0.0036458333333333334 0.005208333333333333 
4 0.7651041666666667 0.6765625 0.003125 0.004166666666666667 
4 0.7640625 0.6833333333333333 0.003125 0.005208333333333333 
4 0.76328125 0.6893229166666667 0.0026041666666666665 0.0046875 
4 0.76171875 0.6958333333333333 0.0026041666666666665 0.004166666666666667 
4 0.7611979166666667 0.70078125 0.0036458333333333334 0.0046875 
4 0.7578125 0.7197916666666667 0.0020833333333333333 0.005208333333333333 
4 0.75625 0.7276041666666667 0.003125 0.005208333333333333 
4 0.7559895833333333 0.7333333333333333 0.0026041666666666665 0.004166666666666667 
4 0.7544270833333333 0.7458333333333333 0.0026041666666666665 0.005208333333333333 
4 0.7536458333333333 0.7544270833333333 0.003125 0.0046875 
4 0.6864583333333333 0.790625 0.004166666666666667 0.003125 
4 0.7015625 0.7979166666666667 0.004166666666666667 0.004166666666666667 
4 0.7216145833333333 0.7966145833333333 0.0026041666666666665 0.005729166666666666 
4 0.7065104166666667 0.8044270833333333 0.0036458333333333334 0.0046875 
4 0.709375 0.8104166666666667 0.003125 0.005208333333333333 
4 0.7135416666666666 0.8130208333333333 0.003125 0.005208333333333333 
4 0.71640625 0.8169270833333333 0.0026041666666666665 0.005729166666666666 
4 0.7127604166666667 0.8223958333333333 0.0026041666666666665 0.005208333333333333 
4 0.7369791666666666 0.82265625 0.005208333333333333 0.0046875 
4 0.7346354166666667 0.8463541666666666 0.0046875 0.004166666666666667 
4 0.7390625 0.8393229166666667 0.005208333333333333 0.0036458333333333334 
4 0.7513020833333334 0.8315104166666667 0.0036458333333333334 0.0036458333333333334 
4 0.7625 0.82109375 0.004166666666666667 0.0036458333333333334 
4 0.82578125 0.7799479166666666 0.0046875 0.0046875 
4 0.8614583333333333 0.7463541666666667 0.005208333333333333 0.005208333333333333 
5 0.73515625 0.9692708333333333 0.0109375 0.00625 
4 0.6841145833333333 0.95625 0.0036458333333333334 0.004166666666666667 
4 0.6934895833333333 0.9596354166666666 0.0046875 0.0036458333333333334 
4 0.8236979166666667 0.6549479166666666 0.0046875 0.0046875 
4 0.7731770833333333 0.73125 0.0036458333333333334 0.004166666666666667 
4 0.7708333333333334 0.7286458333333333 0.004166666666666667 0.004166666666666667 
4 0.8546875 0.6841145833333333 0.005208333333333333 0.0046875 
4 0.8630208333333333 0.69609375 0.004166666666666667 0.0036458333333333334 
4 0.8611979166666667 0.6934895833333333 0.0046875 0.0046875 
4 0.7908854166666667 0.628125 0.0036458333333333334 0.004166666666666667 
4 0.7921875 0.6309895833333333 0.003125 0.0036458333333333334 
4 0.8015625 0.6346354166666667 0.003125 0.0046875 
4 0.8216145833333334 0.6434895833333333 0.0036458333333333334 0.0046875 
4 0.8505208333333333 0.67421875 0.004166666666666667 0.0036458333333333334 
4 0.8356770833333333 0.6666666666666666 0.0036458333333333334 0.004166666666666667 
4 0.8317708333333333 0.6630208333333333 0.004166666666666667 0.004166666666666667 
4 0.8205729166666667 0.6518229166666667 0.0036458333333333334 0.0036458333333333334 
4 0.7768229166666667 0.7354166666666667 0.0046875 0.004166666666666667 
4 0.8567708333333334 0.7046875 0.003125 0.004166666666666667 
4 0.85390625 0.6760416666666667 0.0026041666666666665 0.003125 
4 0.8453125 0.6638020833333333 0.003125 0.0036458333333333334 
4 0.8455729166666667 0.6674479166666667 0.0036458333333333334 0.0036458333333333334 
4 0.07265625 0.13203125 0.0026041666666666665 0.0046875 
4 0.775 0.73359375 0.004166666666666667 0.0046875 
4 0.7791666666666667 0.7395833333333334 0.004166666666666667 0.004166666666666667 
4 0.6890625 0.9575520833333333 0.003125 0.0036458333333333334 
4 0.7908854166666667 0.75390625 0.0036458333333333334 0.0036458333333333334 
4 0.7640625 0.7716145833333333 0.003125 0.0026041666666666665 
4 0.7625 0.7692708333333333 0.004166666666666667 0.003125 
4 0.7598958333333333 0.7677083333333333 0.004166666666666667 0.003125 
4 0.7567708333333333 0.7643229166666666 0.004166666666666667 0.0046875 
4 0.7765625 0.7619791666666667 0.005208333333333333 0.004166666666666667 
4 0.7692708333333333 0.7609375 0.004166666666666667 0.003125 
4 0.7723958333333333 0.7559895833333333 0.004166666666666667 0.0036458333333333334 
4 0.7651041666666667 0.75546875 0.005208333333333333 0.0046875 
11 0.7140625 0.9291666666666667 0.07395833333333333 0.075 
4 0.7609375 0.7494791666666667 0.004166666666666667 0.003125 
4 0.7630208333333334 0.7447916666666666 0.005208333333333333 0.004166666666666667 
4 0.7854166666666667 0.75546875 0.005208333333333333 0.0036458333333333334 
4 0.7893229166666667 0.7520833333333333 0.0036458333333333334 0.004166666666666667 
4 0.78203125 0.7424479166666667 0.0036458333333333334 0.0046875 
4 0.7872395833333333 0.7505208333333333 0.0036458333333333334 0.003125 
4 0.7815104166666667 0.74921875 0.0046875 0.0046875 
4 0.778125 0.7453125 0.004166666666666667 0.003125 
4 0.76796875 0.7502604166666667 0.0046875 0.0036458333333333334 
4 0.7661458333333333 0.7484375 0.004166666666666667 0.005208333333333333 
4 0.7708333333333334 0.75390625 0.005208333333333333 0.0046875 
4 0.775 0.7416666666666667 0.004166666666666667 0.004166666666666667 
4 0.7739583333333333 0.7401041666666667 0.004166666666666667 0.004166666666666667 
4 0.7723958333333333 0.73828125 0.004166666666666667 0.0046875 
4 0.7700520833333333 0.7359375 0.0046875 0.005208333333333333 
4 0.7666666666666667 0.7328125 0.004166666666666667 0.004166666666666667 
4 0.7846354166666667 0.7466145833333333 0.0036458333333333334 0.005729166666666666 
4 0.82265625 0.7151041666666667 0.0046875 0.003125 
4 0.8205729166666667 0.7130208333333333 0.0036458333333333334 0.004166666666666667 
4 0.8182291666666667 0.709375 0.005208333333333333 0.004166666666666667 
4 0.8166666666666667 0.7065104166666667 0.004166666666666667 0.0036458333333333334 
4 0.834375 0.65390625 0.004166666666666667 0.0046875 
4 0.8328125 0.6520833333333333 0.003125 0.005208333333333333 
4 0.8309895833333333 0.6510416666666666 0.0036458333333333334 0.005208333333333333 
4 0.8291666666666667 0.6494791666666667 0.004166666666666667 0.005208333333333333 
4 0.82578125 0.6458333333333334 0.0046875 0.005208333333333333 
4 0.8236979166666667 0.64453125 0.0036458333333333334 0.0046875 
4 0.8190104166666666 0.6424479166666667 0.0036458333333333334 0.0046875 
4 0.7716145833333333 0.6916666666666667 0.0036458333333333334 0.004166666666666667 
4 0.7690104166666667 0.6901041666666666 0.0036458333333333334 0.005208333333333333 
4 0.7869791666666667 0.7075520833333333 0.004166666666666667 0.0036458333333333334 
4 0.7911458333333333 0.7059895833333333 0.004166666666666667 0.0046875 
4 0.7869791666666667 0.7010416666666667 0.004166666666666667 0.004166666666666667 
4 0.8591145833333333 0.690625 0.0036458333333333334 0.003125 
4 0.66796875 0.5401041666666667 0.0046875 0.004166666666666667 
4 0.8166666666666667 0.6411458333333333 0.004166666666666667 0.005208333333333333 
4 0.81328125 0.6388020833333333 0.0036458333333333334 0.0046875 
4 0.8109375 0.6380208333333334 0.004166666666666667 0.005208333333333333 
4 0.8578125 0.6885416666666667 0.004166666666666667 0.004166666666666667 
4 0.7848958333333333 0.70546875 0.004166666666666667 0.0046875 
4 0.7830729166666667 0.7041666666666667 0.0036458333333333334 0.004166666666666667 
4 0.7799479166666666 0.6932291666666667 0.0046875 0.005208333333333333 
4 0.7817708333333333 0.69453125 0.004166666666666667 0.0046875 
4 0.7778645833333333 0.6984375 0.0036458333333333334 0.004166666666666667 
4 0.7763020833333333 0.6963541666666667 0.0036458333333333334 0.004166666666666667 
4 0.7744791666666667 0.69453125 0.004166666666666667 0.0046875 
4 0.7731770833333333 0.6924479166666667 0.0046875 0.0046875 
4 0.8455729166666667 0.6770833333333334 0.0046875 0.004166666666666667 
4 0.8419270833333333 0.6854166666666667 0.0046875 0.004166666666666667 
4 0.84375 0.6875 0.005208333333333333 0.004166666666666667 
4 0.8557291666666667 0.6786458333333333 0.004166666666666667 0.004166666666666667 
4 0.8609375 0.6848958333333334 0.004166666666666667 0.004166666666666667 
4 0.7903645833333334 0.7036458333333333 0.0036458333333333334 0.004166666666666667 
4 0.8630208333333333 0.68671875 0.003125 0.0046875 
4 0.7924479166666667 0.72890625 0.0046875 0.0046875 
4 0.7901041666666667 0.7263020833333333 0.005208333333333333 0.0036458333333333334 
4 0.796875 0.7359375 0.004166666666666667 0.004166666666666667 
4 0.7940104166666667 0.73984375 0.0046875 0.0046875 
4 0.6841145833333333 0.9611979166666667 0.0046875 0.0046875 
4 0.5734375 0.98125 0.005208333333333333 0.005208333333333333 
4 0.7140625 0.8635416666666667 0.0020833333333333333 0.004166666666666667 
4 0.7127604166666667 0.2721354166666667 0.0046875 0.0026041666666666665 
4 0.9653645833333333 0.32578125 0.0036458333333333334 0.0026041666666666665 
4 0.9645833333333333 0.32317708333333334 0.004166666666666667 0.0026041666666666665 
4 0.9635416666666666 0.32005208333333335 0.004166666666666667 0.0026041666666666665 
4 0.7885416666666667 0.7015625 0.003125 0.004166666666666667 
4 0.7934895833333333 0.7083333333333334 0.0036458333333333334 0.004166666666666667 
4 0.80859375 0.6372395833333333 0.0036458333333333334 0.0046875 
4 0.796875 0.6630208333333333 0.004166666666666667 0.005208333333333333 
4 0.8065104166666667 0.6372395833333333 0.0036458333333333334 0.0046875 
4 0.8041666666666667 0.6359375 0.004166666666666667 0.005208333333333333 
4 0.7947916666666667 0.63203125 0.004166666666666667 0.0046875 
4 0.7973958333333333 0.6328125 0.0020833333333333333 0.004166666666666667 
4 0.7997395833333333 0.63359375 0.0036458333333333334 0.0046875 
4 0.7807291666666667 0.6471354166666666 0.003125 0.0046875 
4 0.7786458333333334 0.6458333333333334 0.004166666666666667 0.005208333333333333 
4 0.7864583333333334 0.65234375 0.003125 0.0046875 
4 0.7885416666666667 0.6541666666666667 0.004166666666666667 0.005208333333333333 
4 0.7901041666666667 0.6559895833333333 0.004166666666666667 0.005729166666666666 
4 0.7919270833333333 0.6580729166666667 0.0036458333333333334 0.0046875 
4 0.79453125 0.6609375 0.0046875 0.005208333333333333 
4 0.7989583333333333 0.6651041666666667 0.004166666666666667 0.005208333333333333 
4 0.7953125 0.709375 0.004166666666666667 0.004166666666666667 
4 0.7869791666666667 0.66015625 0.004166666666666667 0.0036458333333333334 
4 0.78515625 0.6583333333333333 0.0036458333333333334 0.004166666666666667 
4 0.7791666666666667 0.65234375 0.004166666666666667 0.0046875 
4 0.7802083333333333 0.6700520833333333 0.004166666666666667 0.0036458333333333334 
4 0.7817708333333333 0.671875 0.004166666666666667 0.005208333333333333 
4 0.7833333333333333 0.6734375 0.004166666666666667 0.004166666666666667 
4 0.7864583333333334 0.6763020833333333 0.003125 0.0036458333333333334 
4 0.7885416666666667 0.678125 0.004166666666666667 0.004166666666666667 
4 0.7901041666666667 0.6794270833333333 0.004166666666666667 0.0036458333333333334 
4 0.7919270833333333 0.68125 0.0036458333333333334 0.004166666666666667 
4 0.7947916666666667 0.6911458333333333 0.004166666666666667 0.004166666666666667 
4 0.7966145833333333 0.6934895833333333 0.0036458333333333334 0.0046875 
4 0.7640625 0.7234375 0.003125 0.004166666666666667 
4 0.7778645833333333 0.6684895833333333 0.0036458333333333334 0.0036458333333333334 
4 0.7760416666666666 0.66640625 0.003125 0.0036458333333333334 
4 0.8138020833333334 0.73984375 0.0036458333333333334 0.0036458333333333334 
4 0.8018229166666667 0.67421875 0.0036458333333333334 0.0036458333333333334 
4 0.7997395833333333 0.67265625 0.0036458333333333334 0.0036458333333333334 
4 0.7994791666666666 0.6669270833333333 0.004166666666666667 0.0046875 
4 0.796875 0.6705729166666666 0.004166666666666667 0.0036458333333333334 
4 0.7932291666666667 0.6669270833333333 0.003125 0.0036458333333333334 
4 0.78984375 0.6635416666666667 0.0036458333333333334 0.004166666666666667 
4 0.7880208333333333 0.6622395833333333 0.003125 0.0046875 
4 0.7833333333333333 0.6559895833333333 0.004166666666666667 0.0036458333333333334 
4 0.7817708333333333 0.6541666666666667 0.003125 0.004166666666666667 
4 0.7848958333333333 0.65078125 0.003125 0.0036458333333333334 
4 0.7828125 0.64921875 0.003125 0.0036458333333333334 
4 0.81640625 0.7348958333333333 0.0036458333333333334 0.003125 
4 0.8125 0.73828125 0.004166666666666667 0.0036458333333333334 
4 0.8049479166666667 0.678125 0.0036458333333333334 0.004166666666666667 
4 0.81484375 0.7325520833333333 0.0036458333333333334 0.0036458333333333334 
4 0.8109375 0.7359375 0.003125 0.003125 
4 0.81328125 0.7307291666666667 0.0036458333333333334 0.003125 
4 0.809375 0.7338541666666667 0.003125 0.003125 
4 0.81171875 0.7283854166666667 0.0036458333333333334 0.0036458333333333334 
4 0.8080729166666667 0.7315104166666667 0.0036458333333333334 0.0036458333333333334 
4 0.8106770833333333 0.7265625 0.0036458333333333334 0.003125 
4 0.8065104166666667 0.7291666666666666 0.0036458333333333334 0.004166666666666667 
4 0.8083333333333333 0.7247395833333333 0.004166666666666667 0.0036458333333333334 
4 0.8044270833333333 0.7276041666666667 0.0036458333333333334 0.004166666666666667 
4 0.80703125 0.7229166666666667 0.0036458333333333334 0.003125 
4 0.8057291666666667 0.7216145833333333 0.004166666666666667 0.0036458333333333334 
4 0.803125 0.6765625 0.004166666666666667 0.004166666666666667 
4 0.80625 0.6796875 0.003125 0.004166666666666667 
4 0.8046875 0.7190104166666667 0.004166666666666667 0.0036458333333333334 
4 0.8169270833333333 0.6833333333333333 0.0036458333333333334 0.004166666666666667 
4 0.8260416666666667 0.7268229166666667 0.003125 0.0036458333333333334 
4 0.8239583333333333 0.725 0.004166666666666667 0.004166666666666667 
4 0.8221354166666667 0.7231770833333333 0.0046875 0.0046875 
4 0.8197916666666667 0.7197916666666667 0.004166666666666667 0.003125 
4 0.8177083333333334 0.71796875 0.004166666666666667 0.0046875 
4 0.8166666666666667 0.715625 0.004166666666666667 0.004166666666666667 
4 0.8138020833333334 0.7127604166666667 0.0046875 0.0036458333333333334 
4 0.8122395833333333 0.7096354166666666 0.0036458333333333334 0.0036458333333333334 
4 0.8239583333333333 0.6893229166666667 0.004166666666666667 0.0036458333333333334 
4 0.821875 0.68828125 0.004166666666666667 0.0046875 
4 0.8200520833333333 0.6864583333333333 0.0036458333333333334 0.004166666666666667 
4 0.8182291666666667 0.6848958333333334 0.004166666666666667 0.004166666666666667 
4 0.8151041666666666 0.6807291666666667 0.003125 0.004166666666666667 
4 0.8083333333333333 0.68125 0.003125 0.004166666666666667 
4 0.8135416666666667 0.67890625 0.003125 0.0036458333333333334 
4 0.81171875 0.6776041666666667 0.0036458333333333334 0.004166666666666667 
4 0.81015625 0.6760416666666667 0.0036458333333333334 0.003125 
4 0.8078125 0.6739583333333333 0.004166666666666667 0.004166666666666667 
4 0.8046875 0.6713541666666667 0.004166666666666667 0.004166666666666667 
4 0.8028645833333333 0.6692708333333334 0.0036458333333333334 0.004166666666666667 
4 0.8192708333333333 0.6921875 0.004166666666666667 0.004166666666666667 
4 0.8171875 0.6895833333333333 0.003125 0.003125 
4 0.8151041666666666 0.68828125 0.004166666666666667 0.0046875 
4 0.81328125 0.68671875 0.0036458333333333334 0.0036458333333333334 
4 0.81171875 0.6848958333333334 0.0026041666666666665 0.004166666666666667 
4 0.81015625 0.6828125 0.0036458333333333334 0.004166666666666667 
4 0.8015625 0.725 0.005208333333333333 0.003125 
4 0.8002604166666667 0.72265625 0.0046875 0.0036458333333333334 
4 0.7846354166666667 0.6822916666666666 0.0036458333333333334 0.004166666666666667 
4 0.7901041666666667 0.6877604166666667 0.004166666666666667 0.0036458333333333334 
4 0.7666666666666667 0.7104166666666667 0.003125 0.003125 
4 0.7651041666666667 0.7080729166666667 0.003125 0.0036458333333333334 
4 0.8 0.6895833333333333 0.004166666666666667 0.004166666666666667 
4 0.796875 0.6864583333333333 0.004166666666666667 0.003125 
4 0.7934895833333333 0.68359375 0.0036458333333333334 0.0036458333333333334 
4 0.8015625 0.6916666666666667 0.004166666666666667 0.003125 
4 0.8059895833333334 0.69609375 0.0036458333333333334 0.0036458333333333334 
4 0.8036458333333333 0.7002604166666667 0.005208333333333333 0.0036458333333333334 
4 0.8020833333333334 0.6981770833333333 0.004166666666666667 0.0036458333333333334 
4 0.8005208333333333 0.696875 0.004166666666666667 0.004166666666666667 
4 0.7984375 0.6947916666666667 0.004166666666666667 0.004166666666666667 
4 0.79140625 0.6893229166666667 0.0046875 0.0046875 
4 0.78828125 0.6854166666666667 0.0026041666666666665 0.004166666666666667 
4 0.7703125 0.7135416666666666 0.003125 0.003125 
4 0.7869791666666667 0.6838541666666667 0.003125 0.004166666666666667 
4 0.7783854166666667 0.6911458333333333 0.0036458333333333334 0.005208333333333333 
4 0.7763020833333333 0.68984375 0.0036458333333333334 0.0046875 
4 0.7744791666666667 0.6877604166666667 0.004166666666666667 0.0036458333333333334 
4 0.7723958333333333 0.6861979166666666 0.003125 0.0036458333333333334 
4 0.7708333333333334 0.684375 0.003125 0.004166666666666667 
4 0.78359375 0.6966145833333334 0.0026041666666666665 0.0036458333333333334 
4 0.7799479166666666 0.7010416666666667 0.0036458333333333334 0.004166666666666667 
4 0.78203125 0.7026041666666667 0.0036458333333333334 0.004166666666666667 
4 0.7901041666666667 0.7111979166666667 0.003125 0.0036458333333333334 
4 0.7778645833333333 0.6755208333333333 0.0046875 0.004166666666666667 
4 0.7796875 0.67734375 0.003125 0.0036458333333333334 
4 0.7690104166666667 0.7119791666666667 0.0036458333333333334 0.004166666666666667 
4 0.7721354166666666 0.7151041666666667 0.0036458333333333334 0.004166666666666667 
4 0.8028645833333333 0.7166666666666667 0.0046875 0.004166666666666667 
4 0.7825520833333334 0.7263020833333333 0.0046875 0.0036458333333333334 
4 0.7986979166666667 0.7205729166666667 0.0036458333333333334 0.0036458333333333334 
4 0.796875 0.7190104166666667 0.004166666666666667 0.0036458333333333334 
4 0.79921875 0.7138020833333333 0.0036458333333333334 0.0036458333333333334 
4 0.7955729166666666 0.7166666666666667 0.0046875 0.004166666666666667 
4 0.7973958333333333 0.7111979166666667 0.003125 0.0026041666666666665 
4 0.7934895833333333 0.7138020833333333 0.0036458333333333334 0.0036458333333333334 
4 0.81015625 0.6989583333333333 0.0046875 0.004166666666666667 
4 0.79453125 0.7330729166666666 0.0036458333333333334 0.0046875 
4 0.79296875 0.7315104166666667 0.0036458333333333334 0.0036458333333333334 
4 0.7885416666666667 0.7338541666666667 0.004166666666666667 0.004166666666666667 
4 0.7859375 0.7299479166666667 0.004166666666666667 0.0036458333333333334 
4 0.784375 0.728125 0.004166666666666667 0.004166666666666667 
4 0.7786458333333334 0.72265625 0.003125 0.0036458333333333334 
4 0.7739583333333333 0.7171875 0.003125 0.003125 
4 0.7770833333333333 0.7208333333333333 0.003125 0.003125 
4 0.7841145833333333 0.7208333333333333 0.0046875 0.004166666666666667 
4 0.7869791666666667 0.7231770833333333 0.004166666666666667 0.0046875 
4 0.78125 0.7171875 0.004166666666666667 0.004166666666666667 
4 0.7791666666666667 0.7158854166666667 0.004166666666666667 0.0046875 
4 0.77734375 0.7138020833333333 0.0036458333333333334 0.0036458333333333334 
4 0.77578125 0.7122395833333334 0.0036458333333333334 0.0036458333333333334 
4 0.7739583333333333 0.71015625 0.003125 0.0036458333333333334 
4 0.7721354166666666 0.7083333333333334 0.0026041666666666665 0.003125 
4 0.7703125 0.7067708333333333 0.003125 0.004166666666666667 
4 0.7684895833333333 0.7052083333333333 0.0036458333333333334 0.003125 
4 0.7752604166666667 0.7192708333333333 0.0036458333333333334 0.004166666666666667 
4 0.7692708333333333 0.6567708333333333 0.003125 0.00625 
4 0.7713541666666667 0.6440104166666667 0.003125 0.0046875 
4 0.9536458333333333 0.26510416666666664 0.005208333333333333 0.003125 
4 0.96015625 0.3328125 0.0046875 0.004166666666666667 
4 0.9598958333333333 0.3359375 0.004166666666666667 0.004166666666666667 
4 0.9359375 0.3572916666666667 0.003125 0.005208333333333333 
4 0.93828125 0.3567708333333333 0.0026041666666666665 0.005208333333333333 
4 0.9434895833333333 0.35494791666666664 0.0026041666666666665 0.0046875 
4 0.9513020833333333 0.35260416666666666 0.0036458333333333334 0.004166666666666667 
4 0.9559895833333333 0.35130208333333335 0.0026041666666666665 0.0046875 
4 0.9583333333333334 0.3502604166666667 0.003125 0.0046875 
4 0.9661458333333334 0.34921875 0.003125 0.0015625 
5 0.8479166666666667 0.325 0.010416666666666666 0.0125 
5 0.8450520833333334 0.31979166666666664 0.0067708333333333336 0.00625 
5 0.84375 0.30442708333333335 0.008333333333333333 0.0109375 
5 0.8424479166666666 0.2984375 0.008854166666666666 0.010416666666666666 
5 0.8408854166666667 0.2916666666666667 0.009895833333333333 0.010416666666666666 
5 0.8104166666666667 0.2669270833333333 0.005208333333333333 0.013020833333333334 
5 0.8455729166666667 0.24296875 0.0026041666666666665 0.011979166666666667 
4 0.8653645833333333 0.2755208333333333 0.0026041666666666665 0.004166666666666667 
4 0.853125 0.26015625 0.0020833333333333333 0.0046875 
4 0.8578125 0.2981770833333333 0.003125 0.0067708333333333336 
4 0.9614583333333333 0.30520833333333336 0.004166666666666667 0.0020833333333333333 
4 0.9609375 0.3078125 0.004166666666666667 0.0020833333333333333 
4 0.96171875 0.31015625 0.0046875 0.0026041666666666665 
4 0.965625 0.33229166666666665 0.005208333333333333 0.003125 
4 0.9619791666666667 0.33932291666666664 0.003125 0.0026041666666666665 
4 0.9619791666666667 0.34296875 0.005208333333333333 0.0036458333333333334 
4 0.9619791666666667 0.34713541666666664 0.005208333333333333 0.0036458333333333334 
4 0.9669270833333333 0.3416666666666667 0.0036458333333333334 0.003125 
4 0.9598958333333333 0.32890625 0.005208333333333333 0.0036458333333333334 
4 0.95859375 0.32526041666666666 0.0046875 0.0036458333333333334 
4 0.9578125 0.321875 0.005208333333333333 0.004166666666666667 
4 0.9481770833333333 0.2596354166666667 0.0046875 0.0036458333333333334 
4 0.95546875 0.27239583333333334 0.0046875 0.0020833333333333333 
4 0.9580729166666667 0.2825520833333333 0.0046875 0.0026041666666666665 
4 0.9580729166666667 0.2875 0.0046875 0.003125 
4 0.959375 0.2947916666666667 0.004166666666666667 0.003125 
4 0.9598958333333333 0.2989583333333333 0.004166666666666667 0.0020833333333333333 
4 0.953125 0.2890625 0.005208333333333333 0.004166666666666667 
4 0.953125 0.2859375 0.005208333333333333 0.004166666666666667 
4 0.9520833333333333 0.28203125 0.004166666666666667 0.0036458333333333334 
4 0.9515625 0.27838541666666666 0.005208333333333333 0.0036458333333333334 
4 0.95 0.2708333333333333 0.005208333333333333 0.004166666666666667 
4 0.9489583333333333 0.26614583333333336 0.004166666666666667 0.003125 
4 0.9481770833333333 0.26276041666666666 0.0046875 0.0036458333333333334 
4 0.89609375 0.2671875 0.0026041666666666665 0.004166666666666667 
4 0.9583333333333334 0.3190104166666667 0.005208333333333333 0.0046875 
4 0.8947916666666667 0.28020833333333334 0.0020833333333333333 0.005208333333333333 
4 0.8984375 0.30703125 0.0020833333333333333 0.0036458333333333334 
4 0.8854166666666666 0.28177083333333336 0.004166666666666667 0.005208333333333333 
4 0.9083333333333333 0.353125 0.00625 0.0020833333333333333 
4 0.8666666666666667 0.35833333333333334 0.005208333333333333 0.003125 
4 0.8481770833333333 0.346875 0.0046875 0.005208333333333333 
4 0.8484375 0.3411458333333333 0.005208333333333333 0.004166666666666667 
4 0.8721354166666667 0.32421875 0.005729166666666666 0.0046875 
4 0.9018229166666667 0.32083333333333336 0.0036458333333333334 0.005208333333333333 
4 0.9546875 0.29791666666666666 0.005208333333333333 0.004166666666666667 
4 0.9541666666666667 0.3015625 0.00625 0.004166666666666667 
4 0.9567708333333333 0.31171875 0.004166666666666667 0.0036458333333333334 
4 0.9666666666666667 0.3453125 0.004166666666666667 0.0020833333333333333 
4 0.9661458333333334 0.3385416666666667 0.004166666666666667 0.0020833333333333333 
4 0.9640625 0.32786458333333335 0.004166666666666667 0.0015625 
4 0.7486979166666666 0.32786458333333335 0.0015625 0.0046875 
4 0.76015625 0.2908854166666667 0.0015625 0.0036458333333333334 
4 0.7606770833333333 0.29635416666666664 0.0026041666666666665 0.004166666666666667 
4 0.7619791666666667 0.30130208333333336 0.0020833333333333333 0.0046875 
4 0.7640625 0.3106770833333333 0.0020833333333333333 0.0046875 
4 0.7645833333333333 0.31614583333333335 0.0020833333333333333 0.004166666666666667 
4 0.765625 0.32109375 0.0020833333333333333 0.0046875 
4 0.7716145833333333 0.32916666666666666 0.0026041666666666665 0.004166666666666667 
4 0.7731770833333333 0.334375 0.0026041666666666665 0.004166666666666667 
4 0.7510416666666667 0.2791666666666667 0.003125 0.005208333333333333 
4 0.7526041666666666 0.28515625 0.003125 0.005729166666666666 
4 0.75546875 0.3026041666666667 0.0026041666666666665 0.005208333333333333 
4 0.7578125 0.31484375 0.003125 0.0046875 
4 0.7434895833333334 0.32734375 0.0026041666666666665 0.0046875 
4 0.75703125 0.2760416666666667 0.0026041666666666665 0.005208333333333333 
4 0.7403645833333333 0.3328125 0.0026041666666666665 0.004166666666666667 
4 0.74609375 0.29635416666666664 0.0026041666666666665 0.004166666666666667 
4 0.71875 0.2890625 0.005208333333333333 0.003125 
4 0.7127604166666667 0.27395833333333336 0.0046875 0.0020833333333333333 
4 0.7122395833333334 0.26901041666666664 0.0046875 0.0015625 
4 0.7450520833333333 0.26510416666666664 0.0046875 0.0020833333333333333 
4 0.7380208333333333 0.26640625 0.004166666666666667 0.0015625 
4 0.7791666666666667 0.3888020833333333 0.0020833333333333333 0.0036458333333333334 
4 0.9700520833333334 0.36354166666666665 0.0046875 0.0020833333333333333 
4 0.9708333333333333 0.36614583333333334 0.004166666666666667 0.003125 
4 0.9596354166666666 0.36822916666666666 0.0036458333333333334 0.0020833333333333333 
4 0.9611979166666667 0.3703125 0.0046875 0.0020833333333333333 
4 0.7578125 0.28125 0.0020833333333333333 0.004166666666666667 
4 0.76484375 0.29192708333333334 0.0026041666666666665 0.0046875 
4 0.8041666666666667 0.26796875 0.003125 0.0046875 
4 0.7796875 0.259375 0.005208333333333333 0.0020833333333333333 
4 0.7919270833333333 0.2578125 0.0046875 0.0020833333333333333 
4 0.7963541666666667 0.27395833333333336 0.003125 0.004166666666666667 
4 0.8020833333333334 0.3 0.003125 0.004166666666666667 
4 0.7950520833333333 0.30859375 0.0026041666666666665 0.005729166666666666 
4 0.78828125 0.28854166666666664 0.0015625 0.005208333333333333 
4 0.7875 0.2953125 0.0020833333333333333 0.005208333333333333 
4 0.7861979166666667 0.29973958333333334 0.0026041666666666665 0.0026041666666666665 
4 0.7856770833333333 0.30442708333333335 0.0026041666666666665 0.0046875 
4 0.784375 0.3125 0.0020833333333333333 0.004166666666666667 
4 0.7822916666666667 0.31927083333333334 0.003125 0.004166666666666667 
4 0.7765625 0.35208333333333336 0.0020833333333333333 0.004166666666666667 
4 0.78515625 0.2591145833333333 0.0036458333333333334 0.0015625 
4 0.7677083333333333 0.2609375 0.005208333333333333 0.003125 
4 0.77109375 0.3203125 0.0026041666666666665 0.004166666666666667 
4 0.7580729166666667 0.2630208333333333 0.005729166666666666 0.003125 
4 0.7341145833333333 0.26979166666666665 0.0078125 0.003125 
4 0.775 0.32760416666666664 0.0020833333333333333 0.004166666666666667 
4 0.7760416666666666 0.334375 0.0020833333333333333 0.004166666666666667 
4 0.7591145833333334 0.27447916666666666 0.0026041666666666665 0.005208333333333333 
4 0.7606770833333333 0.28046875 0.0026041666666666665 0.0046875 
4 0.7614583333333333 0.2864583333333333 0.003125 0.004166666666666667 
4 0.7625 0.2916666666666667 0.0020833333333333333 0.004166666666666667 
4 0.7638020833333333 0.29609375 0.0026041666666666665 0.0036458333333333334 
4 0.7643229166666666 0.30104166666666665 0.0026041666666666665 0.004166666666666667 
4 0.7653645833333333 0.30494791666666665 0.0015625 0.0036458333333333334 
4 0.7700520833333333 0.315625 0.0026041666666666665 0.005208333333333333 
4 0.9544270833333334 0.2677083333333333 0.0046875 0.0020833333333333333 
4 0.953125 0.2598958333333333 0.005208333333333333 0.0020833333333333333 
4 0.77265625 0.63828125 0.0026041666666666665 0.0046875 
4 0.95234375 0.25494791666666666 0.0046875 0.0026041666666666665 
4 0.92734375 0.00234375 0.0046875 0.0026041666666666665 
4 0.928125 0.00859375 0.005208333333333333 0.0015625 
4 0.9580729166666667 0.08880208333333334 0.0026041666666666665 0.0046875 
4 0.96171875 0.08958333333333333 0.0036458333333333334 0.005208333333333333 
4 0.9747395833333333 0.084375 0.0036458333333333334 0.004166666666666667 
4 0.9763020833333333 0.07864583333333333 0.0036458333333333334 0.004166666666666667 
4 0.97421875 0.07604166666666666 0.0026041666666666665 0.004166666666666667 
4 0.9794270833333333 0.07161458333333333 0.0015625 0.0036458333333333334 
4 0.9760416666666667 0.07057291666666667 0.003125 0.0036458333333333334 
4 0.9778645833333334 0.065625 0.0026041666666666665 0.003125 
4 0.9799479166666667 0.0609375 0.0026041666666666665 0.004166666666666667 
4 0.98125 0.038802083333333334 0.003125 0.0046875 
4 0.9783854166666667 0.034375 0.0026041666666666665 0.004166666666666667 
4 0.9747395833333333 0.030729166666666665 0.0036458333333333334 0.004166666666666667 
4 0.9697916666666667 0.020052083333333335 0.005208333333333333 0.0026041666666666665 
4 0.9544270833333334 0.016145833333333335 0.0046875 0.0020833333333333333 
4 0.9565104166666667 0.019270833333333334 0.005729166666666666 0.003125 
4 0.9549479166666667 0.02265625 0.0046875 0.0046875 
4 0.9494791666666667 0.019010416666666665 0.00625 0.0026041666666666665 
4 0.9440104166666666 0.017708333333333333 0.0046875 0.004166666666666667 
4 0.9497395833333333 0.0265625 0.0036458333333333334 0.004166666666666667 
4 0.9518229166666666 0.03046875 0.0036458333333333334 0.0046875 
4 0.9416666666666667 0.04296875 0.004166666666666667 0.0036458333333333334 
4 0.9213541666666667 0.009375 0.0020833333333333333 0.005208333333333333 
4 0.9223958333333333 0.015104166666666667 0.0020833333333333333 0.004166666666666667 
4 0.9234375 0.020052083333333335 0.0020833333333333333 0.0036458333333333334 
4 0.92421875 0.026041666666666668 0.0015625 0.004166666666666667 
4 0.93203125 0.0359375 0.0036458333333333334 0.004166666666666667 
4 0.9533854166666667 0.06171875 0.0036458333333333334 0.0046875 
4 0.9515625 0.0609375 0.003125 0.004166666666666667 
4 0.9497395833333333 0.058854166666666666 0.0036458333333333334 0.005208333333333333 
4 0.9479166666666666 0.057291666666666664 0.004166666666666667 0.004166666666666667 
4 0.9458333333333333 0.05520833333333333 0.004166666666666667 0.004166666666666667 
4 0.9442708333333333 0.025 0.0020833333333333333 0.004166666666666667 
4 0.9333333333333333 0.02890625 0.005208333333333333 0.0026041666666666665 
4 0.9651041666666667 0.012760416666666666 0.0020833333333333333 0.0036458333333333334 
4 0.8713541666666667 0.14166666666666666 0.003125 0.005208333333333333 
4 0.86015625 0.08541666666666667 0.0046875 0.00625 
4 0.95390625 0.18645833333333334 0.0036458333333333334 0.00625 
4 0.9083333333333333 0.17083333333333334 0.0020833333333333333 0.005208333333333333 
4 0.9231770833333334 0.19114583333333332 0.0036458333333333334 0.004166666666666667 
4 0.92265625 0.21354166666666666 0.0036458333333333334 0.005208333333333333 
4 0.9096354166666667 0.20078125 0.0026041666666666665 0.0046875 
4 0.97421875 0.19140625 0.0026041666666666665 0.005729166666666666 
4 0.96875 0.19401041666666666 0.004166666666666667 0.0026041666666666665 
4 0.9692708333333333 0.19661458333333334 0.005208333333333333 0.0026041666666666665 
4 0.9705729166666667 0.19947916666666668 0.0046875 0.003125 
4 0.9596354166666666 0.20130208333333333 0.0046875 0.0015625 
4 0.9596354166666666 0.19869791666666667 0.005729166666666666 0.0015625 
4 0.8796875 0.19166666666666668 0.004166666666666667 0.00625 
4 0.8734375 0.06380208333333333 0.008333333333333333 0.0026041666666666665 
4 0.8736979166666666 0.23229166666666667 0.0036458333333333334 0.005208333333333333 
4 0.8716145833333333 0.23723958333333334 0.0036458333333333334 0.005729166666666666 
4 0.86953125 0.228125 0.0026041666666666665 0.004166666666666667 
4 0.8682291666666667 0.22213541666666667 0.0020833333333333333 0.0036458333333333334 
4 0.9213541666666667 0.30104166666666665 0.005208333333333333 0.003125 
4 0.94609375 0.21614583333333334 0.0046875 0.0020833333333333333 
4 0.9466145833333334 0.21953125 0.0046875 0.0026041666666666665 
4 0.9466145833333334 0.22473958333333333 0.005729166666666666 0.0036458333333333334 
4 0.95078125 0.24453125 0.0046875 0.0026041666666666665 
4 0.9502604166666667 0.24713541666666666 0.0046875 0.0026041666666666665 
4 0.9505208333333334 0.25026041666666665 0.005208333333333333 0.0026041666666666665 
4 0.9515625 0.2520833333333333 0.005208333333333333 0.003125 
5 0.8627604166666667 0.07161458333333333 0.008854166666666666 0.0109375 
4 0.890625 0.08203125 0.0020833333333333333 0.0046875 
4 0.97734375 0.01640625 0.0026041666666666665 0.0046875 
4 0.96640625 0.11875 0.0046875 0.005208333333333333 
4 0.9822916666666667 0.01953125 0.003125 0.0036458333333333334 
4 0.9424479166666667 0.035416666666666666 0.0036458333333333334 0.004166666666666667 
4 0.9385416666666667 0.03203125 0.004166666666666667 0.0046875 
4 0.9473958333333333 0.040364583333333336 0.003125 0.0036458333333333334 
4 0.94921875 0.0421875 0.0036458333333333334 0.004166666666666667 
4 0.9510416666666667 0.04401041666666667 0.004166666666666667 0.0046875 
4 0.9536458333333333 0.04791666666666667 0.004166666666666667 0.0020833333333333333 
4 0.95390625 0.05 0.005729166666666666 0.0020833333333333333 
4 0.9635416666666666 0.10442708333333334 0.004166666666666667 0.0046875 
4 0.9674479166666666 0.10859375 0.0036458333333333334 0.0046875 
4 0.9776041666666667 0.11848958333333333 0.004166666666666667 0.0046875 
4 0.9721354166666667 0.11354166666666667 0.0046875 0.005208333333333333 
4 0.9692708333333333 0.12447916666666667 0.004166666666666667 0.004166666666666667 
4 0.8953125 0.08333333333333333 0.003125 0.00625 
4 0.9455729166666667 0.14244791666666667 0.005729166666666666 0.0036458333333333334 
4 0.93671875 0.13046875 0.0046875 0.0036458333333333334 
4 0.9239583333333333 0.12265625 0.00625 0.0036458333333333334 
4 0.9177083333333333 0.12161458333333333 0.005208333333333333 0.0036458333333333334 
4 0.9078125 0.11822916666666666 0.00625 0.005208333333333333 
4 0.90546875 0.12395833333333334 0.005729166666666666 0.005208333333333333 
4 0.9041666666666667 0.10859375 0.0020833333333333333 0.0046875 
4 0.9013020833333333 0.09166666666666666 0.0026041666666666665 0.004166666666666667 
4 0.89921875 0.07734375 0.0026041666666666665 0.0046875 
4 0.89453125 0.05677083333333333 0.0036458333333333334 0.005208333333333333 
4 0.8861979166666667 0.051041666666666666 0.0067708333333333336 0.004166666666666667 
4 0.88359375 0.058854166666666666 0.0046875 0.005208333333333333 
4 0.96640625 0.40286458333333336 0.0036458333333333334 0.0026041666666666665 
4 0.9658854166666667 0.4005208333333333 0.0046875 0.0020833333333333333 
4 0.965625 0.39791666666666664 0.003125 0.0020833333333333333 
4 0.96484375 0.39557291666666666 0.0046875 0.0015625 
4 0.8932291666666666 0.6333333333333333 0.005208333333333333 0.005208333333333333 
4 0.890625 0.63828125 0.004166666666666667 0.0036458333333333334 
4 0.8901041666666667 0.6408854166666667 0.004166666666666667 0.0036458333333333334 
4 0.8890625 0.64296875 0.004166666666666667 0.0036458333333333334 
4 0.8919270833333334 0.6473958333333333 0.0046875 0.003125 
4 0.8903645833333333 0.6497395833333334 0.0046875 0.0036458333333333334 
4 0.8888020833333333 0.65234375 0.0046875 0.0036458333333333334 
4 0.8880208333333334 0.6546875 0.005208333333333333 0.004166666666666667 
4 0.8856770833333333 0.6567708333333333 0.0036458333333333334 0.0020833333333333333 
4 0.8846354166666667 0.6588541666666666 0.0036458333333333334 0.003125 
4 0.8838541666666667 0.66171875 0.004166666666666667 0.0036458333333333334 
4 0.8822916666666667 0.66328125 0.004166666666666667 0.0036458333333333334 
4 0.8802083333333334 0.6651041666666667 0.004166666666666667 0.004166666666666667 
4 0.8794270833333333 0.6682291666666667 0.0046875 0.004166666666666667 
4 0.87734375 0.6705729166666666 0.0036458333333333334 0.0036458333333333334 
4 0.8760416666666667 0.67265625 0.004166666666666667 0.0036458333333333334 
4 0.8744791666666667 0.6755208333333333 0.004166666666666667 0.004166666666666667 
4 0.8723958333333334 0.67734375 0.004166666666666667 0.0046875 
4 0.8872395833333333 0.6447916666666667 0.0036458333333333334 0.004166666666666667 
4 0.8859375 0.6471354166666666 0.004166666666666667 0.0036458333333333334 
4 0.8848958333333333 0.64921875 0.004166666666666667 0.0036458333333333334 
4 0.8830729166666667 0.6518229166666667 0.0036458333333333334 0.0036458333333333334 
4 0.8817708333333333 0.6533854166666667 0.004166666666666667 0.0036458333333333334 
4 0.8799479166666667 0.6557291666666667 0.0046875 0.004166666666666667 
4 0.87890625 0.6583333333333333 0.0036458333333333334 0.003125 
4 0.8776041666666666 0.66015625 0.004166666666666667 0.0036458333333333334 
4 0.8752604166666667 0.6619791666666667 0.0046875 0.003125 
4 0.8458333333333333 0.7239583333333334 0.004166666666666667 0.004166666666666667 
4 0.85234375 0.7203125 0.0046875 0.005208333333333333 
4 0.8559895833333333 0.7153645833333333 0.0046875 0.0046875 
4 0.9044270833333333 0.646875 0.0067708333333333336 0.004166666666666667 
4 0.890625 0.6059895833333333 0.005208333333333333 0.0046875 
4 0.8940104166666667 0.61171875 0.0046875 0.0046875 
4 0.8927083333333333 0.61484375 0.004166666666666667 0.0036458333333333334 
4 0.9002604166666667 0.6221354166666667 0.005729166666666666 0.0046875 
4 0.9096354166666667 0.6359375 0.0046875 0.004166666666666667 
4 0.9078125 0.6390625 0.005208333333333333 0.003125 
4 0.9575520833333333 0.6518229166666667 0.0046875 0.0067708333333333336 
4 0.9427083333333334 0.6674479166666667 0.004166666666666667 0.005729166666666666 
4 0.9067708333333333 0.67578125 0.005208333333333333 0.005729166666666666 
4 0.896875 0.6265625 0.005208333333333333 0.004166666666666667 
4 0.8958333333333334 0.6291666666666667 0.005208333333333333 0.003125 
4 0.9065104166666667 0.6424479166666667 0.0036458333333333334 0.0036458333333333334 
4 0.90078125 0.6528645833333333 0.005729166666666666 0.0036458333333333334 
4 0.86015625 0.7104166666666667 0.0036458333333333334 0.004166666666666667 
4 0.8963541666666667 0.6598958333333333 0.004166666666666667 0.004166666666666667 
4 0.89375 0.6645833333333333 0.005208333333333333 0.004166666666666667 
4 0.8903645833333333 0.66875 0.0036458333333333334 0.004166666666666667 
4 0.8895833333333333 0.6721354166666667 0.005208333333333333 0.0015625 
4 0.8864583333333333 0.6747395833333333 0.004166666666666667 0.0036458333333333334 
4 0.8848958333333333 0.6796875 0.004166666666666667 0.005208333333333333 
4 0.8817708333333333 0.68359375 0.003125 0.0036458333333333334 
4 0.8770833333333333 0.6885416666666667 0.004166666666666667 0.003125 
4 0.8739583333333333 0.69296875 0.003125 0.0036458333333333334 
4 0.8708333333333333 0.6979166666666666 0.004166666666666667 0.005208333333333333 
4 0.8666666666666667 0.70234375 0.005208333333333333 0.0036458333333333334 
4 0.86328125 0.7072916666666667 0.0036458333333333334 0.004166666666666667 
4 0.87421875 0.6643229166666667 0.005729166666666666 0.0036458333333333334 
4 0.8729166666666667 0.6674479166666667 0.004166666666666667 0.0036458333333333334 
4 0.8716145833333333 0.6690104166666667 0.0036458333333333334 0.0036458333333333334 
4 0.8640625 0.6893229166666667 0.004166666666666667 0.0046875 
4 0.8734375 0.6359375 0.004166666666666667 0.004166666666666667 
4 0.8716145833333333 0.63828125 0.0046875 0.0036458333333333334 
4 0.8713541666666667 0.6401041666666667 0.004166666666666667 0.003125 
4 0.8697916666666666 0.6427083333333333 0.004166666666666667 0.003125 
4 0.8666666666666667 0.64765625 0.004166666666666667 0.0046875 
4 0.86328125 0.65234375 0.0046875 0.0036458333333333334 
4 0.8669270833333333 0.62578125 0.0046875 0.0046875 
4 0.8643229166666667 0.6302083333333334 0.0046875 0.003125 
4 0.8627604166666667 0.6330729166666667 0.0046875 0.0036458333333333334 
4 0.8609375 0.63671875 0.005208333333333333 0.0046875 
4 0.85546875 0.6658854166666667 0.0036458333333333334 0.0046875 
4 0.86796875 0.69296875 0.0046875 0.0046875 
4 0.8385416666666666 0.7291666666666666 0.005208333333333333 0.004166666666666667 
4 0.87578125 0.6317708333333333 0.0036458333333333334 0.003125 
4 0.8315104166666667 0.734375 0.005729166666666666 0.005208333333333333 
4 0.8263020833333333 0.7380208333333333 0.0046875 0.003125 
4 0.8208333333333333 0.7424479166666667 0.005208333333333333 0.0046875 
4 0.8153645833333333 0.7463541666666667 0.0046875 0.005208333333333333 
4 0.809375 0.75078125 0.004166666666666667 0.0046875 
4 0.8036458333333333 0.75546875 0.005208333333333333 0.0036458333333333334 
4 0.7848958333333333 0.7640625 0.005208333333333333 0.004166666666666667 
4 0.7075520833333333 0.75625 0.0046875 0.005208333333333333 
4 0.6705729166666666 0.7575520833333333 0.005729166666666666 0.0046875 
4 0.74296875 0.6809895833333334 0.0026041666666666665 0.0046875 
4 0.7510416666666667 0.6645833333333333 0.003125 0.004166666666666667 
4 0.7544270833333333 0.62890625 0.0026041666666666665 0.0046875 
4 0.8747395833333333 0.63359375 0.0036458333333333334 0.0036458333333333334 
4 0.8776041666666666 0.6296875 0.005208333333333333 0.004166666666666667 
4 0.86953125 0.6723958333333333 0.0046875 0.003125 
4 0.8690104166666667 0.6520833333333333 0.0046875 0.004166666666666667 
4 0.8669270833333333 0.6760416666666667 0.0046875 0.004166666666666667 
4 0.88828125 0.6205729166666667 0.005729166666666666 0.0046875 
4 0.88515625 0.625 0.0046875 0.004166666666666667 
4 0.8830729166666667 0.62734375 0.0036458333333333334 0.0036458333333333334 
4 0.8828125 0.6299479166666667 0.004166666666666667 0.0046875 
4 0.8822916666666667 0.6322916666666667 0.004166666666666667 0.004166666666666667 
4 0.8802083333333334 0.6341145833333334 0.005208333333333333 0.0036458333333333334 
4 0.8778645833333333 0.6390625 0.0046875 0.004166666666666667 
4 0.8763020833333334 0.6411458333333333 0.0046875 0.003125 
4 0.8755208333333333 0.6432291666666666 0.004166666666666667 0.003125 
4 0.87421875 0.6458333333333334 0.0046875 0.003125 
4 0.8700520833333333 0.6494791666666667 0.0046875 0.004166666666666667 
4 0.8658854166666666 0.6567708333333333 0.0046875 0.004166666666666667 
4 0.87890625 0.6276041666666666 0.0046875 0.003125 
4 0.8651041666666667 0.65859375 0.004166666666666667 0.0036458333333333334 
4 0.86328125 0.6622395833333333 0.0046875 0.0036458333333333334 
4 0.8619791666666666 0.6640625 0.005208333333333333 0.005208333333333333 
4 0.86015625 0.6669270833333333 0.0046875 0.0036458333333333334 
4 0.8580729166666666 0.6690104166666667 0.0046875 0.0036458333333333334 
4 0.8877604166666667 0.6119791666666666 0.0046875 0.004166666666666667 
4 0.8864583333333333 0.6140625 0.005208333333333333 0.004166666666666667 
4 0.88515625 0.615625 0.0046875 0.004166666666666667 
4 0.8830729166666667 0.6174479166666667 0.0046875 0.0036458333333333334 
4 0.88203125 0.6197916666666666 0.0046875 0.003125 
4 0.8809895833333333 0.6221354166666667 0.0046875 0.0036458333333333334 
4 0.8796875 0.6247395833333333 0.004166666666666667 0.0036458333333333334 
4 0.8822916666666667 0.6013020833333333 0.004166666666666667 0.005729166666666666 
4 0.890625 0.5971354166666667 0.004166666666666667 0.005729166666666666 
4 0.89921875 0.60390625 0.0046875 0.0046875 
4 0.678125 0.265625 0.003125 0.005208333333333333 
4 0.9416666666666667 0.3893229166666667 0.004166666666666667 0.0026041666666666665 
4 0.94140625 0.39166666666666666 0.0046875 0.0020833333333333333 
4 0.9432291666666667 0.39895833333333336 0.004166666666666667 0.0020833333333333333 
4 0.9427083333333334 0.39609375 0.004166666666666667 0.0015625 
4 0.9421875 0.39401041666666664 0.004166666666666667 0.0015625 
4 0.9591145833333333 0.39401041666666664 0.0046875 0.0015625 
4 0.959375 0.396875 0.004166666666666667 0.0020833333333333333 
4 0.96015625 0.3997395833333333 0.0036458333333333334 0.0026041666666666665 
4 0.9614583333333333 0.4036458333333333 0.004166666666666667 0.003125 
4 0.9072916666666667 0.38307291666666665 0.0020833333333333333 0.0046875 
4 0.9114583333333334 0.39921875 0.0020833333333333333 0.0036458333333333334 
4 0.9143229166666667 0.40651041666666665 0.0026041666666666665 0.0046875 
4 0.9622395833333334 0.40911458333333334 0.0046875 0.0026041666666666665 
4 0.9401041666666666 0.38359375 0.004166666666666667 0.0015625 
4 0.9635416666666666 0.41380208333333335 0.004166666666666667 0.0015625 
4 0.9536458333333333 0.42083333333333334 0.005208333333333333 0.0020833333333333333 
4 0.9533854166666667 0.41848958333333336 0.0046875 0.0015625 
4 0.9489583333333333 0.4244791666666667 0.004166666666666667 0.0020833333333333333 
4 0.95390625 0.42604166666666665 0.0036458333333333334 0.0020833333333333333 
4 0.9481770833333333 0.41953125 0.0036458333333333334 0.0026041666666666665 
4 0.9486979166666667 0.421875 0.0036458333333333334 0.0020833333333333333 
4 0.9450520833333333 0.40729166666666666 0.0046875 0.0020833333333333333 
4 0.9255208333333333 0.36380208333333336 0.004166666666666667 0.0015625 
4 0.9255208333333333 0.3658854166666667 0.005208333333333333 0.0015625 
4 0.9260416666666667 0.3690104166666667 0.005208333333333333 0.0026041666666666665 
4 0.9270833333333334 0.37109375 0.005208333333333333 0.0026041666666666665 
4 0.9408854166666667 0.38645833333333335 0.0046875 0.0020833333333333333 
4 0.9395833333333333 0.3809895833333333 0.004166666666666667 0.0026041666666666665 
4 0.9359375 0.421875 0.004166666666666667 0.0020833333333333333 
4 0.9497395833333333 0.4036458333333333 0.0046875 0.0020833333333333333 
4 0.9645833333333333 0.39296875 0.004166666666666667 0.0015625 
4 0.9638020833333333 0.39088541666666665 0.0046875 0.0015625 
4 0.96328125 0.3880208333333333 0.0036458333333333334 0.0020833333333333333 
4 0.9580729166666667 0.38619791666666664 0.0046875 0.0026041666666666665 
4 0.9619791666666667 0.38307291666666665 0.003125 0.0015625 
4 0.9557291666666666 0.37604166666666666 0.004166666666666667 0.0020833333333333333 
4 0.9549479166666667 0.37109375 0.0036458333333333334 0.0026041666666666665 
4 0.9546875 0.3690104166666667 0.004166666666666667 0.0026041666666666665 
4 0.9604166666666667 0.37552083333333336 0.004166666666666667 0.003125 
4 0.9611979166666667 0.37864583333333335 0.0036458333333333334 0.0020833333333333333 
4 0.9622395833333334 0.3807291666666667 0.0036458333333333334 0.0020833333333333333 
4 0.9432291666666667 0.37005208333333334 0.003125 0.0015625 
4 0.9489583333333333 0.40130208333333334 0.005208333333333333 0.0015625 
4 0.9395833333333333 0.37864583333333335 0.004166666666666667 0.0020833333333333333 
4 0.9481770833333333 0.3984375 0.0046875 0.0020833333333333333 
4 0.9479166666666666 0.3958333333333333 0.005208333333333333 0.0020833333333333333 
4 0.94765625 0.39348958333333334 0.0046875 0.0015625 
4 0.946875 0.39114583333333336 0.005208333333333333 0.0020833333333333333 
4 0.94609375 0.38567708333333334 0.0046875 0.0026041666666666665 
4 0.94609375 0.38333333333333336 0.0046875 0.0020833333333333333 
4 0.9453125 0.3807291666666667 0.005208333333333333 0.0020833333333333333 
4 0.9447916666666667 0.378125 0.004166666666666667 0.0020833333333333333 
4 0.9442708333333333 0.375 0.004166666666666667 0.0020833333333333333 
4 0.9434895833333333 0.37265625 0.0036458333333333334 0.0026041666666666665 
4 0.9390625 0.3734375 0.004166666666666667 0.0020833333333333333 
4 0.9393229166666667 0.37604166666666666 0.0046875 0.0020833333333333333 
4 0.93671875 0.4244791666666667 0.0046875 0.003125 
4 0.9354166666666667 0.41901041666666666 0.004166666666666667 0.0026041666666666665 
4 0.9083333333333333 0.61875 0.005208333333333333 0.004166666666666667 
4 0.9606770833333333 0.51953125 0.0046875 0.0036458333333333334 
4 0.74765625 0.5669270833333333 0.0036458333333333334 0.005729166666666666 
4 0.73984375 0.5950520833333334 0.0026041666666666665 0.0046875 
4 0.69609375 0.6502604166666667 0.005729166666666666 0.005729166666666666 
4 0.9424479166666667 0.5651041666666666 0.0036458333333333334 0.004166666666666667 
4 0.9502604166666667 0.55703125 0.0046875 0.0046875 
4 0.9567708333333333 0.55 0.005208333333333333 0.005208333333333333 
4 0.9643229166666667 0.53984375 0.0067708333333333336 0.005729166666666666 
4 0.9580729166666667 0.5302083333333333 0.0046875 0.004166666666666667 
4 0.96015625 0.52890625 0.0046875 0.0046875 
4 0.9578125 0.5234375 0.005208333333333333 0.004166666666666667 
4 0.9627604166666667 0.51796875 0.0046875 0.0036458333333333334 
4 0.9596354166666666 0.52109375 0.0046875 0.0036458333333333334 
4 0.9481770833333333 0.5182291666666666 0.0046875 0.004166666666666667 
4 0.7575520833333333 0.5143229166666666 0.005729166666666666 0.005729166666666666 
4 0.940625 0.5268229166666667 0.003125 0.0036458333333333334 
4 0.9385416666666667 0.534375 0.0020833333333333333 0.005208333333333333 
4 0.9393229166666667 0.5424479166666667 0.0026041666666666665 0.0046875 
4 0.9395833333333333 0.5481770833333334 0.0020833333333333333 0.0036458333333333334 
4 0.93984375 0.55390625 0.0026041666666666665 0.0046875 
4 0.9489583333333333 0.5411458333333333 0.005208333333333333 0.005208333333333333 
4 0.9177083333333333 0.596875 0.005208333333333333 0.005208333333333333 
4 0.9270833333333334 0.61015625 0.004166666666666667 0.0036458333333333334 
5 0.7830729166666667 0.5033854166666667 0.011979166666666667 0.008854166666666666 
4 0.9041666666666667 0.5963541666666666 0.00625 0.005208333333333333 
4 0.9158854166666667 0.6080729166666666 0.0046875 0.0046875 
4 0.90625 0.6135416666666667 0.005208333333333333 0.004166666666666667 
4 0.7684895833333333 0.5450520833333333 0.0026041666666666665 0.0046875 
4 0.7596354166666667 0.49895833333333334 0.0036458333333333334 0.00625 
4 0.9348958333333334 0.41692708333333334 0.005208333333333333 0.0026041666666666665 
4 0.9283854166666666 0.3807291666666667 0.0046875 0.0020833333333333333 
4 0.9341145833333333 0.41458333333333336 0.0036458333333333334 0.003125 
4 0.93359375 0.4114583333333333 0.0046875 0.0020833333333333333 
4 0.9330729166666667 0.4088541666666667 0.005729166666666666 0.0020833333333333333 
4 0.9325520833333333 0.40677083333333336 0.0046875 0.0010416666666666667 
4 0.9322916666666666 0.40390625 0.005208333333333333 0.0026041666666666665 
4 0.9315104166666667 0.4015625 0.0046875 0.0020833333333333333 
4 0.93125 0.39947916666666666 0.004166666666666667 0.0020833333333333333 
4 0.93046875 0.3966145833333333 0.0046875 0.0026041666666666665 
4 0.93046875 0.39375 0.0046875 0.0020833333333333333 
4 0.9299479166666667 0.39088541666666665 0.0046875 0.0026041666666666665 
4 0.9291666666666667 0.3859375 0.005208333333333333 0.0020833333333333333 
4 0.928125 0.38307291666666665 0.004166666666666667 0.0015625 
4 0.9278645833333333 0.378125 0.0046875 0.0020833333333333333 
4 0.76953125 0.50625 0.005729166666666666 0.004166666666666667 
4 0.9276041666666667 0.37552083333333336 0.004166666666666667 0.0020833333333333333 
4 0.9276041666666667 0.3736979166666667 0.004166666666666667 0.0015625 
4 0.9565104166666667 0.47942708333333334 0.0036458333333333334 0.0046875 
4 0.95859375 0.4778645833333333 0.0036458333333333334 0.0046875 
4 0.96171875 0.44427083333333334 0.0036458333333333334 0.005208333333333333 
4 0.9596354166666666 0.44557291666666665 0.0036458333333333334 0.0036458333333333334 
4 0.9520833333333333 0.44895833333333335 0.003125 0.004166666666666667 
4 0.9286458333333333 0.45546875 0.003125 0.0046875 
4 0.9317708333333333 0.4549479166666667 0.003125 0.0046875 
4 0.9544270833333334 0.44765625 0.0036458333333333334 0.0046875 
4 0.6619791666666667 0.5098958333333333 0.0020833333333333333 0.004166666666666667 
4 0.7924479166666667 0.47265625 0.0036458333333333334 0.0046875 
