4 0.23125 0.94921875 0.005208333333333333 0.0036458333333333334 
4 0.26458333333333334 0.9638020833333333 0.00625 0.0036458333333333334 
4 0.32265625 0.9736979166666667 0.005729166666666666 0.0036458333333333334 
4 0.3026041666666667 0.9783854166666667 0.00625 0.0036458333333333334 
4 0.37864583333333335 0.9966145833333333 0.005208333333333333 0.0036458333333333334 
4 0.3690104166666667 0.9958333333333333 0.0046875 0.003125 
4 0.12421875 0.93671875 0.005729166666666666 0.0036458333333333334 
4 0.16041666666666668 0.9473958333333333 0.005208333333333333 0.003125 
4 0.17135416666666667 0.9390625 0.00625 0.003125 
4 0.08385416666666666 0.9450520833333333 0.003125 0.005729166666666666 
4 0.0375 0.9208333333333333 0.005208333333333333 0.004166666666666667 
4 0.03697916666666667 0.9145833333333333 0.00625 0.003125 
4 0.01484375 0.90390625 0.005729166666666666 0.0036458333333333334 
