0 0.271875 0.4473958333333333 0.023958333333333335 0.020833333333333332 
0 0.2 0.4348958333333333 0.0375 0.034375 
0 0.1609375 0.4278645833333333 0.0375 0.033854166666666664 
0 0.12291666666666666 0.41822916666666665 0.03854166666666667 0.0375 
0 0.22005208333333334 0.6466145833333333 0.05364583333333333 0.06302083333333333 
0 0.08463541666666667 0.4088541666666667 0.0296875 0.027083333333333334 
0 0.30416666666666664 0.45416666666666666 0.021875 0.020833333333333332 
0 0.27109375 0.68203125 0.0578125 0.04739583333333333 
0 0.26536458333333335 0.796875 0.030729166666666665 0.026041666666666668 
0 0.290625 0.9361979166666666 0.034375 0.033854166666666664 
0 0.21692708333333333 0.9419270833333333 0.0109375 0.0140625 
0 0.22760416666666666 0.9432291666666667 0.010416666666666666 0.013541666666666667 
0 0.24505208333333334 0.9471354166666667 0.0140625 0.0140625 
0 0.26067708333333334 0.9494791666666667 0.015104166666666667 0.016666666666666666 
0 0.2604166666666667 0.8651041666666667 0.029166666666666667 0.029166666666666667 
4 0.47942708333333334 0.9770833333333333 0.0036458333333333334 0.004166666666666667 
4 0.4830729166666667 0.9768229166666667 0.0036458333333333334 0.0036458333333333334 
