0 0.6307291666666667 0.25885416666666666 0.07916666666666666 0.07708333333333334 
0 0.54375 0.3015625 0.08125 0.08125 
0 0.4473958333333333 0.48411458333333335 0.07708333333333334 0.0765625 
0 0.5901041666666667 0.4125 0.078125 0.07604166666666666 
0 0.65078125 0.4005208333333333 0.0453125 0.04375 
0 0.70859375 0.346875 0.049479166666666664 0.05 
0 0.34322916666666664 0.42213541666666665 0.075 0.07239583333333334 
0 0.51875 0.4505208333333333 0.07916666666666666 0.07395833333333333 
0 0.47630208333333335 0.3424479166666667 0.0515625 0.0515625 
0 0.7708333333333334 0.14348958333333334 0.071875 0.0734375 
0 0.77734375 -0.020572916666666666 0.10052083333333334 0.0828125 
0 0.61015625 0.6466145833333333 0.0515625 0.049479166666666664 
0 0.8239583333333333 0.5393229166666667 0.05416666666666667 0.0484375 
0 0.7375 0.7283854166666667 0.052083333333333336 0.05364583333333333 
0 0.8778645833333333 0.67734375 0.05364583333333333 0.05364583333333333 
0 0.9760416666666667 0.6002604166666666 0.05625 0.0578125 
0 1.0125 0.78125 0.041666666666666664 0.041666666666666664 
0 0.9697916666666667 0.7854166666666667 0.04375 0.04479166666666667 
5 0.9815104166666667 0.11484375 0.009895833333333333 0.0067708333333333336 
5 0.9955729166666667 0.13177083333333334 0.0067708333333333336 0.010416666666666666 
5 0.9994791666666667 0.5734375 0.00625 0.010416666666666666 
