5 0.8489583333333334 0.8005208333333333 0.010416666666666666 0.00625 
5 0.90625 0.8442708333333333 0.010416666666666666 0.007291666666666667 
5 0.14244791666666667 0.7932291666666667 0.009895833333333333 0.007291666666666667 
5 0.15182291666666667 0.8143229166666667 0.0026041666666666665 0.009895833333333333 
5 0.15546875 0.8143229166666667 0.0026041666666666665 0.0109375 
5 0.16484375 0.8114583333333333 0.0036458333333333334 0.011458333333333333 
5 0.18020833333333333 0.20677083333333332 0.011458333333333333 0.00625 
5 0.6138020833333333 0.7049479166666667 0.011979166666666667 0.0046875 
5 0.6854166666666667 0.7216145833333333 0.011458333333333333 0.0067708333333333336 
5 0.4713541666666667 0.5083333333333333 0.004166666666666667 0.009375 
5 0.13776041666666666 0.18333333333333332 0.0109375 0.005208333333333333 
0 0.03567708333333333 0.3059895833333333 0.0421875 0.0296875 
0 0.027604166666666666 0.5294270833333333 0.029166666666666667 0.022395833333333334 
0 0.01953125 0.5479166666666667 0.03697916666666667 0.027083333333333334 
