0 0.6630208333333333 0.4588541666666667 0.04583333333333333 0.052083333333333336 
0 0.9635416666666666 0.6010416666666667 0.04479166666666667 0.05416666666666667 
0 0.9466145833333334 0.6502604166666667 0.0484375 0.0546875 
0 0.9098958333333333 0.665625 0.04583333333333333 0.05520833333333333 
0 0.8059895833333334 0.51328125 0.0421875 0.050520833333333334 
0 0.7848958333333333 0.5609375 0.0375 0.041666666666666664 
0 0.8005208333333333 0.5966145833333333 0.03854166666666667 0.04635416666666667 
0 0.784375 0.6458333333333334 0.04791666666666667 0.051041666666666666 
0 0.6403645833333333 0.5916666666666667 0.0453125 0.052083333333333336 
0 0.65859375 0.5416666666666666 0.04114583333333333 0.051041666666666666 
0 0.6778645833333333 0.49375 0.044270833333333336 0.05 
0 0.49114583333333334 0.47942708333333334 0.03958333333333333 0.04635416666666667 
0 0.5247395833333334 0.46432291666666664 0.04114583333333333 0.0484375 
0 0.50859375 0.42942708333333335 0.03697916666666667 0.044270833333333336 
0 0.5473958333333333 0.415625 0.04895833333333333 0.05416666666666667 
0 0.2791666666666667 0.47682291666666665 0.052083333333333336 0.049479166666666664 
0 0.23385416666666667 0.43984375 0.06041666666666667 0.059895833333333336 
0 0.04921875 0.34869791666666666 0.0296875 0.0390625 
0 0.12526041666666668 0.38203125 0.0578125 0.06614583333333333 
0 0.21171875 0.40286458333333336 0.04114583333333333 0.044270833333333336 
0 0.2669270833333333 0.19192708333333333 0.0421875 0.0484375 
0 0.18515625 0.17447916666666666 0.050520833333333334 0.04791666666666667 
4 0.28619791666666666 0.18203125 0.018229166666666668 0.011979166666666667 
4 0.37552083333333336 0.22916666666666666 0.016666666666666666 0.020833333333333332 
5 0.32786458333333335 0.346875 0.016145833333333335 0.023958333333333335 
4 0.33697916666666666 0.35390625 0.0125 0.016145833333333335 
4 0.34453125 0.35885416666666664 0.013020833333333334 0.017708333333333333 
4 0.38046875 0.2559895833333333 0.013020833333333334 0.0171875 
0 0.0546875 0.055989583333333336 0.041666666666666664 0.03802083333333333 
4 0.00625 0.1109375 0.0125 0.021875 
5 0.27057291666666666 0.31536458333333334 0.022395833333333334 0.0296875 
4 0.31744791666666666 0.30416666666666664 0.018229166666666668 0.021875 
4 0.3640625 0.221875 0.015625 0.01875 
4 0.39791666666666664 0.14739583333333334 0.021875 0.01875 
4 0.4434895833333333 0.17578125 0.0234375 0.0171875 
4 0.17552083333333332 0.1171875 0.015625 0.023958333333333335 
0 0.0578125 0.10677083333333333 0.04583333333333333 0.041666666666666664 
4 0.3026041666666667 0.2989583333333333 0.015625 0.019791666666666666 
4 0.4109375 0.27630208333333334 0.023958333333333335 0.021354166666666667 
4 0.3932291666666667 0.2609375 0.014583333333333334 0.01875 
4 0.3703125 0.2513020833333333 0.015625 0.019270833333333334 
4 0.42890625 0.21484375 0.0203125 0.015104166666666667 
4 0.34739583333333335 0.20130208333333333 0.017708333333333333 0.0203125 
4 0.34453125 0.1859375 0.0171875 0.017708333333333333 
0 0.14375 0.15052083333333333 0.03125 0.03958333333333333 
