4 0.7364583333333333 0.37005208333333334 0.010416666666666666 0.019270833333333334 
0 0.7135416666666666 0.8401041666666667 0.07604166666666666 0.06145833333333333 
4 0.68125 0.33541666666666664 0.023958333333333335 0.010416666666666666 
4 0.6736979166666667 0.4315104166666667 0.009895833333333333 0.0203125 
4 0.6869791666666667 0.42994791666666665 0.0125 0.022395833333333334 
4 0.7375 0.43046875 0.010416666666666666 0.018229166666666668 
0 0.7947916666666667 0.8375 0.07604166666666666 0.06041666666666667 
0 0.6299479166666667 0.84375 0.07760416666666667 0.06354166666666666 
4 0.5369791666666667 0.37864583333333335 0.008333333333333333 0.019791666666666666 
0 0.15677083333333333 0.45078125 0.03229166666666667 0.0453125 
0 0.29296875 0.4984375 0.033854166666666664 0.04375 
0 0.159375 0.5565104166666667 0.030208333333333334 0.0453125 
0 0.2703125 0.57890625 0.036458333333333336 0.04739583333333333 
0 0.15885416666666666 0.6088541666666667 0.03125 0.04583333333333333 
0 0.1609375 0.6611979166666667 0.03333333333333333 0.0453125 
0 0.00625 0.8252604166666667 0.03333333333333333 0.0421875 
0 0.004427083333333333 0.7721354166666666 0.0328125 0.043229166666666666 
0 0.030208333333333334 0.71875 0.030208333333333334 0.0375 
0 0.023958333333333335 0.6322916666666667 0.08854166666666667 0.10416666666666667 
0 0.032552083333333336 0.5674479166666667 0.0765625 0.07239583333333334 
4 0.7528645833333333 0.42994791666666665 0.009895833333333333 0.022395833333333334 
4 0.58984375 0.37604166666666666 0.008854166666666666 0.017708333333333333 
4 0.5638020833333334 0.37916666666666665 0.008854166666666666 0.015625 
4 0.5515625 0.37578125 0.010416666666666666 0.019270833333333334 
4 0.38828125 0.4203125 0.022395833333333334 0.010416666666666666 
4 0.4744791666666667 0.3809895833333333 0.010416666666666666 0.0234375 
4 0.69921875 0.42916666666666664 0.0109375 0.01875 
4 0.71484375 0.43020833333333336 0.0109375 0.01875 
5 0.52578125 0.8375 0.0140625 0.03958333333333333 
5 0.55 0.8403645833333333 0.014583333333333334 0.0359375 
4 0.049479166666666664 0.40989583333333335 0.027083333333333334 0.010416666666666666 
4 0.5520833333333334 0.4328125 0.009375 0.022916666666666665 
4 0.4953125 0.4395833333333333 0.019791666666666666 0.008333333333333333 
4 0.45989583333333334 0.38203125 0.010416666666666666 0.0203125 
4 0.4875 0.37942708333333336 0.009375 0.0203125 
4 0.5015625 0.378125 0.010416666666666666 0.021875 
4 0.5135416666666667 0.37994791666666666 0.011458333333333333 0.025520833333333333 
4 0.5263020833333333 0.37864583333333335 0.009895833333333333 0.020833333333333332 
0 0.023958333333333335 0.4953125 0.09375 0.10729166666666666 
