4 0.63515625 0.6200520833333333 0.0203125 0.015104166666666667 
0 0.26145833333333335 0.6145833333333334 0.04583333333333333 0.052083333333333336 
0 0.5619791666666667 0.7567708333333333 0.04479166666666667 0.05416666666666667 
0 0.5450520833333333 0.8059895833333334 0.0484375 0.0546875 
0 0.5083333333333333 0.8213541666666667 0.04583333333333333 0.05520833333333333 
0 0.4044270833333333 0.6690104166666667 0.0421875 0.050520833333333334 
0 0.38333333333333336 0.7166666666666667 0.0375 0.041666666666666664 
0 0.39895833333333336 0.75234375 0.03854166666666667 0.04635416666666667 
0 0.3828125 0.8015625 0.04791666666666667 0.051041666666666666 
0 0.23880208333333333 0.7473958333333334 0.0453125 0.052083333333333336 
0 0.25703125 0.6973958333333333 0.04114583333333333 0.051041666666666666 
0 0.27630208333333334 0.6494791666666667 0.044270833333333336 0.05 
0 0.08958333333333333 0.63515625 0.03958333333333333 0.04635416666666667 
0 0.6854166666666667 0.85859375 0.04791666666666667 0.0546875 
0 0.12317708333333334 0.6200520833333333 0.04114583333333333 0.0484375 
0 0.10703125 0.58515625 0.03697916666666667 0.044270833333333336 
0 0.14583333333333334 0.5713541666666667 0.04895833333333333 0.05416666666666667 
0 0.6666666666666666 0.90703125 0.04375 0.0484375 
0 0.846875 0.8635416666666667 0.053125 0.06875 
6 0.8799479166666667 0.36744791666666665 0.021354166666666667 0.011979166666666667 
4 -0.0036458333333333334 0.303125 0.021875 0.01875 
0 0.70546875 0.8104166666666667 0.03697916666666667 0.046875 
4 0.04192708333333333 0.33151041666666664 0.0234375 0.0171875 
4 0.009375 0.43203125 0.023958333333333335 0.021354166666666667 
4 0.02734375 0.37057291666666664 0.0203125 0.015104166666666667 
