5 0.6838541666666667 0.9119791666666667 0.04895833333333333 0.042708333333333334 
0 0.2015625 0.8505208333333333 0.0625 0.053125 
4 0.02109375 0.78828125 0.0171875 0.0234375 
4 0.03463541666666667 0.5302083333333333 0.021354166666666667 0.016666666666666666 
4 -0.0018229166666666667 0.5421875 0.016145833333333335 0.01875 
4 0.025260416666666667 0.553125 0.021354166666666667 0.015625 
4 0.0359375 0.5934895833333333 0.019791666666666666 0.015104166666666667 
4 0.04140625 0.5822916666666667 0.022395833333333334 0.015625 
4 0.045572916666666664 0.5708333333333333 0.022395833333333334 0.015625 
4 0.058854166666666666 0.5390625 0.023958333333333335 0.016666666666666666 
0 0.8419270833333333 0.71953125 0.058854166666666666 0.0546875 
0 0.8934895833333333 0.7333333333333333 0.05572916666666667 0.046875 
0 0.78359375 0.646875 0.04010416666666667 0.042708333333333334 
0 0.8901041666666667 0.65234375 0.03958333333333333 0.0484375 
0 0.9119791666666667 0.5940104166666667 0.041666666666666664 0.049479166666666664 
0 0.07734375 0.7690104166666667 0.0453125 0.04739583333333333 
4 0.007552083333333333 0.9018229166666667 0.016145833333333335 0.019270833333333334 
0 0.09557291666666666 0.8026041666666667 0.0421875 0.05 
0 0.11770833333333333 0.7549479166666667 0.04895833333333333 0.06302083333333333 
0 0.09947916666666666 0.71875 0.03958333333333333 0.05 
0 0.14088541666666668 0.71171875 0.0515625 0.0546875 
0 0.11484375 0.6700520833333333 0.04114583333333333 0.049479166666666664 
0 0.153125 0.6575520833333334 0.04375 0.050520833333333334 
0 0.17369791666666667 0.60859375 0.0484375 0.058854166666666666 
0 0.15885416666666666 0.5739583333333333 0.06041666666666667 0.065625 
0 0.19375 0.5619791666666667 0.04479166666666667 0.04895833333333333 
0 0.17239583333333333 0.5247395833333334 0.041666666666666664 0.043229166666666666 
0 0.21171875 0.5130208333333334 0.050520833333333334 0.06041666666666667 
0 0.19401041666666666 0.47734375 0.0421875 0.04635416666666667 
0 0.07864583333333333 0.4 0.08541666666666667 0.08854166666666667 
4 0.01640625 0.9109375 0.019270833333333334 0.023958333333333335 
5 0.6760416666666667 0.9026041666666667 0.04895833333333333 0.041666666666666664 
4 0.36380208333333336 0.9911458333333333 0.018229166666666668 0.01875 
4 0.45078125 0.9440104166666666 0.013020833333333334 0.0203125 
4 0.20442708333333334 0.8875 0.0140625 0.019791666666666666 
4 0.3640625 0.7893229166666667 0.011458333333333333 0.0203125 
4 0.390625 0.7190104166666667 0.015625 0.0234375 
4 0.41015625 0.6861979166666666 0.016145833333333335 0.021354166666666667 
5 0.7856770833333333 0.7140625 0.025520833333333333 0.040625 
4 0.6778645833333333 0.6575520833333334 0.015104166666666667 0.019270833333333334 
4 0.665625 0.6528645833333333 0.0125 0.0203125 
4 0.80390625 0.7080729166666667 0.016145833333333335 0.0234375 
4 0.521875 0.9716145833333333 0.014583333333333334 0.019270833333333334 
4 0.42265625 0.9875 0.018229166666666668 0.025 
4 0.41119791666666666 0.9828125 0.018229166666666668 0.028125 
4 0.37447916666666664 0.96796875 0.017708333333333333 0.0234375 
4 0.33932291666666664 0.9825520833333333 0.0234375 0.021354166666666667 
4 -0.0033854166666666668 0.9205729166666666 0.016145833333333335 0.021354166666666667 
4 0.006510416666666667 0.9325520833333333 0.016145833333333335 0.021354166666666667 
4 0.028645833333333332 0.6145833333333334 0.022916666666666665 0.017708333333333333 
4 0.05182291666666667 0.55859375 0.024479166666666666 0.0171875 
4 0.054427083333333334 0.5484375 0.0203125 0.013541666666666667 
4 0.03307291666666667 0.540625 0.021354166666666667 0.015625 
5 0.28046875 0.4734375 0.015104166666666667 0.029166666666666667 
4 0.020833333333333332 0.5690104166666666 0.019791666666666666 0.015104166666666667 
4 0.6869791666666667 0.6666666666666666 0.016666666666666666 0.021875 
4 0.76796875 0.70859375 0.0140625 0.0203125 
4 0.6963541666666667 0.66953125 0.015625 0.019270833333333334 
4 0.4859375 0.9643229166666667 0.015625 0.022395833333333334 
4 0.35260416666666666 0.9559895833333333 0.016666666666666666 0.022395833333333334 
4 0.21614583333333334 0.8947916666666667 0.017708333333333333 0.022916666666666665 
0 0.11536458333333334 0.33489583333333334 0.0671875 0.0625 
