4 0.15 0.7125 0.022916666666666665 0.009375 
4 0.20625 0.5932291666666667 0.020833333333333332 0.009375 
4 0.14479166666666668 0.54765625 0.023958333333333335 0.009895833333333333 
0 0.04635416666666667 0.8463541666666666 0.042708333333333334 0.03958333333333333 
0 0.048177083333333336 0.7572916666666667 0.0296875 0.040625 
0 0.04296875 0.7119791666666667 0.043229166666666666 0.029166666666666667 
4 0.9541666666666667 0.37864583333333335 0.008333333333333333 0.019791666666666666 
0 0.5739583333333333 0.45078125 0.03229166666666667 0.0453125 
0 0.71015625 0.4984375 0.033854166666666664 0.04375 
0 0.5765625 0.5565104166666667 0.030208333333333334 0.0453125 
0 0.6875 0.57890625 0.036458333333333336 0.04739583333333333 
0 0.5760416666666667 0.6088541666666667 0.03125 0.04583333333333333 
0 0.578125 0.6611979166666667 0.03333333333333333 0.0453125 
0 0.4234375 0.8252604166666667 0.03333333333333333 0.0421875 
0 0.42161458333333335 0.7721354166666666 0.0328125 0.043229166666666666 
0 0.4473958333333333 0.71875 0.030208333333333334 0.0375 
0 0.44114583333333335 0.6322916666666667 0.08854166666666667 0.10416666666666667 
0 0.44973958333333336 0.5674479166666667 0.0765625 0.07239583333333334 
4 0.9809895833333333 0.37916666666666665 0.008854166666666666 0.015625 
4 0.96875 0.37578125 0.010416666666666666 0.019270833333333334 
4 0.20911458333333333 0.7614583333333333 0.018229166666666668 0.008333333333333333 
4 0.80546875 0.4203125 0.022395833333333334 0.010416666666666666 
4 0.8916666666666667 0.3809895833333333 0.010416666666666666 0.0234375 
5 0.94296875 0.8375 0.0140625 0.03958333333333333 
5 0.9671875 0.8403645833333333 0.014583333333333334 0.0359375 
4 0.4666666666666667 0.40989583333333335 0.027083333333333334 0.010416666666666666 
4 0.20833333333333334 0.7403645833333333 0.022916666666666665 0.0109375 
4 0.15026041666666667 0.7013020833333333 0.0234375 0.011979166666666667 
4 0.20494791666666667 0.6057291666666667 0.025520833333333333 0.011458333333333333 
4 0.20729166666666668 0.5799479166666667 0.019791666666666666 0.009895833333333333 
4 0.20416666666666666 0.5692708333333333 0.019791666666666666 0.011458333333333333 
4 0.14270833333333333 0.49453125 0.01875 0.008854166666666666 
4 0.2669270833333333 0.41484375 0.024479166666666666 0.0109375 
4 0.08255208333333333 0.3203125 0.021354166666666667 0.010416666666666666 
4 0.9692708333333333 0.4328125 0.009375 0.022916666666666665 
4 0.9125 0.4395833333333333 0.019791666666666666 0.008333333333333333 
4 0.8770833333333333 0.38203125 0.010416666666666666 0.0203125 
4 0.9046875 0.37942708333333336 0.009375 0.0203125 
4 0.91875 0.378125 0.010416666666666666 0.021875 
4 0.9307291666666667 0.37994791666666666 0.011458333333333333 0.025520833333333333 
4 0.9434895833333333 0.37864583333333335 0.009895833333333333 0.020833333333333332 
0 0.44114583333333335 0.4953125 0.09375 0.10729166666666666 
