0 0.6630208333333333 0.6145833333333334 0.04583333333333333 0.052083333333333336 
0 0.9635416666666666 0.7567708333333333 0.04479166666666667 0.05416666666666667 
0 0.9466145833333334 0.8059895833333334 0.0484375 0.0546875 
0 0.9098958333333333 0.8213541666666667 0.04583333333333333 0.05520833333333333 
0 0.8059895833333334 0.6690104166666667 0.0421875 0.050520833333333334 
0 0.7848958333333333 0.7166666666666667 0.0375 0.041666666666666664 
0 0.8005208333333333 0.75234375 0.03854166666666667 0.04635416666666667 
0 0.784375 0.8015625 0.04791666666666667 0.051041666666666666 
0 0.6403645833333333 0.7473958333333334 0.0453125 0.052083333333333336 
0 0.65859375 0.6973958333333333 0.04114583333333333 0.051041666666666666 
0 0.6778645833333333 0.6494791666666667 0.044270833333333336 0.05 
0 0.49114583333333334 0.63515625 0.03958333333333333 0.04635416666666667 
0 0.5247395833333334 0.6200520833333333 0.04114583333333333 0.0484375 
0 0.50859375 0.58515625 0.03697916666666667 0.044270833333333336 
0 0.5473958333333333 0.5713541666666667 0.04895833333333333 0.05416666666666667 
0 0.2791666666666667 0.6325520833333333 0.052083333333333336 0.049479166666666664 
0 0.23385416666666667 0.5955729166666667 0.06041666666666667 0.059895833333333336 
0 0.04921875 0.5044270833333333 0.0296875 0.0390625 
0 0.12526041666666668 0.5377604166666666 0.0578125 0.06614583333333333 
0 0.21171875 0.55859375 0.04114583333333333 0.044270833333333336 
0 0.2669270833333333 0.34765625 0.0421875 0.0484375 
0 0.18515625 0.3302083333333333 0.050520833333333334 0.04791666666666667 
4 0.28619791666666666 0.3377604166666667 0.018229166666666668 0.011979166666666667 
4 0.37552083333333336 0.3848958333333333 0.016666666666666666 0.020833333333333332 
5 0.32786458333333335 0.5026041666666666 0.016145833333333335 0.023958333333333335 
4 0.33697916666666666 0.5096354166666667 0.0125 0.016145833333333335 
4 0.34453125 0.5145833333333333 0.013020833333333334 0.017708333333333333 
4 0.38046875 0.41171875 0.013020833333333334 0.0171875 
0 0.0546875 0.21171875 0.041666666666666664 0.03802083333333333 
4 0.00625 0.26666666666666666 0.0125 0.021875 
5 0.27057291666666666 0.47109375 0.022395833333333334 0.0296875 
4 0.31744791666666666 0.45989583333333334 0.018229166666666668 0.021875 
4 0.3640625 0.3776041666666667 0.015625 0.01875 
4 0.39791666666666664 0.303125 0.021875 0.01875 
4 0.4434895833333333 0.33151041666666664 0.0234375 0.0171875 
4 0.17552083333333332 0.27291666666666664 0.015625 0.023958333333333335 
0 0.0578125 0.2625 0.04583333333333333 0.041666666666666664 
4 0.3026041666666667 0.4546875 0.015625 0.019791666666666666 
4 0.4109375 0.43203125 0.023958333333333335 0.021354166666666667 
4 0.3932291666666667 0.4166666666666667 0.014583333333333334 0.01875 
4 0.3703125 0.40703125 0.015625 0.019270833333333334 
4 0.42890625 0.37057291666666664 0.0203125 0.015104166666666667 
4 0.34739583333333335 0.35703125 0.017708333333333333 0.0203125 
4 0.34453125 0.3416666666666667 0.0171875 0.017708333333333333 
0 0.14375 0.30625 0.03125 0.03958333333333333 
