4 0.6763456090651558 0.0220125786163522 0.05807365439093484 0.028930817610062894 
4 0.6685552407932012 0.04968553459119497 0.06232294617563739 0.028930817610062894 
7 0.3024079320113314 0.5930817610062893 0.11756373937677053 0.21761006289308177 
7 0.4695467422096317 0.5962264150943396 0.12039660056657224 0.2188679245283019 
7 0.6338526912181303 0.6 0.11756373937677053 0.2188679245283019 
7 0.7988668555240793 0.6031446540880503 0.11898016997167139 0.21761006289308177 
7 0.8087818696883853 0.2540880503144654 0.11614730878186968 0.21635220125786164 
7 0.6430594900849859 0.25031446540880503 0.12181303116147309 0.21635220125786164 
7 0.47875354107648727 0.2490566037735849 0.11898016997167139 0.2188679245283019 
7 0.3123229461756374 0.24528301886792453 0.12039660056657224 0.21635220125786164 
