0 0.7674479166666667 0.35546875 0.044270833333333336 0.033854166666666664 
0 0.74296875 0.325 0.04635416666666667 0.034375 
0 0.6908854166666667 0.32135416666666666 0.04635416666666667 0.030208333333333334 
0 0.63671875 0.3182291666666667 0.043229166666666666 0.030208333333333334 
0 0.9703125 0.5067708333333333 0.052083333333333336 0.035416666666666666 
0 0.7536458333333333 0.4953125 0.04895833333333333 0.035416666666666666 
0 0.6994791666666667 0.4908854166666667 0.04375 0.0328125 
0 0.5908854166666667 0.48489583333333336 0.044270833333333336 0.030208333333333334 
0 0.6453125 0.48671875 0.04895833333333333 0.0359375 
0 0.5416666666666666 0.48932291666666666 0.05 0.0546875 
0 0.5578125 0.53046875 0.05 0.05260416666666667 
0 0.5111979166666667 0.5341145833333333 0.049479166666666664 0.0515625 
0 0.48411458333333335 0.57890625 0.05260416666666667 0.05364583333333333 
0 0.5309895833333333 0.5770833333333333 0.0703125 0.071875 
0 0.34401041666666665 0.5325520833333334 0.050520833333333334 0.05260416666666667 
0 0.35833333333333334 0.446875 0.04791666666666667 0.05520833333333333 
0 0.403125 0.4427083333333333 0.04895833333333333 0.05416666666666667 
0 0.43359375 0.396875 0.05260416666666667 0.053125 
0 0.4627604166666667 0.35052083333333334 0.0484375 0.052083333333333336 
0 0.4901041666666667 0.30494791666666665 0.052083333333333336 0.05260416666666667 
0 0.7953125 0.3255208333333333 0.03333333333333333 0.027083333333333334 
0 0.8161458333333333 0.35625 0.04583333333333333 0.03229166666666667 
0 0.8729166666666667 0.35885416666666664 0.04479166666666667 0.034375 
0 1.0177083333333334 0.3645833333333333 0.046875 0.04479166666666667 
0 0.99140625 0.22682291666666668 0.04635416666666667 0.034895833333333334 
0 0.9380208333333333 0.22421875 0.042708333333333334 0.033854166666666664 
0 0.8841145833333334 0.22291666666666668 0.04114583333333333 0.034375 
0 0.83359375 0.21770833333333334 0.04010416666666667 0.03229166666666667 
0 0.77734375 0.21614583333333334 0.0359375 0.030208333333333334 
0 0.7265625 0.21458333333333332 0.04791666666666667 0.035416666666666666 
0 0.9541666666666667 0.33567708333333335 0.04479166666666667 0.028645833333333332 
0 0.9013020833333333 0.33046875 0.043229166666666666 0.033854166666666664 
0 0.5221354166666666 0.26197916666666665 0.0484375 0.051041666666666666 
0 0.5513020833333333 0.21354166666666666 0.0546875 0.05520833333333333 
0 0.3377604166666667 0.21041666666666667 0.04635416666666667 0.052083333333333336 
0 0.353125 0.2513020833333333 0.05 0.05364583333333333 
0 0.30703125 0.2552083333333333 0.0453125 0.05 
0 0.278125 0.3015625 0.046875 0.053125 
0 0.29375 0.3416666666666667 0.04895833333333333 0.052083333333333336 
0 0.24921875 0.34609375 0.044270833333333336 0.050520833333333334 
0 0.21875 0.39010416666666664 0.04479166666666667 0.04895833333333333 
0 0.23645833333333333 0.43515625 0.04375 0.0453125 
0 0.19114583333333332 0.43854166666666666 0.04479166666666667 0.051041666666666666 
0 0.20807291666666666 0.4786458333333333 0.0515625 0.053125 
0 0.1609375 0.4817708333333333 0.04375 0.04583333333333333 
0 0.17760416666666667 0.5260416666666666 0.04375 0.046875 
0 0.1296875 0.5263020833333333 0.042708333333333334 0.0453125 
0 0.14713541666666666 0.5716145833333334 0.0515625 0.05364583333333333 
0 0.1015625 0.5736979166666667 0.04583333333333333 0.0484375 
0 0.008072916666666667 0.5153645833333333 0.0515625 0.05572916666666667 
0 -0.006510416666666667 0.4744791666666667 0.049479166666666664 0.053125 
0 0.03828125 0.471875 0.04739583333333333 0.052083333333333336 
0 0.021614583333333333 0.42916666666666664 0.0484375 0.053125 
0 0.06666666666666667 0.4244791666666667 0.046875 0.05416666666666667 
0 0.08125 0.33645833333333336 0.053125 0.05625 
0 0.12630208333333334 0.3341145833333333 0.0484375 0.05260416666666667 
0 0.11145833333333334 0.29270833333333335 0.042708333333333334 0.046875 
0 0.15651041666666668 0.2890625 0.04635416666666667 0.052083333333333336 
0 0.18229166666666666 0.24192708333333332 0.04791666666666667 0.05260416666666667 
0 0.21302083333333333 0.196875 0.05520833333333333 0.05625 
0 -0.0036458333333333334 0.19140625 0.051041666666666666 0.05572916666666667 
0 -0.013020833333333334 0.2796875 0.04583333333333333 0.052083333333333336 
4 0.88671875 0.7489583333333333 0.0109375 0.025 
4 0.043229166666666666 0.44505208333333335 0.01875 0.015104166666666667 
4 0.05911458333333333 0.3885416666666667 0.0203125 0.015625 
4 0.8830729166666667 0.5770833333333333 0.018229166666666668 0.016666666666666666 
4 0.34609375 0.9703125 0.024479166666666666 0.011458333333333333 
5 0.9567708333333333 0.98125 0.04375 0.014583333333333334 
4 0.89765625 0.9666666666666667 0.022395833333333334 0.009375 
4 0.94453125 0.74921875 0.0067708333333333336 0.0140625 
4 0.9216145833333333 0.7505208333333333 0.008854166666666666 0.016666666666666666 
4 0.8669270833333333 0.6971354166666667 0.0109375 0.0203125 
4 0.8770833333333333 0.69765625 0.010416666666666666 0.0203125 
4 0.40338541666666666 0.7119791666666667 0.0067708333333333336 0.013541666666666667 
4 0.9088541666666666 0.7520833333333333 0.009375 0.020833333333333332 
4 0.90078125 0.69921875 0.008854166666666666 0.0203125 
4 0.9265625 0.5817708333333333 0.020833333333333332 0.021875 
4 0.9401041666666666 0.50859375 0.016666666666666666 0.019270833333333334 
4 0.865625 0.5515625 0.020833333333333332 0.019791666666666666 
4 0.86640625 0.5791666666666667 0.018229166666666668 0.019791666666666666 
4 0.884375 0.5625 0.01875 0.01875 
4 0.8666666666666667 0.5919270833333333 0.019791666666666666 0.0203125 
4 0.8752604166666667 0.7473958333333334 0.009895833333333333 0.019791666666666666 
4 0.8630208333333333 0.7486979166666666 0.010416666666666666 0.0203125 
4 0.8515625 0.7479166666666667 0.010416666666666666 0.01875 
4 0.6145833333333334 0.7854166666666667 0.011458333333333333 0.022916666666666665 
4 0.7864583333333334 0.68984375 0.010416666666666666 0.018229166666666668 
4 0.775 0.6908854166666667 0.011458333333333333 0.019270833333333334 
4 0.7619791666666667 0.6885416666666667 0.009375 0.017708333333333333 
4 0.7486979166666666 0.6895833333333333 0.008854166666666666 0.016666666666666666 
4 0.7369791666666666 0.6895833333333333 0.010416666666666666 0.017708333333333333 
4 0.73203125 0.7346354166666667 0.0109375 0.018229166666666668 
4 0.43515625 0.859375 0.0109375 0.020833333333333332 
4 0.38125 0.8557291666666667 0.011458333333333333 0.01875 
4 0.7106770833333333 0.7252604166666666 0.024479166666666666 0.013020833333333334 
4 0.7244791666666667 0.68984375 0.010416666666666666 0.0171875 
4 0.04088541666666667 0.6942708333333333 0.009895833333333333 0.01875 
4 0.9315104166666667 0.51796875 0.021354166666666667 0.019270833333333334 
4 0.8591145833333333 0.5270833333333333 0.021354166666666667 0.01875 
4 0.8848958333333333 0.5369791666666667 0.017708333333333333 0.01875 
4 0.8645833333333334 0.5372395833333333 0.019791666666666666 0.018229166666666668 
4 0.8669270833333333 0.5645833333333333 0.018229166666666668 0.017708333333333333 
4 0.86640625 0.61796875 0.019270833333333334 0.019270833333333334 
4 0.92109375 0.6177083333333333 0.021354166666666667 0.020833333333333332 
4 0.884375 0.6041666666666666 0.016666666666666666 0.015625 
4 0.8317708333333333 0.6057291666666667 0.0125 0.020833333333333332 
4 0.9130208333333333 0.69921875 0.0125 0.022395833333333334 
4 0.8395833333333333 0.7432291666666667 0.010416666666666666 0.021875 
4 0.8119791666666667 0.6869791666666667 0.010416666666666666 0.025 
4 0.79921875 0.6875 0.0109375 0.020833333333333332 
4 0.08255208333333333 0.6921875 0.0109375 0.021875 
4 0.5765625 0.6723958333333333 0.022916666666666665 0.011458333333333333 
4 0.1078125 0.6947916666666667 0.009375 0.017708333333333333 
4 0.14166666666666666 0.6932291666666667 0.010416666666666666 0.01875 
4 0.12864583333333332 0.6934895833333333 0.009375 0.016145833333333335 
4 0.11822916666666666 0.6927083333333334 0.011458333333333333 0.021875 
4 0.09609375 0.6950520833333333 0.008854166666666666 0.0171875 
4 0.03177083333333333 0.8390625 0.014583333333333334 0.027083333333333334 
4 0.04609375 0.84140625 0.009895833333333333 0.016145833333333335 
4 0.06901041666666667 0.8408854166666667 0.009895833333333333 0.018229166666666668 
4 0.09036458333333333 0.83828125 0.022395833333333334 0.022395833333333334 
4 0.35390625 0.85703125 0.009895833333333333 0.0171875 
4 0.36692708333333335 0.8544270833333333 0.009895833333333333 0.022395833333333334 
4 0.3932291666666667 0.8565104166666667 0.010416666666666666 0.021354166666666667 
4 0.40625 0.8583333333333333 0.010416666666666666 0.017708333333333333 
