0 0.29921875 0.5611979166666666 0.028645833333333332 0.04010416666666667 
4 0.49140625 0.63671875 0.0078125 0.0171875 
0 0.4432291666666667 0.26145833333333335 0.04895833333333333 0.04895833333333333 
0 0.48411458333333335 0.28098958333333335 0.03697916666666667 0.049479166666666664 
0 0.5591145833333333 0.2916666666666667 0.0390625 0.05416666666666667 
0 0.6520833333333333 0.29661458333333335 0.03333333333333333 0.0453125 
0 0.6364583333333333 0.5010416666666667 0.058333333333333334 0.06145833333333333 
0 0.6734375 0.7182291666666667 0.06145833333333333 0.05416666666666667 
0 0.6346354166666667 0.58671875 0.049479166666666664 0.050520833333333334 
0 0.30755208333333334 0.4348958333333333 0.0390625 0.042708333333333334 
0 0.3255208333333333 0.3307291666666667 0.03229166666666667 0.041666666666666664 
0 0.32838541666666665 0.27057291666666666 0.0296875 0.043229166666666666 
0 0.29375 0.3020833333333333 0.035416666666666666 0.042708333333333334 
0 0.12447916666666667 0.27265625 0.03854166666666667 0.0484375 
0 0.15494791666666666 0.32890625 0.04739583333333333 0.06197916666666667 
0 0.44817708333333334 0.30546875 0.033854166666666664 0.04114583333333333 
0 0.48359375 0.33255208333333336 0.030729166666666665 0.0421875 
0 0.44583333333333336 0.35859375 0.034375 0.04010416666666667 
4 0.7208333333333333 0.23463541666666668 0.020833333333333332 0.0140625 
4 0.6888020833333334 0.73515625 0.0109375 0.019270833333333334 
4 0.9453125 0.75390625 0.009375 0.0171875 
4 0.9341145833333333 0.7541666666666667 0.0140625 0.017708333333333333 
4 0.903125 0.7513020833333334 0.020833333333333332 0.021354166666666667 
4 0.53046875 0.42526041666666664 0.022395833333333334 0.021354166666666667 
4 0.5322916666666667 0.4127604166666667 0.019791666666666666 0.019270833333333334 
4 0.49114583333333334 0.66015625 0.009375 0.015104166666666667 
4 0.4979166666666667 0.54765625 0.010416666666666666 0.0234375 
4 0.6138020833333333 0.5166666666666667 0.0109375 0.022916666666666665 
4 0.7091145833333333 0.6078125 0.009895833333333333 0.019791666666666666 
4 0.6322916666666667 0.609375 0.019791666666666666 0.008333333333333333 
4 0.7924479166666667 0.7466145833333333 0.0234375 0.019270833333333334 
4 0.7747395833333334 0.7463541666666667 0.021354166666666667 0.021875 
4 0.6244791666666667 0.7375 0.017708333333333333 0.023958333333333335 
4 0.6518229166666667 0.73515625 0.0171875 0.024479166666666666 
4 0.14375 0.7916666666666666 0.011458333333333333 0.020833333333333332 
5 0.06770833333333333 0.49296875 0.013541666666666667 0.03802083333333333 
5 0.08385416666666666 0.5833333333333334 0.034375 0.011458333333333333 
4 0.008072916666666667 0.6713541666666667 0.0078125 0.025 
4 0.54140625 0.8908854166666667 0.008854166666666666 0.022395833333333334 
4 0.9893229166666667 0.35 0.016145833333333335 0.008333333333333333 
4 0.5390625 0.32369791666666664 0.019791666666666666 0.0140625 
4 0.47578125 0.3611979166666667 0.022395833333333334 0.009895833333333333 
6 0.41692708333333334 0.4361979166666667 0.022395833333333334 0.0109375 
4 0.5515625 0.8018229166666667 0.009375 0.022395833333333334 
4 0.5395833333333333 0.80078125 0.008333333333333333 0.022395833333333334 
4 0.515625 0.80546875 0.008333333333333333 0.021354166666666667 
4 0.49973958333333335 0.8822916666666667 0.008854166666666666 0.017708333333333333 
4 0.4830729166666667 0.8828125 0.0078125 0.021875 
4 0.09713541666666667 0.7901041666666667 0.008854166666666666 0.01875 
4 0.10859375 0.7908854166666667 0.0067708333333333336 0.0171875 
4 0.09401041666666667 0.6359375 0.021354166666666667 0.009375 
4 0.2994791666666667 0.5356770833333333 0.017708333333333333 0.0078125 
4 0.2721354166666667 0.5059895833333333 0.018229166666666668 0.0078125 
4 0.26484375 0.446875 0.021354166666666667 0.0125 
0 0.7713541666666667 0.28932291666666665 0.13645833333333332 0.12864583333333332 
4 0.5 0.48203125 0.008333333333333333 0.018229166666666668 
4 0.3026041666666667 0.59296875 0.021875 0.0140625 
0 0.96484375 0.29661458333333335 0.034895833333333334 0.044270833333333336 
0 0.9174479166666667 0.29401041666666666 0.0453125 0.049479166666666664 
4 0.51015625 0.8817708333333333 0.0109375 0.021875 
