5 0.31302083333333336 0.27630208333333334 0.007291666666666667 0.024479166666666666 
4 0.3302083333333333 0.25026041666666665 0.005208333333333333 0.008854166666666666 
5 0.45338541666666665 0.19713541666666667 0.0046875 0.013020833333333334 
5 0.4309895833333333 0.20520833333333333 0.0109375 0.013541666666666667 
5 0.41692708333333334 0.18541666666666667 0.0046875 0.010416666666666666 
5 0.3125 0.203125 0.005208333333333333 0.011458333333333333 
5 0.30078125 0.20338541666666668 0.0046875 0.0109375 
4 0.32916666666666666 0.20130208333333333 0.011458333333333333 0.0036458333333333334 
4 0.28515625 0.23203125 0.0078125 0.008854166666666666 
4 0.28984375 0.23619791666666667 0.008854166666666666 0.009895833333333333 
4 0.2953125 0.2390625 0.007291666666666667 0.009375 
4 0.30052083333333335 0.24088541666666666 0.00625 0.0109375 
4 0.30572916666666666 0.2421875 0.00625 0.010416666666666666 
4 0.3104166666666667 0.24427083333333333 0.007291666666666667 0.010416666666666666 
4 0.31640625 0.24505208333333334 0.0067708333333333336 0.008854166666666666 
4 0.32109375 0.24635416666666668 0.0067708333333333336 0.009375 
4 0.3338541666666667 0.2520833333333333 0.00625 0.009375 
5 0.2994791666666667 0.27760416666666665 0.008333333333333333 0.023958333333333335 
4 0.33958333333333335 0.25364583333333335 0.00625 0.008333333333333333 
4 0.17682291666666666 0.23229166666666667 0.009895833333333333 0.009375 
4 0.39947916666666666 0.18151041666666667 0.004166666666666667 0.008854166666666666 
4 0.40520833333333334 0.18255208333333334 0.004166666666666667 0.009895833333333333 
4 0.41119791666666666 0.18463541666666666 0.0036458333333333334 0.0078125 
4 0.42083333333333334 0.3419270833333333 0.008333333333333333 0.009895833333333333 
4 0.1515625 0.4434895833333333 0.011458333333333333 0.0046875 
4 0.17890625 0.6619791666666667 0.009895833333333333 0.009375 
4 0.4453125 0.8244791666666667 0.009375 0.010416666666666666 
4 0.6705729166666666 0.9044270833333333 0.005729166666666666 0.008854166666666666 
4 0.7135416666666666 0.8059895833333334 0.007291666666666667 0.008854166666666666 
4 0.7278645833333334 0.7973958333333333 0.0067708333333333336 0.010416666666666666 
4 0.7328125 0.7947916666666667 0.00625 0.011458333333333333 
4 0.7380208333333333 0.7919270833333333 0.00625 0.008854166666666666 
5 0.2765625 0.11302083333333333 0.005208333333333333 0.010416666666666666 
5 0.17447916666666666 0.10208333333333333 0.0125 0.005208333333333333 
5 0.16015625 0.051041666666666666 0.011979166666666667 0.011458333333333333 
4 0.41015625 0.029947916666666668 0.008854166666666666 0.0046875 
0 0.36770833333333336 0.228125 0.071875 0.06875 
0 0.5958333333333333 0.07994791666666666 0.09791666666666667 0.1015625 
0 0.86640625 0.11796875 0.07760416666666667 0.08697916666666666 
0 0.95546875 0.30572916666666666 0.0890625 0.10104166666666667 
0 0.9315104166666667 -0.022395833333333334 0.09114583333333333 0.09791666666666667 
0 0.8408854166666667 0.5424479166666667 0.07552083333333333 0.09739583333333333 
0 0.9216145833333333 0.49270833333333336 0.07135416666666666 0.07708333333333334 
0 0.6377604166666667 0.9276041666666667 0.10677083333333333 0.11458333333333333 
4 0.2640625 0.04583333333333333 0.009375 0.005208333333333333 
4 0.28932291666666665 0.046614583333333334 0.009895833333333333 0.0109375 
4 0.31588541666666664 0.008333333333333333 0.0109375 0.010416666666666666 
4 0.4875 0.010677083333333334 0.00625 0.0109375 
4 0.48125 0.05807291666666667 0.004166666666666667 0.0109375 
4 0.46875 0.06171875 0.009375 0.009895833333333333 
4 0.45078125 0.06744791666666666 0.011979166666666667 0.0046875 
4 0.4510416666666667 0.039322916666666666 0.007291666666666667 0.0109375 
4 0.46432291666666664 0.044270833333333336 0.008854166666666666 0.010416666666666666 
4 0.4466145833333333 0.057291666666666664 0.009895833333333333 0.004166666666666667 
4 0.4359375 0.026822916666666665 0.011458333333333333 0.0078125 
4 0.42864583333333334 0.013541666666666667 0.011458333333333333 0.008333333333333333 
4 0.33046875 0.042708333333333334 0.009895833333333333 0.008333333333333333 
4 0.17421875 0.10911458333333333 0.008854166666666666 0.0046875 
4 0.2752604166666667 0.0921875 0.005729166666666666 0.009375 
4 0.4666666666666667 0.11666666666666667 0.008333333333333333 0.004166666666666667 
4 0.465625 0.11041666666666666 0.008333333333333333 0.004166666666666667 
4 0.4635416666666667 0.09713541666666667 0.007291666666666667 0.0046875 
4 0.46015625 0.0921875 0.008854166666666666 0.005208333333333333 
4 0.4666666666666667 0.08411458333333334 0.009375 0.005729166666666666 
4 0.5158854166666667 0.19348958333333333 0.008854166666666666 0.0036458333333333334 
4 0.6505208333333333 0.10520833333333333 0.00625 0.008333333333333333 
4 0.6416666666666667 0.16302083333333334 0.004166666666666667 0.008333333333333333 
4 0.9875 0.0734375 0.009375 0.003125 
4 0.9807291666666667 0.08515625 0.008333333333333333 0.0067708333333333336 
4 0.9817708333333334 0.08984375 0.007291666666666667 0.005729166666666666 
4 0.9822916666666667 0.096875 0.008333333333333333 0.00625 
4 0.9817708333333334 0.10286458333333333 0.008333333333333333 0.0067708333333333336 
4 0.9825520833333333 0.10885416666666667 0.0078125 0.00625 
4 0.9794270833333333 0.11588541666666667 0.009895833333333333 0.0078125 
4 0.9825520833333333 0.12057291666666667 0.009895833333333333 0.0067708333333333336 
4 0.9802083333333333 0.12708333333333333 0.011458333333333333 0.00625 
4 0.9825520833333333 0.13229166666666667 0.009895833333333333 0.00625 
4 0.9830729166666666 0.13854166666666667 0.008854166666666666 0.00625 
4 0.9817708333333334 0.14375 0.010416666666666666 0.007291666666666667 
4 0.9606770833333333 0.10338541666666666 0.009895833333333333 0.008854166666666666 
4 0.9578125 0.1078125 0.009375 0.007291666666666667 
4 0.9627604166666667 0.09270833333333334 0.0036458333333333334 0.009375 
4 0.8171875 0.29192708333333334 0.004166666666666667 0.0078125 
4 0.8075520833333333 0.4796875 0.009895833333333333 0.007291666666666667 
5 0.8471354166666667 0.6786458333333333 0.019270833333333334 0.007291666666666667 
5 0.821875 0.6760416666666667 0.016666666666666666 0.00625 
5 0.8234375 0.6822916666666666 0.015625 0.00625 
5 0.8223958333333333 0.6888020833333334 0.016666666666666666 0.005729166666666666 
5 0.8158854166666667 0.6950520833333333 0.015104166666666667 0.0067708333333333336 
5 0.8184895833333333 0.7010416666666667 0.016145833333333335 0.007291666666666667 
5 0.8455729166666667 0.6921875 0.015104166666666667 0.00625 
5 0.86328125 0.6971354166666667 0.018229166666666668 0.0078125 
5 0.890625 0.828125 0.008333333333333333 0.015625 
4 0.5916666666666667 0.25078125 0.007291666666666667 0.008854166666666666 
5 0.275 0.27760416666666665 0.007291666666666667 0.026041666666666668 
5 0.2838541666666667 0.28046875 0.008333333333333333 0.025520833333333333 
5 0.2911458333333333 0.2799479166666667 0.008333333333333333 0.025520833333333333 
4 0.9794270833333333 0.08020833333333334 0.0078125 0.007291666666666667 
4 0.9927083333333333 0.08151041666666667 0.008333333333333333 0.0036458333333333334 
5 0.753125 0.04921875 0.015625 0.015104166666666667 
4 0.9919270833333333 0.0921875 0.008854166666666666 0.004166666666666667 
5 0.75625 0.032552083333333336 0.016666666666666666 0.015104166666666667 
5 0.884375 0.09635416666666667 0.01875 0.007291666666666667 
5 0.6325520833333333 0.16692708333333334 0.0078125 0.011979166666666667 
4 0.9075520833333334 0.06614583333333333 0.0078125 0.009375 
4 0.8861979166666667 0.1484375 0.005729166666666666 0.009375 
4 0.9520833333333333 0.14427083333333332 0.010416666666666666 0.008333333333333333 
4 0.95234375 0.13229166666666667 0.0067708333333333336 0.00625 
4 0.9604166666666667 0.13229166666666667 0.007291666666666667 0.00625 
4 0.9606770833333333 0.12604166666666666 0.0078125 0.005208333333333333 
4 0.9502604166666667 0.12057291666666667 0.008854166666666666 0.005729166666666666 
4 0.9518229166666666 0.11510416666666666 0.0078125 0.00625 
4 0.9567708333333333 0.1125 0.008333333333333333 0.005208333333333333 
4 0.9588541666666667 0.09348958333333333 0.004166666666666667 0.0078125 
4 0.98359375 0.14895833333333333 0.0078125 0.00625 
4 0.99453125 0.1578125 0.0078125 0.003125 
4 0.9940104166666667 0.16302083333333334 0.0067708333333333336 0.004166666666666667 
4 0.98046875 0.17734375 0.0078125 0.0067708333333333336 
4 0.9953125 0.13828125 0.007291666666666667 0.0046875 
4 0.99453125 0.13333333333333333 0.0078125 0.004166666666666667 
4 0.9927083333333333 0.12786458333333334 0.008333333333333333 0.0036458333333333334 
4 0.9927083333333333 0.12317708333333334 0.008333333333333333 0.0036458333333333334 
4 0.9940104166666667 0.11744791666666667 0.008854166666666666 0.0036458333333333334 
4 0.9927083333333333 0.11276041666666667 0.008333333333333333 0.0036458333333333334 
4 0.9919270833333333 0.10755208333333334 0.0078125 0.0036458333333333334 
4 0.9919270833333333 0.10286458333333333 0.0067708333333333336 0.0036458333333333334 
4 0.99140625 0.09713541666666667 0.008854166666666666 0.0036458333333333334 
0 0.37057291666666664 0.3109375 0.06614583333333333 0.065625 
