0 0.7408854166666666 0.69765625 0.049479166666666664 0.05260416666666667 
0 0.67734375 0.7526041666666666 0.044270833333333336 0.04791666666666667 
0 0.6859375 0.7895833333333333 0.03958333333333333 0.04479166666666667 
0 0.6471354166666666 0.79453125 0.0453125 0.0515625 
0 0.6067708333333334 0.6799479166666667 0.041666666666666664 0.0453125 
0 0.5669270833333333 0.6903645833333333 0.04635416666666667 0.0546875 
0 0.5802083333333333 0.72578125 0.04375 0.049479166666666664 
0 0.5489583333333333 0.76640625 0.041666666666666664 0.049479166666666664 
0 0.5421875 0.7317708333333334 0.04479166666666667 0.051041666666666666 
0 0.5135416666666667 0.7763020833333333 0.03958333333333333 0.04739583333333333 
0 0.6869791666666667 0.39375 0.03958333333333333 0.04375 
0 0.6736979166666667 0.4830729166666667 0.044270833333333336 0.050520833333333334 
0 0.64140625 0.5270833333333333 0.04739583333333333 0.053125 
0 0.5994791666666667 0.5296875 0.04479166666666667 0.052083333333333336 
0 0.4479166666666667 0.6408854166666667 0.06145833333333333 0.0640625 
0 0.4609375 0.6786458333333333 0.04375 0.04791666666666667 
0 0.43203125 0.7236979166666667 0.04739583333333333 0.0515625 
0 0.4049479166666667 0.76875 0.04635416666666667 0.053125 
0 0.3658854166666667 0.77578125 0.04010416666666667 0.044270833333333336 
0 0.24661458333333333 0.7325520833333333 0.04114583333333333 0.0453125 
0 0.27734375 0.68984375 0.0484375 0.05260416666666667 
0 0.34140625 0.6338541666666667 0.0671875 0.07291666666666667 
0 0.4869791666666667 0.41171875 0.04791666666666667 0.0515625 
0 0.5065104166666666 0.33125 0.0484375 0.051041666666666666 
0 0.5427083333333333 0.32005208333333335 0.04479166666666667 0.050520833333333334 
0 0.5598958333333334 0.2421875 0.057291666666666664 0.06041666666666667 
0 0.5989583333333334 0.23333333333333334 0.042708333333333334 0.04791666666666667 
0 0.5927083333333333 0.19635416666666666 0.03958333333333333 0.041666666666666664 
0 0.62421875 0.14947916666666666 0.049479166666666664 0.051041666666666666 
0 0.48828125 0.18307291666666667 0.0578125 0.06197916666666667 
0 0.45807291666666666 0.22708333333333333 0.0484375 0.052083333333333336 
0 0.43072916666666666 0.2708333333333333 0.06875 0.07395833333333333 
0 0.37265625 0.36041666666666666 0.04114583333333333 0.04479166666666667 
0 0.4578125 0.45651041666666664 0.04375 0.0453125 
0 0.39140625 0.51015625 0.049479166666666664 0.05572916666666667 
0 0.31302083333333336 0.44973958333333336 0.05 0.05364583333333333 
0 0.22916666666666666 0.5846354166666666 0.034375 0.03802083333333333 
0 0.17083333333333334 0.6734375 0.051041666666666666 0.05520833333333333 
0 0.1421875 0.7177083333333333 0.051041666666666666 0.05416666666666667 
0 0.734375 0.39296875 0.04583333333333333 0.04739583333333333 
0 0.7174479166666666 0.35052083333333334 0.03697916666666667 0.03958333333333333 
0 0.7611979166666667 0.3458333333333333 0.044270833333333336 0.04791666666666667 
0 0.7666666666666667 0.5401041666666667 0.05 0.057291666666666664 
0 0.9942708333333333 0.45625 0.04375 0.04583333333333333 
0 1.0109375 0.5005208333333333 0.04375 0.046875 
0 0.9630208333333333 0.50078125 0.042708333333333334 0.0453125 
0 0.98046875 0.54609375 0.0515625 0.05364583333333333 
0 0.9348958333333334 0.5481770833333334 0.04583333333333333 0.0484375 
0 0.796875 0.49375 0.04375 0.04479166666666667 
0 0.7901041666666667 0.30104166666666665 0.051041666666666666 0.05520833333333333 
0 0.84140625 0.48984375 0.0515625 0.05572916666666667 
0 0.8268229166666666 0.44895833333333335 0.049479166666666664 0.053125 
0 0.8716145833333333 0.44635416666666666 0.04739583333333333 0.052083333333333336 
0 0.8549479166666667 0.4036458333333333 0.0484375 0.053125 
0 0.9 0.39895833333333336 0.046875 0.05416666666666667 
0 0.9145833333333333 0.3109375 0.053125 0.05625 
0 0.9596354166666666 0.30859375 0.0484375 0.05260416666666667 
0 0.9447916666666667 0.2671875 0.042708333333333334 0.046875 
0 0.98984375 0.2635416666666667 0.04635416666666667 0.052083333333333336 
0 1.015625 0.21640625 0.04791666666666667 0.05260416666666667 
0 0.8296875 0.16588541666666667 0.051041666666666666 0.05572916666666667 
0 0.8203125 0.25416666666666665 0.04583333333333333 0.052083333333333336 
4 0.3328125 0.9604166666666667 0.021875 0.010416666666666666 
4 0.16666666666666666 0.9682291666666667 0.028125 0.010416666666666666 
4 0.043229166666666666 0.9638020833333333 0.021875 0.0078125 
4 0.07135416666666666 0.9515625 0.020833333333333332 0.009375 
4 0.8765625 0.41953125 0.01875 0.015104166666666667 
4 0.8924479166666667 0.36302083333333335 0.0203125 0.015625 
4 0.7182291666666667 0.3640625 0.01875 0.015625 
4 0.87421875 0.66875 0.009895833333333333 0.01875 
4 0.9158854166666667 0.6666666666666666 0.0109375 0.021875 
4 0.9411458333333333 0.6692708333333334 0.009375 0.017708333333333333 
4 0.975 0.6677083333333333 0.010416666666666666 0.01875 
4 0.9619791666666667 0.66796875 0.009375 0.016145833333333335 
4 0.9515625 0.6671875 0.011458333333333333 0.021875 
4 0.9294270833333333 0.66953125 0.008854166666666666 0.0171875 
4 0.8651041666666667 0.8135416666666667 0.014583333333333334 0.027083333333333334 
4 0.8794270833333333 0.8158854166666667 0.009895833333333333 0.016145833333333335 
4 0.90234375 0.8153645833333333 0.009895833333333333 0.018229166666666668 
4 0.9236979166666667 0.8127604166666667 0.022395833333333334 0.022395833333333334 
0 0.11510416666666666 0.7625 0.04375 0.052083333333333336 
