4 0.9575520833333333 0.7856770833333333 0.009895833333333333 0.011979166666666667 
0 0.8325520833333333 0.74140625 0.0953125 0.09739583333333333 
0 0.8955729166666667 0.7869791666666667 0.0953125 0.10416666666666667 
0 0.7255208333333333 0.8471354166666667 0.09895833333333333 0.09114583333333333 
0 0.7419270833333333 0.7213541666666666 0.0828125 0.096875 
0 0.64765625 0.7190104166666667 0.08177083333333333 0.08697916666666666 
5 0.14453125 0.7236979166666667 0.009895833333333333 0.024479166666666666 
5 0.17317708333333334 0.7244791666666667 0.009895833333333333 0.023958333333333335 
5 0.17317708333333334 0.7484375 0.009895833333333333 0.023958333333333335 
5 0.16640625 0.73046875 0.008854166666666666 0.025520833333333333 
5 0.16692708333333334 0.75703125 0.0109375 0.0234375 
5 0.16796875 0.8236979166666667 0.016145833333333335 0.027604166666666666 
0 0.91328125 0.5080729166666667 0.0703125 0.0671875 
0 0.8216145833333334 0.5143229166666666 0.07135416666666666 0.0796875 
0 0.7283854166666667 0.5161458333333333 0.07135416666666666 0.075 
0 0.53359375 0.5158854166666667 0.0703125 0.0796875 
0 0.10442708333333334 0.471875 0.0546875 0.06666666666666667 
0 0.18151041666666667 0.40963541666666664 0.050520833333333334 0.058854166666666666 
0 0.3515625 0.5338541666666666 0.06979166666666667 0.07916666666666666 
0 0.4510416666666667 0.5208333333333334 0.07395833333333333 0.078125 
0 0.4432291666666667 0.3515625 0.08645833333333333 0.09583333333333334 
0 0.37942708333333336 0.73515625 0.0734375 0.0734375 
0 0.2955729166666667 0.7510416666666667 0.058854166666666666 0.06666666666666667 
0 0.23333333333333334 0.7565104166666666 0.07916666666666666 0.08385416666666666 
0 0.09713541666666667 0.7859375 0.0734375 0.06979166666666667 
5 0.08958333333333333 0.8239583333333333 0.0125 0.004166666666666667 
4 0.19453125 0.7109375 0.005729166666666666 0.009375 
5 0.94609375 0.8052083333333333 0.0109375 0.014583333333333334 
4 0.19583333333333333 0.7421875 0.004166666666666667 0.009375 
5 0.27734375 0.6875 0.0046875 0.011458333333333333 
5 0.27109375 0.6916666666666667 0.005729166666666666 0.0125 
5 0.5114583333333333 0.7044270833333334 0.005208333333333333 0.011979166666666667 
4 0.5216145833333333 0.7044270833333334 0.0046875 0.0078125 
4 0.6432291666666666 0.4588541666666667 0.010416666666666666 0.005208333333333333 
4 0.6859375 0.45755208333333336 0.009375 0.0036458333333333334 
4 0.7200520833333334 0.45546875 0.0109375 0.0046875 
4 0.60078125 0.975 0.0109375 0.004166666666666667 
4 0.5380208333333333 0.9947916666666666 0.009375 0.009375 
4 0.91875 0.8221354166666667 0.008333333333333333 0.008854166666666666 
5 0.9361979166666666 0.8361979166666667 0.019270833333333334 0.013020833333333334 
5 0.9700520833333334 0.8111979166666666 0.009895833333333333 0.009895833333333333 
5 0.965625 0.8072916666666666 0.010416666666666666 0.009375 
5 0.9651041666666667 0.7981770833333334 0.009375 0.009895833333333333 
5 0.9236979166666667 0.7869791666666667 0.0109375 0.011458333333333333 
5 0.30885416666666665 0.6859375 0.010416666666666666 0.004166666666666667 
5 0.30859375 0.6927083333333334 0.0109375 0.004166666666666667 
5 0.3098958333333333 0.6973958333333333 0.010416666666666666 0.004166666666666667 
4 0.2950520833333333 0.40963541666666664 0.011979166666666667 0.0046875 
4 0.19036458333333334 0.7408854166666666 0.005729166666666666 0.008854166666666666 
4 0.1859375 0.7450520833333333 0.009375 0.009895833333333333 
4 0.18385416666666668 0.7513020833333334 0.008333333333333333 0.008854166666666666 
4 0.18359375 0.7606770833333333 0.009895833333333333 0.0078125 
4 0.175 0.7765625 0.009375 0.004166666666666667 
4 0.3614583333333333 0.44635416666666666 0.011458333333333333 0.00625 
4 0.21432291666666667 0.45 0.0067708333333333336 0.011458333333333333 
5 0.30703125 0.7036458333333333 0.009895833333333333 0.004166666666666667 
4 0.49895833333333334 0.46197916666666666 0.022916666666666665 0.007291666666666667 
5 0.32526041666666666 0.5614583333333333 0.022395833333333334 0.009375 
5 0.31484375 0.5158854166666667 0.0046875 0.009895833333333333 
5 0.33515625 0.54375 0.0109375 0.011458333333333333 
5 0.25390625 0.7807291666666667 0.022395833333333334 0.013541666666666667 
5 0.39817708333333335 0.7708333333333334 0.009895833333333333 0.005208333333333333 
