0 0.91953125 0.5356770833333333 0.028645833333333332 0.04010416666666667 
0 0.13697916666666668 0.48125 0.052083333333333336 0.035416666666666666 
0 -0.0171875 0.3307291666666667 0.04583333333333333 0.03229166666666667 
0 0.03958333333333333 0.3333333333333333 0.04479166666666667 0.034375 
0 0.9278645833333333 0.409375 0.0390625 0.042708333333333334 
0 0.9458333333333333 0.30520833333333336 0.03229166666666667 0.041666666666666664 
0 0.9486979166666667 0.24505208333333334 0.0296875 0.043229166666666666 
0 0.9140625 0.2765625 0.035416666666666666 0.042708333333333334 
0 0.7447916666666666 0.24713541666666666 0.03854166666666667 0.0484375 
0 0.7752604166666667 0.3033854166666667 0.04739583333333333 0.06197916666666667 
0 0.4122395833333333 0.434375 0.0328125 0.041666666666666664 
0 0.41510416666666666 0.38307291666666665 0.030208333333333334 0.04010416666666667 
0 0.42630208333333336 0.24375 0.03177083333333333 0.03854166666666667 
0 0.30416666666666664 0.33619791666666665 0.053125 0.0390625 
0 0.24739583333333334 0.3341145833333333 0.04895833333333333 0.03697916666666667 
0 0.184375 0.3390625 0.046875 0.04479166666666667 
0 0.2640625 0.21041666666666667 0.04895833333333333 0.0375 
0 0.2109375 0.2046875 0.04583333333333333 0.035416666666666666 
0 0.15807291666666667 0.20130208333333333 0.04635416666666667 0.034895833333333334 
0 0.1046875 0.19869791666666667 0.042708333333333334 0.033854166666666664 
0 0.05078125 0.19739583333333333 0.04114583333333333 0.034375 
0 0.00026041666666666666 0.1921875 0.04010416666666667 0.03229166666666667 
0 0.12083333333333333 0.31015625 0.04479166666666667 0.028645833333333332 
0 0.06796875 0.30494791666666665 0.043229166666666666 0.033854166666666664 
4 0.053385416666666664 0.7234375 0.0109375 0.025 
4 0.7640625 0.7661458333333333 0.011458333333333333 0.020833333333333332 
5 0.6880208333333333 0.4674479166666667 0.013541666666666667 0.03802083333333333 
5 0.7041666666666667 0.5578125 0.034375 0.011458333333333333 
4 0.5104166666666666 0.6869791666666667 0.008333333333333333 0.017708333333333333 
4 0.459375 0.740625 0.009375 0.01875 
4 0.42265625 0.7377604166666667 0.009895833333333333 0.018229166666666668 
4 0.3177083333333333 0.5736979166666667 0.009375 0.019270833333333334 
4 0.328125 0.5552083333333333 0.008333333333333333 0.01875 
4 0.32864583333333336 0.5328125 0.008333333333333333 0.01875 
4 0.6283854166666667 0.6458333333333334 0.0078125 0.025 
4 0.04973958333333333 0.5515625 0.018229166666666668 0.016666666666666666 
4 0.7174479166666666 0.7645833333333333 0.008854166666666666 0.01875 
4 0.72890625 0.7653645833333333 0.0067708333333333336 0.0171875 
4 0.7143229166666667 0.6104166666666667 0.021354166666666667 0.009375 
4 0.9197916666666667 0.51015625 0.017708333333333333 0.0078125 
4 0.8924479166666667 0.48046875 0.018229166666666668 0.0078125 
4 0.88515625 0.42135416666666664 0.021354166666666667 0.0125 
4 0.5466145833333333 0.6921875 0.009895833333333333 0.020833333333333332 
5 0.1234375 0.9557291666666666 0.04375 0.014583333333333334 
4 0.06432291666666666 0.9411458333333333 0.022395833333333334 0.009375 
4 0.11119791666666666 0.7236979166666667 0.0067708333333333336 0.0140625 
4 0.08828125 0.725 0.008854166666666666 0.016666666666666666 
4 0.03359375 0.6716145833333333 0.0109375 0.0203125 
4 0.04375 0.6721354166666667 0.010416666666666666 0.0203125 
4 0.19427083333333334 0.6072916666666667 0.020833333333333332 0.010416666666666666 
4 0.1921875 0.6177083333333333 0.020833333333333332 0.010416666666666666 
4 0.3421875 0.53984375 0.009375 0.021354166666666667 
4 0.07552083333333333 0.7265625 0.009375 0.020833333333333332 
4 0.06744791666666666 0.6736979166666667 0.008854166666666666 0.0203125 
4 0.9229166666666667 0.5674479166666667 0.021875 0.0140625 
4 0.5229166666666667 0.6885416666666667 0.008333333333333333 0.017708333333333333 
4 0.47604166666666664 0.6864583333333333 0.010416666666666666 0.017708333333333333 
4 0.46536458333333336 0.6846354166666667 0.009895833333333333 0.021354166666666667 
4 0.3111979166666667 0.62421875 0.008854166666666666 0.018229166666666668 
4 0.24921875 0.5828125 0.009895833333333333 0.017708333333333333 
4 0.23723958333333334 0.58125 0.009895833333333333 0.01875 
4 0.09322916666666667 0.55625 0.020833333333333332 0.021875 
4 0.10677083333333333 0.4830729166666667 0.016666666666666666 0.019270833333333334 
4 0.03229166666666667 0.5260416666666666 0.020833333333333332 0.019791666666666666 
4 0.03307291666666667 0.5536458333333333 0.018229166666666668 0.019791666666666666 
4 0.051041666666666666 0.5369791666666667 0.01875 0.01875 
4 0.03333333333333333 0.56640625 0.019791666666666666 0.0203125 
4 0.04192708333333333 0.721875 0.009895833333333333 0.019791666666666666 
4 0.0296875 0.7231770833333333 0.010416666666666666 0.0203125 
4 0.018229166666666668 0.7223958333333333 0.010416666666666666 0.01875 
0 0.5864583333333333 0.3065104166666667 0.03333333333333333 0.044270833333333336 
4 0.09817708333333333 0.49244791666666665 0.021354166666666667 0.019270833333333334 
4 0.02578125 0.5015625 0.021354166666666667 0.01875 
4 0.0515625 0.5114583333333333 0.017708333333333333 0.01875 
4 0.03125 0.51171875 0.019791666666666666 0.018229166666666668 
4 0.03359375 0.5390625 0.018229166666666668 0.017708333333333333 
4 0.03307291666666667 0.5924479166666666 0.019270833333333334 0.019270833333333334 
4 0.08776041666666666 0.5921875 0.021354166666666667 0.020833333333333332 
4 0.051041666666666666 0.5786458333333333 0.016666666666666666 0.015625 
4 -0.0015625 0.5802083333333333 0.0125 0.020833333333333332 
4 0.0796875 0.6736979166666667 0.0125 0.022395833333333334 
4 0.00625 0.7177083333333333 0.010416666666666666 0.021875 
