0 0.91953125 0.5611979166666666 0.028645833333333332 0.04010416666666667 
0 0.13697916666666668 0.5067708333333333 0.052083333333333336 0.035416666666666666 
0 -0.0171875 0.35625 0.04583333333333333 0.03229166666666667 
0 0.03958333333333333 0.35885416666666664 0.04479166666666667 0.034375 
0 0.9278645833333333 0.4348958333333333 0.0390625 0.042708333333333334 
0 0.9458333333333333 0.3307291666666667 0.03229166666666667 0.041666666666666664 
0 0.9486979166666667 0.27057291666666666 0.0296875 0.043229166666666666 
0 0.9140625 0.3020833333333333 0.035416666666666666 0.042708333333333334 
0 0.7447916666666666 0.27265625 0.03854166666666667 0.0484375 
0 0.7752604166666667 0.32890625 0.04739583333333333 0.06197916666666667 
0 0.4122395833333333 0.45989583333333334 0.0328125 0.041666666666666664 
0 0.41510416666666666 0.40859375 0.030208333333333334 0.04010416666666667 
0 0.42630208333333336 0.26927083333333335 0.03177083333333333 0.03854166666666667 
0 0.30416666666666664 0.36171875 0.053125 0.0390625 
0 0.24739583333333334 0.35963541666666665 0.04895833333333333 0.03697916666666667 
0 0.184375 0.3645833333333333 0.046875 0.04479166666666667 
0 0.2640625 0.2359375 0.04895833333333333 0.0375 
0 0.2109375 0.23020833333333332 0.04583333333333333 0.035416666666666666 
0 0.15807291666666667 0.22682291666666668 0.04635416666666667 0.034895833333333334 
0 0.1046875 0.22421875 0.042708333333333334 0.033854166666666664 
0 0.05078125 0.22291666666666668 0.04114583333333333 0.034375 
0 0.00026041666666666666 0.21770833333333334 0.04010416666666667 0.03229166666666667 
0 0.12083333333333333 0.33567708333333335 0.04479166666666667 0.028645833333333332 
0 0.06796875 0.33046875 0.043229166666666666 0.033854166666666664 
4 0.053385416666666664 0.7489583333333333 0.0109375 0.025 
4 0.7640625 0.7916666666666666 0.011458333333333333 0.020833333333333332 
5 0.6880208333333333 0.49296875 0.013541666666666667 0.03802083333333333 
5 0.7041666666666667 0.5833333333333334 0.034375 0.011458333333333333 
4 0.5104166666666666 0.7125 0.008333333333333333 0.017708333333333333 
4 0.459375 0.7661458333333333 0.009375 0.01875 
4 0.42265625 0.76328125 0.009895833333333333 0.018229166666666668 
4 0.3177083333333333 0.59921875 0.009375 0.019270833333333334 
4 0.328125 0.5807291666666666 0.008333333333333333 0.01875 
4 0.32864583333333336 0.5583333333333333 0.008333333333333333 0.01875 
4 0.6283854166666667 0.6713541666666667 0.0078125 0.025 
4 0.04973958333333333 0.5770833333333333 0.018229166666666668 0.016666666666666666 
4 0.7174479166666666 0.7901041666666667 0.008854166666666666 0.01875 
4 0.72890625 0.7908854166666667 0.0067708333333333336 0.0171875 
4 0.7143229166666667 0.6359375 0.021354166666666667 0.009375 
4 0.9197916666666667 0.5356770833333333 0.017708333333333333 0.0078125 
4 0.8924479166666667 0.5059895833333333 0.018229166666666668 0.0078125 
4 0.88515625 0.446875 0.021354166666666667 0.0125 
4 0.5466145833333333 0.7177083333333333 0.009895833333333333 0.020833333333333332 
5 0.1234375 0.98125 0.04375 0.014583333333333334 
4 0.06432291666666666 0.9666666666666667 0.022395833333333334 0.009375 
4 0.11119791666666666 0.74921875 0.0067708333333333336 0.0140625 
4 0.08828125 0.7505208333333333 0.008854166666666666 0.016666666666666666 
4 0.03359375 0.6971354166666667 0.0109375 0.0203125 
4 0.04375 0.69765625 0.010416666666666666 0.0203125 
4 0.19427083333333334 0.6328125 0.020833333333333332 0.010416666666666666 
4 0.1921875 0.6432291666666666 0.020833333333333332 0.010416666666666666 
4 0.3421875 0.5653645833333333 0.009375 0.021354166666666667 
4 0.07552083333333333 0.7520833333333333 0.009375 0.020833333333333332 
4 0.06744791666666666 0.69921875 0.008854166666666666 0.0203125 
4 0.9229166666666667 0.59296875 0.021875 0.0140625 
4 0.5229166666666667 0.7140625 0.008333333333333333 0.017708333333333333 
4 0.47604166666666664 0.7119791666666667 0.010416666666666666 0.017708333333333333 
4 0.46536458333333336 0.71015625 0.009895833333333333 0.021354166666666667 
4 0.3111979166666667 0.6497395833333334 0.008854166666666666 0.018229166666666668 
4 0.24921875 0.6083333333333333 0.009895833333333333 0.017708333333333333 
4 0.23723958333333334 0.6067708333333334 0.009895833333333333 0.01875 
4 0.09322916666666667 0.5817708333333333 0.020833333333333332 0.021875 
4 0.10677083333333333 0.50859375 0.016666666666666666 0.019270833333333334 
4 0.03229166666666667 0.5515625 0.020833333333333332 0.019791666666666666 
4 0.03307291666666667 0.5791666666666667 0.018229166666666668 0.019791666666666666 
4 0.051041666666666666 0.5625 0.01875 0.01875 
4 0.03333333333333333 0.5919270833333333 0.019791666666666666 0.0203125 
4 0.04192708333333333 0.7473958333333334 0.009895833333333333 0.019791666666666666 
4 0.0296875 0.7486979166666666 0.010416666666666666 0.0203125 
4 0.018229166666666668 0.7479166666666667 0.010416666666666666 0.01875 
0 0.5864583333333333 0.33203125 0.03333333333333333 0.044270833333333336 
4 0.09817708333333333 0.51796875 0.021354166666666667 0.019270833333333334 
4 0.02578125 0.5270833333333333 0.021354166666666667 0.01875 
4 0.0515625 0.5369791666666667 0.017708333333333333 0.01875 
4 0.03125 0.5372395833333333 0.019791666666666666 0.018229166666666668 
4 0.03359375 0.5645833333333333 0.018229166666666668 0.017708333333333333 
4 0.03307291666666667 0.61796875 0.019270833333333334 0.019270833333333334 
4 0.08776041666666666 0.6177083333333333 0.021354166666666667 0.020833333333333332 
4 0.051041666666666666 0.6041666666666666 0.016666666666666666 0.015625 
4 -0.0015625 0.6057291666666667 0.0125 0.020833333333333332 
4 0.0796875 0.69921875 0.0125 0.022395833333333334 
4 0.00625 0.7432291666666667 0.010416666666666666 0.021875 
