5 0.31302083333333336 0.3763020833333333 0.007291666666666667 0.024479166666666666 
4 0.3302083333333333 0.3502604166666667 0.005208333333333333 0.008854166666666666 
5 0.45338541666666665 0.29713541666666665 0.0046875 0.013020833333333334 
5 0.4309895833333333 0.30520833333333336 0.0109375 0.013541666666666667 
5 0.41692708333333334 0.28541666666666665 0.0046875 0.010416666666666666 
5 0.3125 0.303125 0.005208333333333333 0.011458333333333333 
5 0.30078125 0.3033854166666667 0.0046875 0.0109375 
4 0.32916666666666666 0.30130208333333336 0.011458333333333333 0.0036458333333333334 
4 0.28515625 0.33203125 0.0078125 0.008854166666666666 
4 0.28984375 0.33619791666666665 0.008854166666666666 0.009895833333333333 
4 0.2953125 0.3390625 0.007291666666666667 0.009375 
4 0.30052083333333335 0.34088541666666666 0.00625 0.0109375 
4 0.30572916666666666 0.3421875 0.00625 0.010416666666666666 
4 0.3104166666666667 0.34427083333333336 0.007291666666666667 0.010416666666666666 
4 0.31640625 0.3450520833333333 0.0067708333333333336 0.008854166666666666 
4 0.32109375 0.3463541666666667 0.0067708333333333336 0.009375 
4 0.3338541666666667 0.35208333333333336 0.00625 0.009375 
5 0.2994791666666667 0.3776041666666667 0.008333333333333333 0.023958333333333335 
4 0.33958333333333335 0.3536458333333333 0.00625 0.008333333333333333 
4 0.17682291666666666 0.33229166666666665 0.009895833333333333 0.009375 
4 0.39947916666666666 0.28151041666666665 0.004166666666666667 0.008854166666666666 
4 0.40520833333333334 0.2825520833333333 0.004166666666666667 0.009895833333333333 
4 0.41119791666666666 0.28463541666666664 0.0036458333333333334 0.0078125 
4 0.42083333333333334 0.44192708333333336 0.008333333333333333 0.009895833333333333 
4 0.1515625 0.5434895833333333 0.011458333333333333 0.0046875 
4 0.17890625 0.7619791666666667 0.009895833333333333 0.009375 
4 0.4453125 0.9244791666666666 0.009375 0.010416666666666666 
4 0.7135416666666666 0.9059895833333333 0.007291666666666667 0.008854166666666666 
4 0.7278645833333334 0.8973958333333333 0.0067708333333333336 0.010416666666666666 
4 0.7328125 0.8947916666666667 0.00625 0.011458333333333333 
4 0.7380208333333333 0.8919270833333334 0.00625 0.008854166666666666 
5 0.2765625 0.21302083333333333 0.005208333333333333 0.010416666666666666 
5 0.17447916666666666 0.20208333333333334 0.0125 0.005208333333333333 
5 0.16015625 0.15104166666666666 0.011979166666666667 0.011458333333333333 
4 0.41015625 0.12994791666666666 0.008854166666666666 0.0046875 
0 0.36770833333333336 0.328125 0.071875 0.06875 
0 0.5958333333333333 0.17994791666666668 0.09791666666666667 0.1015625 
0 0.86640625 0.21796875 0.07760416666666667 0.08697916666666666 
0 0.95546875 0.40572916666666664 0.0890625 0.10104166666666667 
0 0.9315104166666667 0.07760416666666667 0.09114583333333333 0.09791666666666667 
0 0.8408854166666667 0.6424479166666667 0.07552083333333333 0.09739583333333333 
0 0.9216145833333333 0.5927083333333333 0.07135416666666666 0.07708333333333334 
0 0.6377604166666667 1.0276041666666667 0.10677083333333333 0.11458333333333333 
4 0.2640625 0.14583333333333334 0.009375 0.005208333333333333 
4 0.28932291666666665 0.14661458333333333 0.009895833333333333 0.0109375 
4 0.31588541666666664 0.10833333333333334 0.0109375 0.010416666666666666 
4 0.3768229166666667 0.08932291666666667 0.008854166666666666 0.0046875 
4 0.4875 0.11067708333333333 0.00625 0.0109375 
4 0.48125 0.15807291666666667 0.004166666666666667 0.0109375 
4 0.46875 0.16171875 0.009375 0.009895833333333333 
4 0.45078125 0.16744791666666667 0.011979166666666667 0.0046875 
4 0.4510416666666667 0.13932291666666666 0.007291666666666667 0.0109375 
4 0.46432291666666664 0.14427083333333332 0.008854166666666666 0.010416666666666666 
4 0.4466145833333333 0.15729166666666666 0.009895833333333333 0.004166666666666667 
4 0.4359375 0.12682291666666667 0.011458333333333333 0.0078125 
4 0.42864583333333334 0.11354166666666667 0.011458333333333333 0.008333333333333333 
4 0.33046875 0.14270833333333333 0.009895833333333333 0.008333333333333333 
4 0.17421875 0.20911458333333333 0.008854166666666666 0.0046875 
4 0.2752604166666667 0.1921875 0.005729166666666666 0.009375 
4 0.4666666666666667 0.21666666666666667 0.008333333333333333 0.004166666666666667 
4 0.465625 0.21041666666666667 0.008333333333333333 0.004166666666666667 
4 0.4635416666666667 0.19713541666666667 0.007291666666666667 0.0046875 
4 0.46015625 0.1921875 0.008854166666666666 0.005208333333333333 
4 0.4666666666666667 0.18411458333333333 0.009375 0.005729166666666666 
4 0.5158854166666667 0.29348958333333336 0.008854166666666666 0.0036458333333333334 
4 0.6505208333333333 0.20520833333333333 0.00625 0.008333333333333333 
4 0.6416666666666667 0.2630208333333333 0.004166666666666667 0.008333333333333333 
4 0.9875 0.1734375 0.009375 0.003125 
4 0.9807291666666667 0.18515625 0.008333333333333333 0.0067708333333333336 
4 0.9817708333333334 0.18984375 0.007291666666666667 0.005729166666666666 
4 0.9822916666666667 0.196875 0.008333333333333333 0.00625 
4 0.9817708333333334 0.20286458333333332 0.008333333333333333 0.0067708333333333336 
4 0.9825520833333333 0.20885416666666667 0.0078125 0.00625 
4 0.9794270833333333 0.21588541666666666 0.009895833333333333 0.0078125 
4 0.9825520833333333 0.22057291666666667 0.009895833333333333 0.0067708333333333336 
4 0.9802083333333333 0.22708333333333333 0.011458333333333333 0.00625 
4 0.9825520833333333 0.23229166666666667 0.009895833333333333 0.00625 
4 0.9830729166666666 0.23854166666666668 0.008854166666666666 0.00625 
4 0.9817708333333334 0.24375 0.010416666666666666 0.007291666666666667 
4 0.9606770833333333 0.20338541666666668 0.009895833333333333 0.008854166666666666 
4 0.9578125 0.2078125 0.009375 0.007291666666666667 
4 0.9627604166666667 0.19270833333333334 0.0036458333333333334 0.009375 
4 0.8171875 0.3919270833333333 0.004166666666666667 0.0078125 
4 0.8075520833333333 0.5796875 0.009895833333333333 0.007291666666666667 
5 0.8471354166666667 0.7786458333333334 0.019270833333333334 0.007291666666666667 
5 0.821875 0.7760416666666666 0.016666666666666666 0.00625 
5 0.8234375 0.7822916666666667 0.015625 0.00625 
5 0.8223958333333333 0.7888020833333333 0.016666666666666666 0.005729166666666666 
5 0.8158854166666667 0.7950520833333333 0.015104166666666667 0.0067708333333333336 
5 0.8184895833333333 0.8010416666666667 0.016145833333333335 0.007291666666666667 
5 0.8455729166666667 0.7921875 0.015104166666666667 0.00625 
5 0.86328125 0.7971354166666667 0.018229166666666668 0.0078125 
5 0.890625 0.928125 0.008333333333333333 0.015625 
4 0.5916666666666667 0.35078125 0.007291666666666667 0.008854166666666666 
5 0.275 0.3776041666666667 0.007291666666666667 0.026041666666666668 
5 0.2838541666666667 0.38046875 0.008333333333333333 0.025520833333333333 
5 0.2911458333333333 0.37994791666666666 0.008333333333333333 0.025520833333333333 
4 0.9794270833333333 0.18020833333333333 0.0078125 0.007291666666666667 
4 0.9927083333333333 0.18151041666666667 0.008333333333333333 0.0036458333333333334 
5 0.753125 0.14921875 0.015625 0.015104166666666667 
4 0.9919270833333333 0.1921875 0.008854166666666666 0.004166666666666667 
5 0.75625 0.13255208333333332 0.016666666666666666 0.015104166666666667 
5 0.884375 0.19635416666666666 0.01875 0.007291666666666667 
5 0.6325520833333333 0.2669270833333333 0.0078125 0.011979166666666667 
4 0.8677083333333333 0.0067708333333333336 0.009375 0.00625 
4 0.90546875 0.016145833333333335 0.0078125 0.011458333333333333 
4 0.9231770833333334 0.04921875 0.0067708333333333336 0.005729166666666666 
4 0.9075520833333334 0.16614583333333333 0.0078125 0.009375 
4 0.8861979166666667 0.2484375 0.005729166666666666 0.009375 
4 0.9520833333333333 0.24427083333333333 0.010416666666666666 0.008333333333333333 
4 0.95234375 0.23229166666666667 0.0067708333333333336 0.00625 
4 0.9604166666666667 0.23229166666666667 0.007291666666666667 0.00625 
4 0.9606770833333333 0.22604166666666667 0.0078125 0.005208333333333333 
4 0.9502604166666667 0.22057291666666667 0.008854166666666666 0.005729166666666666 
4 0.9518229166666666 0.21510416666666668 0.0078125 0.00625 
4 0.9567708333333333 0.2125 0.008333333333333333 0.005208333333333333 
4 0.9588541666666667 0.19348958333333333 0.004166666666666667 0.0078125 
4 0.98359375 0.24895833333333334 0.0078125 0.00625 
4 0.99453125 0.2578125 0.0078125 0.003125 
4 0.9940104166666667 0.2630208333333333 0.0067708333333333336 0.004166666666666667 
4 0.98046875 0.27734375 0.0078125 0.0067708333333333336 
4 0.9953125 0.23828125 0.007291666666666667 0.0046875 
4 0.99453125 0.23333333333333334 0.0078125 0.004166666666666667 
4 0.9927083333333333 0.22786458333333334 0.008333333333333333 0.0036458333333333334 
4 0.9927083333333333 0.22317708333333333 0.008333333333333333 0.0036458333333333334 
4 0.9940104166666667 0.21744791666666666 0.008854166666666666 0.0036458333333333334 
4 0.9927083333333333 0.21276041666666667 0.008333333333333333 0.0036458333333333334 
4 0.9919270833333333 0.20755208333333333 0.0078125 0.0036458333333333334 
4 0.9919270833333333 0.20286458333333332 0.0067708333333333336 0.0036458333333333334 
4 0.99140625 0.19713541666666667 0.008854166666666666 0.0036458333333333334 
0 0.37057291666666664 0.4109375 0.06614583333333333 0.065625 
