4 0.9471354166666667 0.5411458333333333 0.0046875 0.009375 
4 0.9526041666666667 0.5408854166666667 0.004166666666666667 0.0078125 
4 0.9614583333333333 0.540625 0.004166666666666667 0.008333333333333333 
4 0.9278645833333333 0.5411458333333333 0.0036458333333333334 0.008333333333333333 
4 0.9216145833333333 0.54140625 0.0036458333333333334 0.008854166666666666 
4 0.9104166666666667 0.5419270833333333 0.005208333333333333 0.008854166666666666 
4 0.90625 0.45078125 0.010416666666666666 0.0036458333333333334 
4 0.9255208333333333 0.4578125 0.010416666666666666 0.005208333333333333 
4 0.95 0.44973958333333336 0.010416666666666666 0.0036458333333333334 
4 0.9744791666666667 0.44895833333333335 0.008333333333333333 0.003125 
4 0.8958333333333334 0.5442708333333334 0.003125 0.008333333333333333 
4 0.9046875 0.5427083333333333 0.003125 0.009375 
4 0.8671875 0.4591145833333333 0.010416666666666666 0.0046875 
4 0.9973958333333334 0.5625 0.003125 0.007291666666666667 
4 0.87421875 0.65 0.009895833333333333 0.004166666666666667 
4 0.8752604166666667 0.6625 0.008854166666666666 0.003125 
4 0.9015625 0.6557291666666667 0.009375 0.003125 
4 0.9005208333333333 0.66171875 0.008333333333333333 0.0036458333333333334 
4 0.9 0.6731770833333334 0.009375 0.0036458333333333334 
4 0.9869791666666666 0.7184895833333333 0.004166666666666667 0.0109375 
4 0.85546875 0.8544270833333333 0.008854166666666666 0.0036458333333333334 
4 0.8549479166666667 0.84921875 0.0078125 0.0026041666666666665 
4 0.8552083333333333 0.8432291666666667 0.008333333333333333 0.003125 
4 0.8549479166666667 0.83671875 0.009895833333333333 0.0036458333333333334 
4 0.8533854166666667 0.825 0.008854166666666666 0.003125 
4 0.85390625 0.81953125 0.0078125 0.0036458333333333334 
4 0.8536458333333333 0.8088541666666667 0.009375 0.003125 
4 0.8736979166666666 0.8486979166666667 0.0109375 0.0036458333333333334 
4 0.8739583333333333 0.64453125 0.009375 0.0036458333333333334 
4 0.8747395833333333 0.6393229166666666 0.009895833333333333 0.0046875 
4 0.8747395833333333 0.6286458333333333 0.009895833333333333 0.004166666666666667 
4 0.9151041666666667 0.5799479166666667 0.007291666666666667 0.0036458333333333334 
4 0.9856770833333334 0.5627604166666667 0.0046875 0.0078125 
4 0.9760416666666667 0.5630208333333333 0.003125 0.008333333333333333 
4 0.95546875 0.5645833333333333 0.0036458333333333334 0.009375 
4 0.9354166666666667 0.5643229166666667 0.003125 0.0078125 
4 0.9294270833333333 0.5643229166666667 0.0026041666666666665 0.0078125 
4 0.8903645833333333 0.5799479166666667 0.0109375 0.0036458333333333334 
4 0.9190104166666667 0.565625 0.0036458333333333334 0.009375 
4 0.9 0.6283854166666667 0.010416666666666666 0.0036458333333333334 
4 0.903125 0.5653645833333333 0.003125 0.0078125 
4 0.8755208333333333 0.6015625 0.008333333333333333 0.004166666666666667 
4 0.87421875 0.60703125 0.009895833333333333 0.0036458333333333334 
4 0.8752604166666667 0.6130208333333333 0.008854166666666666 0.003125 
4 0.8739583333333333 0.61796875 0.008333333333333333 0.0036458333333333334 
4 0.9002604166666667 0.6330729166666667 0.0078125 0.0036458333333333334 
4 0.8622395833333333 0.4875 0.0046875 0.009375 
5 0.8348958333333333 0.4518229166666667 0.019791666666666666 0.005729166666666666 
4 0.8729166666666667 0.8427083333333333 0.009375 0.003125 
4 0.8729166666666667 0.83515625 0.009375 0.0036458333333333334 
4 0.8729166666666667 0.8294270833333334 0.009375 0.0026041666666666665 
4 0.7171875 0.9768229166666667 0.009375 0.009895833333333333 
4 0.6515625 0.45651041666666664 0.011458333333333333 0.0046875 
4 0.6182291666666667 0.45625 0.010416666666666666 0.004166666666666667 
4 0.60234375 0.44895833333333335 0.008854166666666666 0.004166666666666667 
4 0.509375 0.4471354166666667 0.010416666666666666 0.0036458333333333334 
5 0.7302083333333333 0.4513020833333333 0.013541666666666667 0.005729166666666666 
5 0.7401041666666667 0.7130208333333333 0.009375 0.011458333333333333 
5 0.7846354166666667 0.8065104166666667 0.016145833333333335 0.013020833333333334 
4 0.7416666666666667 0.8502604166666666 0.005208333333333333 0.008854166666666666 
4 0.7625 0.8494791666666667 0.005208333333333333 0.009375 
4 0.7677083333333333 0.8497395833333333 0.004166666666666667 0.008854166666666666 
4 0.7783854166666667 0.85 0.0036458333333333334 0.009375 
4 0.7838541666666666 0.8505208333333333 0.004166666666666667 0.009375 
4 0.7942708333333334 0.8489583333333334 0.004166666666666667 0.011458333333333333 
4 0.7635416666666667 0.8734375 0.005208333333333333 0.010416666666666666 
4 0.7799479166666666 0.8729166666666667 0.0046875 0.010416666666666666 
4 0.69921875 0.45729166666666665 0.0109375 0.004166666666666667 
4 0.7403645833333333 0.45703125 0.009895833333333333 0.0036458333333333334 
4 0.6052083333333333 0.4627604166666667 0.009375 0.0046875 
4 0.740625 0.55234375 0.003125 0.011979166666666667 
4 0.784375 0.5916666666666667 0.00625 0.009375 
4 0.78984375 0.5940104166666667 0.0067708333333333336 0.009895833333333333 
4 0.8197916666666667 0.5828125 0.008333333333333333 0.009375 
4 0.8151041666666666 0.5799479166666667 0.007291666666666667 0.008854166666666666 
4 0.7731770833333333 0.55859375 0.0036458333333333334 0.009895833333333333 
4 0.7627604166666667 0.5552083333333333 0.0036458333333333334 0.010416666666666666 
4 0.7354166666666667 0.5513020833333333 0.003125 0.0109375 
4 0.821875 0.45859375 0.009375 0.0046875 
4 0.725 0.5502604166666667 0.005208333333333333 0.013020833333333334 
4 0.7106770833333333 0.55234375 0.005729166666666666 0.0109375 
4 0.6994791666666667 0.5533854166666666 0.00625 0.0109375 
4 0.6888020833333334 0.5546875 0.0078125 0.0125 
4 0.68359375 0.5557291666666667 0.0067708333333333336 0.011458333333333333 
4 0.67890625 0.5572916666666666 0.0067708333333333336 0.011458333333333333 
4 0.81875 0.9770833333333333 0.010416666666666666 0.005208333333333333 
5 0.159375 0.9950520833333333 0.013541666666666667 0.0046875 
4 0.8736979166666666 0.81953125 0.0078125 0.0036458333333333334 
5 0.09453125 0.6807291666666667 0.019270833333333334 0.005208333333333333 
0 0.22369791666666666 0.5765625 0.0484375 0.05625 
0 0.2559895833333333 0.59296875 0.0421875 0.0609375 
0 0.2799479166666667 0.5713541666666667 0.04114583333333333 0.04791666666666667 
0 0.32109375 0.5729166666666666 0.04010416666666667 0.04375 
0 0.7072916666666667 0.73515625 0.03333333333333333 0.034895833333333334 
0 0.7557291666666667 0.74765625 0.020833333333333332 0.0234375 
0 0.7765625 0.7296875 0.04375 0.04375 
0 0.8171875 0.72265625 0.03229166666666667 0.030729166666666665 
0 0.77421875 0.8184895833333333 0.0296875 0.030729166666666665 
0 0.74296875 0.8208333333333333 0.0265625 0.029166666666666667 
0 0.7125 0.8205729166666667 0.03229166666666667 0.030729166666666665 
0 0.67578125 0.8229166666666666 0.03802083333333333 0.041666666666666664 
0 0.6380208333333334 0.8247395833333333 0.034375 0.03177083333333333 
0 0.46796875 0.6140625 0.0640625 0.06666666666666667 
0 0.5088541666666667 0.58203125 0.040625 0.044270833333333336 
0 0.30052083333333335 0.7395833333333334 0.059375 0.06145833333333333 
0 0.25 0.7393229166666667 0.034375 0.04010416666666667 
0 0.21953125 0.7315104166666667 0.04114583333333333 0.0453125 
5 0.10833333333333334 0.58203125 0.004166666666666667 0.018229166666666668 
5 0.09557291666666666 0.6684895833333333 0.019270833333333334 0.005729166666666666 
5 0.09557291666666666 0.6552083333333333 0.018229166666666668 0.005208333333333333 
5 0.09348958333333333 0.6421875 0.024479166666666666 0.00625 
5 0.08567708333333333 0.62578125 0.019270833333333334 0.0046875 
5 0.08515625 0.61796875 0.0140625 0.0046875 
5 0.4393229166666667 0.45260416666666664 0.015104166666666667 0.005208333333333333 
0 0.14010416666666667 0.7276041666666667 0.0625 0.06770833333333333 
0 0.12682291666666667 0.565625 0.0296875 0.023958333333333335 
0 0.04375 0.778125 0.058333333333333334 0.06666666666666667 
4 0.7739583333333333 0.5861979166666667 0.00625 0.009895833333333333 
4 0.7580729166666667 0.5815104166666667 0.0046875 0.008854166666666666 
4 0.7479166666666667 0.5778645833333333 0.005208333333333333 0.009895833333333333 
4 0.7372395833333333 0.5765625 0.0046875 0.009375 
4 0.8768229166666667 0.8942708333333333 0.009895833333333333 0.004166666666666667 
4 0.87421875 0.8994791666666667 0.008854166666666666 0.004166666666666667 
4 0.8747395833333333 0.9046875 0.008854166666666666 0.004166666666666667 
4 0.8994791666666667 0.8716145833333333 0.009375 0.0036458333333333334 
4 0.8994791666666667 0.8765625 0.008333333333333333 0.003125 
4 0.92734375 0.84453125 0.0078125 0.0067708333333333336 
4 0.92890625 0.8588541666666667 0.0078125 0.007291666666666667 
4 0.9283854166666666 0.8677083333333333 0.0078125 0.008333333333333333 
4 0.9 0.8822916666666667 0.008333333333333333 0.004166666666666667 
4 0.9002604166666667 0.8877604166666667 0.0078125 0.0036458333333333334 
4 0.9005208333333333 0.8924479166666667 0.008333333333333333 0.0036458333333333334 
4 0.8997395833333334 0.8981770833333333 0.0078125 0.0036458333333333334 
4 0.90078125 0.90390625 0.008854166666666666 0.0036458333333333334 
4 0.92734375 0.8825520833333333 0.0078125 0.0078125 
4 0.8752604166666667 0.8890625 0.008854166666666666 0.003125 
4 0.87421875 0.88359375 0.008854166666666666 0.0046875 
4 0.8736979166666666 0.87734375 0.008854166666666666 0.0036458333333333334 
4 0.8986979166666667 0.8481770833333333 0.0078125 0.0036458333333333334 
4 0.8731770833333333 0.80859375 0.008854166666666666 0.0036458333333333334 
4 0.87421875 0.8036458333333333 0.009895833333333333 0.004166666666666667 
4 0.8979166666666667 0.80234375 0.010416666666666666 0.0036458333333333334 
4 0.8963541666666667 0.8234375 0.009375 0.004166666666666667 
4 0.8973958333333333 0.8348958333333333 0.009375 0.004166666666666667 
4 0.8979166666666667 0.84296875 0.009375 0.0036458333333333334 
4 0.89921875 0.8588541666666667 0.008854166666666666 0.004166666666666667 
4 0.8755208333333333 0.8723958333333334 0.007291666666666667 0.004166666666666667 
4 0.8979166666666667 0.8536458333333333 0.009375 0.004166666666666667 
4 0.8268229166666666 0.8953125 0.009895833333333333 0.004166666666666667 
4 0.8567708333333334 0.8997395833333334 0.009375 0.0036458333333333334 
4 0.8565104166666667 0.8908854166666667 0.008854166666666666 0.0036458333333333334 
4 0.8567708333333334 0.88515625 0.009375 0.0036458333333333334 
4 0.8567708333333334 0.8796875 0.009375 0.003125 
5 0.9677083333333333 0.9380208333333333 0.007291666666666667 0.023958333333333335 
4 0.9263020833333333 0.9270833333333334 0.0109375 0.004166666666666667 
4 0.8307291666666666 0.95703125 0.005208333333333333 0.009895833333333333 
4 0.7588541666666667 0.6088541666666667 0.004166666666666667 0.008333333333333333 
4 0.70703125 0.5958333333333333 0.0067708333333333336 0.008333333333333333 
4 0.7111979166666667 0.5986979166666667 0.0067708333333333336 0.008854166666666666 
4 0.7169270833333333 0.6010416666666667 0.005729166666666666 0.009375 
4 0.7216145833333333 0.6028645833333334 0.005729166666666666 0.008854166666666666 
4 0.73203125 0.6046875 0.0036458333333333334 0.008333333333333333 
4 0.7416666666666667 0.6078125 0.004166666666666667 0.009375 
4 0.7635416666666667 0.6096354166666667 0.003125 0.0078125 
4 0.6541666666666667 0.5911458333333334 0.009375 0.007291666666666667 
4 0.76875 0.61015625 0.003125 0.0078125 
4 0.7752604166666667 0.6096354166666667 0.0036458333333333334 0.008854166666666666 
4 0.78046875 0.6083333333333333 0.0046875 0.008333333333333333 
4 0.7854166666666667 0.60703125 0.005208333333333333 0.008854166666666666 
4 0.7096354166666666 0.5763020833333333 0.0046875 0.008854166666666666 
4 0.7151041666666667 0.5778645833333333 0.004166666666666667 0.008854166666666666 
4 0.70078125 0.5921875 0.0067708333333333336 0.009375 
4 0.65078125 0.6013020833333333 0.008854166666666666 0.0067708333333333336 
4 0.84140625 0.9528645833333333 0.0046875 0.008854166666666666 
4 0.6872395833333333 0.6127604166666667 0.0067708333333333336 0.008854166666666666 
4 0.8479166666666667 0.9559895833333333 0.005208333333333333 0.009895833333333333 
4 0.8638020833333333 0.9565104166666667 0.0046875 0.008854166666666666 
4 0.8684895833333334 0.9549479166666667 0.0036458333333333334 0.009895833333333333 
4 0.8942708333333333 0.9627604166666667 0.005208333333333333 0.009895833333333333 
4 0.9026041666666667 0.9755208333333333 0.010416666666666666 0.004166666666666667 
4 0.9596354166666666 0.9815104166666667 0.0109375 0.0036458333333333334 
4 0.6921875 0.615625 0.00625 0.008333333333333333 
4 0.7666666666666667 0.640625 0.00625 0.009375 
4 0.69609375 0.61875 0.005729166666666666 0.008333333333333333 
4 0.7166666666666667 0.6265625 0.00625 0.008333333333333333 
4 0.7213541666666666 0.6286458333333333 0.005208333333333333 0.008333333333333333 
4 0.7317708333333334 0.6315104166666666 0.004166666666666667 0.009895833333333333 
4 0.7380208333333333 0.6317708333333333 0.004166666666666667 0.009375 
4 0.7598958333333333 0.6348958333333333 0.004166666666666667 0.010416666666666666 
0 0.440625 0.584375 0.03229166666666667 0.03333333333333333 
