4 0.6875 0.6494791666666667 0.021875 0.021875 
0 0.6638020833333333 0.8677083333333333 0.04739583333333333 0.05 
0 1.0135416666666666 0.4796875 0.04479166666666667 0.04791666666666667 
0 1.0125 0.5184895833333333 0.05520833333333333 0.05677083333333333 
0 0.6442708333333333 0.8791666666666667 0.04895833333333333 0.05 
0 0.675 0.84453125 0.04583333333333333 0.04739583333333333 
0 0.7052083333333333 0.8096354166666667 0.04375 0.04739583333333333 
0 0.7260416666666667 0.7963541666666667 0.04791666666666667 0.05 
0 0.7361979166666667 0.7734375 0.04635416666666667 0.04895833333333333 
0 0.7658854166666667 0.7385416666666667 0.04635416666666667 0.05 
0 0.7872395833333333 0.7244791666666667 0.04635416666666667 0.051041666666666666 
0 0.8276041666666667 0.6658854166666667 0.046875 0.050520833333333334 
0 0.84921875 0.6533854166666667 0.04739583333333333 0.049479166666666664 
0 0.875 0.4817708333333333 0.046875 0.04895833333333333 
0 0.909375 0.44375 0.04791666666666667 0.051041666666666666 
0 1.0122395833333333 0.33151041666666664 0.04739583333333333 0.049479166666666664 
0 0.17213541666666668 0.4953125 0.05260416666666667 0.04895833333333333 
0 0.06640625 0.4049479166666667 0.0578125 0.05572916666666667 
0 0.07473958333333333 0.44869791666666664 0.05260416666666667 0.0515625 
0 0.11953125 0.45 0.05260416666666667 0.051041666666666666 
0 0.12734375 0.49270833333333336 0.050520833333333334 0.051041666666666666 
0 0.18020833333333333 0.5380208333333333 0.052083333333333336 0.051041666666666666 
0 0.47890625 0.9830729166666666 0.0546875 0.034895833333333334 
0 0.225 0.5401041666666667 0.05416666666666667 0.052083333333333336 
0 0.23098958333333333 0.5841145833333333 0.049479166666666664 0.050520833333333334 
0 0.28359375 0.6302083333333334 0.05364583333333333 0.05 
0 0.3377604166666667 0.61640625 0.0515625 0.0546875 
0 0.37916666666666665 0.6752604166666667 0.05416666666666667 0.05260416666666667 
0 0.38671875 0.72109375 0.0546875 0.05364583333333333 
0 0.30625 0.8338541666666667 0.04895833333333333 0.04791666666666667 
0 0.48489583333333336 0.7630208333333334 0.05625 0.05520833333333333 
0 0.49375 0.8065104166666667 0.052083333333333336 0.049479166666666664 
4 0.31640625 0.15182291666666667 0.018229166666666668 0.019270833333333334 
4 0.4265625 0.03359375 0.020833333333333332 0.018229166666666668 
4 0.3302083333333333 0.14401041666666667 0.023958333333333335 0.022395833333333334 
4 0.0036458333333333334 0.5708333333333333 0.023958333333333335 0.022916666666666665 
5 -0.0109375 0.5606770833333333 0.028125 0.030729166666666665 
4 0.26927083333333335 0.7955729166666666 0.01875 0.0203125 
4 0.45260416666666664 0.9643229166666667 0.025 0.0140625 
4 0.17213541666666668 0.5674479166666667 0.0265625 0.0265625 
4 0.3078125 0.18854166666666666 0.020833333333333332 0.01875 
4 0.06302083333333333 0.74921875 0.017708333333333333 0.0203125 
4 0.35963541666666665 0.03125 0.018229166666666668 0.016666666666666666 
4 0.32057291666666665 0.8541666666666666 0.018229166666666668 0.015625 
4 0.7033854166666667 0.6268229166666667 0.022395833333333334 0.016145833333333335 
4 0.8666666666666667 0.8854166666666666 0.019791666666666666 0.016666666666666666 
4 0.92109375 0.9177083333333333 0.022395833333333334 0.021875 
4 0.41875 0.04505208333333333 0.026041666666666668 0.024479166666666666 
4 0.08020833333333334 0.7677083333333333 0.016666666666666666 0.01875 
4 0.053385416666666664 0.7416666666666667 0.0203125 0.021875 
4 0.31354166666666666 0.17265625 0.021875 0.021354166666666667 
4 0.20572916666666666 0.353125 0.019791666666666666 0.019791666666666666 
0 0.3572916666666667 0.49635416666666665 0.04583333333333333 0.03854166666666667 
0 0.428125 0.55703125 0.03125 0.0296875 
4 0.5005208333333333 0.43411458333333336 0.019791666666666666 0.021354166666666667 
4 0.9421875 0.8213541666666667 0.019791666666666666 0.020833333333333332 
4 0.8986979166666667 0.85234375 0.021354166666666667 0.0203125 
4 0.8752604166666667 0.8778645833333333 0.022395833333333334 0.021354166666666667 
4 0.9119791666666667 0.92734375 0.021875 0.021354166666666667 
4 0.9385416666666667 0.9013020833333333 0.020833333333333332 0.021354166666666667 
5 0.93515625 0.8140625 0.019270833333333334 0.021875 
5 0.9286458333333333 0.8049479166666667 0.021875 0.022395833333333334 
5 0.9486979166666667 0.8940104166666667 0.021354166666666667 0.0234375 
5 0.9875 0.8578125 0.017708333333333333 0.020833333333333332 
5 0.93046875 0.9096354166666667 0.0234375 0.024479166666666666 
5 0.8890625 0.8588541666666667 0.025 0.021875 
4 0.8833333333333333 0.8692708333333333 0.022916666666666665 0.021875 
