5 0.783147989734816 0.17070116861435727 0.0641573994867408 0.049248747913188645 
5 0.35372112917023096 0.3113522537562604 0.06928999144568007 0.02337228714524207 
5 0.6094952951240377 0.14148580968280466 0.023096663815226688 0.049248747913188645 
5 0.1437125748502994 0.14858096828046743 0.058169375534645 0.07011686143572621 
5 0.08212147134302823 0.15692821368948248 0.05132591958939264 0.06343906510851419 
4 0.2275449101796407 0.25459098497495825 0.0427715996578272 0.02337228714524207 
4 0.05218135158254919 0.35684474123539234 0.03592814371257485 0.03923205342237062 
4 0.16552609067579127 0.48330550918196996 0.019674935842600515 0.04006677796327212 
4 0.04234388366124893 0.5325542570951586 0.04704875962360992 0.04674457429048414 
5 0.03378956372968349 0.6297996661101837 0.05902480752780154 0.07429048414023372 
4 0.07955517536355859 0.6035058430717863 0.030795551753635585 0.04006677796327212 
4 0.0611633875106929 0.6419031719532554 0.03165098374679213 0.03672787979966611 
4 0.24764756201881952 0.582220367278798 0.04362703165098375 0.030884808013355594 
4 0.24294268605645852 0.6323038397328882 0.03592814371257485 0.030884808013355594 
4 0.25620188195038496 0.6907345575959933 0.04362703165098375 0.03589315525876461 
4 0.24593669803250642 0.6565108514190318 0.036783575705731396 0.030884808013355594 
4 0.3781009409751925 0.037562604340567615 0.022241231822070145 0.03672787979966611 
4 0.41060735671514115 0.034223706176961605 0.018819503849443968 0.04006677796327212 
4 0.4311377245508982 0.037562604340567615 0.015397775876817793 0.0333889816360601 
4 0.4491017964071856 0.034641068447412354 0.01710863986313088 0.03589315525876461 
4 0.48075278015397777 0.038397328881469114 0.023952095808383235 0.035058430717863104 
4 0.501710863986313 0.03380634390651085 0.017964071856287425 0.037562604340567615 
4 0.5213857998289136 0.034223706176961605 0.017964071856287425 0.03672787979966611 
5 0.3627031650983747 0.3580968280467446 0.06330196749358426 0.02003338898163606 
5 0.5868263473053892 0.14357262103505844 0.022241231822070145 0.05342237061769616 
4 0.5564585115483319 0.03589315525876461 0.016253207869974338 0.048414023372287146 
5 0.562874251497006 0.1448247078464107 0.022241231822070145 0.049248747913188645 
5 0.20658682634730538 0.30425709515859767 0.0658682634730539 0.03589315525876461 
5 0.21385799828913601 0.36101836393989983 0.06330196749358426 0.040901502504173626 
5 0.2215568862275449 0.39398998330550916 0.06330196749358426 0.0333889816360601 
5 0.223267750213858 0.41903171953255425 0.06330196749358426 0.03672787979966611 
5 0.23310521813515825 0.4766277128547579 0.0658682634730539 0.038397328881469114 
5 0.2339606501283148 0.5037562604340567 0.0658682634730539 0.040901502504173626 
5 0.23909324208725408 0.5300500834724541 0.06073567151411463 0.038397328881469114 
5 0.2536355859709153 0.6122704507512521 0.05902480752780154 0.04257095158597663 
5 0.26817792985457656 0.7207846410684474 0.0658682634730539 0.03923205342237062 
5 0.2754491017964072 0.7758764607679466 0.058169375534645 0.037562604340567615 
5 0.3669803250641574 0.43530884808013354 0.06501283147989735 0.024207011686143573 
5 0.3759623609923011 0.6014190317195326 0.0658682634730539 0.02921535893155259 
5 0.38922155688622756 0.6665275459098498 0.06843455945252352 0.02921535893155259 
5 0.36484174508126604 0.41110183639399 0.07271171941830624 0.027545909849749584 
5 0.3567151411462789 0.38647746243739567 0.07014542343883662 0.028380634390651086 
5 0.3823781009409752 0.6306343906510852 0.0718562874251497 0.027545909849749584 
5 0.4473909324208725 0.18530884808013356 0.02737382378100941 0.05175292153589316 
5 0.47177074422583404 0.19490818030050083 0.023096663815226688 0.0676126878130217 
5 0.49272882805816937 0.17487479131886477 0.018819503849443968 0.049248747913188645 
5 0.5153977758768178 0.1506677796327212 0.019674935842600515 0.052587646076794656 
5 0.5402053036783576 0.1531719532554257 0.023096663815226688 0.05091819699499165 
4 0.5380667236954663 0.03547579298831385 0.01710863986313088 0.04424040066777963 
4 0.5731394354148845 0.03631051752921536 0.020530367835757058 0.045909849749582635 
5 0.09281437125748503 0.7804674457429048 0.07100085543199315 0.06343906510851419 
4 0.6629597946963216 0.8685308848080133 0.020530367835757058 0.030884808013355594 
4 0.7070145423438836 0.8639398998330551 0.017964071856287425 0.038397328881469114 
4 0.7262617621899059 0.8681135225375626 0.02566295979469632 0.038397328881469114 
4 0.7480752780153977 0.8706176961602671 0.028229255774165955 0.041736227045075125 
5 0.05175363558597092 0.7796327212020033 0.06244653550042772 0.06010016694490818 
5 0.07527801539777587 0.8601836393989983 0.06501283147989735 0.0642737896494157 
4 0.023952095808383235 0.8489148580968281 0.037639007698887936 0.03672787979966611 
5 0.49272882805816937 0.9507512520868113 0.05303678357570573 0.0667779632721202 
5 0.4255774165953807 0.9586811352253757 0.05902480752780154 0.06928213689482471 
5 0.35457656116338754 0.33681135225375625 0.06073567151411463 0.024207011686143573 
4 0.28357570573139435 0.03923205342237062 0.016253207869974338 0.028380634390651086 
4 0.723267750213858 0.3518363939899833 0.033361847733105215 0.015859766277128547 
4 0.7459366980325064 0.5463272120200334 0.02737382378100941 0.014190317195325543 
4 0.7553464499572284 0.5980801335559266 0.03592814371257485 0.017529215358931552 
4 0.7596236099230111 0.6323038397328882 0.032506415739948676 0.015859766277128547 
4 0.7711719418306244 0.679465776293823 0.03507271171941831 0.018363939899833055 
4 0.7771599657827203 0.7032554257095158 0.036783575705731396 0.014190317195325543 
4 0.8374679213002566 0.5229549248747913 0.04448246364414029 0.024207011686143573 
4 0.8541488451668092 0.6377295492487479 0.033361847733105215 0.018363939899833055 
4 0.8644140290846878 0.6861435726210351 0.033361847733105215 0.02003338898163606 
4 0.8644140290846878 0.7203672787979967 0.03507271171941831 0.018363939899833055 
5 0.4880239520958084 0.6139398998330551 0.041916167664670656 0.020868113522537562 
4 0.6783575705731394 0.8668614357262103 0.020530367835757058 0.030884808013355594 
4 0.6390076988879384 0.8777128547579299 0.020530367835757058 0.034223706176961605 
4 0.5936698032506416 0.03171953255425709 0.018819503849443968 0.041736227045075125 
4 0.6206159110350727 0.8818864774624374 0.02480752780153978 0.03589315525876461 
4 0.6094952951240377 0.03631051752921536 0.019674935842600515 0.04424040066777963 
4 0.6278870829769033 0.03005008347245409 0.020530367835757058 0.041736227045075125 
4 0.6454234388366125 0.03547579298831385 0.017964071856287425 0.04257095158597663 
4 0.6608212147134302 0.035058430717863104 0.023096663815226688 0.03672787979966611 
4 0.6817792985457656 0.034223706176961605 0.020530367835757058 0.041736227045075125 
4 0.6988879384088965 0.035058430717863104 0.020530367835757058 0.038397328881469114 
4 0.7198460222412318 0.034223706176961605 0.019674935842600515 0.04674457429048414 
4 0.7360992301112061 0.03297161936560935 0.016253207869974338 0.03923205342237062 
4 0.7724550898203593 0.0325542570951586 0.023952095808383235 0.038397328881469114 
4 0.7925577416595381 0.02921535893155259 0.023096663815226688 0.035058430717863104 
5 0.7728828058169376 0.14607679465776294 0.06073567151411463 0.05008347245409015 
4 0.7989734816082121 0.1865609348914858 0.046193327630453376 0.037562604340567615 
4 0.8139435414884517 0.3764607679465776 0.04362703165098375 0.025041736227045076 
4 0.7348160821214713 0.44657762938230383 0.030795551753635585 0.02003338898163606 
4 0.737382378100941 0.4657762938230384 0.03592814371257485 0.02003338898163606 
4 0.7378100940975193 0.4837228714524207 0.03849443969204448 0.019198664440734557 
4 0.38922155688622756 0.6865609348914858 0.04790419161676647 0.020868113522537562 
4 0.5316509837467921 0.6882303839732888 0.04704875962360992 0.045909849749582635 
4 0.5380667236954663 0.7145242070116862 0.059880239520958084 0.048414023372287146 
4 0.5410607356715141 0.7529215358931552 0.04020530367835757 0.035058430717863104 
4 0.8370402053036784 0.5751252086811353 0.041916167664670656 0.018363939899833055 
5 0.20145423438836613 0.2775459098497496 0.0658682634730539 0.037562604340567615 
