4 0.23023634881825591 0.057692307692307696 0.022004889975550123 0.018610421836228287 
4 0.12061939690301549 0.17307692307692307 0.032599837000814993 0.02109181141439206 
4 0.032599837000814993 0.6464019851116626 0.029339853300733496 0.022332506203473945 
4 0.11083944580277098 0.8145161290322581 0.032599837000814993 0.02357320099255583 
4 0.03504482477587612 0.7946650124069479 0.030969845150774247 0.02357320099255583 
4 0.03137734311328443 0.7698511166253101 0.02689486552567237 0.02357320099255583 
4 0.11409942950285248 0.9354838709677419 0.030969845150774247 0.02481389578163772 
4 0.09535452322738386 0.02543424317617866 0.017929910350448247 0.04590570719602978 
4 0.037082314588427055 0.16811414392059554 0.03178484107579462 0.02357320099255583 
4 0.041157294213528935 0.21650124069478907 0.02852485737571312 0.02357320099255583 
4 0.1104319478402608 0.9125310173697271 0.03341483292583537 0.026054590570719603 
4 0.037489812550937245 0.3815136476426799 0.032599837000814993 0.02109181141439206 
4 0.036267318663406684 0.40694789081885857 0.03178484107579462 0.017369727047146403 
4 0.035452322738386305 0.5223325062034739 0.03178484107579462 0.019851116625310174 
4 0.03300733496332518 0.6209677419354839 0.03178484107579462 0.02109181141439206 
4 0.030562347188264057 0.716501240694789 0.03015484922575387 0.02109181141439206 
4 0.03015484922575387 0.7450372208436724 0.029339853300733496 0.02109181141439206 
4 0.027709861450692746 0.8194789081885856 0.029339853300733496 0.018610421836228287 
4 0.1132844335778321 0.5800248138957816 0.029339853300733496 0.02109181141439206 
4 0.11491442542787286 0.4968982630272953 0.027709861450692746 0.02109181141439206 
4 0.03341483292583537 0.5744416873449132 0.029339853300733496 0.022332506203473945 
4 0.03504482477587612 0.5483870967741935 0.029339853300733496 0.02481389578163772 
7 0.4400977995110024 0.6693548387096774 0.07171964140179299 0.21712158808933002 
7 0.5452322738386308 0.6724565756823822 0.06845965770171149 0.21588089330024815 
7 0.31703341483292585 0.29838709677419356 0.06845965770171149 0.2196029776674938 
7 0.21352893235533824 0.29466501240694787 0.07008964955175224 0.2196029776674938 
7 0.43765281173594134 0.29962779156327546 0.06845965770171149 0.21712158808933002 
7 0.5431947840260799 0.3027295285359802 0.06927465362673187 0.21836228287841192 
7 0.6471067644661777 0.3064516129032258 0.07008964955175224 0.21588089330024815 
7 0.7534637326813366 0.3107940446650124 0.07090464547677261 0.21712158808933002 
7 0.6491442542787286 0.674937965260546 0.06927465362673187 0.21588089330024815 
4 0.11735941320293398 0.2506203473945409 0.032599837000814993 0.02481389578163772 
4 0.041157294213528935 0.1935483870967742 0.03015484922575387 0.019851116625310174 
4 0.11939690301548492 0.2227047146401985 0.03178484107579462 0.02109181141439206 
4 0.11858190709046455 0.19975186104218362 0.03178484107579462 0.017369727047146403 
4 0.03830480847595762 0.33188585607940446 0.027709861450692746 0.02109181141439206 
4 0.035452322738386305 0.43300248138957814 0.03015484922575387 0.022332506203473945 
4 0.02893235533822331 0.8703473945409429 0.03178484107579462 0.018610421836228287 
4 0.11246943765281174 0.8356079404466501 0.032599837000814993 0.02109181141439206 
4 0.11572942135289324 0.3610421836228288 0.030969845150774247 0.019851116625310174 
4 0.02730236348818256 0.8939205955334988 0.03178484107579462 0.018610421836228287 
4 0.036267318663406684 0.2661290322580645 0.02852485737571312 0.02109181141439206 
4 0.04156479217603912 0.24379652605459057 0.029339853300733496 0.018610421836228287 
4 0.03830480847595762 0.30831265508684863 0.029339853300733496 0.018610421836228287 
4 0.035859820700896494 0.3566997518610422 0.029339853300733496 0.018610421836228287 
4 0.03300733496332518 0.597394540942928 0.03015484922575387 0.016129032258064516 
4 0.03300733496332518 0.6693548387096774 0.02852485737571312 0.018610421836228287 
4 0.03015484922575387 0.8442928039702233 0.030969845150774247 0.02357320099255583 
4 0.036267318663406684 0.14516129032258066 0.03015484922575387 0.017369727047146403 
4 0.23920130399348002 0.9478908188585607 0.03178484107579462 0.02977667493796526 
4 0.3211083944580277 0.9336228287841191 0.035859820700896494 0.031017369727047148 
4 0.2469437652811736 0.923697270471464 0.030969845150774247 0.026054590570719603 
4 0.23675631621841892 0.9751861042183623 0.03178484107579462 0.02729528535980149 
4 0.11613691931540342 0.31017369727047145 0.03504482477587612 0.02729528535980149 
4 0.11409942950285248 0.43424317617866004 0.032599837000814993 0.022332506203473945 
4 0.036267318663406684 0.4975186104218362 0.03015484922575387 0.019851116625310174 
4 0.11735941320293398 0.27419354838709675 0.032599837000814993 0.017369727047146403 
4 0.11165444172779136 0.9590570719602978 0.032599837000814993 0.022332506203473945 
4 0.11206193969030155 0.8870967741935484 0.03015484922575387 0.017369727047146403 
4 0.11124694376528117 0.8610421836228288 0.03178484107579462 0.019851116625310174 
4 0.11083944580277098 0.7878411910669976 0.030969845150774247 0.019851116625310174 
4 0.3149959250203749 0.9838709677419355 0.03178484107579462 0.02977667493796526 
4 0.3223308883455583 0.9596774193548387 0.03341483292583537 0.031017369727047148 
4 0.11858190709046455 0.38771712158808935 0.02852485737571312 0.028535980148883373 
4 0.1198044009779951 0.12406947890818859 0.030969845150774247 0.022332506203473945 
4 0.11817440912795436 0.14764267990074442 0.034229828850855744 0.02481389578163772 
4 0.11735941320293398 0.3356079404466501 0.030969845150774247 0.02109181141439206 
4 0.11124694376528117 0.5223325062034739 0.03178484107579462 0.022332506203473945 
4 0.11287693561532193 0.5508684863523573 0.03015484922575387 0.022332506203473945 
4 0.11409942950285248 0.6035980148883374 0.032599837000814993 0.02109181141439206 
4 0.11409942950285248 0.6259305210918115 0.030969845150774247 0.02109181141439206 
4 0.11246943765281174 0.6470223325062034 0.032599837000814993 0.02109181141439206 
4 0.1100244498777506 0.673697270471464 0.032599837000814993 0.019851116625310174 
4 0.11124694376528117 0.6966501240694789 0.03015484922575387 0.018610421836228287 
4 0.11206193969030155 0.7617866004962779 0.02852485737571312 0.019851116625310174 
4 0.1132844335778321 0.7239454094292804 0.027709861450692746 0.02109181141439206 
7 0.2974735126324368 0.6662531017369727 0.07008964955175224 0.21836228287841192 
