4 0.4666666666666667 0.6328125 0.021875 0.021875 
0 0.44296875 0.8510416666666667 0.04739583333333333 0.05 
0 0.9065104166666667 0.32838541666666665 0.0453125 0.0453125 
0 0.9135416666666667 0.36666666666666664 0.052083333333333336 0.057291666666666664 
0 0.8513020833333333 0.39375 0.04739583333333333 0.05 
0 0.8270833333333333 0.46484375 0.052083333333333336 0.05572916666666667 
0 0.8205729166666667 0.42734375 0.0453125 0.049479166666666664 
0 0.7927083333333333 0.4630208333333333 0.04479166666666667 0.04791666666666667 
0 0.7916666666666666 0.5018229166666667 0.05520833333333333 0.05677083333333333 
0 0.8611979166666667 0.7846354166666667 0.03697916666666667 0.0453125 
0 0.4234375 0.8625 0.04895833333333333 0.05 
0 0.45416666666666666 0.8278645833333333 0.04583333333333333 0.04739583333333333 
0 0.484375 0.79296875 0.04375 0.04739583333333333 
0 0.5052083333333334 0.7796875 0.04791666666666667 0.05 
0 0.5153645833333333 0.7567708333333333 0.04635416666666667 0.04895833333333333 
0 0.5450520833333333 0.721875 0.04635416666666667 0.05 
0 0.56640625 0.7078125 0.04635416666666667 0.051041666666666666 
0 0.6067708333333334 0.64921875 0.046875 0.050520833333333334 
0 0.6283854166666667 0.63671875 0.04739583333333333 0.049479166666666664 
0 0.6541666666666667 0.46510416666666665 0.046875 0.04895833333333333 
0 0.6885416666666667 0.4270833333333333 0.04791666666666667 0.051041666666666666 
0 0.9450520833333333 0.3302083333333333 0.049479166666666664 0.051041666666666666 
0 0.79140625 0.31484375 0.04739583333333333 0.049479166666666664 
0 0.25807291666666665 0.96640625 0.0546875 0.034895833333333334 
0 0.004166666666666667 0.5234375 0.05416666666666667 0.052083333333333336 
0 0.01015625 0.5674479166666667 0.049479166666666664 0.050520833333333334 
0 0.06276041666666667 0.6135416666666667 0.05364583333333333 0.05 
0 0.11692708333333333 0.5997395833333333 0.0515625 0.0546875 
0 0.15833333333333333 0.65859375 0.05416666666666667 0.05260416666666667 
0 0.16588541666666667 0.7044270833333334 0.0546875 0.05364583333333333 
0 0.08541666666666667 0.8171875 0.04895833333333333 0.04791666666666667 
0 0.2640625 0.7463541666666667 0.05625 0.05520833333333333 
0 0.27291666666666664 0.78984375 0.052083333333333336 0.049479166666666664 
0 0.8265625 0.2755208333333333 0.05 0.051041666666666666 
4 0.09557291666666666 0.13515625 0.018229166666666668 0.019270833333333334 
4 0.20572916666666666 0.016927083333333332 0.020833333333333332 0.018229166666666668 
4 0.109375 0.12734375 0.023958333333333335 0.022395833333333334 
4 0.0484375 0.77890625 0.01875 0.0203125 
4 0.23177083333333334 0.94765625 0.025 0.0140625 
4 0.08697916666666666 0.171875 0.020833333333333332 0.01875 
4 0.13880208333333333 0.014583333333333334 0.018229166666666668 0.016666666666666666 
4 0.09973958333333334 0.8375 0.018229166666666668 0.015625 
4 0.4825520833333333 0.61015625 0.022395833333333334 0.016145833333333335 
4 0.6458333333333334 0.86875 0.019791666666666666 0.016666666666666666 
4 0.7002604166666667 0.9010416666666666 0.022395833333333334 0.021875 
4 0.19791666666666666 0.028385416666666666 0.026041666666666668 0.024479166666666666 
4 0.09270833333333334 0.15598958333333332 0.021875 0.021354166666666667 
4 0.853125 0.8140625 0.020833333333333332 0.015625 
0 0.13645833333333332 0.4796875 0.04583333333333333 0.03854166666666667 
0 0.20729166666666668 0.5403645833333334 0.03125 0.0296875 
4 0.2796875 0.41744791666666664 0.019791666666666666 0.021354166666666667 
4 0.7213541666666666 0.8046875 0.019791666666666666 0.020833333333333332 
4 0.6778645833333333 0.8356770833333333 0.021354166666666667 0.0203125 
4 0.6544270833333333 0.8611979166666667 0.022395833333333334 0.021354166666666667 
4 0.6911458333333333 0.9106770833333333 0.021875 0.021354166666666667 
4 0.7177083333333333 0.8846354166666667 0.020833333333333332 0.021354166666666667 
5 0.7143229166666667 0.7973958333333333 0.019270833333333334 0.021875 
5 0.7078125 0.78828125 0.021875 0.022395833333333334 
5 0.7278645833333334 0.87734375 0.021354166666666667 0.0234375 
5 0.7666666666666667 0.8411458333333334 0.017708333333333333 0.020833333333333332 
5 0.7096354166666666 0.89296875 0.0234375 0.024479166666666666 
5 0.6682291666666667 0.8421875 0.025 0.021875 
4 0.6625 0.8526041666666667 0.022916666666666665 0.021875 
