0 0.7989583333333333 0.3221354166666667 0.058333333333333334 0.0546875 
0 0.628125 0.23723958333333334 0.046875 0.0484375 
0 1.00546875 0.4953125 0.05260416666666667 0.04895833333333333 
0 0.20677083333333332 0.73515625 0.053125 0.05364583333333333 
0 0.24375 0.6919270833333333 0.04791666666666667 0.0484375 
0 0.2859375 0.6486979166666667 0.046875 0.0484375 
0 0.3268229166666667 0.6036458333333333 0.04635416666666667 0.04895833333333333 
0 0.3703125 0.5486979166666667 0.04791666666666667 0.04635416666666667 
0 0.8997395833333334 0.4049479166666667 0.0578125 0.05572916666666667 
0 0.9080729166666667 0.44869791666666664 0.05260416666666667 0.0515625 
0 0.9528645833333333 0.45 0.05260416666666667 0.051041666666666666 
0 0.9606770833333333 0.49270833333333336 0.050520833333333334 0.051041666666666666 
0 1.0135416666666666 0.5380208333333333 0.052083333333333336 0.051041666666666666 
4 0.8369791666666667 0.5708333333333333 0.023958333333333335 0.022916666666666665 
4 0.7908854166666667 0.53671875 0.019270833333333334 0.021354166666666667 
5 0.80234375 0.5458333333333333 0.025520833333333333 0.027083333333333334 
5 0.8223958333333333 0.5606770833333333 0.028125 0.030729166666666665 
5 0.41901041666666666 0.9044270833333333 0.04114583333333333 0.03697916666666667 
4 0.36953125 0.7604166666666666 0.0203125 0.01875 
4 1.00546875 0.5674479166666667 0.0265625 0.0265625 
4 0.8963541666666667 0.74921875 0.017708333333333333 0.0203125 
5 0.3106770833333333 0.20286458333333332 0.04114583333333333 0.043229166666666666 
5 0.38046875 0.3203125 0.050520833333333334 0.0125 
5 0.38177083333333334 0.3333333333333333 0.04895833333333333 0.013541666666666667 
4 0.9135416666666667 0.7677083333333333 0.016666666666666666 0.01875 
4 0.88671875 0.7416666666666667 0.0203125 0.021875 
5 0.3515625 0.16510416666666666 0.029166666666666667 0.030208333333333334 
4 0.4859375 0.8322916666666667 0.022916666666666665 0.021875 
4 0.5421875 0.76640625 0.025 0.0234375 
4 0.5145833333333333 0.7950520833333333 0.020833333333333332 0.0203125 
0 0.16276041666666666 0.7880208333333333 0.06614583333333333 0.06666666666666667 
