4 0.6334068357221609 0.988212927756654 0.009922822491730982 0.012927756653992395 
0 0.3081587651598677 0.4178707224334601 0.13340683572216097 0.0935361216730038 
0 0.30705622932745313 0.8 0.034178610804851156 0.030418250950570342 
0 0.31863285556780596 0.7216730038022814 0.03528114663726571 0.03193916349809886 
0 0.24090407938257993 0.6547528517110266 0.04520396912899669 0.03650190114068441 
0 0.3577728776185226 0.667680608365019 0.03197353914002205 0.030418250950570342 
0 0.3368246968026461 0.6456273764258555 0.03858875413450937 0.0349809885931559 
0 0.24476295479603086 0.6163498098859316 0.03528114663726571 0.03269961977186312 
0 0.3671444321940463 0.5870722433460076 0.03307607497243661 0.033460076045627375 
0 0.37541345093715545 0.5494296577946768 0.040793825799338476 0.03574144486692015 
0 0.38588754134509373 0.5121673003802282 0.037486218302094816 0.03574144486692015 
0 0.2607497243660419 0.5372623574144487 0.03638368246968027 0.0311787072243346 
0 0.27067254685777287 0.4984790874524715 0.029768467475192944 0.0311787072243346 
0 0.8853362734288864 0.19695817490494297 0.0639470782800441 0.045627376425855515 
4 0.4619625137816979 0.9026615969581749 0.017640573318632856 0.0076045627376425855 
0 0.844542447629548 0.22167300380228136 0.05292171995589857 0.034220532319391636 
0 0.7982359426681367 0.2479087452471483 0.04851157662624035 0.033460076045627375 
0 0.7508269018743109 0.2722433460076046 0.05292171995589857 0.03650190114068441 
0 0.5678059536934951 0.3916349809885932 0.03528114663726571 0.033460076045627375 
0 0.577728776185226 0.3532319391634981 0.03528114663726571 0.034220532319391636 
0 0.655457552370452 0.31901140684410645 0.04961411245865491 0.0311787072243346 
0 0.7001102535832414 0.2935361216730038 0.044101433296582136 0.03193916349809886 
0 0.63561190738699 0.23269961977186313 0.05402425578831312 0.0349809885931559 
0 0.685226019845645 0.2102661596958175 0.05181918412348401 0.03574144486692015 
0 0.7309812568908489 0.18593155893536123 0.05512679162072767 0.037262357414448666 
0 0.7761852260198456 0.15855513307984792 0.05292171995589857 0.03574144486692015 
0 0.32083792723263505 0.8228136882129278 0.044101433296582136 0.03650190114068441 
4 0.9162072767364939 0.5467680608365019 0.013230429988974642 0.016730038022813688 
4 0.9068357221609702 0.5874524714828897 0.009922822491730982 0.012927756653992395 
4 0.5799338478500551 0.8589353612167301 0.011025358324145534 0.01596958174904943 
4 0.46085997794928335 0.9091254752851711 0.017640573318632856 0.006844106463878327 
4 0.4597574421168688 0.9174904942965779 0.017640573318632856 0.006844106463878327 
4 0.7783902976846747 0.8140684410646388 0.011025358324145534 0.012927756653992395 
4 0.7982359426681367 0.8190114068441064 0.008820286659316428 0.013688212927756654 
4 0.05953693495038589 0.7190114068441065 0.017640573318632856 0.01596958174904943 
4 0.10804851157662625 0.6859315589353612 0.019845644983461964 0.016730038022813688 
4 0.2105843439911797 0.7726235741444867 0.022050716648291068 0.018250950570342206 
4 0.551819184123484 0.9798479087452472 0.012127894156560088 0.014448669201520912 
4 0.5286659316427784 0.7604562737642585 0.018743109151047408 0.009125475285171103 
4 0.7094818081587652 0.9931558935361217 0.009922822491730982 0.012167300380228136 
4 0.587651598676957 0.9851711026615969 0.013230429988974642 0.014448669201520912 
4 0.6659316427783903 0.9923954372623575 0.013230429988974642 0.013688212927756654 
4 0.6863285556780595 0.993916349809886 0.009922822491730982 0.012167300380228136 
4 0.655457552370452 0.9904942965779467 0.009922822491730982 0.012927756653992395 
4 0.643329658213892 0.9897338403041825 0.009922822491730982 0.014448669201520912 
4 0.5760749724366042 0.9825095057034221 0.009922822491730982 0.012167300380228136 
4 0.6549062844542448 0.9197718631178707 0.013230429988974642 0.012927756653992395 
0 0.6642778390297684 0.8973384030418251 0.03858875413450937 0.030418250950570342 
4 0.4663726571113561 0.8809885931558935 0.019845644983461964 0.006844106463878327 
4 0.4691289966923925 0.8730038022813689 0.018743109151047408 0.006083650190114068 
4 0.4729878721058434 0.8577946768060837 0.024255788313120176 0.009125475285171103 
4 0.4757442116868798 0.8300380228136882 0.023153252480705624 0.008365019011406844 
4 0.5678059536934951 0.8570342205323194 0.011025358324145534 0.016730038022813688 
0 0.8269018743109151 0.13688212927756654 0.037486218302094816 0.02585551330798479 
