5 0.33031161473087817 0.947565543071161 0.024929178470254956 0.033707865168539325 
8 0.7830028328611898 0.6872659176029963 0.06912181303116147 0.36329588014981273 
8 0.693201133144476 0.6807116104868914 0.06855524079320113 0.3651685393258427 
8 0.6039660056657223 0.6713483146067416 0.07025495750708215 0.3651685393258427 
8 0.5141643059490085 0.6610486891385767 0.06855524079320113 0.36329588014981273 
7 0.3838526912181303 0.6348314606741573 0.05042492917847025 0.33707865168539325 
7 0.32237960339943345 0.6292134831460674 0.05212464589235127 0.3408239700374532 
7 0.26118980169971673 0.6235955056179775 0.05099150141643059 0.33707865168539325 
7 0.1838526912181303 0.6151685393258427 0.05155807365439093 0.3389513108614232 
7 0.12209631728045325 0.6104868913857678 0.05042492917847025 0.33707865168539325 
