4 0.9161807580174927 0.9351320321469575 0.03935860058309038 0.05166475315729047 
4 0.934402332361516 0.1687715269804822 0.043731778425655975 0.05281285878300804 
4 0.29956268221574345 0.917910447761194 0.05102040816326531 0.021814006888633754 
4 0.29591836734693877 0.8915040183696901 0.05830903790087463 0.024110218140068886 
4 0.29373177842565595 0.8673938002296211 0.07142857142857142 0.02870264064293915 
4 0.29008746355685133 0.8438576349024111 0.05830903790087463 0.027554535017221583 
4 0.2886297376093295 0.8151549942594719 0.061224489795918366 0.029850746268656716 
4 0.07871720116618076 0.7267508610792193 0.03498542274052478 0.07347876004592423 
5 0.14941690962099125 0.04535017221584386 0.11224489795918367 0.05855338691159587 
5 0.44314868804664725 0.2973593570608496 0.09620991253644315 0.1010332950631458 
4 0.03935860058309038 0.7347876004592423 0.03498542274052478 0.0642939150401837 
4 0.11734693877551021 0.7324913892078071 0.033527696793002916 0.03903559127439724 
4 0.8928571428571429 0.17221584385763491 0.048104956268221574 0.0505166475315729 
4 0.8549562682215743 0.9443168771526981 0.03935860058309038 0.0539609644087256 
4 0.8199708454810496 0.17451205510907003 0.03935860058309038 0.0505166475315729 
4 0.7900874635568513 0.18771526980482203 0.04664723032069971 0.05625717566016074 
4 0.7565597667638484 0.1865671641791045 0.04081632653061224 0.05166475315729047 
4 0.7259475218658892 0.18771526980482203 0.037900874635568516 0.05166475315729047 
5 0.5102040816326531 0.5189437428243399 0.04081632653061224 0.09184845005740529 
5 0.6158892128279884 0.6624569460390356 0.11224489795918367 0.04133180252583238 
5 0.4679300291545189 0.6544202066590127 0.11078717201166181 0.03903559127439724 
5 0.5080174927113703 0.28587830080367393 0.07725947521865889 0.08266360505166476 
5 0.40160349854227406 0.2956371986222732 0.08017492711370262 0.08151549942594719 
5 0.29664723032069973 0.31285878300803677 0.09183673469387756 0.08381171067738231 
4 0.3177842565597668 0.9764638346727899 0.06705539358600583 0.030998851894374284 
4 0.4606413994169096 0.8329506314580941 0.026239067055393587 0.04247990815154994 
4 0.4912536443148688 0.830654420206659 0.03206997084548105 0.04707233065442021 
4 0.5204081632653061 0.8220436280137773 0.03498542274052478 0.05281285878300804 
4 0.7966472303206997 0.9408725602755453 0.03935860058309038 0.04477611940298507 
4 0.7434402332361516 0.9540757749712974 0.026239067055393587 0.04362801377726751 
4 0.7150145772594753 0.9586681974741676 0.033527696793002916 0.04822043628013777 
4 0.6822157434402333 0.9598163030998852 0.03206997084548105 0.045924225028702644 
4 0.6326530612244898 0.9661308840413318 0.03498542274052478 0.04936854190585534 
4 0.575801749271137 0.9718714121699197 0.03498542274052478 0.04477611940298507 
4 0.8753644314868805 0.8903559127439724 0.030612244897959183 0.0539609644087256 
4 0.8462099125364432 0.8938002296211252 0.033527696793002916 0.05625717566016074 
4 0.815597667638484 0.8972445464982779 0.03644314868804665 0.04477611940298507 
4 0.7638483965014577 0.9006888633754305 0.03498542274052478 0.04707233065442021 
4 0.7339650145772595 0.8955223880597015 0.03935860058309038 0.05510907003444317 
4 0.7026239067055393 0.9092996555683123 0.04081632653061224 0.05510907003444317 
4 0.6530612244897959 0.9070034443168772 0.03206997084548105 0.05970149253731343 
4 0.5102040816326531 0.931113662456946 0.03498542274052478 0.05281285878300804 
4 0.48250728862973763 0.9357060849598163 0.037900874635568516 0.0505166475315729 
4 0.7266763848396501 0.7967853042479908 0.033527696793002916 0.06199770378874857 
4 0.6938775510204082 0.8082663605051664 0.04081632653061224 0.05281285878300804 
4 0.6341107871720116 0.8163030998851895 0.03206997084548105 0.045924225028702644 
4 0.6064139941690962 0.8197474167623421 0.029154518950437316 0.04822043628013777 
4 0.577259475218659 0.8214695752009185 0.029154518950437316 0.04936854190585534 
4 0.5488338192419825 0.8180252583237658 0.027696793002915453 0.04707233065442021 
5 0.24198250728862974 0.31802525832376577 0.08746355685131195 0.08036739380022963 
