0 0.42526041666666664 0.59921875 0.07447916666666667 0.08385416666666666 
0 0.5234375 0.6544270833333333 0.026041666666666668 0.03697916666666667 
0 0.5276041666666667 0.6078125 0.03854166666666667 0.051041666666666666 
0 0.5583333333333333 0.5848958333333333 0.035416666666666666 0.04895833333333333 
0 0.8138020833333334 0.5705729166666667 0.043229166666666666 0.030729166666666665 
0 0.8752604166666667 0.5697916666666667 0.0484375 0.03333333333333333 
0 0.9372395833333333 0.56640625 0.049479166666666664 0.034895833333333334 
0 1.0 0.5703125 0.04895833333333333 0.036458333333333336 
0 1.0020833333333334 0.6755208333333333 0.04895833333333333 0.03125 
0 0.91015625 0.7 0.04635416666666667 0.03958333333333333 
0 0.871875 0.6716145833333333 0.042708333333333334 0.03697916666666667 
0 0.8424479166666666 0.7013020833333333 0.0484375 0.034895833333333334 
0 0.7479166666666667 0.67109375 0.05416666666666667 0.0484375 
0 0.7453125 0.8049479166666667 0.04583333333333333 0.0359375 
0 0.87421875 0.8075520833333333 0.049479166666666664 0.034895833333333334 
0 0.9372395833333333 0.8057291666666667 0.04010416666666667 0.034375 
0 1.0010416666666666 0.8075520833333333 0.051041666666666666 0.03802083333333333 
0 0.10677083333333333 0.8809895833333333 0.051041666666666666 0.034895833333333334 
0 0.34661458333333334 0.8671875 0.049479166666666664 0.03854166666666667 
0 0.3026041666666667 0.79609375 0.06458333333333334 0.059895833333333336 
0 0.37838541666666664 0.80078125 0.05677083333333333 0.0484375 
0 0.42526041666666664 0.8419270833333333 0.050520833333333334 0.0359375 
0 0.45625 0.8072916666666666 0.04791666666666667 0.03958333333333333 
0 0.5208333333333334 0.8083333333333333 0.04895833333333333 0.035416666666666666 
0 0.3546875 0.63671875 0.09270833333333334 0.0953125 
