4 0.48359375 0.69609375 0.0203125 0.016145833333333335 
0 0.4200520833333333 0.5984375 0.06302083333333333 0.06354166666666666 
0 0.8997395833333334 0.6153645833333333 0.06614583333333333 0.06927083333333334 
0 0.8046875 0.6080729166666666 0.06875 0.06927083333333334 
0 0.5135416666666667 0.6028645833333334 0.06041666666666667 0.0640625 
0 0.32473958333333336 0.5955729166666667 0.0609375 0.06197916666666667 
0 1.00078125 0.4296875 0.0734375 0.075 
0 0.9072916666666667 0.42682291666666666 0.07291666666666667 0.07447916666666667 
0 0.8127604166666667 0.4231770833333333 0.07447916666666667 0.07447916666666667 
0 0.62421875 0.41692708333333334 0.0734375 0.07447916666666667 
0 0.24479166666666666 0.4015625 0.07291666666666667 0.07395833333333333 
0 0.3411458333333333 0.40911458333333334 0.07291666666666667 0.07447916666666667 
4 0.25885416666666666 0.9346354166666667 0.023958333333333335 0.022395833333333334 
4 0.215625 0.571875 0.015625 0.023958333333333335 
4 0.91953125 0.7643229166666666 0.025520833333333333 0.008854166666666666 
4 0.05286458333333333 0.8518229166666667 0.0234375 0.0234375 
4 0.09973958333333334 0.8971354166666666 0.021354166666666667 0.018229166666666668 
4 0.16432291666666668 0.8221354166666667 0.021354166666666667 0.022395833333333334 
4 0.19713541666666667 0.5622395833333333 0.0171875 0.0234375 
4 0.24010416666666667 0.5697916666666667 0.015625 0.023958333333333335 
0 0.50546875 0.8471354166666667 0.06510416666666667 0.06510416666666667 
0 0.6020833333333333 0.853125 0.06458333333333334 0.06875 
0 0.7005208333333334 0.8651041666666667 0.071875 0.07604166666666666 
0 0.7955729166666666 0.8677083333333333 0.0703125 0.07395833333333333 
0 0.8885416666666667 0.8708333333333333 0.071875 0.07291666666666667 
0 0.9721354166666667 0.8611979166666667 0.0703125 0.0734375 
0 0.43463541666666666 0.4125 0.07239583333333334 0.075 
