5 0.8458333333333333 0.9270833333333334 0.015625 0.014583333333333334 
0 0.8622395833333333 0.8286458333333333 0.21197916666666666 0.20520833333333333 
0 0.7473958333333334 0.73359375 0.20520833333333333 0.2109375 
0 0.6247395833333333 0.6421875 0.20677083333333332 0.21458333333333332 
0 0.50390625 0.5453125 0.20677083333333332 0.209375 
0 0.38177083333333334 0.4515625 0.203125 0.21145833333333333 
0 0.2609375 0.35989583333333336 0.20729166666666668 0.21145833333333333 
0 0.14270833333333333 0.2682291666666667 0.2125 0.21354166666666666 
0 0.022135416666666668 0.17473958333333334 0.20677083333333332 0.2046875 
4 0.8580729166666666 0.9356770833333333 0.0109375 0.009895833333333333 
4 0.021614583333333333 0.9572916666666667 0.0067708333333333336 0.010416666666666666 
4 0.003125 0.95859375 0.008333333333333333 0.0109375 
4 0.0078125 0.9546875 0.007291666666666667 0.011458333333333333 
4 0.011979166666666667 0.9494791666666667 0.007291666666666667 0.011458333333333333 
4 0.01640625 0.9450520833333333 0.0078125 0.0109375 
4 0.00078125 0.9848958333333333 0.0078125 0.011458333333333333 
4 0.0046875 0.9778645833333334 0.009375 0.013020833333333334 
4 0.0078125 0.9705729166666667 0.007291666666666667 0.009895833333333333 
4 0.013020833333333334 0.9666666666666667 0.008333333333333333 0.011458333333333333 
4 0.017447916666666667 0.9609375 0.0067708333333333336 0.010416666666666666 
4 0.025520833333333333 0.9510416666666667 0.007291666666666667 0.011458333333333333 
4 0.029947916666666668 0.9453125 0.0067708333333333336 0.011458333333333333 
4 0.02109375 0.9403645833333333 0.0067708333333333336 0.008854166666666666 
5 0.4296875 0.60078125 0.009375 0.008854166666666666 
4 0.2752604166666667 0.6375 0.005729166666666666 0.013541666666666667 
4 0.053125 0.9716145833333333 0.013541666666666667 0.013020833333333334 
5 0.6114583333333333 0.7440104166666667 0.014583333333333334 0.013020833333333334 
5 0.8830729166666667 0.95625 0.0140625 0.0125 
5 0.6411458333333333 0.76796875 0.014583333333333334 0.013020833333333334 
5 0.353125 0.9911458333333333 0.010416666666666666 0.0125 
5 0.14270833333333333 0.34322916666666664 0.015625 0.008333333333333333 
5 0.23489583333333333 0.4505208333333333 0.015625 0.014583333333333334 
4 0.21770833333333334 0.8653645833333333 0.0125 0.011979166666666667 
