0 0.7989583333333333 0.6390625 0.09166666666666666 0.09375 
0 0.7046875 0.6338541666666667 0.09166666666666666 0.09479166666666666 
0 0.6096354166666667 0.63125 0.0890625 0.09270833333333334 
0 0.5119791666666667 0.6268229166666667 0.09375 0.09635416666666667 
0 0.23151041666666666 0.6153645833333333 0.06614583333333333 0.06927083333333334 
0 0.13645833333333332 0.6080729166666666 0.06875 0.06927083333333334 
0 0.6182291666666667 0.43515625 0.090625 0.0921875 
0 0.521875 0.43333333333333335 0.10208333333333333 0.10208333333333333 
0 0.33255208333333336 0.4296875 0.0734375 0.075 
0 0.2390625 0.42682291666666666 0.07291666666666667 0.07447916666666667 
0 0.14453125 0.4231770833333333 0.07447916666666667 0.07447916666666667 
0 0.8942708333333333 0.6442708333333333 0.090625 0.09270833333333334 
0 0.78984375 0.8872395833333333 0.09322916666666667 0.09739583333333333 
4 0.2513020833333333 0.7643229166666666 0.025520833333333333 0.008854166666666666 
5 0.9174479166666667 0.4236979166666667 0.018229166666666668 0.0265625 
4 0.7700520833333333 0.42135416666666664 0.0203125 0.035416666666666666 
0 0.6013020833333333 0.88203125 0.0953125 0.09947916666666666 
0 0.03229166666666667 0.8651041666666667 0.071875 0.07604166666666666 
0 0.12734375 0.8677083333333333 0.0703125 0.07395833333333333 
0 0.2203125 0.8708333333333333 0.071875 0.07291666666666667 
0 0.30390625 0.8611979166666667 0.0703125 0.0734375 
0 0.5052083333333334 0.8763020833333334 0.09583333333333334 0.0953125 
