5 0.16744791666666667 0.23333333333333334 0.015104166666666667 0.0125 
5 0.3765625 0.72890625 0.016666666666666666 0.0140625 
5 0.4549479166666667 0.7880208333333333 0.0140625 0.013541666666666667 
4 0.26875 0.65390625 0.007291666666666667 0.013020833333333334 
5 0.24114583333333334 0.4125 0.014583333333333334 0.011458333333333333 
0 1.0369791666666666 0.7973958333333333 0.203125 0.21145833333333333 
0 0.9161458333333333 0.7057291666666666 0.20729166666666668 0.21145833333333333 
0 0.7979166666666667 0.6140625 0.2125 0.21354166666666666 
0 0.67734375 0.5205729166666667 0.20677083333333332 0.2046875 
0 0.5565104166666667 0.42734375 0.19739583333333333 0.21510416666666668 
0 0.43671875 0.3299479166666667 0.20989583333333334 0.2109375 
0 0.31276041666666665 0.2390625 0.1984375 0.19895833333333332 
4 0.3729166666666667 0.7635416666666667 0.008333333333333333 0.009375 
4 0.93046875 0.9833333333333333 0.005729166666666666 0.013541666666666667 
4 0.5221354166666666 0.5135416666666667 0.011979166666666667 0.010416666666666666 
4 0.38255208333333335 0.7703125 0.0109375 0.0125 
4 0.11848958333333333 0.19895833333333332 0.0140625 0.011458333333333333 
5 0.7979166666666667 0.6890625 0.015625 0.008333333333333333 
5 0.8901041666666667 0.7963541666666667 0.015625 0.014583333333333334 
0 0.19244791666666666 0.14296875 0.15572916666666667 0.15885416666666666 
