4 0.6875 0.5166666666666667 0.028125 0.017708333333333333 
0 0.5986979166666667 0.90390625 0.0515625 0.04010416666666667 
4 0.6950520833333333 0.49322916666666666 0.0234375 0.014583333333333334 
4 0.6919270833333333 0.5036458333333333 0.0234375 0.014583333333333334 
4 0.6760416666666667 0.5614583333333333 0.020833333333333332 0.014583333333333334 
4 0.67578125 0.5484375 0.0203125 0.014583333333333334 
4 0.75703125 0.5635416666666667 0.025520833333333333 0.015625 
4 0.7708333333333334 0.52421875 0.025 0.016145833333333335 
0 0.9458333333333333 0.7026041666666667 0.04583333333333333 0.052083333333333336 
0 0.8895833333333333 0.7010416666666667 0.053125 0.053125 
0 0.3880208333333333 0.8369791666666667 0.053125 0.03958333333333333 
0 0.5471354166666667 0.8859375 0.0484375 0.0375 
0 0.653125 0.91953125 0.05416666666666667 0.0421875 
4 0.7057291666666666 0.46015625 0.026041666666666668 0.0171875 
0 0.6364583333333333 0.7825520833333334 0.042708333333333334 0.03802083333333333 
0 0.58125 0.7690104166666667 0.04791666666666667 0.03802083333333333 
0 0.5296875 0.7502604166666667 0.052083333333333336 0.044270833333333336 
0 0.48072916666666665 0.7333333333333333 0.051041666666666666 0.041666666666666664 
0 0.42630208333333336 0.7151041666666667 0.04739583333333333 0.041666666666666664 
0 0.3731770833333333 0.7005208333333334 0.0421875 0.036458333333333336 
0 0.3234375 0.6856770833333333 0.052083333333333336 0.04114583333333333 
0 0.45234375 0.5776041666666667 0.05260416666666667 0.06458333333333334 
0 0.35859375 0.5557291666666667 0.044270833333333336 0.052083333333333336 
0 0.058854166666666666 0.6015625 0.04895833333333333 0.04583333333333333 
4 0.6963541666666667 0.4828125 0.023958333333333335 0.016666666666666666 
4 0.79140625 0.4588541666666667 0.025520833333333333 0.016666666666666666 
4 0.47369791666666666 0.5177083333333333 0.021354166666666667 0.013541666666666667 
4 0.7877604166666666 0.4703125 0.0234375 0.014583333333333334 
4 0.4765625 0.5005208333333333 0.01875 0.013541666666666667 
4 0.48046875 0.48932291666666666 0.0203125 0.016145833333333335 
4 0.48515625 0.47734375 0.018229166666666668 0.0140625 
4 0.8669270833333333 0.46119791666666665 0.016145833333333335 0.024479166666666666 
4 0.66953125 0.5716145833333334 0.0234375 0.015104166666666667 
4 0.7458333333333333 0.5963541666666666 0.022916666666666665 0.016666666666666666 
4 0.7609375 0.5526041666666667 0.022916666666666665 0.015625 
4 0.7638020833333333 0.5408854166666667 0.0234375 0.016145833333333335 
4 0.77734375 0.5033854166666667 0.027604166666666666 0.0171875 
4 0.7760416666666666 0.5140625 0.021875 0.014583333333333334 
4 0.7072916666666667 0.4479166666666667 0.023958333333333335 0.013541666666666667 
4 0.7833333333333333 0.48098958333333336 0.020833333333333332 0.015104166666666667 
4 0.7005208333333334 0.4700520833333333 0.020833333333333332 0.0140625 
4 0.5578125 0.45703125 0.019791666666666666 0.0140625 
4 0.5122395833333333 0.5518229166666667 0.0203125 0.0140625 
4 0.8458333333333333 0.6796875 0.022916666666666665 0.015625 
4 0.8486979166666667 0.66796875 0.022395833333333334 0.0140625 
4 0.8520833333333333 0.65390625 0.027083333333333334 0.0140625 
4 0.7505208333333333 0.5848958333333333 0.025 0.016666666666666666 
4 0.7552083333333334 0.5752604166666667 0.021875 0.015104166666666667 
4 0.8447916666666667 0.45703125 0.014583333333333334 0.0203125 
4 0.7833333333333333 0.4942708333333333 0.021875 0.013541666666666667 
