4 0.41380208333333335 0.87109375 0.008854166666666666 0.0109375 
4 0.3268229166666667 0.7895833333333333 0.009895833333333333 0.011458333333333333 
4 0.31744791666666666 0.78203125 0.0109375 0.011979166666666667 
4 0.3072916666666667 0.7736979166666667 0.009375 0.0109375 
4 0.30130208333333336 0.7708333333333334 0.011979166666666667 0.0125 
4 0.29401041666666666 0.7802083333333333 0.009895833333333333 0.011458333333333333 
4 0.2989583333333333 0.78359375 0.009375 0.0109375 
4 0.30442708333333335 0.7861979166666667 0.009895833333333333 0.011979166666666667 
4 0.3138020833333333 0.7953125 0.0109375 0.0125 
4 0.32864583333333336 0.80703125 0.009375 0.0109375 
4 0.384375 0.84765625 0.009375 0.0109375 
4 0.41901041666666666 0.875 0.009895833333333333 0.0125 
4 0.396875 0.8416666666666667 0.009375 0.010416666666666666 
4 0.4234375 0.8783854166666667 0.010416666666666666 0.011979166666666667 
4 0.42916666666666664 0.8817708333333333 0.008333333333333333 0.009375 
4 0.43385416666666665 0.8854166666666666 0.009375 0.010416666666666666 
4 0.28177083333333336 0.8059895833333334 0.009375 0.0109375 
4 0.2875 0.809375 0.010416666666666666 0.0125 
4 0.296875 0.8184895833333333 0.010416666666666666 0.009895833333333333 
4 0.3028645833333333 0.8205729166666667 0.009895833333333333 0.0109375 
4 0.36640625 0.8700520833333333 0.009895833333333333 0.011979166666666667 
4 0.37161458333333336 0.87421875 0.009895833333333333 0.011979166666666667 
4 0.38203125 0.8807291666666667 0.008854166666666666 0.011458333333333333 
4 0.35598958333333336 0.8127604166666667 0.008854166666666666 0.009895833333333333 
4 0.40651041666666665 0.8502604166666666 0.009895833333333333 0.0109375 
4 0.3963541666666667 0.8942708333333333 0.009375 0.011458333333333333 
4 0.36614583333333334 0.7690104166666667 0.009375 0.011979166666666667 
4 0.32473958333333336 0.7513020833333334 0.008854166666666666 0.0109375 
4 0.3190104166666667 0.74765625 0.009895833333333333 0.009895833333333333 
4 0.32734375 0.7375 0.009895833333333333 0.011458333333333333 
4 0.33203125 0.7419270833333333 0.009895833333333333 0.011979166666666667 
4 0.3375 0.7450520833333333 0.009375 0.009895833333333333 
4 0.34270833333333334 0.7484375 0.009375 0.009375 
4 0.34661458333333334 0.753125 0.008854166666666666 0.010416666666666666 
4 0.3515625 0.7572916666666667 0.009375 0.011458333333333333 
4 0.35598958333333336 0.7625 0.009895833333333333 0.011458333333333333 
4 0.3606770833333333 0.7661458333333333 0.009895833333333333 0.010416666666666666 
4 0.46145833333333336 0.83984375 0.011458333333333333 0.013020833333333334 
4 0.41171875 0.8544270833333333 0.009895833333333333 0.0109375 
4 0.42864583333333334 0.83203125 0.008333333333333333 0.0109375 
4 0.434375 0.8341145833333333 0.010416666666666666 0.011979166666666667 
4 0.4434895833333333 0.8416666666666667 0.008854166666666666 0.011458333333333333 
4 0.4484375 0.846875 0.009375 0.011458333333333333 
4 0.453125 0.85078125 0.010416666666666666 0.011979166666666667 
4 0.45807291666666666 0.8549479166666667 0.009895833333333333 0.0109375 
4 0.4359375 0.8739583333333333 0.007291666666666667 0.009375 
4 0.4315104166666667 0.8692708333333333 0.0109375 0.011458333333333333 
4 0.42135416666666664 0.8606770833333334 0.010416666666666666 0.011979166666666667 
4 0.4161458333333333 0.8578125 0.010416666666666666 0.011458333333333333 
4 0.390625 0.8885416666666667 0.009375 0.011458333333333333 
4 0.40182291666666664 0.8958333333333334 0.009895833333333333 0.010416666666666666 
4 0.3390625 0.7630208333333334 0.009375 0.009375 
4 0.32005208333333335 0.9778645833333334 0.0109375 0.011979166666666667 
4 0.025520833333333333 0.9682291666666667 0.011458333333333333 0.011458333333333333 
4 0.030208333333333334 0.9427083333333334 0.011458333333333333 0.0125 
4 0.21796875 0.82734375 0.0140625 0.0140625 
4 0.09296875 0.7463541666666667 0.013020833333333334 0.0125 
4 0.057291666666666664 0.7903645833333334 0.010416666666666666 0.008854166666666666 
5 0.3765625 0.38307291666666665 0.016666666666666666 0.0140625 
5 0.4549479166666667 0.4421875 0.0140625 0.013541666666666667 
4 0.26875 0.30807291666666664 0.007291666666666667 0.013020833333333334 
5 0.24114583333333334 0.06666666666666667 0.014583333333333334 0.011458333333333333 
4 0.4041666666666667 0.91484375 0.010416666666666666 0.0109375 
0 1.0369791666666666 0.4515625 0.203125 0.21145833333333333 
0 0.9161458333333333 0.35989583333333336 0.20729166666666668 0.21145833333333333 
0 0.7979166666666667 0.2682291666666667 0.2125 0.21354166666666666 
0 0.67734375 0.17473958333333334 0.20677083333333332 0.2046875 
0 0.5565104166666667 0.08151041666666667 0.19739583333333333 0.21510416666666668 
0 0.43671875 -0.015885416666666666 0.20989583333333334 0.2109375 
5 0.32864583333333336 0.97578125 0.0125 0.015104166666666667 
4 0.3984375 0.9114583333333334 0.009375 0.010416666666666666 
4 0.40677083333333336 0.8997395833333334 0.010416666666666666 0.0140625 
4 0.32578125 0.8403645833333333 0.009895833333333333 0.0109375 
4 0.4127604166666667 0.9033854166666667 0.0109375 0.0140625 
4 0.41692708333333334 0.90859375 0.008854166666666666 0.009895833333333333 
4 0.27395833333333336 0.8151041666666666 0.010416666666666666 0.011458333333333333 
4 0.2799479166666667 0.8192708333333333 0.0109375 0.011458333333333333 
4 0.284375 0.8223958333333333 0.009375 0.010416666666666666 
4 0.2890625 0.8270833333333333 0.009375 0.011458333333333333 
4 0.2953125 0.8299479166666667 0.010416666666666666 0.0109375 
4 0.29973958333333334 0.8338541666666667 0.0109375 0.011458333333333333 
4 0.30520833333333336 0.83828125 0.010416666666666666 0.0109375 
4 0.30963541666666666 0.8408854166666667 0.0109375 0.011979166666666667 
4 0.31328125 0.8463541666666666 0.0109375 0.0125 
4 0.39296875 0.90703125 0.008854166666666666 0.009895833333333333 
4 0.3190104166666667 0.8497395833333333 0.0109375 0.011979166666666667 
4 0.32369791666666664 0.85390625 0.011979166666666667 0.013020833333333334 
4 0.3296875 0.8565104166666667 0.009375 0.0109375 
4 0.3385416666666667 0.8651041666666667 0.008333333333333333 0.010416666666666666 
4 0.34348958333333335 0.8692708333333333 0.008854166666666666 0.010416666666666666 
5 0.3484375 0.8739583333333333 0.010416666666666666 0.010416666666666666 
4 0.35390625 0.8760416666666667 0.011979166666666667 0.013541666666666667 
4 0.35911458333333335 0.8794270833333333 0.009895833333333333 0.011979166666666667 
4 0.36380208333333336 0.8833333333333333 0.009895833333333333 0.011458333333333333 
4 0.36875 0.8872395833333333 0.009375 0.0109375 
4 0.334375 0.7591145833333334 0.009375 0.011979166666666667 
4 0.4466145833333333 0.778125 0.009895833333333333 0.011458333333333333 
4 0.6768229166666667 0.9572916666666667 0.0067708333333333336 0.010416666666666666 
4 0.6541666666666667 0.9640625 0.00625 0.009375 
4 0.6583333333333333 0.95859375 0.008333333333333333 0.0109375 
4 0.6630208333333333 0.9546875 0.007291666666666667 0.011458333333333333 
4 0.6671875 0.9494791666666667 0.007291666666666667 0.011458333333333333 
4 0.6716145833333333 0.9450520833333333 0.0078125 0.0109375 
4 0.6559895833333333 0.9848958333333333 0.0078125 0.011458333333333333 
4 0.6598958333333333 0.9778645833333334 0.009375 0.013020833333333334 
4 0.6630208333333333 0.9705729166666667 0.007291666666666667 0.009895833333333333 
4 0.6682291666666667 0.9666666666666667 0.008333333333333333 0.011458333333333333 
4 0.67265625 0.9609375 0.0067708333333333336 0.010416666666666666 
4 0.6807291666666667 0.9510416666666667 0.007291666666666667 0.011458333333333333 
4 0.6463541666666667 0.97734375 0.008333333333333333 0.0109375 
4 0.68515625 0.9453125 0.0067708333333333336 0.011458333333333333 
4 0.6763020833333333 0.9403645833333333 0.0067708333333333336 0.008854166666666666 
4 0.6044270833333333 0.9940104166666667 0.009895833333333333 0.0046875 
4 0.6122395833333333 0.9828125 0.008854166666666666 0.004166666666666667 
4 0.61796875 0.978125 0.009895833333333333 0.005208333333333333 
4 0.6216145833333333 0.97265625 0.009895833333333333 0.005729166666666666 
4 0.62578125 0.9666666666666667 0.009895833333333333 0.005208333333333333 
4 0.6291666666666667 0.9609375 0.009375 0.005208333333333333 
4 0.6330729166666667 0.9559895833333333 0.009895833333333333 0.0046875 
4 0.6380208333333334 0.9505208333333334 0.010416666666666666 0.00625 
4 0.65078125 0.9716145833333333 0.0078125 0.0109375 
4 0.6421875 0.9822916666666667 0.007291666666666667 0.010416666666666666 
4 0.6471354166666666 0.9390625 0.0109375 0.005208333333333333 
4 0.3729166666666667 0.41770833333333335 0.008333333333333333 0.009375 
4 0.93046875 0.6375 0.005729166666666666 0.013541666666666667 
4 0.6109375 0.9880208333333333 0.010416666666666666 0.005208333333333333 
4 0.6520833333333333 0.9341145833333333 0.009375 0.0046875 
4 0.7083333333333334 0.9716145833333333 0.013541666666666667 0.013020833333333334 
4 0.5221354166666666 0.16770833333333332 0.011979166666666667 0.010416666666666666 
4 0.1453125 0.9083333333333333 0.010416666666666666 0.009375 
4 0.3390625 0.8947916666666667 0.0125 0.009375 
4 0.36380208333333336 0.73125 0.0078125 0.010416666666666666 
4 0.39557291666666666 0.7416666666666667 0.008854166666666666 0.010416666666666666 
4 0.38255208333333335 0.4244791666666667 0.0109375 0.0125 
4 0.6377604166666667 0.9869791666666666 0.0067708333333333336 0.009375 
5 0.7979166666666667 0.34322916666666664 0.015625 0.008333333333333333 
5 0.8901041666666667 0.4505208333333333 0.015625 0.014583333333333334 
4 0.8729166666666667 0.8653645833333333 0.0125 0.011979166666666667 
4 0.48932291666666666 0.98828125 0.011979166666666667 0.0109375 
4 0.6328125 0.9908854166666666 0.008333333333333333 0.0109375 
4 0.6440104166666667 0.9450520833333333 0.0109375 0.0046875 
4 0.48489583333333336 0.9927083333333333 0.011458333333333333 0.010416666666666666 
4 0.44088541666666664 0.7755208333333333 0.0078125 0.010416666666666666 
4 0.39010416666666664 0.7375 0.009375 0.010416666666666666 
4 0.4640625 0.75703125 0.009375 0.0109375 
4 0.34401041666666665 0.7151041666666667 0.008854166666666666 0.010416666666666666 
4 0.35208333333333336 0.7049479166666667 0.0125 0.013020833333333334 
4 0.3567708333333333 0.7106770833333333 0.009375 0.009895833333333333 
4 0.36171875 0.7140625 0.0078125 0.009375 
4 0.3658854166666667 0.7182291666666667 0.008854166666666666 0.011458333333333333 
4 0.37083333333333335 0.7216145833333333 0.009375 0.011979166666666667 
4 0.37604166666666666 0.7260416666666667 0.009375 0.010416666666666666 
4 0.38046875 0.73046875 0.0078125 0.009895833333333333 
4 0.38567708333333334 0.73359375 0.009895833333333333 0.0109375 
4 0.34921875 0.7192708333333333 0.008854166666666666 0.009375 
4 0.45390625 0.7497395833333333 0.0109375 0.013020833333333334 
4 0.3546875 0.721875 0.009375 0.010416666666666666 
4 0.35859375 0.7265625 0.009895833333333333 0.011458333333333333 
4 0.36796875 0.7354166666666667 0.009895833333333333 0.010416666666666666 
4 0.3736979166666667 0.7393229166666667 0.009895833333333333 0.0109375 
4 0.37864583333333335 0.7427083333333333 0.007291666666666667 0.009375 
4 0.384375 0.7455729166666667 0.008333333333333333 0.008854166666666666 
4 0.40182291666666664 0.7442708333333333 0.008854166666666666 0.010416666666666666 
4 0.4049479166666667 0.74921875 0.008854166666666666 0.011979166666666667 
4 0.41119791666666666 0.7518229166666667 0.0109375 0.0140625 
4 0.4393229166666667 0.7895833333333333 0.009895833333333333 0.010416666666666666 
4 0.4591145833333333 0.7526041666666666 0.009895833333333333 0.010416666666666666 
4 0.44869791666666664 0.7442708333333333 0.008854166666666666 0.011458333333333333 
4 0.6088541666666667 0.8971354166666666 0.0125 0.009895833333333333 
4 0.3796875 0.69140625 0.010416666666666666 0.011979166666666667 
4 0.6140625 0.8921875 0.011458333333333333 0.010416666666666666 
4 0.61953125 0.8875 0.009895833333333333 0.008333333333333333 
4 0.6229166666666667 0.8825520833333333 0.010416666666666666 0.008854166666666666 
4 0.6276041666666666 0.8763020833333334 0.011458333333333333 0.009895833333333333 
4 0.5466145833333333 0.9174479166666667 0.0109375 0.0109375 
4 0.53828125 0.9109375 0.0109375 0.010416666666666666 
4 0.37604166666666666 0.66796875 0.0125 0.013020833333333334 
5 0.39739583333333334 0.6872395833333333 0.011458333333333333 0.0140625 
4 0.36953125 0.6833333333333333 0.008854166666666666 0.010416666666666666 
4 0.37447916666666664 0.6875 0.009375 0.010416666666666666 
4 0.38385416666666666 0.696875 0.009375 0.011458333333333333 
4 0.4434895833333333 0.7411458333333333 0.011979166666666667 0.013541666666666667 
4 0.38984375 0.6981770833333333 0.009895833333333333 0.011979166666666667 
4 0.39453125 0.7028645833333333 0.009895833333333333 0.011979166666666667 
4 0.39921875 0.7072916666666667 0.011979166666666667 0.014583333333333334 
4 0.4049479166666667 0.7091145833333333 0.008854166666666666 0.009895833333333333 
4 0.4088541666666667 0.7145833333333333 0.009375 0.010416666666666666 
4 0.41302083333333334 0.71875 0.010416666666666666 0.013541666666666667 
4 0.4197916666666667 0.7208333333333333 0.008333333333333333 0.009375 
4 0.4231770833333333 0.7260416666666667 0.008854166666666666 0.010416666666666666 
4 0.42864583333333334 0.7299479166666667 0.009375 0.0109375 
4 0.4388020833333333 0.73671875 0.008854166666666666 0.0109375 
