4 0.9306540583136328 0.9229403409090909 0.014184397163120567 0.01775568181818182 
4 0.9062253743104807 0.4364346590909091 0.026792750197005517 0.02911931818181818 
4 0.847123719464145 0.4669744318181818 0.029944838455476755 0.030539772727272728 
4 0.7568951930654059 0.9708806818181818 0.03230890464933018 0.02130681818181818 
4 0.08628841607565012 0.9712357954545454 0.019700551615445233 0.02911931818181818 
7 0.35973207249802996 0.5887784090909091 0.13317572892040977 0.14772727272727273 
7 0.43538219070133966 0.5479403409090909 0.13317572892040977 0.14701704545454544 
7 0.3892828999211978 0.2588778409090909 0.12923561859732072 0.1455965909090909 
7 0.5263987391646966 0.18359375 0.13238770685579196 0.1455965909090909 
7 0.5957446808510638 0.4296875 0.13396375098502758 0.14630681818181818 
7 0.6721828211189913 0.38920454545454547 0.13396375098502758 0.14488636363636365 
7 0.7490149724192278 0.34765625 0.13317572892040977 0.1455965909090909 
7 0.8262411347517731 0.30610795454545453 0.1347517730496454 0.14488636363636365 
7 0.7695035460992907 0.6040482954545454 0.13317572892040977 0.1455965909090909 
7 0.6895193065405831 0.6466619318181818 0.13396375098502758 0.1455965909090909 
7 0.6095350669818755 0.6896306818181818 0.13159968479117415 0.14488636363636365 
7 0.5299448384554768 0.7325994318181818 0.13317572892040977 0.14701704545454544 
7 0.44641449960598895 0.7769886363636364 0.1347517730496454 0.14630681818181818 
7 0.3609141055949567 0.8235085227272727 0.13238770685579196 0.14417613636363635 
4 0.8605200945626478 0.45951704545454547 0.026792750197005517 0.03125 
4 0.9235618597320725 0.4314630681818182 0.028368794326241134 0.030539772727272728 
7 0.4590228526398739 0.22017045454545456 0.11741528762805359 0.1377840909090909 
4 0.9026792750197006 0.55078125 0.030732860520094562 0.033380681818181816 
4 0.035066981875492516 0.98046875 0.022852639873916468 0.02911931818181818 
4 0.9290780141843972 0.6193181818181818 0.026792750197005517 0.028409090909090908 
4 0.9566587864460205 0.6001420454545454 0.028368794326241134 0.03125 
4 0.8892828999211978 0.5600142045454546 0.030732860520094562 0.03196022727272727 
4 0.8845547675334909 0.5220170454545454 0.029156816390858944 0.032670454545454544 
4 0.8995271867612293 0.5152698863636364 0.03230890464933018 0.033380681818181816 
4 0.9330181245074862 0.5372869318181818 0.029944838455476755 0.030539772727272728 
4 0.9767533490937746 0.5163352272727273 0.029156816390858944 0.03125 
4 0.959022852639874 0.48828125 0.028368794326241134 0.03196022727272727 
4 0.8896769109535066 0.4435369318181818 0.028368794326241134 0.030539772727272728 
4 0.8774625689519306 0.45276988636363635 0.027580772261623327 0.02911931818181818 
4 0.8041765169424744 0.4865056818181818 0.029156816390858944 0.03125 
4 0.8195429472025216 0.48011363636363635 0.028368794326241134 0.029829545454545456 
4 0.9609929078014184 0.5230823863636364 0.029156816390858944 0.03196022727272727 
4 0.855397951142632 0.5411931818181818 0.03230890464933018 0.03409090909090909 
4 0.929472025216706 0.5031960227272727 0.026004728132387706 0.030539772727272728 
4 0.9196217494089834 0.5454545454545454 0.026792750197005517 0.03125 
7 0.28368794326241137 0.6303267045454546 0.13238770685579196 0.14417613636363635 
