4 0.9708333333333333 0.68203125 0.00625 0.009895833333333333 
7 0.609375 0.7359375 0.042708333333333334 0.058333333333333334 
7 0.68828125 0.7010416666666667 0.043229166666666666 0.058333333333333334 
7 0.7221354166666667 0.6859375 0.043229166666666666 0.057291666666666664 
7 0.7567708333333333 0.67109375 0.042708333333333334 0.0578125 
7 0.8041666666666667 0.6247395833333333 0.041666666666666664 0.0578125 
7 0.8408854166666667 0.61015625 0.0421875 0.0578125 
13 0.8942708333333333 0.6796875 0.03229166666666667 0.03958333333333333 
7 0.8341145833333333 0.7643229166666666 0.04010416666666667 0.0578125 
7 0.7997395833333333 0.7765625 0.0390625 0.057291666666666664 
7 0.7666666666666667 0.78828125 0.040625 0.0578125 
7 0.7307291666666667 0.8005208333333333 0.040625 0.058333333333333334 
7 0.6955729166666667 0.8125 0.04010416666666667 0.057291666666666664 
7 0.6609375 0.8247395833333333 0.040625 0.0578125 
7 0.1890625 0.6778645833333333 0.05 0.0578125 
7 0.22083333333333333 0.6541666666666667 0.05 0.057291666666666664 
7 0.25390625 0.6315104166666666 0.050520833333333334 0.05677083333333333 
7 0.29973958333333334 0.69609375 0.050520833333333334 0.05677083333333333 
7 0.2669270833333333 0.71953125 0.049479166666666664 0.0578125 
7 0.23463541666666668 0.74296875 0.049479166666666664 0.05677083333333333 
7 0.121875 0.8229166666666666 0.05 0.057291666666666664 
7 0.08958333333333333 0.84609375 0.05 0.05677083333333333 
7 0.05677083333333333 0.86953125 0.051041666666666666 0.0578125 
7 0.07578125 0.7575520833333333 0.050520833333333334 0.05677083333333333 
7 0.04375 0.78125 0.05 0.057291666666666664 
7 0.6455729166666667 0.7200520833333334 0.043229166666666666 0.0578125 
7 0.6716145833333333 0.60703125 0.04010416666666667 0.0578125 
13 0.8395833333333333 0.9911458333333333 0.028125 0.01875 
7 0.63359375 0.6197916666666666 0.0390625 0.057291666666666664 
4 0.4734375 0.8677083333333333 0.004166666666666667 0.009375 
13 0.48828125 0.80703125 0.0328125 0.021354166666666667 
4 0.09427083333333333 0.63359375 0.010416666666666666 0.011979166666666667 
4 0.12135416666666667 0.6184895833333334 0.010416666666666666 0.011979166666666667 
4 0.14661458333333333 0.6005208333333333 0.009895833333333333 0.011458333333333333 
4 0.05078125 0.6325520833333333 0.0078125 0.008854166666666666 
4 0.09921875 0.5770833333333333 0.0109375 0.011458333333333333 
4 0.9518229166666666 0.6067708333333334 0.009895833333333333 0.007291666666666667 
4 0.9549479166666667 0.6171875 0.011979166666666667 0.008333333333333333 
4 0.97734375 0.634375 0.013020833333333334 0.007291666666666667 
5 0.9848958333333333 0.6651041666666667 0.005208333333333333 0.0125 
4 0.8989583333333333 0.5994791666666667 0.014583333333333334 0.010416666666666666 
4 0.9044270833333333 0.6184895833333334 0.011979166666666667 0.0067708333333333336 
4 0.9184895833333333 0.6541666666666667 0.0140625 0.009375 
7 0.66484375 0.5153645833333333 0.04010416666666667 0.0578125 
7 0.6268229166666667 0.5278645833333333 0.04010416666666667 0.0578125 
7 0.5825520833333333 0.5427083333333333 0.04010416666666667 0.057291666666666664 
7 0.5463541666666667 0.5549479166666667 0.03958333333333333 0.0578125 
7 0.5106770833333333 0.5677083333333334 0.04010416666666667 0.058333333333333334 
7 0.5552083333333333 0.646875 0.040625 0.057291666666666664 
7 0.5893229166666667 0.6354166666666666 0.04010416666666667 0.058333333333333334 
7 0.010416666666666666 0.8044270833333333 0.05 0.05677083333333333 
