4 0.12084257206208426 0.7313993174061434 0.02328159645232816 0.025255972696245733 
7 0.7447339246119734 0.5764505119453925 0.05376940133037694 0.13310580204778158 
7 0.657150776053215 0.3191126279863481 0.05376940133037694 0.13310580204778158 
7 0.738359201773836 0.315358361774744 0.05432372505543237 0.13515358361774743 
7 0.5496119733924612 0.8440273037542663 0.05376940133037694 0.13447098976109215 
7 0.6302660753880266 0.841296928327645 0.05432372505543237 0.13583617747440274 
7 0.792960088691796 0.8341296928327645 0.05376940133037694 0.13378839590443686 
7 0.7117516629711752 0.8378839590443686 0.05321507760532151 0.13310580204778158 
7 0.825110864745011 0.5726962457337884 0.054878048780487805 0.13515358361774743 
7 0.6626940133037694 0.5784982935153583 0.05376940133037694 0.13447098976109215 
4 0.1078159645232816 0.7563139931740614 0.024944567627494457 0.028668941979522185 
7 0.5814855875831486 0.5808873720136519 0.05432372505543237 0.13378839590443686 
7 0.4315410199556541 0.5873720136518771 0.05376940133037694 0.13447098976109215 
7 0.35060975609756095 0.590443686006826 0.05376940133037694 0.13515358361774743 
7 0.2688470066518847 0.5938566552901023 0.05543237250554324 0.13515358361774743 
7 0.40465631929046564 0.8491467576791809 0.05432372505543237 0.13378839590443686 
7 0.3361973392461197 0.8515358361774744 0.05376940133037694 0.13310580204778158 
7 0.26856984478935697 0.8549488054607508 0.05266075388026607 0.13310580204778158 
7 0.5748337028824834 0.32150170648464166 0.05432372505543237 0.13378839590443686 
7 0.4891906873614191 0.32525597269624573 0.05266075388026607 0.13310580204778158 
7 0.40825942350332595 0.32764505119453924 0.05266075388026607 0.13242320819112627 
4 0.15188470066518847 0.8006825938566553 0.02106430155210643 0.015017064846416382 
4 0.0958980044345898 0.7709897610921501 0.02328159645232816 0.021160409556313993 
4 0.08259423503325942 0.8324232081911263 0.024390243902439025 0.011604095563139932 
4 0.08592017738359202 0.9245733788395905 0.024390243902439025 0.012969283276450512 
4 0.08536585365853659 0.9092150170648464 0.025498891352549888 0.012286689419795221 
4 0.08508869179600886 0.89419795221843 0.02383592017738359 0.010921501706484642 
4 0.08508869179600886 0.8802047781569966 0.029379157427937917 0.012969283276450512 
4 0.09368070953436806 0.7856655290102389 0.022172949002217297 0.017747440273037544 
4 0.08786031042128603 0.8010238907849829 0.020509977827051 0.014334470989761093 
4 0.08786031042128603 0.8631399317406143 0.022727272727272728 0.012969283276450512 
5 0.09340354767184035 0.9532423208191126 0.03048780487804878 0.017064846416382253 
4 0.15354767184035475 0.9665529010238908 0.022172949002217297 0.015017064846416382 
4 0.15105321507760533 0.816382252559727 0.022727272727272728 0.013651877133105802 
4 0.1524390243902439 0.8754266211604096 0.02328159645232816 0.014334470989761093 
4 0.0856430155210643 0.8167235494880546 0.022727272727272728 0.017064846416382253 
4 0.1524390243902439 0.8921501706484641 0.02106430155210643 0.013651877133105802 
7 0.20011086474501108 0.8583617747440273 0.05432372505543237 0.13310580204778158 
