4 0.27317708333333335 0.8111979166666666 0.0078125 0.0046875 
0 0.7223958333333333 0.9872395833333333 0.01875 0.025520833333333333 
0 0.5145833333333333 1.0010416666666666 0.020833333333333332 0.026041666666666668 
0 0.5497395833333333 0.9778645833333334 0.0203125 0.025520833333333333 
0 0.5440104166666667 0.9544270833333334 0.0203125 0.025520833333333333 
0 0.5364583333333334 0.9315104166666667 0.022916666666666665 0.027604166666666666 
0 0.5255208333333333 0.8473958333333333 0.016666666666666666 0.015625 
0 0.5348958333333333 0.8216145833333334 0.01875 0.018229166666666668 
0 0.5572916666666666 0.8369791666666667 0.023958333333333335 0.020833333333333332 
0 0.5666666666666667 0.8130208333333333 0.022916666666666665 0.019791666666666666 
0 0.58828125 0.8276041666666667 0.0171875 0.016666666666666666 
0 0.63125 0.7989583333333333 0.025 0.022916666666666665 
0 0.6197916666666666 0.8161458333333333 0.019791666666666666 0.01875 
0 0.6421875 0.87578125 0.020833333333333332 0.027604166666666666 
0 0.6578125 0.9221354166666667 0.01875 0.024479166666666666 
0 0.66484375 0.9442708333333333 0.018229166666666668 0.021875 
0 0.6713541666666667 0.9666666666666667 0.019791666666666666 0.023958333333333335 
0 0.6768229166666667 0.9893229166666667 0.019270833333333334 0.025520833333333333 
0 0.8359375 1.0020833333333334 0.021875 0.027083333333333334 
0 0.5080729166666667 0.9791666666666666 0.0203125 0.025 
0 0.48984375 0.9708333333333333 0.0171875 0.022916666666666665 
0 0.62421875 0.16979166666666667 0.03177083333333333 0.036458333333333336 
0 0.8598958333333333 0.5140625 0.019791666666666666 0.021875 
0 0.8427083333333333 0.49453125 0.025 0.0265625 
0 0.8044270833333333 0.45625 0.018229166666666668 0.01875 
0 0.7864583333333334 0.4390625 0.03229166666666667 0.036458333333333336 
0 0.7703125 0.41692708333333334 0.023958333333333335 0.025520833333333333 
0 0.7515625 0.39791666666666664 0.030208333333333334 0.03125 
0 0.6846354166666667 0.35234375 0.018229166666666668 0.018229166666666668 
0 0.5981770833333333 0.14140625 0.03177083333333333 0.034895833333333334 
0 0.6484375 0.19270833333333334 0.026041666666666668 0.028125 
0 0.725 0.27734375 0.030208333333333334 0.033854166666666664 
0 0.6546875 0.7341145833333333 0.025 0.021354166666666667 
0 0.6309895833333333 0.7403645833333333 0.0265625 0.022395833333333334 
0 0.6302083333333334 0.36015625 0.021875 0.0234375 
0 0.6059895833333333 0.36875 0.021354166666666667 0.023958333333333335 
0 0.4869791666666667 0.9255208333333333 0.022916666666666665 0.026041666666666668 
0 0.8130208333333333 1.0046875 0.025 0.022916666666666665 
0 0.7161458333333334 0.9635416666666666 0.01875 0.023958333333333335 
0 0.8166666666666667 0.5544270833333333 0.022916666666666665 0.024479166666666666 
0 0.709375 0.9411458333333333 0.022916666666666665 0.027083333333333334 
0 0.7223958333333333 0.55859375 0.023958333333333335 0.024479166666666666 
0 0.7598958333333333 0.5151041666666667 0.023958333333333335 0.023958333333333335 
0 0.7627604166666667 0.4942708333333333 0.024479166666666666 0.026041666666666668 
0 0.74453125 0.47578125 0.024479166666666666 0.025520833333333333 
0 0.7278645833333334 0.45598958333333334 0.0234375 0.024479166666666666 
0 0.7096354166666666 0.43723958333333335 0.024479166666666666 0.024479166666666666 
0 0.66953125 0.49947916666666664 0.0234375 0.023958333333333335 
0 0.7046875 0.53984375 0.025 0.025520833333333333 
0 0.43671875 0.553125 0.0234375 0.020833333333333332 
0 0.46145833333333336 0.5453125 0.025 0.023958333333333335 
0 0.4828125 0.53984375 0.025 0.022395833333333334 
0 0.50546875 0.5309895833333333 0.024479166666666666 0.021354166666666667 
0 0.5302083333333333 0.5255208333333333 0.023958333333333335 0.01875 
0 0.5546875 0.5260416666666666 0.023958333333333335 0.019791666666666666 
0 0.59453125 0.45260416666666664 0.0234375 0.023958333333333335 
0 0.5028645833333333 0.3854166666666667 0.019270833333333334 0.025 
0 0.5666666666666667 0.29010416666666666 0.027083333333333334 0.028125 
0 0.5356770833333333 0.2546875 0.025520833333333333 0.026041666666666668 
0 0.5049479166666667 0.2203125 0.0234375 0.023958333333333335 
0 0.3307291666666667 0.421875 0.026041666666666668 0.025 
0 0.30416666666666664 0.42734375 0.023958333333333335 0.021354166666666667 
0 0.28854166666666664 0.4161458333333333 0.025 0.020833333333333332 
0 0.7268229166666667 0.771875 0.0203125 0.017708333333333333 
0 0.7018229166666666 0.91796875 0.021354166666666667 0.0265625 
0 0.7627604166666667 0.9286458333333333 0.0203125 0.025 
0 0.8385416666666666 0.9072916666666667 0.019791666666666666 0.022916666666666665 
0 0.8307291666666666 0.8864583333333333 0.016666666666666666 0.021875 
0 0.8236979166666667 0.865625 0.016145833333333335 0.017708333333333333 
0 0.8182291666666667 0.8447916666666667 0.019791666666666666 0.025 
0 0.6997395833333333 0.84453125 0.024479166666666666 0.021354166666666667 
0 0.7286458333333333 0.8356770833333333 0.025 0.021354166666666667 
0 0.74609375 0.7734375 0.0234375 0.019791666666666666 
0 0.290625 0.4328125 0.01875 0.017708333333333333 
0 0.8125 0.6572916666666667 0.027083333333333334 0.027083333333333334 
0 0.7760416666666666 0.61796875 0.025 0.024479166666666666 
0 0.7578125 0.5973958333333333 0.026041666666666668 0.026041666666666668 
0 0.7403645833333333 0.57890625 0.021354166666666667 0.021354166666666667 
0 0.7966145833333333 0.55390625 0.022395833333333334 0.024479166666666666 
0 0.7994791666666666 0.5348958333333333 0.025 0.026041666666666668 
0 0.7778645833333333 0.5338541666666666 0.0234375 0.025 
0 0.2903645833333333 0.4505208333333333 0.016145833333333335 0.01875 
0 0.8778645833333333 0.534375 0.0234375 0.025 
0 0.8361979166666667 0.5729166666666666 0.0234375 0.025 
4 0.3497395833333333 0.9041666666666667 0.008854166666666666 0.011458333333333333 
4 0.875 0.7380208333333333 0.008333333333333333 0.011458333333333333 
4 0.9083333333333333 0.8377604166666667 0.013541666666666667 0.0067708333333333336 
4 0.88671875 0.8549479166666667 0.009895833333333333 0.0067708333333333336 
4 0.8869791666666667 0.8604166666666667 0.0125 0.00625 
4 0.8799479166666667 0.8815104166666666 0.011979166666666667 0.0067708333333333336 
4 0.88046875 0.9151041666666667 0.011979166666666667 0.007291666666666667 
4 0.8973958333333333 0.9361979166666666 0.0125 0.008854166666666666 
4 0.97734375 0.9760416666666667 0.011979166666666667 0.008333333333333333 
4 0.9791666666666666 0.9815104166666667 0.0125 0.0078125 
4 0.9854166666666667 0.9955729166666667 0.013541666666666667 0.008854166666666666 
4 0.80390625 0.9190104166666667 0.0067708333333333336 0.0109375 
4 0.5411458333333333 0.7614583333333333 0.00625 0.009375 
5 0.621875 0.41901041666666666 0.021875 0.021354166666666667 
4 0.8752604166666667 0.421875 0.013020833333333334 0.014583333333333334 
4 0.8419270833333333 0.8075520833333333 0.013020833333333334 0.008854166666666666 
4 0.303125 0.4114583333333333 0.007291666666666667 0.010416666666666666 
5 0.6768229166666667 0.728125 0.0109375 0.014583333333333334 
4 0.9239583333333333 0.92421875 0.009375 0.0067708333333333336 
5 0.58828125 0.89140625 0.0171875 0.0078125 
4 0.34088541666666666 0.8807291666666667 0.0078125 0.013541666666666667 
5 0.6924479166666667 0.62109375 0.028645833333333332 0.0140625 
5 0.6713541666666667 0.6278645833333333 0.011458333333333333 0.008854166666666666 
5 0.69609375 0.62890625 0.0296875 0.013020833333333334 
5 0.49270833333333336 0.33125 0.005208333333333333 0.009375 
5 0.35520833333333335 0.5348958333333333 0.017708333333333333 0.009375 
5 0.6177083333333333 0.6515625 0.01875 0.009375 
4 0.3932291666666667 0.5875 0.010416666666666666 0.005208333333333333 
4 0.9078125 0.82890625 0.008333333333333333 0.005729166666666666 
4 0.8669270833333333 0.81484375 0.011979166666666667 0.0067708333333333336 
4 0.7625 0.76875 0.008333333333333333 0.0125 
4 0.33125 0.9973958333333334 0.008333333333333333 0.005208333333333333 
4 0.278125 0.3346354166666667 0.007291666666666667 0.0109375 
4 0.6427083333333333 0.7020833333333333 0.0125 0.008333333333333333 
5 0.33984375 0.9236979166666667 0.0078125 0.0109375 
4 0.30130208333333336 0.9145833333333333 0.009895833333333333 0.007291666666666667 
0 0.85078125 0.6122395833333333 0.024479166666666666 0.0265625 
4 0.29296875 0.8497395833333333 0.011979166666666667 0.0078125 
4 0.4278645833333333 0.38307291666666665 0.0078125 0.011979166666666667 
4 0.43333333333333335 0.3776041666666667 0.009375 0.013541666666666667 
4 0.41484375 0.3528645833333333 0.011979166666666667 0.013020833333333334 
5 0.3890625 0.3294270833333333 0.01875 0.0067708333333333336 
4 0.4322916666666667 0.3453125 0.010416666666666666 0.007291666666666667 
4 0.4278645833333333 0.3333333333333333 0.0109375 0.007291666666666667 
4 0.5145833333333333 0.20703125 0.0125 0.011979166666666667 
4 0.40182291666666664 0.1203125 0.0109375 0.00625 
4 0.4322916666666667 0.0203125 0.009375 0.009375 
5 0.4705729166666667 0.05234375 0.0140625 0.0171875 
0 0.81171875 0.37135416666666665 0.024479166666666666 0.027083333333333334 
0 0.8322916666666667 0.390625 0.025 0.026041666666666668 
0 0.8505208333333333 0.41119791666666666 0.026041666666666668 0.0265625 
0 0.8677083333333333 0.43515625 0.027083333333333334 0.028645833333333332 
0 0.8877604166666667 0.4546875 0.022395833333333334 0.023958333333333335 
0 0.9075520833333334 0.475 0.0265625 0.026041666666666668 
0 0.9263020833333333 0.49583333333333335 0.025520833333333333 0.027083333333333334 
0 0.9466145833333334 0.5161458333333333 0.025520833333333333 0.027083333333333334 
0 0.8705729166666667 0.61328125 0.024479166666666666 0.0265625 
4 0.35442708333333334 0.415625 0.013020833333333334 0.017708333333333333 
4 0.3450520833333333 0.41119791666666666 0.0078125 0.011979166666666667 
4 0.35 0.42265625 0.009375 0.013020833333333334 
4 0.41822916666666665 0.4421875 0.007291666666666667 0.011458333333333333 
0 0.42994791666666665 0.7802083333333333 0.027604166666666666 0.022916666666666665 
5 0.6700520833333333 0.6356770833333333 0.015104166666666667 0.008854166666666666 
4 0.35234375 0.54140625 0.013020833333333334 0.0078125 
4 0.3216145833333333 0.5614583333333333 0.0078125 0.011458333333333333 
4 0.44296875 0.4390625 0.0067708333333333336 0.011458333333333333 
4 0.43463541666666666 0.4393229166666667 0.0067708333333333336 0.0109375 
4 0.4296875 0.4401041666666667 0.008333333333333333 0.010416666666666666 
4 0.4236979166666667 0.4401041666666667 0.0078125 0.011458333333333333 
4 0.4122395833333333 0.44114583333333335 0.0078125 0.011458333333333333 
4 0.3450520833333333 0.4591145833333333 0.008854166666666666 0.015104166666666667 
4 0.39895833333333336 0.4427083333333333 0.008333333333333333 0.0125 
4 0.39348958333333334 0.44427083333333334 0.0067708333333333336 0.010416666666666666 
4 0.38828125 0.4473958333333333 0.0078125 0.010416666666666666 
4 0.38333333333333336 0.44869791666666664 0.007291666666666667 0.011979166666666667 
4 0.3729166666666667 0.45078125 0.007291666666666667 0.011979166666666667 
4 0.36666666666666664 0.45390625 0.009375 0.0140625 
4 0.3575520833333333 0.45677083333333335 0.0078125 0.010416666666666666 
4 0.35208333333333336 0.4578125 0.008333333333333333 0.010416666666666666 
0 0.5072916666666667 0.07942708333333333 0.027083333333333334 0.028645833333333332 
