4 0.6669915529564653 0.4125 0.011046133853151396 0.009722222222222222 
4 0.6114359974009097 0.36354166666666665 0.011695906432748537 0.010416666666666666 
7 0.26478232618583497 0.7041666666666667 0.06432748538011696 0.06944444444444445 
7 0.23489278752436646 0.7361111111111112 0.06432748538011696 0.06944444444444445 
7 0.19623131903833657 0.778125 0.0649772579597141 0.06875 
7 0.1650422352176738 0.8104166666666667 0.0649772579597141 0.06944444444444445 
7 0.13515269655620532 0.8434027777777777 0.06367771280051981 0.06875 
7 0.10493827160493827 0.8756944444444444 0.06432748538011696 0.06944444444444445 
7 0.7956465237166992 0.8003472222222222 0.03313840155945419 0.06736111111111111 
8 0.732943469785575 0.49930555555555556 0.05977907732293697 0.03333333333333333 
7 0.815464587394412 0.3840277777777778 0.03248862897985705 0.06666666666666667 
7 0.776153346328785 0.3857638888888889 0.03183885640025991 0.06597222222222222 
7 0.7371669915529565 0.38784722222222223 0.03183885640025991 0.06736111111111111 
7 0.8112410656270306 0.28368055555555555 0.03183885640025991 0.06736111111111111 
7 0.7725795971410007 0.28541666666666665 0.031189083820662766 0.06666666666666667 
7 0.7332683560753737 0.28715277777777776 0.03183885640025991 0.06736111111111111 
7 0.8076673164392463 0.18263888888888888 0.031189083820662766 0.06666666666666667 
7 0.7683560753736193 0.1857638888888889 0.030539311241065625 0.06736111111111111 
7 0.7296946068875894 0.18715277777777778 0.029889538661468484 0.06736111111111111 
7 0.2940220922677063 0.6725694444444444 0.06432748538011696 0.06875 
7 0.3534762833008447 0.5802083333333333 0.029889538661468484 0.06597222222222222 
7 0.39473684210526316 0.5802083333333333 0.029239766081871343 0.06597222222222222 
4 0.555230669265757 0.315625 0.01364522417153996 0.014583333333333334 
4 0.6107862248213125 0.38680555555555557 0.014294996751137101 0.013888888888888888 
4 0.6676413255360624 0.3951388888888889 0.01364522417153996 0.011111111111111112 
4 0.6345029239766082 0.39479166666666665 0.014944769330734242 0.011805555555555555 
4 0.6345029239766082 0.3861111111111111 0.01364522417153996 0.013888888888888888 
4 0.6325536062378168 0.36736111111111114 0.012345679012345678 0.009722222222222222 
4 0.6120857699805068 0.34652777777777777 0.014294996751137101 0.0125 
4 0.5769980506822612 0.3458333333333333 0.014294996751137101 0.0125 
4 0.4902534113060429 0.31840277777777776 0.012345679012345678 0.009027777777777777 
7 0.43534762833008445 0.5802083333333333 0.029889538661468484 0.06597222222222222 
4 0.49577647823261856 0.31180555555555556 0.011695906432748537 0.006944444444444444 
4 0.5077972709551657 0.29791666666666666 0.017543859649122806 0.011111111111111112 
7 0.3794671864847303 0.9045138888888888 0.03248862897985705 0.06875 
7 0.4525666016894087 0.48020833333333335 0.029239766081871343 0.06597222222222222 
7 0.49285250162443145 0.48020833333333335 0.029239766081871343 0.06597222222222222 
7 0.5328135152696556 0.4795138888888889 0.029889538661468484 0.06597222222222222 
13 0.49057829759584143 0.5670138888888889 0.05588044184535412 0.06180555555555556 
13 0.7521117608836907 0.7875 0.03573749187784275 0.041666666666666664 
