7 0.7166666666666667 0.7359375 0.042708333333333334 0.058333333333333334 
7 0.7955729166666666 0.7010416666666667 0.043229166666666666 0.058333333333333334 
7 0.8294270833333334 0.6859375 0.043229166666666666 0.057291666666666664 
7 0.8640625 0.67109375 0.042708333333333334 0.0578125 
7 0.9114583333333334 0.6247395833333333 0.041666666666666664 0.0578125 
7 0.9481770833333333 0.61015625 0.0421875 0.0578125 
13 1.0015625 0.6796875 0.03229166666666667 0.03958333333333333 
7 0.94140625 0.7643229166666666 0.04010416666666667 0.0578125 
7 0.90703125 0.7765625 0.0390625 0.057291666666666664 
7 0.8739583333333333 0.78828125 0.040625 0.0578125 
7 0.8380208333333333 0.8005208333333333 0.040625 0.058333333333333334 
7 0.8028645833333333 0.8125 0.04010416666666667 0.057291666666666664 
7 0.7682291666666666 0.8247395833333333 0.040625 0.0578125 
7 0.29635416666666664 0.6778645833333333 0.05 0.0578125 
7 0.328125 0.6541666666666667 0.05 0.057291666666666664 
7 0.3611979166666667 0.6315104166666666 0.050520833333333334 0.05677083333333333 
7 0.40703125 0.69609375 0.050520833333333334 0.05677083333333333 
7 0.37421875 0.71953125 0.049479166666666664 0.0578125 
7 0.3419270833333333 0.74296875 0.049479166666666664 0.05677083333333333 
7 0.22916666666666666 0.8229166666666666 0.05 0.057291666666666664 
7 0.196875 0.84609375 0.05 0.05677083333333333 
7 0.1640625 0.86953125 0.051041666666666666 0.0578125 
7 0.18307291666666667 0.7575520833333333 0.050520833333333334 0.05677083333333333 
7 0.15104166666666666 0.78125 0.05 0.057291666666666664 
7 0.7528645833333333 0.7200520833333334 0.043229166666666666 0.0578125 
7 0.77890625 0.60703125 0.04010416666666667 0.0578125 
13 0.946875 0.9911458333333333 0.028125 0.01875 
7 0.7408854166666666 0.6197916666666666 0.0390625 0.057291666666666664 
4 0.5807291666666666 0.8677083333333333 0.004166666666666667 0.009375 
13 0.5955729166666667 0.80703125 0.0328125 0.021354166666666667 
4 0.2015625 0.63359375 0.010416666666666666 0.011979166666666667 
4 0.22864583333333333 0.6184895833333334 0.010416666666666666 0.011979166666666667 
4 0.25390625 0.6005208333333333 0.009895833333333333 0.011458333333333333 
4 0.15807291666666667 0.6325520833333333 0.0078125 0.008854166666666666 
4 0.20651041666666667 0.5770833333333333 0.0109375 0.011458333333333333 
13 0.030729166666666665 0.96875 0.028125 0.021875 
13 0.08645833333333333 0.9515625 0.026041666666666668 0.034375 
7 0.7721354166666666 0.5153645833333333 0.04010416666666667 0.0578125 
7 0.7341145833333333 0.5278645833333333 0.04010416666666667 0.0578125 
7 0.68984375 0.5427083333333333 0.04010416666666667 0.057291666666666664 
7 0.6536458333333334 0.5549479166666667 0.03958333333333333 0.0578125 
7 0.61796875 0.5677083333333334 0.04010416666666667 0.058333333333333334 
7 0.6625 0.646875 0.040625 0.057291666666666664 
7 0.6966145833333334 0.6354166666666666 0.04010416666666667 0.058333333333333334 
7 0.11770833333333333 0.8044270833333333 0.05 0.05677083333333333 
