5 0.2843680709534368 0.21023890784982935 0.02106430155210643 0.01911262798634812 
4 0.36751662971175164 0.2044368600682594 0.008869179600886918 0.014334470989761093 
0 0.2876940133037694 0.2901023890784983 0.045454545454545456 0.05460750853242321 
0 0.3458980044345898 0.30716723549488056 0.02771618625277162 0.03686006825938567 
0 0.3323170731707317 0.33276450511945393 0.027161862527716185 0.03754266211604096 
0 0.34395787139689576 0.3621160409556314 0.02827050997782705 0.03890784982935153 
0 0.4296008869179601 0.2658703071672355 0.02771618625277162 0.040273037542662114 
0 0.5473946784922394 0.3030716723549488 0.029379157427937917 0.03549488054607509 
5 0.26856984478935697 0.17508532423208192 0.022727272727272728 0.019795221843003412 
5 0.2619179600886918 0.16416382252559727 0.020509977827051 0.018430034129692834 
4 0.3597560975609756 0.16655290102389078 0.008869179600886918 0.015017064846416382 
4 0.3458980044345898 0.17610921501706484 0.009977827050997782 0.017747440273037544 
4 0.3938470066518847 0.1825938566552901 0.009423503325942351 0.015699658703071672 
4 0.3736141906873614 0.20034129692832764 0.008869179600886918 0.015699658703071672 
4 0.3614190687361419 0.2075085324232082 0.008869179600886918 0.013651877133105802 
0 0.8533813747228381 0.9027303754266212 0.018292682926829267 0.029351535836177476 
4 0.35726164079822614 0.21160409556313994 0.008314855875831485 0.012286689419795221 
4 0.34340354767184034 0.21706484641638224 0.009423503325942351 0.015017064846416382 
4 0.33786031042128606 0.21945392491467577 0.008314855875831485 0.012969283276450512 
4 0.4927937915742794 0.5549488054607509 0.013303769401330377 0.012286689419795221 
4 0.5684589800443459 0.6276450511945393 0.010532150776053215 0.014334470989761093 
4 0.5917405764966741 0.7167235494880546 0.01164079822616408 0.017747440273037544 
4 0.6058758314855875 0.7109215017064846 0.009977827050997782 0.014334470989761093 
4 0.595620842572062 0.636518771331058 0.01164079822616408 0.017064846416382253 
4 0.6407982261640798 0.6849829351535837 0.009977827050997782 0.015699658703071672 
4 0.6516075388026608 0.677815699658703 0.009423503325942351 0.012286689419795221 
4 0.6574279379157428 0.673037542662116 0.011086474501108648 0.015017064846416382 
4 0.6632483370288248 0.668259385665529 0.009423503325942351 0.013651877133105802 
14 0.06402439024390244 0.030034129692832763 0.041574279379157426 0.05324232081911263 
0 0.8542128603104213 0.8610921501706484 0.01662971175166297 0.026621160409556314 
5 0.360310421286031 0.44812286689419795 0.017738359201773836 0.026621160409556314 
0 0.3597560975609756 0.5924914675767918 0.04878048780487805 0.06143344709897611 
14 0.10753880266075388 0.34573378839590446 0.03436807095343681 0.04709897610921502 
0 0.22422394678492238 0.4044368600682594 0.04490022172949002 0.05665529010238908 
0 0.17184035476718404 0.47167235494880544 0.02993348115299335 0.03549488054607509 
0 0.2087028824833703 0.5515358361774744 0.03048780487804878 0.034129692832764506 
0 0.23863636363636365 0.5293515358361774 0.029379157427937917 0.0348122866894198 
0 0.2682926829268293 0.5122866894197953 0.031042128603104215 0.03617747440273038 
0 0.2973946784922395 0.4904436860068259 0.03048780487804878 0.03754266211604096 
0 0.32261640798226165 0.5030716723549488 0.031042128603104215 0.03549488054607509 
0 0.292960088691796 0.5215017064846417 0.024944567627494457 0.028668941979522185 
0 0.2616407982261641 0.5419795221843003 0.02993348115299335 0.03822525597269624 
0 0.23198447893569846 0.562457337883959 0.03048780487804878 0.03686006825938567 
0 0.2696784922394678 0.6532423208191126 0.042682926829268296 0.049146757679180884 
0 0.3885809312638581 0.5508532423208191 0.041019955654102 0.04641638225255973 
0 0.8555986696230599 0.8180887372013652 0.018292682926829267 0.032081911262798635 
0 0.33813747228381374 0.7225255972696246 0.050997782705099776 0.06621160409556313 
0 0.416019955654102 0.7791808873720136 0.06485587583148558 0.08122866894197953 
0 0.49916851441241683 0.8873720136518771 0.05155210643015521 0.060068259385665526 
0 0.6945676274944568 0.7959044368600683 0.017738359201773836 0.03549488054607509 
0 0.6937361419068736 0.8358361774744028 0.017184035476718405 0.032081911262798635 
0 0.7605321507760532 0.8812286689419795 0.018847006651884702 0.03549488054607509 
0 0.7635809312638581 0.7955631399317407 0.019401330376940133 0.033447098976109216 
0 0.7832594235033259 0.8170648464163822 0.019955654101995565 0.030034129692832763 
0 0.7854767184035477 0.7757679180887372 0.017738359201773836 0.033447098976109216 
0 0.8101441241685144 0.6921501706484642 0.029379157427937917 0.03686006825938567 
0 0.833980044345898 0.6546075085324232 0.029379157427937917 0.03549488054607509 
0 0.8594789356984479 0.6610921501706485 0.027161862527716185 0.03617747440273038 
4 0.6712860310421286 0.6631399317406144 0.009977827050997782 0.012969283276450512 
4 0.6765521064301552 0.6593856655290102 0.009423503325942351 0.012286689419795221 
4 0.6829268292682927 0.6556313993174061 0.009977827050997782 0.014334470989761093 
4 0.7807649667405765 0.47986348122866895 0.009423503325942351 0.013651877133105802 
4 0.7220066518847007 0.5184300341296928 0.007206208425720621 0.010238907849829351 
4 0.7269955654101996 0.5167235494880547 0.008314855875831485 0.013651877133105802 
4 0.7378048780487805 0.5098976109215017 0.009977827050997782 0.013651877133105802 
4 0.7536031042128604 0.5440273037542662 0.008314855875831485 0.013651877133105802 
4 0.7727272727272727 0.5924914675767918 0.011086474501108648 0.013651877133105802 
4 0.7849223946784922 0.5843003412969283 0.011086474501108648 0.015017064846416382 
4 0.8112527716186253 0.5631399317406144 0.010532150776053215 0.015017064846416382 
4 0.7633037694013304 0.5368600682593857 0.009977827050997782 0.014334470989761093 
5 0.7682926829268293 0.5307167235494881 0.011086474501108648 0.018430034129692834 
4 0.7899113082039911 0.5167235494880547 0.011086474501108648 0.015017064846416382 
4 0.8170731707317073 0.49897610921501706 0.009977827050997782 0.015017064846416382 
4 0.822339246119734 0.49385665529010236 0.008314855875831485 0.011604095563139932 
4 0.7912971175166297 0.4706484641638225 0.009423503325942351 0.014334470989761093 
4 0.7081485587583148 0.6375426621160409 0.01164079822616408 0.013651877133105802 
4 0.7436252771618626 0.47679180887372014 0.010532150776053215 0.014334470989761093 
4 0.7716186252771619 0.45802047781569966 0.008869179600886918 0.015017064846416382 
4 0.7782705099778271 0.4569965870307167 0.008869179600886918 0.012969283276450512 
4 0.8240022172949002 0.4559726962457338 0.010532150776053215 0.012286689419795221 
4 0.8337028824833703 0.4668941979522184 0.009977827050997782 0.012286689419795221 
4 0.8242793791574279 0.6720136518771331 0.012195121951219513 0.012969283276450512 
4 0.8431263858093127 0.6406143344709898 0.012195121951219513 0.007508532423208191 
4 0.7766075388026608 0.3945392491467577 0.011086474501108648 0.012286689419795221 
4 0.8350886917960089 0.4150170648464164 0.01164079822616408 0.013651877133105802 
4 0.645509977827051 0.45358361774744027 0.010532150776053215 0.014334470989761093 
5 0.3464523281596452 0.4610921501706485 0.01662971175166297 0.025255972696245733 
5 0.35365853658536583 0.45494880546075084 0.015521064301552107 0.026621160409556314 
4 0.7172949002217295 0.5232081911262798 0.007760532150776054 0.012969283276450512 
4 0.7181263858093127 0.49726962457337887 0.010532150776053215 0.014334470989761093 
4 0.7073170731707317 0.5044368600682594 0.011086474501108648 0.015017064846416382 
4 0.7023281596452328 0.5085324232081911 0.011086474501108648 0.015017064846416382 
4 0.7148004434589801 0.631740614334471 0.010532150776053215 0.015699658703071672 
4 0.7214523281596452 0.6279863481228669 0.010532150776053215 0.016382252559726963 
4 0.7425166297117517 0.6136518771331058 0.009423503325942351 0.013651877133105802 
4 0.6125277161862528 0.6406143344709898 0.009977827050997782 0.008873720136518772 
4 0.608370288248337 0.6358361774744027 0.009423503325942351 0.008873720136518772 
5 0.6072616407982262 0.6276450511945393 0.01164079822616408 0.008873720136518772 
4 0.6033813747228381 0.6208191126279864 0.010532150776053215 0.011604095563139932 
4 0.6405210643015521 0.6303754266211604 0.012749445676274944 0.010238907849829351 
4 0.6383037694013304 0.6242320819112628 0.010532150776053215 0.008873720136518772 
4 0.6349778270509978 0.6184300341296929 0.01164079822616408 0.00955631399317406 
4 0.6313747228381374 0.6112627986348123 0.012195121951219513 0.011604095563139932 
4 0.6626940133037694 0.567235494880546 0.01164079822616408 0.010921501706484642 
4 0.6646341463414634 0.5733788395904437 0.012195121951219513 0.00955631399317406 
4 0.6843126385809313 0.5924914675767918 0.008314855875831485 0.013651877133105802 
4 0.6959534368070953 0.5836177474402731 0.010532150776053215 0.015017064846416382 
4 0.7012195121951219 0.5812286689419796 0.008869179600886918 0.012969283276450512 
4 0.7062084257206208 0.5774744027303754 0.008869179600886918 0.013651877133105802 
4 0.7117516629711752 0.5723549488054608 0.008869179600886918 0.014334470989761093 
4 0.7170177383592018 0.568259385665529 0.009423503325942351 0.014334470989761093 
4 0.6906873614190687 0.543344709897611 0.008869179600886918 0.013651877133105802 
4 0.7014966740576497 0.5344709897610922 0.009423503325942351 0.013651877133105802 
4 0.7078713968957872 0.531740614334471 0.008869179600886918 0.015017064846416382 
4 0.6804323725055432 0.5225255972696246 0.008314855875831485 0.012969283276450512 
4 0.686529933481153 0.5191126279863482 0.009423503325942351 0.014334470989761093 
4 0.6965077605321508 0.5119453924914675 0.010532150776053215 0.015017064846416382 
0 0.16906873614190687 0.3174061433447099 0.09312638580931264 0.1174061433447099 
