4 0.03473132372214941 0.5274566473988439 0.02490170380078637 0.02254335260115607 
4 0.04456094364351245 0.5398843930635838 0.022280471821756225 0.023121387283236993 
4 0.03669724770642202 0.461271676300578 0.023591087811271297 0.024277456647398842 
4 0.0727391874180865 0.4791907514450867 0.02490170380078637 0.026589595375722544 
4 0.08027522935779817 0.5572254335260116 0.025557011795543906 0.025433526011560695 
4 0.09993446920052425 0.5719653179190751 0.024246395806028834 0.023699421965317918 
4 0.12844036697247707 0.5817919075144509 0.020969855832241154 0.023699421965317918 
4 0.15170380078636958 0.5265895953757226 0.02162516382699869 0.023121387283236993 
4 0.141218872870249 0.5202312138728323 0.02162516382699869 0.021965317919075144 
4 0.12942332896461337 0.5138728323699422 0.02162516382699869 0.023121387283236993 
4 0.10681520314547838 0.5 0.023591087811271297 0.024277456647398842 
7 0.8741808650065531 0.6135838150289017 0.11009174311926606 0.11734104046242774 
7 0.8070117955439057 0.5757225433526012 0.11205766710353866 0.11791907514450867 
7 0.7385321100917431 0.5375722543352601 0.11009174311926606 0.11676300578034682 
7 0.6710353866317169 0.5002890173410405 0.1127129750982962 0.1161849710982659 
7 0.6032110091743119 0.4624277456647399 0.11205766710353866 0.11676300578034682 
7 0.6982306684141546 0.7265895953757225 0.11205766710353866 0.11560693641618497 
7 0.7657273918741808 0.7638728323699422 0.11205766710353866 0.11734104046242774 
8 0.6657929226736566 0.8569364161849711 0.13237221494102228 0.1069364161849711 
7 0.6307339449541285 0.6890173410404624 0.11205766710353866 0.11676300578034682 
7 0.5625819134993447 0.6511560693641618 0.11205766710353866 0.1161849710982659 
7 0.49606815203145477 0.6132947976878613 0.1127129750982962 0.11560693641618497 
11 0.3083224115334207 0.61878612716763 0.1107470511140236 0.08497109826589595 
7 0.48689384010484926 0.2973988439306358 0.11009174311926606 0.1161849710982659 
7 0.4121887287024902 0.25549132947976877 0.1127129750982962 0.11676300578034682 
7 0.3443643512450852 0.21820809248554912 0.11336828309305373 0.11502890173410404 
7 0.27719528178243774 0.18063583815028902 0.11402359108781127 0.1161849710982659 
4 0.012778505897771953 0.44884393063583816 0.024246395806028834 0.02485549132947977 
4 0.16153342070773263 0.6046242774566474 0.024246395806028834 0.024277456647398842 
4 0.3781127129750983 0.7170520231213873 0.02490170380078637 0.02138728323699422 
5 0.7024901703800787 0.23901734104046243 0.019659239842726082 0.028323699421965318 
4 0.17300131061598953 0.6104046242774567 0.01834862385321101 0.019653179190751446 
4 0.18676277850589776 0.619942196531792 0.022280471821756225 0.02023121387283237 
4 0.6893840104849279 0.22687861271676302 0.01834862385321101 0.02485549132947977 
4 0.1372870249017038 0.5924855491329479 0.024246395806028834 0.024277456647398842 
4 0.11566186107470511 0.577456647398844 0.024246395806028834 0.026589595375722544 
4 0.1743119266055046 0.5407514450867053 0.019659239842726082 0.023699421965317918 
4 0.16218872870249018 0.5332369942196532 0.02162516382699869 0.023699421965317918 
4 0.09600262123197903 0.49190751445086706 0.02162516382699869 0.023121387283236993 
4 0.058650065530799475 0.4745664739884393 0.02162516382699869 0.023121387283236993 
4 0.0481651376146789 0.4658959537572254 0.022935779816513763 0.024277456647398842 
5 0.7139580602883355 0.2549132947976879 0.022935779816513763 0.03005780346820809 
5 0.723132372214941 0.26936416184971096 0.020314547837483616 0.028901734104046242 
4 0.504259501965924 0.1260115606936416 0.02162516382699869 0.025433526011560695 
5 0.6772608125819135 0.21184971098265895 0.019003931847968544 0.028323699421965318 
4 0.6641546526867628 0.20260115606936416 0.017693315858453473 0.02601156069364162 
4 0.6530144167758847 0.1916184971098266 0.0163826998689384 0.02485549132947977 
4 0.6389252948885976 0.18294797687861272 0.011795543905635648 0.01907514450867052 
4 0.6261467889908257 0.17369942196531793 0.012450851900393184 0.02254335260115607 
4 0.6104193971166448 0.1653179190751445 0.013761467889908258 0.023121387283236993 
4 0.5923984272608126 0.15433526011560694 0.015727391874180863 0.021965317919075144 
4 0.5756880733944955 0.14739884393063585 0.0163826998689384 0.024277456647398842 
4 0.5615989515072084 0.14190751445086705 0.015727391874180863 0.02254335260115607 
4 0.5425950196592398 0.13236994219653178 0.019659239842726082 0.023121387283236993 
4 0.5245740498034076 0.12774566473988438 0.02162516382699869 0.026589595375722544 
7 0.2080602883355177 0.14190751445086705 0.11336828309305373 0.11502890173410404 
