4 0.7625 0.64765625 0.00625 0.013020833333333334 
4 0.7565104166666666 0.64765625 0.0046875 0.013020833333333334 
4 0.26145833333333335 0.6622395833333333 0.0125 0.022395833333333334 
4 0.0984375 0.6903645833333333 0.0125 0.0203125 
4 0.09401041666666667 0.6690104166666667 0.011979166666666667 0.021354166666666667 
4 0.0453125 0.6802083333333333 0.010416666666666666 0.020833333333333332 
4 0.08645833333333333 0.6950520833333333 0.0125 0.0234375 
4 0.13098958333333333 0.66171875 0.013020833333333334 0.024479166666666666 
4 0.18411458333333333 0.6760416666666667 0.013020833333333334 0.021875 
4 0.14739583333333334 0.6848958333333334 0.013541666666666667 0.023958333333333335 
4 0.15 0.6075520833333333 0.0125 0.0234375 
4 0.13723958333333333 0.6080729166666666 0.013020833333333334 0.025520833333333333 
4 0.11302083333333333 0.6109375 0.0125 0.020833333333333332 
4 0.09947916666666666 0.61328125 0.0125 0.0234375 
7 0.2635416666666667 0.81640625 0.07083333333333333 0.11510416666666666 
7 0.1984375 0.8291666666666667 0.071875 0.11666666666666667 
7 0.32708333333333334 0.803125 0.06979166666666667 0.115625 
7 0.39114583333333336 0.78984375 0.07083333333333333 0.11510416666666666 
7 0.4552083333333333 0.7763020833333333 0.07083333333333333 0.11614583333333334 
7 1.0122395833333333 0.6830729166666667 0.07239583333333334 0.11510416666666666 
7 0.9484375 0.696875 0.071875 0.11666666666666667 
7 0.8846354166666667 0.7106770833333333 0.07135416666666666 0.11614583333333334 
7 0.7434895833333334 0.7911458333333333 0.06510416666666667 0.03958333333333333 
7 0.7322916666666667 0.7325520833333333 0.065625 0.04010416666666667 
7 0.6338541666666667 0.73984375 0.07083333333333333 0.11510416666666666 
7 0.56484375 0.7552083333333334 0.0703125 0.115625 
4 0.2755208333333333 0.6609375 0.014583333333333334 0.022916666666666665 
4 0.1796875 0.65390625 0.013541666666666667 0.019270833333333334 
4 0.15520833333333334 0.65859375 0.014583333333333334 0.025520833333333333 
4 0.35052083333333334 0.69375 0.015625 0.023958333333333335 
4 0.1703125 0.67890625 0.010416666666666666 0.018229166666666668 
4 0.26666666666666666 0.7138020833333333 0.013541666666666667 0.0203125 
4 0.21953125 0.72578125 0.0140625 0.022395833333333334 
4 0.20546875 0.72578125 0.011979166666666667 0.0203125 
4 0.0984375 0.74765625 0.0125 0.0234375 
4 0.06067708333333333 0.75390625 0.0109375 0.0203125 
4 0.03515625 0.7533854166666667 0.011979166666666667 0.0203125 
4 0.13489583333333333 0.6841145833333333 0.0125 0.022395833333333334 
4 0.23385416666666667 0.6697916666666667 0.013541666666666667 0.021875 
4 0.12369791666666667 0.68671875 0.015104166666666667 0.022395833333333334 
4 0.11875 0.6622395833333333 0.014583333333333334 0.025520833333333333 
4 0.32526041666666666 0.6979166666666666 0.016145833333333335 0.028125 
4 0.04791666666666667 0.7528645833333333 0.013541666666666667 0.0234375 
4 0.24348958333333334 0.7190104166666667 0.0140625 0.021354166666666667 
4 0.23203125 0.7208333333333333 0.0140625 0.021875 
4 0.19427083333333334 0.72890625 0.0125 0.022395833333333334 
4 0.18255208333333334 0.7309895833333333 0.0140625 0.0234375 
4 0.16979166666666667 0.7333333333333333 0.014583333333333334 0.023958333333333335 
4 0.15703125 0.7356770833333334 0.016145833333333335 0.0234375 
4 0.13359375 0.7393229166666667 0.016145833333333335 0.0265625 
4 0.12083333333333333 0.7403645833333333 0.014583333333333334 0.024479166666666666 
4 0.10989583333333333 0.746875 0.013541666666666667 0.022916666666666665 
4 0.08619791666666667 0.7484375 0.011979166666666667 0.021875 
4 0.0734375 0.7526041666666666 0.013541666666666667 0.023958333333333335 
7 0.13385416666666666 0.84296875 0.06979166666666667 0.1171875 
