1 0.8122619954303123 0.1724137931034483 0.10281797410510282 0.08413793103448276 
4 0.57996953541508 0.5744827586206896 0.014470677837014471 0.008275862068965517 
7 0.7962680883472962 0.546896551724138 0.06473724295506474 0.0703448275862069 
7 0.8857578065498858 0.48310344827586205 0.06397562833206398 0.07103448275862069 
7 0.8514851485148515 0.46482758620689657 0.06397562833206398 0.07172413793103448 
7 0.8175932977913176 0.4475862068965517 0.06473724295506474 0.0703448275862069 
7 0.781035795887281 0.30517241379310345 0.03884234577303884 0.06551724137931035 
7 0.7372429550647372 0.31 0.039603960396039604 0.06689655172413793 
7 0.6942117288651942 0.31413793103448273 0.03884234577303884 0.06827586206896552 
7 0.6012947448591013 0.3203448275862069 0.04036557501904037 0.06689655172413793 
7 0.5605483625285606 0.32517241379310347 0.039603960396039604 0.06689655172413793 
7 0.456968773800457 0.3427586206896552 0.039603960396039604 0.06620689655172414 
7 0.2757044935262757 0.4879310344827586 0.035034272658035034 0.06413793103448276 
7 0.3187357197258187 0.48758620689655174 0.03427265803503427 0.06344827586206897 
7 0.4067022086824067 0.4862068965517241 0.039603960396039604 0.06620689655172414 
7 0.448971820258949 0.4896551724137931 0.04036557501904037 0.06620689655172414 
7 0.5525514089870526 0.47413793103448276 0.0357958872810358 0.06413793103448276 
7 0.5955826351865956 0.47448275862068967 0.03351104341203351 0.06344827586206897 
8 0.6694592536176694 0.4689655172413793 0.048743335872048744 0.08 
7 0.6721249047981721 0.7972413793103448 0.04798172124904798 0.06896551724137931 
7 0.6329017517136329 0.7889655172413793 0.048743335872048744 0.06896551724137931 
13 0.5228484386900228 0.7206896551724138 0.0753998476770754 0.1006896551724138 
13 0.37776085300837775 0.6875862068965517 0.09444021325209444 0.12689655172413794 
7 0.8324447829398325 0.5644827586206896 0.06397562833206398 0.07103448275862069 
4 0.57996953541508 0.5837931034482758 0.015993907083015995 0.007586206896551724 
13 0.19725818735719725 0.028275862068965516 0.024371667936024372 0.02482758620689655 
4 0.3705255140898705 0.8920689655172414 0.008377760853008377 0.01310344827586207 
4 0.04150799695354151 0.16344827586206898 0.012947448591012947 0.011034482758620689 
4 0.06702208682406702 0.11448275862068966 0.012185833968012186 0.013793103448275862 
4 0.012947448591012947 0.0706896551724138 0.012185833968012186 0.014482758620689656 
4 0.9683929931454683 0.646551724137931 0.009900990099009901 0.01310344827586207 
4 0.924980959634425 0.7003448275862069 0.009900990099009901 0.01310344827586207 
4 0.7821782178217822 0.9434482758620689 0.010662604722010662 0.012413793103448275 
4 0.8587204874333587 0.8310344827586207 0.011424219345011425 0.013793103448275862 
4 0.8872810357958872 0.7603448275862069 0.010662604722010662 0.014482758620689656 
4 0.8846153846153846 0.7844827586206896 0.011424219345011425 0.015862068965517243 
4 0.9105102817974106 0.8937931034482759 0.015993907083015995 0.016551724137931035 
4 0.0654988575780655 0.9862068965517241 0.006092916984006093 0.013793103448275862 
4 0.45354150799695353 0.9796551724137931 0.006854531607006854 0.01310344827586207 
4 0.3541507996953541 0.9768965517241379 0.007616146230007616 0.014482758620689656 
4 0.3686214775323686 0.9772413793103448 0.006092916984006093 0.012413793103448275 
4 0.2631378522467631 0.9389655172413793 0.006854531607006854 0.01310344827586207 
4 0.246001523229246 0.9237931034482758 0.00913937547600914 0.014482758620689656 
4 0.2616146230007616 0.9237931034482758 0.005331302361005331 0.011724137931034483 
4 0.2840822543792841 0.9262068965517242 0.007616146230007616 0.012413793103448275 
4 0.45506473724295504 0.9451724137931035 0.005331302361005331 0.01310344827586207 
4 0.44554455445544555 0.93 0.006092916984006093 0.014482758620689656 
4 0.4230769230769231 0.9293103448275862 0.006854531607006854 0.014482758620689656 
13 0.35453160700685454 0.7837931034482759 0.08301599390708302 0.05172413793103448 
