4 0.7016052880075543 0.9428871758934828 0.030217186024551465 0.027330063069376315 
4 0.6831916902738433 0.9512964260686756 0.031161473087818695 0.027330063069376315 
7 0.4121813031161473 0.7189908899789769 0.09726156751652502 0.1345480028030834 
7 0.5410764872521246 0.7081289418360196 0.10198300283286119 0.1324456902592852 
7 0.6728045325779037 0.6979677645409951 0.09726156751652502 0.1317449194113525 
7 0.6406987724268177 0.49194113524877364 0.09726156751652502 0.13314646110721795 
7 0.509915014164306 0.5021023125437982 0.09820585457979225 0.1324456902592852 
7 0.37960339943342775 0.5129642606867554 0.09820585457979225 0.13314646110721795 
7 0.609537299338999 0.28451296426068673 0.09726156751652502 0.13034337771548704 
7 0.4796978281397545 0.29572529782761037 0.10009442870632672 0.1317449194113525 
7 0.34844192634560905 0.30658724597056763 0.10009442870632672 0.1324456902592852 
