5 0.4595959595959596 0.03804347826086957 0.026936026936026935 0.030797101449275364 
0 0.18771043771043772 0.8034420289855072 0.06902356902356903 0.02717391304347826 
4 0.30808080808080807 0.20833333333333334 0.037037037037037035 0.010869565217391304 
4 0.3434343434343434 0.15760869565217392 0.03367003367003367 0.009057971014492754 
4 0.3442760942760943 0.14492753623188406 0.03535353535353535 0.010869565217391304 
4 0.1893939393939394 0.3351449275362319 0.02861952861952862 0.009057971014492754 
4 0.16077441077441076 0.39719202898550726 0.03535353535353535 0.009963768115942028 
4 0.26346801346801346 0.3596014492753623 0.03198653198653199 0.007246376811594203 
5 0.4166666666666667 0.3691123188405797 0.058922558922558925 0.01358695652173913 
4 0.9890572390572391 0.22056159420289856 0.025252525252525252 0.028079710144927536 
4 0.6430976430976431 0.28306159420289856 0.020202020202020204 0.024456521739130436 
0 0.33585858585858586 0.8170289855072463 0.08249158249158249 0.03260869565217391 
4 0.23063973063973064 0.2368659420289855 0.030303030303030304 0.009963768115942028 
0 0.4107744107744108 0.822463768115942 0.08080808080808081 0.036231884057971016 
0 0.5589225589225589 0.8374094202898551 0.08080808080808081 0.03713768115942029 
0 0.6338383838383839 0.8469202898550725 0.07912457912457913 0.034420289855072464 
0 0.5681818181818182 0.022192028985507248 0.08249158249158249 0.03351449275362319 
0 0.9562289562289562 0.18795289855072464 0.05387205387205387 0.04076086956521739 
0 0.9393939393939394 0.22826086956521738 0.05723905723905724 0.03985507246376811 
0 0.9267676767676768 0.2694746376811594 0.05555555555555555 0.042572463768115944 
0 0.914983164983165 0.30978260869565216 0.058922558922558925 0.043478260869565216 
0 0.8333333333333334 0.2875905797101449 0.08080808080808081 0.04800724637681159 
4 0.3047138047138047 0.2269021739130435 0.03367003367003367 0.009963768115942028 
4 0.2946127946127946 0.2504528985507246 0.04040404040404041 0.01358695652173913 
5 0.48484848484848486 0.035778985507246376 0.020202020202020204 0.022644927536231884 
4 0.10858585858585859 0.2898550724637681 0.03198653198653199 0.009057971014492754 
5 0.5092592592592593 0.03985507246376811 0.021885521885521887 0.028985507246376812 
4 0.30387205387205385 0.043025362318840576 0.018518518518518517 0.019021739130434784 
4 0.3400673400673401 0.03894927536231884 0.016835016835016835 0.019927536231884056 
4 0.1531986531986532 0.41394927536231885 0.037037037037037035 0.012681159420289856 
4 0.17592592592592593 0.3546195652173913 0.02861952861952862 0.008152173913043478 
4 0.09595959595959595 0.3365036231884058 0.037037037037037035 0.009963768115942028 
4 0.10016835016835017 0.32019927536231885 0.03872053872053872 0.008152173913043478 
4 0.10185185185185185 0.307518115942029 0.03535353535353535 0.009963768115942028 
4 0.10437710437710437 0.30027173913043476 0.030303030303030304 0.009963768115942028 
4 0.25336700336700335 0.16666666666666666 0.04208754208754209 0.014492753623188406 
4 0.28703703703703703 0.2717391304347826 0.03535353535353535 0.010869565217391304 
4 0.18097643097643099 0.10280797101449275 0.03535353535353535 0.01177536231884058 
4 0.17003367003367004 0.1286231884057971 0.030303030303030304 0.010869565217391304 
4 0.12457912457912458 0.26132246376811596 0.037037037037037035 0.01177536231884058 
4 0.13131313131313133 0.2477355072463768 0.03367003367003367 0.01177536231884058 
4 0.13468013468013468 0.23777173913043478 0.04040404040404041 0.01177536231884058 
4 0.1388888888888889 0.21965579710144928 0.03198653198653199 0.008152173913043478 
4 0.2196969696969697 0.28125 0.03198653198653199 0.009963768115942028 
4 0.22474747474747475 0.254981884057971 0.03198653198653199 0.009963768115942028 
4 0.21801346801346802 0.27219202898550726 0.03198653198653199 0.008152173913043478 
0 0.7870370370370371 0.25407608695652173 0.045454545454545456 0.03351449275362319 
