4 0.04232505643340858 0.6274418604651163 0.02144469525959368 0.01581395348837209 
0 0.659706546275395 0.1572093023255814 0.055304740406320545 0.04279069767441861 
0 0.6303611738148984 0.2837209302325581 0.05756207674943566 0.04279069767441861 
0 0.595372460496614 0.2558139534883721 0.04853273137697517 0.03906976744186046 
0 0.6145598194130926 0.16511627906976745 0.04853273137697517 0.03813953488372093 
0 0.7217832957110609 0.24930232558139534 0.04401805869074492 0.03348837209302326 
0 0.7330699774266366 0.21348837209302327 0.050790067720090294 0.04 
0 0.695823927765237 0.18558139534883722 0.055304740406320545 0.04372093023255814 
0 0.6252821670428894 0.1325581395348837 0.056433408577878104 0.04186046511627907 
0 0.7042889390519187 0.33767441860465114 0.05869074492099323 0.04837209302325581 
0 0.7223476297968398 0.0986046511627907 0.05417607223476298 0.04093023255813953 
0 0.7906320541760722 0.1516279069767442 0.05304740406320542 0.04279069767441861 
4 0.7161399548532731 0.06558139534883721 0.019187358916478554 0.01953488372093023 
4 0.7076749435665914 0.059534883720930236 0.020316027088036117 0.018604651162790697 
4 0.6969525959367946 0.05441860465116279 0.019187358916478554 0.01953488372093023 
4 0.664785553047404 0.037209302325581395 0.01580135440180587 0.018604651162790697 
0 0.667607223476298 0.3097674418604651 0.055304740406320545 0.04279069767441861 
0 0.5981941309255079 0.43627906976744185 0.04288939051918736 0.03348837209302326 
4 0.033860045146726865 0.6511627906976745 0.020316027088036117 0.01674418604651163 
0 0.38826185101580135 0.5455813953488372 0.05191873589164785 0.04186046511627907 
0 0.37697516930022573 0.847906976744186 0.05417607223476298 0.04744186046511628 
0 0.35835214446952596 0.8879069767441861 0.05304740406320542 0.04930232558139535 
0 0.2516930022573363 0.9 0.05191873589164785 0.04744186046511628 
0 0.49266365688487584 0.6604651162790698 0.055304740406320545 0.044651162790697675 
0 0.5620767494356659 0.5627906976744186 0.060948081264108354 0.05023255813953489 
0 0.42663656884875845 0.5706976744186046 0.05191873589164785 0.04372093023255814 
0 0.29909706546275394 0.5023255813953489 0.056433408577878104 0.046511627906976744 
0 0.636568848758465 0.4325581395348837 0.04966139954853273 0.03906976744186046 
0 0.4187358916478555 0.42 0.05191873589164785 0.04186046511627907 
0 0.48363431151241537 0.3581395348837209 0.05304740406320542 0.04093023255813953 
0 0.5203160270880361 0.38651162790697674 0.056433408577878104 0.04372093023255814 
0 0.5880361173814899 0.2930232558139535 0.05417607223476298 0.044651162790697675 
0 0.6636568848758465 0.3469767441860465 0.05417607223476298 0.04093023255813953 
0 0.6021444695259593 0.40511627906976744 0.05981941309255079 0.045581395348837206 
4 0.6845372460496614 0.08372093023255814 0.02144469525959368 0.01674418604651163 
4 0.6715575620767494 0.07534883720930233 0.01805869074492099 0.018604651162790697 
4 0.7020316027088036 0.22744186046511627 0.01805869074492099 0.021395348837209303 
5 0.1010158013544018 0.6493023255813953 0.046275395033860044 0.035348837209302326 
4 0.24717832957110608 0.6572093023255814 0.02708803611738149 0.017674418604651163 
4 0.14221218961625282 0.6562790697674419 0.022573363431151242 0.012093023255813953 
4 0.10891647855530474 0.6893023255813954 0.025959367945823927 0.009302325581395349 
4 0.10045146726862303 0.6990697674418604 0.024830699774266364 0.010232558139534883 
4 0.09142212189616253 0.706046511627907 0.022573363431151242 0.009302325581395349 
5 0.1698645598194131 0.6948837209302325 0.025959367945823927 0.022325581395348838 
5 0.08803611738148984 0.6567441860465116 0.04288939051918736 0.03348837209302326 
4 0.8007900677200903 0.2669767441860465 0.019187358916478554 0.018604651162790697 
5 0.07618510158013544 0.6627906976744186 0.0417607223476298 0.03255813953488372 
5 0.07392776523702031 0.6758139534883721 0.03724604966139955 0.02883720930232558 
5 0.06489841986455983 0.684186046511628 0.03724604966139955 0.02883720930232558 
5 0.0536117381489842 0.6925581395348838 0.04853273137697517 0.03627906976744186 
5 0.045711060948081264 0.7 0.04401805869074492 0.03441860465116279 
4 0.025395033860045147 0.6446511627906977 0.02144469525959368 0.018604651162790697 
4 0.255079006772009 0.6506976744186046 0.022573363431151242 0.017674418604651163 
4 0.26580135440180586 0.6413953488372093 0.023702031602708805 0.017674418604651163 
4 0.07505643340857787 0.7227906976744186 0.025959367945823927 0.009302325581395349 
4 0.05925507900677201 0.7386046511627907 0.025959367945823927 0.009302325581395349 
4 0.04740406320541761 0.7469767441860465 0.022573363431151242 0.009302325581395349 
4 0.5795711060948081 0.627906976744186 0.016930022573363433 0.018604651162790697 
4 0.0208803611738149 0.7716279069767442 0.025959367945823927 0.012093023255813953 
4 0.17494356659142213 0.687906976744186 0.020316027088036117 0.01581395348837209 
4 0.18171557562076748 0.6804651162790698 0.022573363431151242 0.017674418604651163 
4 0.19977426636568849 0.6679069767441861 0.024830699774266364 0.018604651162790697 
4 0.2849887133182844 0.621860465116279 0.02144469525959368 0.017674418604651163 
4 0.2770880361173815 0.6302325581395349 0.02144469525959368 0.01581395348837209 
4 0.3611738148984199 0.5581395348837209 0.020316027088036117 0.01674418604651163 
4 0.595372460496614 0.5474418604651162 0.02144469525959368 0.023255813953488372 
4 0.662528216704289 0.4702325581395349 0.01805869074492099 0.01953488372093023 
0 0.4909706546275395 0.32325581395348835 0.05869074492099323 0.04186046511627907 
0 0.5586907449209932 0.23255813953488372 0.056433408577878104 0.046511627906976744 
0 0.3160270880361174 0.8074418604651162 0.04966139954853273 0.044651162790697675 
