0 0.9609375 0.17473958333333334 0.07916666666666666 0.08385416666666666 
0 0.7565104166666666 0.5666666666666667 0.049479166666666664 0.05520833333333333 
0 0.6486979166666667 0.240625 0.0421875 0.046875 
0 0.6192708333333333 0.28567708333333336 0.041666666666666664 0.04635416666666667 
0 0.5989583333333334 0.3341145833333333 0.041666666666666664 0.04635416666666667 
0 0.6786458333333333 0.421875 0.04791666666666667 0.05520833333333333 
0 0.61640625 0.59765625 0.043229166666666666 0.050520833333333334 
0 0.6260416666666667 0.8140625 0.04375 0.04791666666666667 
0 0.784375 0.5119791666666667 0.04895833333333333 0.05416666666666667 
0 0.8666666666666667 0.3536458333333333 0.05 0.05520833333333333 
0 0.73828125 0.35703125 0.0453125 0.049479166666666664 
0 0.7260416666666667 0.3216145833333333 0.04479166666666667 0.049479166666666664 
0 0.753125 0.27786458333333336 0.05 0.05572916666666667 
0 0.7885416666666667 0.2635416666666667 0.05625 0.06145833333333333 
0 0.8104166666666667 0.17552083333333332 0.08645833333333333 0.084375 
0 0.89140625 0.30026041666666664 0.04739583333333333 0.05364583333333333 
0 0.6705729166666666 0.19114583333333332 0.049479166666666664 0.05625 
