4 0.8596072186836518 0.04294032023289665 0.020700636942675158 0.020378457059679767 
7 0.5740445859872612 0.8722707423580786 0.06634819532908705 0.1433770014556041 
7 0.2417728237791932 0.38282387190684136 0.06740976645435244 0.14410480349344978 
7 0.1541932059447983 0.6426491994177583 0.06740976645435244 0.14264919941775836 
7 0.22531847133757962 0.6175400291120815 0.06740976645435244 0.1433770014556041 
7 0.19400212314225054 0.8558951965065502 0.06847133757961783 0.14410480349344978 
7 0.2653927813163482 0.8304221251819505 0.06687898089171974 0.14556040756914118 
7 0.39410828025477707 0.8620815138282387 0.06740976645435244 0.1433770014556041 
7 0.46576433121019106 0.8387918486171762 0.06740976645435244 0.14192139737991266 
7 0.35323779193205945 0.6328238719068413 0.06528662420382166 0.1433770014556041 
7 0.42462845010615713 0.6091703056768559 0.06687898089171974 0.14264919941775836 
7 0.3487261146496815 0.38282387190684136 0.06687898089171974 0.14410480349344978 
7 0.42038216560509556 0.35880640465793306 0.06687898089171974 0.14264919941775836 
7 0.5363588110403397 0.3486171761280932 0.06634819532908705 0.14264919941775836 
7 0.6080148619957537 0.32496360989810774 0.06740976645435244 0.1433770014556041 
7 0.6056263269639066 0.5913391557496361 0.06687898089171974 0.1433770014556041 
7 0.6459660297239915 0.8486171761280932 0.06475583864118896 0.14264919941775836 
4 0.9877919320594479 0.6098981077147017 0.01910828025477707 0.020378457059679767 
7 0.7476114649681529 0.8129548762736536 0.06634819532908705 0.14410480349344978 
7 0.8190021231422505 0.7893013100436681 0.06687898089171974 0.1433770014556041 
13 0.7643312101910829 0.24890829694323144 0.1029723991507431 0.1091703056768559 
8 0.9187898089171974 0.2019650655021834 0.07749469214437367 0.1331877729257642 
4 0.9355095541401274 0.7387190684133915 0.02813163481953291 0.02911208151382824 
4 0.981687898089172 0.8820960698689956 0.020700636942675158 0.023289665211062592 
4 0.707271762208068 0.09243085880640466 0.02176220806794055 0.017467248908296942 
4 0.9304670912951167 0.7245269286754003 0.01910828025477707 0.019650655021834062 
4 0.9190552016985138 0.6848617176128093 0.02176220806794055 0.018922852983988356 
4 0.9015392781316348 0.641193595342067 0.022823779193205943 0.018922852983988356 
4 0.9745222929936306 0.6848617176128093 0.01910828025477707 0.020378457059679767 
4 0.9753184713375797 0.5680494905385735 0.02176220806794055 0.024017467248908297 
4 0.15392781316348195 0.20342066957787483 0.02653927813163482 0.012372634643377001 
4 0.9171974522292994 0.6677583697234353 0.021231422505307854 0.021106259097525473 
7 0.17011677282377918 0.40720524017467247 0.06847133757961783 0.14483260553129548 
