4 0.8606770833333334 0.8104166666666667 0.009895833333333333 0.010416666666666666 
4 0.5080729166666667 0.6221354166666667 0.009895833333333333 0.009895833333333333 
4 0.5684895833333333 0.5541666666666667 0.0109375 0.010416666666666666 
4 0.5653645833333333 0.5583333333333333 0.009895833333333333 0.010416666666666666 
4 0.5622395833333333 0.5619791666666667 0.009895833333333333 0.010416666666666666 
4 0.5580729166666667 0.56484375 0.0109375 0.0109375 
4 0.54765625 0.5408854166666667 0.0109375 0.0109375 
4 0.5434895833333333 0.5440104166666667 0.009895833333333333 0.0109375 
4 0.5395833333333333 0.5484375 0.009375 0.010416666666666666 
4 0.5291666666666667 0.5598958333333334 0.010416666666666666 0.010416666666666666 
4 0.5260416666666666 0.5643229166666667 0.010416666666666666 0.0109375 
4 0.5223958333333333 0.5684895833333333 0.009375 0.0109375 
4 0.51875 0.5723958333333333 0.009375 0.010416666666666666 
4 0.515625 0.5765625 0.010416666666666666 0.010416666666666666 
4 0.51171875 0.58046875 0.009895833333333333 0.0109375 
4 0.5078125 0.5846354166666666 0.009375 0.009895833333333333 
4 0.5049479166666667 0.5877604166666667 0.0109375 0.009895833333333333 
4 0.5013020833333334 0.5924479166666666 0.011979166666666667 0.0109375 
4 0.49713541666666666 0.5955729166666667 0.009895833333333333 0.008854166666666666 
4 0.4934895833333333 0.6 0.008854166666666666 0.009375 
4 0.48984375 0.6036458333333333 0.009895833333333333 0.010416666666666666 
4 0.5494791666666666 0.5760416666666667 0.0125 0.011458333333333333 
4 0.5447916666666667 0.58046875 0.011458333333333333 0.0109375 
4 0.5408854166666667 0.5848958333333333 0.009895833333333333 0.010416666666666666 
4 0.5372395833333333 0.5885416666666666 0.009895833333333333 0.011458333333333333 
4 0.5330729166666667 0.5927083333333333 0.009895833333333333 0.009375 
4 0.52890625 0.596875 0.0109375 0.009375 
4 0.52578125 0.6015625 0.0109375 0.010416666666666666 
4 0.51484375 0.6135416666666667 0.0109375 0.010416666666666666 
4 0.571875 0.5510416666666667 0.010416666666666666 0.010416666666666666 
4 0.5755208333333334 0.5471354166666667 0.010416666666666666 0.009895833333333333 
4 0.578125 0.5421875 0.009375 0.009375 
4 0.56953125 0.5145833333333333 0.009895833333333333 0.009375 
4 0.6130208333333333 0.4674479166666667 0.009375 0.009895833333333333 
4 0.6098958333333333 0.4705729166666667 0.010416666666666666 0.008854166666666666 
4 0.6057291666666667 0.475 0.009375 0.010416666666666666 
4 0.60234375 0.478125 0.009895833333333333 0.010416666666666666 
4 0.5986979166666667 0.48333333333333334 0.0109375 0.011458333333333333 
4 0.59453125 0.4864583333333333 0.009895833333333333 0.010416666666666666 
4 0.5908854166666667 0.4903645833333333 0.009895833333333333 0.008854166666666666 
4 0.5877604166666667 0.4942708333333333 0.0109375 0.009375 
4 0.58359375 0.49765625 0.0109375 0.009895833333333333 
4 0.5807291666666666 0.5026041666666666 0.010416666666666666 0.009375 
4 0.5760416666666667 0.5057291666666667 0.008333333333333333 0.009375 
4 0.5729166666666666 0.5114583333333333 0.009375 0.009375 
4 0.63203125 0.48333333333333334 0.0109375 0.011458333333333333 
4 0.5828125 0.5388020833333333 0.011458333333333333 0.0109375 
4 0.628125 0.48802083333333335 0.011458333333333333 0.010416666666666666 
4 0.625 0.49244791666666665 0.009375 0.009895833333333333 
4 0.6216145833333333 0.49583333333333335 0.009895833333333333 0.010416666666666666 
4 0.6177083333333333 0.49921875 0.011458333333333333 0.0109375 
4 0.6140625 0.5033854166666667 0.011458333333333333 0.0109375 
4 0.6106770833333334 0.5072916666666667 0.0109375 0.010416666666666666 
4 0.60703125 0.5106770833333333 0.009895833333333333 0.0109375 
4 0.6033854166666667 0.51484375 0.0109375 0.0109375 
4 0.6 0.51953125 0.010416666666666666 0.0109375 
4 0.59609375 0.5229166666666667 0.009895833333333333 0.010416666666666666 
4 0.5924479166666666 0.5276041666666667 0.009895833333333333 0.010416666666666666 
4 0.5893229166666667 0.5307291666666667 0.0109375 0.010416666666666666 
4 0.5114583333333333 0.6182291666666667 0.010416666666666666 0.010416666666666666 
4 0.5036458333333333 0.6260416666666667 0.010416666666666666 0.009375 
4 0.6216145833333333 0.44192708333333336 0.008854166666666666 0.0067708333333333336 
4 0.5002604166666667 0.6291666666666667 0.0109375 0.009375 
4 0.4375 0.60859375 0.009375 0.008854166666666666 
4 0.44088541666666664 0.6122395833333333 0.009895833333333333 0.008854166666666666 
4 0.45234375 0.6223958333333334 0.009895833333333333 0.009375 
4 0.45703125 0.6252604166666667 0.009895833333333333 0.008854166666666666 
4 0.4596354166666667 0.6294270833333333 0.008854166666666666 0.008854166666666666 
4 0.46484375 0.63359375 0.009895833333333333 0.009895833333333333 
4 0.39453125 0.5828125 0.009895833333333333 0.008333333333333333 
4 0.390625 0.5859375 0.009375 0.008333333333333333 
4 0.38776041666666666 0.5908854166666667 0.009895833333333333 0.008854166666666666 
4 0.38333333333333336 0.59453125 0.010416666666666666 0.009895833333333333 
4 0.40729166666666666 0.5973958333333333 0.009375 0.009375 
4 0.4109375 0.6005208333333333 0.009375 0.010416666666666666 
4 0.41510416666666666 0.6033854166666667 0.010416666666666666 0.009895833333333333 
4 0.41875 0.6065104166666667 0.009375 0.009895833333333333 
4 0.42239583333333336 0.6098958333333333 0.009375 0.010416666666666666 
4 0.42682291666666666 0.6138020833333333 0.008854166666666666 0.009895833333333333 
4 0.43020833333333336 0.61640625 0.009375 0.009895833333333333 
4 0.43359375 0.6203125 0.009895833333333333 0.010416666666666666 
4 0.44114583333333335 0.6276041666666666 0.009375 0.011458333333333333 
4 0.44505208333333335 0.63125 0.0109375 0.011458333333333333 
4 0.4484375 0.634375 0.010416666666666666 0.011458333333333333 
4 0.45703125 0.640625 0.009895833333333333 0.010416666666666666 
4 0.47734375 0.65703125 0.009895833333333333 0.008854166666666666 
4 0.4734375 0.6606770833333333 0.009375 0.0109375 
4 0.46979166666666666 0.6643229166666667 0.010416666666666666 0.0109375 
4 0.4661458333333333 0.6684895833333333 0.009375 0.009895833333333333 
4 0.4630208333333333 0.6723958333333333 0.009375 0.010416666666666666 
4 0.434375 0.6044270833333333 0.009375 0.0109375 
4 0.4453125 0.6049479166666667 0.010416666666666666 0.009895833333333333 
4 0.4627604166666667 0.61875 0.0109375 0.010416666666666666 
4 0.3609375 0.6013020833333333 0.010416666666666666 0.008854166666666666 
4 0.49661458333333336 0.6333333333333333 0.0109375 0.009375 
4 0.49270833333333336 0.63671875 0.009375 0.008854166666666666 
4 0.4890625 0.640625 0.009375 0.008333333333333333 
4 0.4859375 0.6466145833333333 0.011458333333333333 0.0109375 
4 0.45026041666666666 0.5856770833333333 0.009895833333333333 0.0109375 
4 0.4583333333333333 0.59296875 0.011458333333333333 0.0109375 
4 0.46953125 0.6036458333333333 0.009895833333333333 0.010416666666666666 
4 0.47291666666666665 0.6078125 0.010416666666666666 0.011458333333333333 
4 0.403125 0.6432291666666666 0.010416666666666666 0.010416666666666666 
4 0.4046875 0.5677083333333334 0.010416666666666666 0.009375 
4 0.43072916666666666 0.5708333333333333 0.009375 0.010416666666666666 
4 0.42604166666666665 0.5645833333333333 0.009375 0.010416666666666666 
4 0.36354166666666665 0.5963541666666666 0.011458333333333333 0.010416666666666666 
4 0.42213541666666665 0.5958333333333333 0.009895833333333333 0.010416666666666666 
4 0.36614583333333334 0.5916666666666667 0.011458333333333333 0.010416666666666666 
4 0.40260416666666665 0.5510416666666667 0.010416666666666666 0.010416666666666666 
4 0.39895833333333336 0.5557291666666667 0.010416666666666666 0.010416666666666666 
4 0.39557291666666666 0.5591145833333333 0.0109375 0.0109375 
4 0.39140625 0.5638020833333334 0.0109375 0.009895833333333333 
4 0.3893229166666667 0.56796875 0.009895833333333333 0.009895833333333333 
4 0.3841145833333333 0.57109375 0.0109375 0.011979166666666667 
4 0.3815104166666667 0.57578125 0.009895833333333333 0.009895833333333333 
4 0.37786458333333334 0.5799479166666667 0.009895833333333333 0.009895833333333333 
4 0.37473958333333335 0.5841145833333333 0.0109375 0.0109375 
4 0.37109375 0.5880208333333333 0.0109375 0.010416666666666666 
5 0.41432291666666665 0.5895833333333333 0.009895833333333333 0.009375 
4 0.6171875 0.4625 0.011458333333333333 0.010416666666666666 
4 0.6177083333333333 0.43854166666666666 0.010416666666666666 0.00625 
4 0.45546875 0.6802083333333333 0.009895833333333333 0.009375 
4 0.55546875 0.98828125 0.009895833333333333 0.0109375 
4 0.73203125 0.8609375 0.0078125 0.008333333333333333 
4 0.7377604166666667 0.8645833333333334 0.008854166666666666 0.010416666666666666 
4 0.6575520833333334 0.8083333333333333 0.009895833333333333 0.009375 
4 0.6700520833333333 0.8174479166666667 0.009895833333333333 0.008854166666666666 
4 0.6776041666666667 0.8247395833333333 0.008333333333333333 0.009895833333333333 
4 0.6846354166666667 0.8309895833333333 0.009895833333333333 0.009895833333333333 
4 0.6890625 0.8341145833333333 0.009375 0.009895833333333333 
4 0.69609375 0.8408854166666667 0.008854166666666666 0.009895833333333333 
4 0.7002604166666667 0.8447916666666667 0.009895833333333333 0.009375 
4 0.70390625 0.8489583333333334 0.008854166666666666 0.010416666666666666 
4 0.7106770833333333 0.8559895833333333 0.009895833333333333 0.009895833333333333 
4 0.7145833333333333 0.859375 0.009375 0.009375 
4 0.71875 0.8625 0.008333333333333333 0.009375 
4 0.72265625 0.865625 0.008854166666666666 0.008333333333333333 
4 0.7265625 0.8682291666666667 0.008333333333333333 0.007291666666666667 
4 0.7299479166666667 0.8731770833333333 0.008854166666666666 0.009895833333333333 
4 0.7486979166666666 0.8888020833333333 0.0109375 0.011979166666666667 
4 0.6658854166666667 0.8453125 0.009895833333333333 0.011458333333333333 
4 0.66953125 0.85 0.009895833333333333 0.009375 
4 0.6729166666666667 0.85390625 0.009375 0.009895833333333333 
4 0.6768229166666667 0.85703125 0.008854166666666666 0.009895833333333333 
4 0.6932291666666667 0.8598958333333333 0.005208333333333333 0.011458333333333333 
4 0.6809895833333334 0.8604166666666667 0.009895833333333333 0.010416666666666666 
4 0.7247395833333333 0.8958333333333334 0.008854166666666666 0.010416666666666666 
4 0.71953125 0.8947916666666667 0.0078125 0.009375 
5 0.7083333333333334 0.88359375 0.011458333333333333 0.009895833333333333 
4 0.6348958333333333 0.9734375 0.010416666666666666 0.010416666666666666 
4 0.7296875 0.85703125 0.008333333333333333 0.008854166666666666 
4 0.7268229166666667 0.8546875 0.008854166666666666 0.009375 
4 0.7223958333333333 0.8505208333333333 0.008333333333333333 0.008333333333333333 
4 0.8505208333333333 0.9145833333333333 0.008333333333333333 0.009375 
4 0.9372395833333333 0.9864583333333333 0.0109375 0.011458333333333333 
4 0.946875 0.9911458333333333 0.009375 0.010416666666666666 
4 0.9588541666666667 0.9875 0.009375 0.010416666666666666 
4 0.9552083333333333 0.9838541666666667 0.009375 0.011458333333333333 
4 0.9458333333333333 0.97734375 0.011458333333333333 0.011979166666666667 
4 0.8643229166666667 0.8614583333333333 0.009895833333333333 0.010416666666666666 
4 0.85703125 0.8692708333333333 0.009895833333333333 0.010416666666666666 
4 0.7903645833333334 0.9440104166666666 0.008854166666666666 0.008854166666666666 
4 0.78125 0.9546875 0.010416666666666666 0.010416666666666666 
4 0.8208333333333333 0.9875 0.009375 0.009375 
4 0.83125 0.975 0.009375 0.008333333333333333 
4 0.8536458333333333 0.9932291666666667 0.009375 0.009375 
4 0.8403645833333333 0.9309895833333334 0.009895833333333333 0.008854166666666666 
4 0.71875 0.84765625 0.009375 0.009895833333333333 
4 0.8109375 0.96640625 0.008333333333333333 0.009895833333333333 
4 0.7916666666666666 0.9794270833333333 0.010416666666666666 0.009895833333333333 
4 0.6236979166666666 0.8091145833333333 0.009895833333333333 0.009895833333333333 
4 0.6322916666666667 0.81640625 0.010416666666666666 0.009895833333333333 
4 0.62734375 0.7799479166666666 0.008854166666666666 0.008854166666666666 
4 0.6322916666666667 0.7833333333333333 0.009375 0.010416666666666666 
4 0.6356770833333333 0.7869791666666667 0.008854166666666666 0.009375 
4 0.6385416666666667 0.790625 0.009375 0.009375 
4 0.6427083333333333 0.7953125 0.009375 0.009375 
4 0.6518229166666667 0.7994791666666666 0.0109375 0.011458333333333333 
4 0.7075520833333333 0.8361979166666667 0.008854166666666666 0.009895833333333333 
4 0.7143229166666667 0.8440104166666667 0.008854166666666666 0.0109375 
4 0.6174479166666667 0.99296875 0.008854166666666666 0.008854166666666666 
4 0.5375 0.9916666666666667 0.009375 0.009375 
4 0.6135416666666667 0.434375 0.010416666666666666 0.007291666666666667 
4 0.53203125 0.9877604166666667 0.0109375 0.009895833333333333 
4 0.6223958333333334 0.40208333333333335 0.005208333333333333 0.0125 
4 0.6265625 0.40598958333333335 0.005208333333333333 0.009895833333333333 
4 0.63046875 0.4075520833333333 0.0046875 0.0109375 
4 0.634375 0.4140625 0.004166666666666667 0.009375 
4 0.6385416666666667 0.4171875 0.004166666666666667 0.009375 
4 0.546875 0.37447916666666664 0.014583333333333334 0.007291666666666667 
4 0.5505208333333333 0.37916666666666665 0.011458333333333333 0.007291666666666667 
4 0.5549479166666667 0.3828125 0.011979166666666667 0.00625 
4 0.5591145833333333 0.38619791666666664 0.0109375 0.0067708333333333336 
4 0.5622395833333333 0.38984375 0.0109375 0.0067708333333333336 
4 0.5838541666666667 0.3723958333333333 0.005208333333333333 0.010416666666666666 
4 0.5890625 0.3734375 0.004166666666666667 0.010416666666666666 
4 0.5911458333333334 0.38671875 0.00625 0.009895833333333333 
4 0.6033854166666667 0.3984375 0.0036458333333333334 0.010416666666666666 
4 0.6075520833333333 0.40234375 0.0046875 0.009895833333333333 
4 0.6119791666666666 0.40546875 0.004166666666666667 0.008854166666666666 
4 0.6161458333333333 0.40859375 0.005208333333333333 0.009895833333333333 
4 0.6197916666666666 0.4125 0.005208333333333333 0.010416666666666666 
4 0.6234375 0.4166666666666667 0.005208333333333333 0.009375 
4 0.628125 0.41901041666666666 0.00625 0.009895833333333333 
4 0.63203125 0.42291666666666666 0.0046875 0.009375 
4 0.58828125 0.41119791666666666 0.0109375 0.0067708333333333336 
4 0.59296875 0.41692708333333334 0.0109375 0.0067708333333333336 
4 0.5966145833333333 0.4197916666666667 0.0109375 0.007291666666666667 
4 0.6002604166666666 0.4239583333333333 0.0109375 0.00625 
4 0.6049479166666667 0.4278645833333333 0.0109375 0.005729166666666666 
4 0.6091145833333333 0.4309895833333333 0.0109375 0.005729166666666666 
4 0.6177083333333333 0.39869791666666665 0.00625 0.009895833333333333 
4 0.6140625 0.3953125 0.005208333333333333 0.010416666666666666 
4 0.6098958333333333 0.3921875 0.005208333333333333 0.011458333333333333 
4 0.61796875 0.3690104166666667 0.009895833333333333 0.005729166666666666 
4 0.5463541666666667 0.9815104166666667 0.010416666666666666 0.009895833333333333 
4 0.5697916666666667 0.9109375 0.005208333333333333 0.010416666666666666 
4 0.5645833333333333 0.9169270833333333 0.004166666666666667 0.0109375 
4 0.69375 0.2390625 0.010416666666666666 0.009375 
4 0.77421875 0.015104166666666667 0.0078125 0.008333333333333333 
5 0.78671875 0.0125 0.0140625 0.011458333333333333 
4 0.62421875 0.14036458333333332 0.008854166666666666 0.009895833333333333 
4 0.64453125 0.39453125 0.0109375 0.0078125 
4 0.6393229166666666 0.39036458333333335 0.0109375 0.0078125 
4 0.6346354166666667 0.3859375 0.0109375 0.007291666666666667 
4 0.6302083333333334 0.38177083333333334 0.009375 0.007291666666666667 
4 0.6208333333333333 0.3736979166666667 0.010416666666666666 0.005729166666666666 
4 0.5950520833333334 0.3494791666666667 0.008854166666666666 0.008333333333333333 
4 0.6052083333333333 0.38776041666666666 0.004166666666666667 0.009895833333333333 
4 0.6005208333333333 0.3536458333333333 0.010416666666666666 0.007291666666666667 
4 0.5903645833333333 0.3458333333333333 0.009895833333333333 0.009375 
4 0.5861979166666667 0.34140625 0.008854166666666666 0.009895833333333333 
4 0.57265625 0.33958333333333335 0.0109375 0.010416666666666666 
4 0.5684895833333333 0.33046875 0.009895833333333333 0.009895833333333333 
4 0.5692708333333333 0.34427083333333336 0.009375 0.009375 
4 0.5658854166666667 0.3484375 0.0109375 0.010416666666666666 
4 0.5619791666666667 0.35130208333333335 0.009375 0.009895833333333333 
4 0.55859375 0.3546875 0.008854166666666666 0.009375 
4 0.55546875 0.3578125 0.009895833333333333 0.010416666666666666 
4 0.575 0.35963541666666665 0.009375 0.008854166666666666 
4 0.6013020833333333 0.3828125 0.0046875 0.009375 
4 0.46015625 0.6770833333333334 0.009895833333333333 0.009375 
4 0.45234375 0.6833333333333333 0.008854166666666666 0.009375 
4 0.9361979166666666 0.9083333333333333 0.008854166666666666 0.011458333333333333 
0 0.7395833333333334 0.17786458333333333 0.026041666666666668 0.024479166666666666 
0 0.7513020833333334 0.07682291666666667 0.0265625 0.024479166666666666 
0 0.8572916666666667 0.17291666666666666 0.025 0.025 
0 0.8369791666666667 0.17682291666666666 0.028125 0.027604166666666666 
0 0.8395833333333333 0.15755208333333334 0.026041666666666668 0.024479166666666666 
0 0.8216145833333334 0.14114583333333333 0.025520833333333333 0.025 
0 0.8036458333333333 0.125 0.026041666666666668 0.025 
0 0.8013020833333333 0.14348958333333334 0.021354166666666667 0.021354166666666667 
0 0.7846354166666667 0.12916666666666668 0.025520833333333333 0.025 
0 0.74765625 0.09583333333333334 0.027604166666666666 0.025 
0 0.765625 0.11302083333333333 0.025 0.025 
0 0.7692708333333333 0.09322916666666667 0.027083333333333334 0.025 
0 0.7911458333333333 0.04921875 0.023958333333333335 0.0234375 
0 0.7734375 0.032552083333333336 0.022916666666666665 0.022395833333333334 
0 0.6453125 0.24791666666666667 0.026041666666666668 0.025 
0 0.66171875 0.2643229166666667 0.024479166666666666 0.024479166666666666 
0 0.6802083333333333 0.28072916666666664 0.025 0.023958333333333335 
0 0.69921875 0.29791666666666666 0.0234375 0.022916666666666665 
0 0.7166666666666667 0.3140625 0.023958333333333335 0.022916666666666665 
0 0.8294270833333334 0.24296875 0.018229166666666668 0.0109375 
0 0.7934895833333333 0.22578125 0.028645833333333332 0.027604166666666666 
0 0.79609375 0.20651041666666667 0.0234375 0.0234375 
0 0.7783854166666667 0.1890625 0.021354166666666667 0.020833333333333332 
0 0.7604166666666666 0.1734375 0.020833333333333332 0.019791666666666666 
0 0.7427083333333333 0.15755208333333334 0.020833333333333332 0.021354166666666667 
0 0.725 0.14166666666666666 0.021875 0.021875 
0 0.7083333333333334 0.12682291666666667 0.026041666666666668 0.0265625 
0 0.68984375 0.1109375 0.0265625 0.027083333333333334 
0 0.7309895833333333 0.08072916666666667 0.025520833333333333 0.025 
0 0.7122395833333334 0.06510416666666667 0.027604166666666666 0.027083333333333334 
0 0.8619791666666666 0.11302083333333333 0.026041666666666668 0.025 
5 0.11197916666666667 0.94453125 0.013541666666666667 0.016145833333333335 
5 0.3729166666666667 0.9713541666666666 0.015625 0.015625 
4 0.4153645833333333 0.9932291666666667 0.009895833333333333 0.010416666666666666 
5 0.4 0.9940104166666667 0.010416666666666666 0.011979166666666667 
5 0.39401041666666664 0.9903645833333333 0.011979166666666667 0.011979166666666667 
5 0.28489583333333335 0.96015625 0.017708333333333333 0.018229166666666668 
4 0.25026041666666665 0.9861979166666667 0.0109375 0.0109375 
5 0.13151041666666666 0.97265625 0.011979166666666667 0.009895833333333333 
5 0.13489583333333333 0.96796875 0.013541666666666667 0.009895833333333333 
5 0.14895833333333333 0.9653645833333333 0.014583333333333334 0.0109375 
4 0.128125 0.9856770833333334 0.009375 0.011979166666666667 
4 0.11875 0.9911458333333333 0.010416666666666666 0.013541666666666667 
5 0.1 0.9653645833333333 0.015625 0.022395833333333334 
5 0.12213541666666666 0.9276041666666667 0.015104166666666667 0.01875 
0 0.8981770833333333 0.14505208333333333 0.0265625 0.0265625 
5 0.13541666666666666 0.9065104166666667 0.016666666666666666 0.022395833333333334 
0 0.39140625 0.4973958333333333 0.0609375 0.06041666666666667 
0 0.33098958333333334 0.4328125 0.07135416666666666 0.059375 
0 0.6854166666666667 0.12994791666666666 0.026041666666666668 0.024479166666666666 
0 0.7580729166666667 0.19348958333333333 0.027604166666666666 0.027604166666666666 
4 0.35833333333333334 0.959375 0.010416666666666666 0.011458333333333333 
0 0.4981770833333333 0.2638020833333333 0.0453125 0.044270833333333336 
0 0.084375 0.7609375 0.027083333333333334 0.025 
0 0.07395833333333333 0.7411458333333333 0.03125 0.030208333333333334 
0 0.09557291666666666 0.6908854166666667 0.030729166666666665 0.0296875 
0 0.11484375 0.7109375 0.030729166666666665 0.03125 
0 0.134375 0.7263020833333333 0.020833333333333332 0.0203125 
0 0.1765625 0.68359375 0.04375 0.043229166666666666 
0 0.22760416666666666 0.72578125 0.06458333333333334 0.0578125 
0 0.24505208333333334 0.753125 0.0359375 0.034375 
0 0.27708333333333335 0.7338541666666667 0.04895833333333333 0.04791666666666667 
0 0.2708333333333333 0.7734375 0.036458333333333336 0.03125 
0 0.2953125 0.7783854166666667 0.04791666666666667 0.0484375 
0 0.3140625 0.7604166666666666 0.03958333333333333 0.03333333333333333 
0 0.3296875 0.69765625 0.07291666666666667 0.06927083333333334 
0 0.34765625 0.6747395833333333 0.027604166666666666 0.0140625 
0 0.36354166666666665 0.6880208333333333 0.029166666666666667 0.026041666666666668 
0 0.32734375 0.7276041666666667 0.027604166666666666 0.03333333333333333 
0 0.30911458333333336 0.6572916666666667 0.04114583333333333 0.041666666666666664 
0 0.24765625 0.6135416666666667 0.027604166666666666 0.023958333333333335 
0 0.28046875 0.5283854166666667 0.0515625 0.050520833333333334 
0 0.3109375 0.5598958333333334 0.04583333333333333 0.046875 
0 0.33671875 0.5848958333333333 0.043229166666666666 0.042708333333333334 
0 0.10859375 0.76796875 0.03177083333333333 0.030729166666666665 
0 0.07265625 0.8270833333333333 0.0359375 0.036458333333333336 
0 0.06770833333333333 0.8096354166666667 0.027083333333333334 0.024479166666666666 
0 0.52734375 0.38697916666666665 0.025520833333333333 0.014583333333333334 
0 0.515625 0.31692708333333336 0.04583333333333333 0.044270833333333336 
0 0.5088541666666667 0.3458333333333333 0.027083333333333334 0.027083333333333334 
0 0.39296875 0.35546875 0.06822916666666666 0.06302083333333333 
0 0.41770833333333335 0.38984375 0.04479166666666667 0.043229166666666666 
0 0.45859375 0.396875 0.03802083333333333 0.03333333333333333 
0 0.440625 0.42135416666666664 0.040625 0.040625 
0 0.47552083333333334 0.41328125 0.03229166666666667 0.028645833333333332 
0 0.4630208333333333 0.4434895833333333 0.042708333333333334 0.043229166666666666 
0 0.49453125 0.42864583333333334 0.0328125 0.03125 
0 0.5114583333333333 0.4479166666666667 0.022916666666666665 0.023958333333333335 
0 0.534375 0.4083333333333333 0.017708333333333333 0.023958333333333335 
0 0.5502604166666667 0.4 0.0296875 0.029166666666666667 
0 0.5153645833333333 0.37578125 0.024479166666666666 0.024479166666666666 
0 0.04635416666666667 0.8078125 0.034375 0.03333333333333333 
0 0.5260416666666666 0.3611979166666667 0.025 0.025520833333333333 
0 0.540625 0.3411458333333333 0.046875 0.04583333333333333 
0 0.6518229166666667 0.2872395833333333 0.0421875 0.0421875 
0 0.6283854166666667 0.26015625 0.043229166666666666 0.044270833333333336 
0 0.60078125 0.23802083333333332 0.0421875 0.041666666666666664 
0 0.6033854166666667 0.26067708333333334 0.030729166666666665 0.0296875 
0 0.5734375 0.24453125 0.04479166666666667 0.044270833333333336 
0 0.5705729166666667 0.21588541666666666 0.0578125 0.0578125 
0 0.6416666666666667 0.17916666666666667 0.025 0.025 
0 0.6247395833333333 0.1625 0.028645833333333332 0.028125 
0 0.046875 0.8828125 0.027083333333333334 0.026041666666666668 
0 0.025520833333333333 0.8677083333333333 0.027083333333333334 0.026041666666666668 
4 0.36770833333333336 0.9658854166666667 0.011458333333333333 0.0140625 
4 0.34791666666666665 0.9481770833333333 0.0125 0.013020833333333334 
4 0.4484375 0.68828125 0.009375 0.009895833333333333 
4 0.5208333333333334 0.8768229166666667 0.011458333333333333 0.005729166666666666 
4 0.3177083333333333 0.82421875 0.009375 0.008854166666666666 
4 0.31354166666666666 0.8286458333333333 0.010416666666666666 0.009375 
4 0.33541666666666664 0.8044270833333333 0.009375 0.0109375 
4 0.33828125 0.7989583333333333 0.009895833333333333 0.009375 
4 0.35494791666666664 0.7856770833333333 0.009895833333333333 0.008854166666666666 
4 0.3575520833333333 0.7815104166666667 0.0109375 0.009895833333333333 
4 0.35911458333333335 0.7755208333333333 0.009895833333333333 0.008333333333333333 
4 0.3619791666666667 0.7705729166666667 0.010416666666666666 0.0109375 
4 0.36328125 0.76484375 0.008854166666666666 0.009895833333333333 
4 0.35651041666666666 0.7606770833333333 0.009895833333333333 0.0109375 
4 0.36744791666666665 0.7541666666666667 0.0109375 0.009375 
4 0.37109375 0.7497395833333333 0.009895833333333333 0.008854166666666666 
4 0.3734375 0.7440104166666667 0.010416666666666666 0.008854166666666666 
4 0.37604166666666666 0.7393229166666667 0.011458333333333333 0.009895833333333333 
5 0.4609375 0.8041666666666667 0.009375 0.009375 
4 0.4549479166666667 0.8119791666666667 0.0109375 0.009375 
4 0.45260416666666664 0.815625 0.010416666666666666 0.009375 
4 0.44947916666666665 0.8197916666666667 0.011458333333333333 0.009375 
4 0.4453125 0.82421875 0.011458333333333333 0.0109375 
4 0.44114583333333335 0.828125 0.010416666666666666 0.010416666666666666 
4 0.4375 0.83125 0.009375 0.009375 
4 0.43385416666666665 0.8359375 0.009375 0.010416666666666666 
4 0.42994791666666665 0.8393229166666667 0.009895833333333333 0.008854166666666666 
4 0.42552083333333335 0.8432291666666667 0.009375 0.009375 
4 0.42291666666666666 0.8619791666666666 0.010416666666666666 0.009375 
4 0.4140625 0.8583333333333333 0.010416666666666666 0.009375 
4 0.5098958333333333 0.86640625 0.0125 0.005729166666666666 
4 0.32109375 0.8203125 0.0109375 0.009375 
4 0.328125 0.8119791666666667 0.010416666666666666 0.009375 
4 0.34296875 0.7955729166666666 0.009895833333333333 0.008854166666666666 
4 0.43359375 0.6513020833333333 0.009895833333333333 0.009895833333333333 
4 0.44479166666666664 0.6919270833333333 0.009375 0.009895833333333333 
4 0.44088541666666664 0.6963541666666667 0.009895833333333333 0.010416666666666666 
4 0.4625 0.65078125 0.010416666666666666 0.009895833333333333 
4 0.39427083333333335 0.6169270833333333 0.009375 0.0109375 
4 0.40208333333333335 0.6244791666666667 0.009375 0.009375 
4 0.40598958333333335 0.6283854166666667 0.009895833333333333 0.009895833333333333 
4 0.40989583333333335 0.63125 0.009375 0.010416666666666666 
4 0.41432291666666665 0.6346354166666667 0.009895833333333333 0.009895833333333333 
4 0.41875 0.6380208333333334 0.010416666666666666 0.010416666666666666 
4 0.421875 0.6408854166666667 0.009375 0.009895833333333333 
4 0.4244791666666667 0.6455729166666667 0.009375 0.0109375 
4 0.42890625 0.6486979166666667 0.008854166666666666 0.0109375 
4 0.43828125 0.6565104166666667 0.008854166666666666 0.0109375 
4 0.4278645833333333 0.6997395833333333 0.005729166666666666 0.008854166666666666 
4 0.434375 0.6661458333333333 0.009375 0.009375 
4 0.43046875 0.66953125 0.0109375 0.0109375 
4 0.38125 0.6411458333333333 0.010416666666666666 0.009375 
5 0.39479166666666665 0.6354166666666666 0.011458333333333333 0.010416666666666666 
5 0.38645833333333335 0.6442708333333333 0.010416666666666666 0.009375 
4 0.40677083333333336 0.6473958333333333 0.009375 0.009375 
5 0.3984375 0.6401041666666667 0.014583333333333334 0.0125 
4 0.3888020833333333 0.6497395833333334 0.0109375 0.0109375 
4 0.39557291666666666 0.6502604166666667 0.008854166666666666 0.009895833333333333 
4 0.39166666666666666 0.675 0.008333333333333333 0.009375 
4 0.38333333333333336 0.6815104166666667 0.009375 0.009895833333333333 
4 0.42239583333333336 0.6984375 0.005208333333333333 0.009375 
4 0.5143229166666666 0.87109375 0.0109375 0.0046875 
4 0.4734375 0.9098958333333333 0.010416666666666666 0.011458333333333333 
5 0.34348958333333335 0.9453125 0.013020833333333334 0.013541666666666667 
4 0.48072916666666665 0.91640625 0.008333333333333333 0.0078125 
4 0.4609375 0.9328125 0.009375 0.010416666666666666 
4 0.46484375 0.9359375 0.009895833333333333 0.011458333333333333 
4 0.46901041666666665 0.93984375 0.008854166666666666 0.0109375 
5 0.47291666666666665 0.94375 0.0125 0.0125 
4 0.47682291666666665 0.94765625 0.008854166666666666 0.0109375 
4 0.48151041666666666 0.9497395833333333 0.008854166666666666 0.009895833333333333 
4 0.48463541666666665 0.9533854166666667 0.009895833333333333 0.009895833333333333 
4 0.48880208333333336 0.9580729166666667 0.009895833333333333 0.009895833333333333 
4 0.49583333333333335 0.9638020833333333 0.009375 0.0109375 
4 0.49895833333333334 0.9669270833333333 0.008333333333333333 0.008854166666666666 
4 0.50234375 0.96953125 0.008854166666666666 0.0109375 
4 0.5067708333333333 0.9716145833333333 0.009375 0.0109375 
4 0.46328125 0.95234375 0.0109375 0.011979166666666667 
4 0.47239583333333335 0.9591145833333333 0.009375 0.008854166666666666 
4 0.47552083333333334 0.9625 0.009375 0.010416666666666666 
4 0.4171875 0.9299479166666667 0.011458333333333333 0.008854166666666666 
4 0.41328125 0.9276041666666667 0.009895833333333333 0.009375 
4 0.41015625 0.9236979166666667 0.0109375 0.009895833333333333 
4 0.43072916666666666 0.94140625 0.009375 0.009895833333333333 
4 0.43463541666666666 0.9450520833333333 0.008854166666666666 0.008854166666666666 
4 0.43854166666666666 0.9486979166666667 0.007291666666666667 0.009895833333333333 
4 0.4421875 0.9515625 0.008333333333333333 0.008333333333333333 
4 0.48333333333333334 0.9697916666666667 0.008333333333333333 0.010416666666666666 
4 0.4627604166666667 0.96484375 0.0109375 0.011979166666666667 
4 0.43697916666666664 0.98046875 0.009375 0.0078125 
4 0.4466145833333333 0.97109375 0.008854166666666666 0.008854166666666666 
4 0.45208333333333334 0.9783854166666667 0.009375 0.0109375 
4 0.45677083333333335 0.9294270833333333 0.010416666666666666 0.009895833333333333 
4 0.453125 0.9255208333333333 0.011458333333333333 0.010416666666666666 
4 0.44895833333333335 0.9223958333333333 0.010416666666666666 0.010416666666666666 
4 0.5296875 0.9559895833333333 0.005208333333333333 0.009895833333333333 
4 0.4859375 0.9205729166666666 0.009375 0.008854166666666666 
4 0.4890625 0.9247395833333333 0.010416666666666666 0.009895833333333333 
4 0.4934895833333333 0.9286458333333333 0.008854166666666666 0.009375 
4 0.4973958333333333 0.9317708333333333 0.008333333333333333 0.009375 
4 0.5013020833333334 0.9359375 0.008854166666666666 0.009375 
4 0.5059895833333333 0.9380208333333333 0.0078125 0.009375 
4 0.5096354166666667 0.9411458333333333 0.008854166666666666 0.010416666666666666 
4 0.51328125 0.94453125 0.008854166666666666 0.008854166666666666 
5 0.55 0.9330729166666667 0.00625 0.0109375 
4 0.5442708333333334 0.9388020833333334 0.005208333333333333 0.0109375 
4 0.5390625 0.9440104166666666 0.004166666666666667 0.0109375 
4 0.5341145833333333 0.9497395833333333 0.0046875 0.009895833333333333 
4 0.5247395833333334 0.9609375 0.005729166666666666 0.009375 
4 0.44609375 0.91875 0.0109375 0.010416666666666666 
4 0.3966145833333333 0.87421875 0.008854166666666666 0.008854166666666666 
4 0.40390625 0.8809895833333333 0.008854166666666666 0.009895833333333333 
4 0.4083333333333333 0.8856770833333333 0.009375 0.008854166666666666 
4 0.41119791666666666 0.8890625 0.009895833333333333 0.010416666666666666 
4 0.41510416666666666 0.89140625 0.009375 0.009895833333333333 
4 0.41901041666666666 0.8950520833333333 0.009895833333333333 0.0109375 
4 0.4234375 0.8981770833333333 0.0125 0.0109375 
4 0.42734375 0.9018229166666667 0.0109375 0.009895833333333333 
4 0.43125 0.90390625 0.010416666666666666 0.0109375 
4 0.43463541666666666 0.9075520833333334 0.009895833333333333 0.011979166666666667 
4 0.43828125 0.9119791666666667 0.008854166666666666 0.011458333333333333 
4 0.4427083333333333 0.91484375 0.010416666666666666 0.0109375 
4 0.9515625 0.9942708333333333 0.008333333333333333 0.009375 
4 0.9296875 0.9028645833333333 0.009375 0.011979166666666667 
4 0.8736979166666666 0.7864583333333334 0.009895833333333333 0.009375 
4 0.6828125 0.5611979166666666 0.009375 0.008854166666666666 
4 0.8729166666666667 0.5875 0.009375 0.009375 
4 0.8635416666666667 0.5888020833333333 0.010416666666666666 0.008854166666666666 
4 0.8645833333333334 0.59609375 0.010416666666666666 0.009895833333333333 
4 0.8559895833333333 0.6049479166666667 0.008854166666666666 0.0109375 
4 0.8729166666666667 0.5979166666666667 0.010416666666666666 0.009375 
4 0.8776041666666666 0.6010416666666667 0.011458333333333333 0.010416666666666666 
4 0.890625 0.58515625 0.008333333333333333 0.008854166666666666 
4 0.8927083333333333 0.5984375 0.008333333333333333 0.009375 
4 0.9111979166666667 0.58515625 0.009895833333333333 0.008854166666666666 
4 0.9166666666666666 0.5877604166666667 0.009375 0.008854166666666666 
4 0.9083333333333333 0.5815104166666667 0.009375 0.009895833333333333 
4 0.9130208333333333 0.5703125 0.009375 0.008333333333333333 
4 0.9161458333333333 0.5734375 0.009375 0.009375 
4 0.9190104166666667 0.5778645833333333 0.008854166666666666 0.0078125 
4 0.92421875 0.5794270833333334 0.008854166666666666 0.009895833333333333 
5 0.9322916666666666 0.6072916666666667 0.009375 0.004166666666666667 
5 0.9450520833333333 0.6205729166666667 0.0078125 0.0036458333333333334 
4 0.9658854166666667 0.6036458333333333 0.009895833333333333 0.009375 
4 0.9502604166666667 0.6348958333333333 0.008854166666666666 0.009375 
4 0.7606770833333333 0.5747395833333333 0.0109375 0.011979166666666667 
4 0.7528645833333333 0.5677083333333334 0.0078125 0.008333333333333333 
4 0.74921875 0.5627604166666667 0.0078125 0.0078125 
4 0.7434895833333334 0.56015625 0.0078125 0.008854166666666666 
4 0.7388020833333333 0.5557291666666667 0.008854166666666666 0.010416666666666666 
4 0.7481770833333333 0.5825520833333333 0.0109375 0.009895833333333333 
4 0.7296875 0.57109375 0.007291666666666667 0.009895833333333333 
4 0.6973958333333333 0.5315104166666667 0.009375 0.008854166666666666 
4 0.8861979166666667 0.571875 0.009895833333333333 0.009375 
4 0.8924479166666667 0.5645833333333333 0.008854166666666666 0.009375 
4 0.90234375 0.5609375 0.0078125 0.008333333333333333 
4 0.8091145833333333 0.5216145833333333 0.0046875 0.008854166666666666 
4 0.8223958333333333 0.50703125 0.010416666666666666 0.009895833333333333 
4 0.8263020833333333 0.5096354166666667 0.009895833333333333 0.009895833333333333 
4 0.8330729166666667 0.5153645833333333 0.0109375 0.0109375 
4 0.8372395833333334 0.5197916666666667 0.0109375 0.010416666666666666 
4 0.84140625 0.5229166666666667 0.0109375 0.010416666666666666 
4 0.8463541666666666 0.5278645833333333 0.010416666666666666 0.0109375 
4 0.85078125 0.5317708333333333 0.0109375 0.010416666666666666 
4 0.8546875 0.53515625 0.011458333333333333 0.0109375 
4 0.7877604166666666 0.5028645833333333 0.0046875 0.011979166666666667 
4 0.7932291666666667 0.5083333333333333 0.005208333333333333 0.0125 
4 0.7989583333333333 0.5127604166666667 0.00625 0.0109375 
4 0.8041666666666667 0.5177083333333333 0.00625 0.011458333333333333 
4 0.8338541666666667 0.5455729166666666 0.009375 0.009895833333333333 
4 0.8989583333333333 0.5575520833333333 0.008333333333333333 0.008854166666666666 
4 0.8296875 0.5419270833333333 0.010416666666666666 0.009895833333333333 
4 0.8111979166666666 0.5390625 0.0109375 0.011458333333333333 
4 0.8190104166666666 0.54609375 0.009895833333333333 0.008854166666666666 
4 0.82734375 0.5544270833333333 0.0109375 0.009895833333333333 
5 0.82109375 0.5565104166666667 0.013020833333333334 0.011979166666666667 
5 0.8111979166666666 0.5479166666666667 0.011979166666666667 0.011458333333333333 
4 0.79609375 0.5505208333333333 0.008854166666666666 0.008333333333333333 
4 0.8 0.546875 0.009375 0.009375 
4 0.9869791666666666 0.6010416666666667 0.008333333333333333 0.008333333333333333 
4 0.9830729166666666 0.5971354166666667 0.008854166666666666 0.009895833333333333 
4 0.97890625 0.5934895833333333 0.009895833333333333 0.009895833333333333 
4 0.9721354166666667 0.5856770833333333 0.009895833333333333 0.0109375 
4 0.6893229166666667 0.5528645833333333 0.009895833333333333 0.009895833333333333 
4 0.6786458333333333 0.5658854166666667 0.010416666666666666 0.009895833333333333 
4 0.8153645833333333 0.5010416666666667 0.0109375 0.009375 
4 0.6747395833333333 0.56875 0.009895833333333333 0.009375 
4 0.75390625 0.6411458333333333 0.0078125 0.008333333333333333 
4 0.7575520833333333 0.64375 0.008854166666666666 0.008333333333333333 
4 0.7604166666666666 0.6338541666666667 0.008333333333333333 0.009375 
5 0.7572916666666667 0.6296875 0.010416666666666666 0.010416666666666666 
4 0.7713541666666667 0.6270833333333333 0.009375 0.009375 
4 0.7645833333333333 0.6364583333333333 0.009375 0.009375 
5 0.7671875 0.6479166666666667 0.010416666666666666 0.009375 
4 0.7755208333333333 0.6458333333333334 0.008333333333333333 0.009375 
4 0.7854166666666667 0.6411458333333333 0.008333333333333333 0.008333333333333333 
4 0.7796875 0.6346354166666667 0.009375 0.009895833333333333 
4 0.7450520833333333 0.6713541666666667 0.008854166666666666 0.008333333333333333 
4 0.7872395833333333 0.6546875 0.0078125 0.009375 
4 0.77890625 0.6635416666666667 0.008854166666666666 0.009375 
4 0.82109375 0.6497395833333334 0.0109375 0.0109375 
4 0.8153645833333333 0.6578125 0.0109375 0.010416666666666666 
4 0.8119791666666667 0.66171875 0.010416666666666666 0.009895833333333333 
4 0.80625 0.66796875 0.009375 0.0109375 
4 0.8036458333333333 0.6716145833333333 0.010416666666666666 0.009895833333333333 
4 0.8002604166666667 0.675 0.009895833333333333 0.010416666666666666 
4 0.7971354166666667 0.6786458333333333 0.009895833333333333 0.010416666666666666 
4 0.7934895833333333 0.6841145833333333 0.011979166666666667 0.011979166666666667 
4 0.7888020833333333 0.6861979166666666 0.009895833333333333 0.0109375 
4 0.78515625 0.68984375 0.0109375 0.008854166666666666 
4 0.7815104166666667 0.6934895833333333 0.009895833333333333 0.008854166666666666 
4 0.7776041666666667 0.696875 0.008333333333333333 0.009375 
4 0.8005208333333333 0.6544270833333333 0.010416666666666666 0.0109375 
4 0.7747395833333334 0.6755208333333333 0.008854166666666666 0.009375 
4 0.75078125 0.6369791666666667 0.0078125 0.007291666666666667 
5 0.74375 0.6375 0.010416666666666666 0.011458333333333333 
5 0.74453125 0.6453125 0.009895833333333333 0.010416666666666666 
4 0.7067708333333333 0.69296875 0.009375 0.009895833333333333 
4 0.671875 0.5734375 0.010416666666666666 0.009375 
5 0.6713541666666667 0.6088541666666667 0.009375 0.009375 
4 0.6786458333333333 0.6020833333333333 0.010416666666666666 0.008333333333333333 
4 0.6822916666666666 0.5979166666666667 0.009375 0.009375 
4 0.68671875 0.5942708333333333 0.009895833333333333 0.009375 
4 0.6901041666666666 0.58984375 0.009375 0.0078125 
4 0.6942708333333333 0.5854166666666667 0.009375 0.009375 
4 0.7005208333333334 0.5778645833333333 0.008333333333333333 0.009895833333333333 
4 0.7044270833333334 0.5739583333333333 0.008854166666666666 0.008333333333333333 
4 0.70859375 0.5692708333333333 0.008854166666666666 0.009375 
4 0.696875 0.71171875 0.010416666666666666 0.009895833333333333 
4 0.70390625 0.7041666666666667 0.009895833333333333 0.009375 
4 0.6997395833333333 0.7002604166666667 0.0078125 0.0078125 
4 0.7263020833333333 0.61484375 0.009895833333333333 0.009895833333333333 
4 0.7111979166666667 0.6963541666666667 0.009895833333333333 0.009375 
4 0.7143229166666667 0.6846354166666667 0.008854166666666666 0.008854166666666666 
4 0.71796875 0.6877604166666667 0.008854166666666666 0.009895833333333333 
4 0.7255208333333333 0.68046875 0.008333333333333333 0.008854166666666666 
4 0.7208333333333333 0.6778645833333333 0.010416666666666666 0.009895833333333333 
4 0.7315104166666667 0.6731770833333334 0.008854166666666666 0.008854166666666666 
4 0.7268229166666667 0.6703125 0.008854166666666666 0.009375 
4 0.734375 0.6638020833333333 0.009375 0.009895833333333333 
4 0.73125 0.6596354166666667 0.009375 0.008854166666666666 
4 0.7403645833333333 0.65625 0.008854166666666666 0.009375 
4 0.7375 0.6658854166666667 0.008333333333333333 0.0078125 
4 0.7377604166666667 0.6520833333333333 0.008854166666666666 0.009375 
4 0.8184895833333333 0.5033854166666667 0.009895833333333333 0.009895833333333333 
4 0.8114583333333333 0.4973958333333333 0.010416666666666666 0.011458333333333333 
4 0.7713541666666667 0.6872395833333333 0.009375 0.008854166666666666 
4 0.8934895833333333 0.31484375 0.011979166666666667 0.0109375 
4 0.925 0.07864583333333333 0.007291666666666667 0.007291666666666667 
4 0.9958333333333333 0.26875 0.009375 0.009375 
4 0.9919270833333333 0.27265625 0.0109375 0.009895833333333333 
4 0.9861979166666667 0.2794270833333333 0.009895833333333333 0.009895833333333333 
4 0.98828125 0.2546875 0.009895833333333333 0.009375 
4 0.978125 0.265625 0.010416666666666666 0.008333333333333333 
4 0.9752604166666666 0.26953125 0.011979166666666667 0.011979166666666667 
4 0.9682291666666667 0.27734375 0.009375 0.009895833333333333 
4 0.9953125 0.22005208333333334 0.009375 0.009895833333333333 
4 0.9822916666666667 0.2171875 0.010416666666666666 0.010416666666666666 
4 0.97890625 0.22083333333333333 0.009895833333333333 0.009375 
4 0.9755208333333333 0.22447916666666667 0.009375 0.009375 
4 0.97265625 0.22864583333333333 0.009895833333333333 0.009375 
5 0.95 0.20052083333333334 0.009375 0.009375 
4 0.9690104166666667 0.23255208333333333 0.009895833333333333 0.009895833333333333 
4 0.9653645833333333 0.23619791666666667 0.009895833333333333 0.008854166666666666 
4 0.9622395833333334 0.24010416666666667 0.008854166666666666 0.009375 
4 0.9588541666666667 0.24401041666666667 0.009375 0.009895833333333333 
4 0.9546875 0.24713541666666666 0.010416666666666666 0.008854166666666666 
4 0.95390625 0.253125 0.0109375 0.009375 
4 0.95 0.25625 0.009375 0.010416666666666666 
4 0.9466145833333334 0.259375 0.009895833333333333 0.009375 
4 0.9432291666666667 0.26328125 0.010416666666666666 0.0109375 
4 0.93828125 0.26640625 0.009895833333333333 0.009895833333333333 
5 0.8986979166666667 0.2109375 0.011979166666666667 0.0125 
4 0.9627604166666667 0.28541666666666665 0.009895833333333333 0.009375 
4 0.8473958333333333 0.24010416666666667 0.008333333333333333 0.010416666666666666 
4 0.9177083333333333 0.08098958333333334 0.010416666666666666 0.009895833333333333 
4 0.9104166666666667 0.08880208333333334 0.010416666666666666 0.008854166666666666 
4 0.9515625 0.0984375 0.010416666666666666 0.009375 
5 0.6598958333333333 0.10572916666666667 0.009375 0.010416666666666666 
4 0.63203125 0.7205729166666667 0.008854166666666666 0.009895833333333333 
4 0.9231770833333334 0.7096354166666666 0.009895833333333333 0.0109375 
4 0.8807291666666667 0.7453125 0.011458333333333333 0.011458333333333333 
4 0.53359375 0.8872395833333333 0.0140625 0.0046875 
4 0.6421875 0.9822916666666667 0.007291666666666667 0.008333333333333333 
4 0.7927083333333333 0.6638020833333333 0.010416666666666666 0.008854166666666666 
4 0.9458333333333333 0.6390625 0.009375 0.009375 
4 0.8591145833333333 0.4505208333333333 0.009895833333333333 0.010416666666666666 
4 0.8484375 0.43984375 0.008333333333333333 0.009895833333333333 
4 0.8361979166666667 0.4309895833333333 0.0078125 0.009895833333333333 
4 0.8552083333333333 0.36744791666666665 0.008333333333333333 0.008854166666666666 
4 0.9591145833333333 0.18854166666666666 0.008854166666666666 0.009375 
4 0.9901041666666667 0.7981770833333334 0.010416666666666666 0.0078125 
4 0.9799479166666667 0.11979166666666667 0.008854166666666666 0.009375 
4 0.9518229166666666 0.9221354166666667 0.0109375 0.013020833333333334 
5 0.5072916666666667 0.36041666666666666 0.011458333333333333 0.010416666666666666 
5 0.48385416666666664 0.29661458333333335 0.0125 0.0140625 
5 0.46640625 0.31953125 0.019270833333333334 0.0203125 
5 0.47682291666666665 0.3255208333333333 0.018229166666666668 0.01875 
5 0.15546875 0.9059895833333333 0.0234375 0.033854166666666664 
4 0.14765625 0.99453125 0.0109375 0.0046875 
4 0.9755208333333333 0.13359375 0.009375 0.008854166666666666 
4 0.96171875 0.13854166666666667 0.0078125 0.009375 
4 0.9677083333333333 0.15364583333333334 0.009375 0.010416666666666666 
4 0.9817708333333334 0.159375 0.004166666666666667 0.011458333333333333 
4 0.9908854166666666 0.1375 0.009895833333333333 0.010416666666666666 
4 0.8963541666666667 0.30963541666666666 0.011458333333333333 0.0109375 
4 0.8890625 0.31796875 0.010416666666666666 0.009895833333333333 
4 0.80703125 0.4942708333333333 0.0109375 0.009375 
4 0.88671875 0.32265625 0.0109375 0.009895833333333333 
4 0.9533854166666667 0.40859375 0.008854166666666666 0.009895833333333333 
4 0.9677083333333333 0.42213541666666665 0.010416666666666666 0.011979166666666667 
4 0.9716145833333333 0.42526041666666664 0.009895833333333333 0.011979166666666667 
4 0.9755208333333333 0.42942708333333335 0.009375 0.0109375 
4 0.97890625 0.4328125 0.009895833333333333 0.010416666666666666 
4 0.9828125 0.4359375 0.010416666666666666 0.010416666666666666 
4 0.9869791666666666 0.4388020833333333 0.009375 0.0109375 
4 0.9901041666666667 0.4427083333333333 0.009375 0.010416666666666666 
4 0.9942708333333333 0.44505208333333335 0.010416666666666666 0.009895833333333333 
4 0.9213541666666667 0.4005208333333333 0.011458333333333333 0.010416666666666666 
4 0.92421875 0.4036458333333333 0.008854166666666666 0.010416666666666666 
4 0.928125 0.4078125 0.009375 0.010416666666666666 
4 0.8942708333333333 0.41119791666666666 0.009375 0.008854166666666666 
4 0.8893229166666666 0.4080729166666667 0.009895833333333333 0.009895833333333333 
4 0.8658854166666666 0.403125 0.009895833333333333 0.009375 
4 0.8723958333333334 0.4114583333333333 0.009375 0.009375 
4 0.8809895833333333 0.41770833333333335 0.008854166666666666 0.009375 
4 0.8841145833333334 0.4203125 0.009895833333333333 0.009375 
4 0.8885416666666667 0.42473958333333334 0.010416666666666666 0.011979166666666667 
4 0.80703125 0.41640625 0.008854166666666666 0.009895833333333333 
4 0.8140625 0.4088541666666667 0.010416666666666666 0.011458333333333333 
4 0.8184895833333333 0.40651041666666665 0.009895833333333333 0.009895833333333333 
4 0.82109375 0.36380208333333336 0.008854166666666666 0.008854166666666666 
4 0.8104166666666667 0.3645833333333333 0.009375 0.010416666666666666 
4 0.7065104166666667 0.46927083333333336 0.009895833333333333 0.009375 
4 0.4591145833333333 0.7309895833333333 0.011979166666666667 0.009895833333333333 
4 0.47682291666666665 0.784375 0.009895833333333333 0.010416666666666666 
4 0.9458333333333333 0.4015625 0.008333333333333333 0.010416666666666666 
4 0.9421875 0.39869791666666665 0.009375 0.009895833333333333 
4 0.9692708333333333 0.3893229166666667 0.010416666666666666 0.009895833333333333 
4 0.9138020833333333 0.33151041666666664 0.008854166666666666 0.008854166666666666 
4 0.8838541666666667 0.3263020833333333 0.009375 0.009895833333333333 
4 0.8802083333333334 0.3302083333333333 0.009375 0.009375 
4 0.89453125 0.27317708333333335 0.009895833333333333 0.009895833333333333 
4 0.8416666666666667 0.31875 0.010416666666666666 0.009375 
4 0.95234375 0.29453125 0.009895833333333333 0.008854166666666666 
4 0.9473958333333333 0.2989583333333333 0.010416666666666666 0.009375 
4 0.9640625 0.30520833333333336 0.009375 0.010416666666666666 
4 0.9565104166666667 0.31197916666666664 0.0078125 0.010416666666666666 
4 0.9513020833333333 0.3203125 0.009895833333333333 0.005208333333333333 
4 0.9401041666666666 0.30442708333333335 0.011458333333333333 0.009895833333333333 
4 0.9200520833333333 0.3229166666666667 0.009895833333333333 0.010416666666666666 
4 0.9169270833333333 0.32760416666666664 0.009895833333333333 0.009375 
4 0.9247395833333333 0.3341145833333333 0.008854166666666666 0.008854166666666666 
4 0.9346354166666667 0.39114583333333336 0.0109375 0.011458333333333333 
4 0.9213541666666667 0.3380208333333333 0.009375 0.010416666666666666 
4 0.909375 0.3346354166666667 0.010416666666666666 0.0109375 
4 0.91796875 0.34375 0.0109375 0.010416666666666666 
4 0.8807291666666667 0.3411458333333333 0.010416666666666666 0.009375 
4 0.8854166666666666 0.34427083333333336 0.010416666666666666 0.010416666666666666 
4 0.8869791666666667 0.34869791666666666 0.010416666666666666 0.0109375 
4 0.8919270833333334 0.35130208333333335 0.009895833333333333 0.009895833333333333 
4 0.8963541666666667 0.35572916666666665 0.011458333333333333 0.010416666666666666 
4 0.9036458333333334 0.36171875 0.010416666666666666 0.009895833333333333 
4 0.9106770833333333 0.3690104166666667 0.008854166666666666 0.008854166666666666 
4 0.9174479166666667 0.37578125 0.008854166666666666 0.008854166666666666 
4 0.9221354166666667 0.37890625 0.008854166666666666 0.009895833333333333 
5 0.7622395833333333 0.6768229166666667 0.009895833333333333 0.009895833333333333 
4 0.7604166666666666 0.6911458333333333 0.009375 0.010416666666666666 
4 0.9325520833333333 0.8619791666666666 0.009895833333333333 0.009375 
4 0.6356770833333333 0.7713541666666667 0.0109375 0.010416666666666666 
4 0.675 0.7744791666666667 0.009375 0.010416666666666666 
4 0.6783854166666666 0.778125 0.009895833333333333 0.011458333333333333 
4 0.6822916666666666 0.7809895833333333 0.010416666666666666 0.0109375 
5 0.6864583333333333 0.7846354166666667 0.011458333333333333 0.0109375 
4 0.6940104166666666 0.7916666666666666 0.009895833333333333 0.010416666666666666 
4 0.69765625 0.7947916666666667 0.008854166666666666 0.009375 
4 0.7130208333333333 0.8088541666666667 0.008333333333333333 0.010416666666666666 
5 0.7255208333333333 0.8208333333333333 0.010416666666666666 0.011458333333333333 
4 0.7359375 0.82890625 0.008333333333333333 0.009895833333333333 
5 0.7424479166666667 0.8356770833333333 0.009895833333333333 0.009895833333333333 
4 0.7458333333333333 0.83984375 0.010416666666666666 0.0109375 
4 0.75078125 0.8411458333333334 0.008854166666666666 0.009375 
4 0.7541666666666667 0.8450520833333334 0.009375 0.008854166666666666 
4 0.6127604166666667 0.725 0.0046875 0.010416666666666666 
4 0.6065104166666667 0.7127604166666667 0.008854166666666666 0.009895833333333333 
4 0.609375 0.7080729166666667 0.008333333333333333 0.008854166666666666 
4 0.603125 0.7161458333333334 0.010416666666666666 0.010416666666666666 
4 0.5963541666666666 0.7236979166666667 0.009375 0.009895833333333333 
4 0.5932291666666667 0.7276041666666667 0.010416666666666666 0.008333333333333333 
4 0.5856770833333333 0.73515625 0.009895833333333333 0.009895833333333333 
4 0.5825520833333333 0.7385416666666667 0.0109375 0.009375 
4 0.57890625 0.7432291666666667 0.009895833333333333 0.010416666666666666 
4 0.5752604166666667 0.7463541666666667 0.009895833333333333 0.009375 
4 0.6119791666666666 0.7518229166666667 0.009375 0.008854166666666666 
4 0.61640625 0.7544270833333333 0.008854166666666666 0.008854166666666666 
4 0.6247395833333333 0.7619791666666667 0.009895833333333333 0.009375 
4 0.6278645833333333 0.765625 0.009895833333333333 0.009375 
4 0.6671875 0.76640625 0.010416666666666666 0.013020833333333334 
4 0.6557291666666667 0.7572916666666667 0.009375 0.010416666666666666 
4 0.6518229166666667 0.75390625 0.009895833333333333 0.009895833333333333 
4 0.7091145833333333 0.8046875 0.009895833333333333 0.010416666666666666 
4 0.640625 0.7286458333333333 0.009375 0.008333333333333333 
4 0.64375 0.7322916666666667 0.008333333333333333 0.008333333333333333 
4 0.6471354166666666 0.7354166666666667 0.0078125 0.008333333333333333 
4 0.6296875 0.7328125 0.008333333333333333 0.008333333333333333 
4 0.6330729166666667 0.7359375 0.008854166666666666 0.010416666666666666 
4 0.6372395833333333 0.73984375 0.008854166666666666 0.008854166666666666 
4 0.640625 0.7434895833333334 0.009375 0.008854166666666666 
4 0.64375 0.7471354166666667 0.010416666666666666 0.009895833333333333 
4 0.6549479166666666 0.7419270833333333 0.009895833333333333 0.008854166666666666 
4 0.6591145833333333 0.7458333333333333 0.008854166666666666 0.008333333333333333 
4 0.66328125 0.7479166666666667 0.008854166666666666 0.009375 
4 0.66640625 0.7520833333333333 0.008854166666666666 0.009375 
4 0.71640625 0.7958333333333333 0.008854166666666666 0.009375 
4 0.7575520833333333 0.83359375 0.008854166666666666 0.009895833333333333 
4 0.728125 0.80703125 0.009375 0.008854166666666666 
4 0.6716145833333333 0.75546875 0.009895833333333333 0.0109375 
4 0.6783854166666666 0.7619791666666667 0.009895833333333333 0.010416666666666666 
5 0.68359375 0.7651041666666667 0.0109375 0.011458333333333333 
5 0.6901041666666666 0.77265625 0.010416666666666666 0.011979166666666667 
5 0.69375 0.77578125 0.010416666666666666 0.011979166666666667 
4 0.7041666666666667 0.78671875 0.009375 0.0109375 
4 0.7078125 0.7903645833333334 0.009375 0.0109375 
4 0.73125 0.8109375 0.009375 0.010416666666666666 
4 0.7427083333333333 0.8203125 0.008333333333333333 0.009375 
4 0.7497395833333333 0.828125 0.009895833333333333 0.011458333333333333 
4 0.7541666666666667 0.83125 0.009375 0.010416666666666666 
4 0.63125 0.7692708333333333 0.008333333333333333 0.008333333333333333 
4 0.63984375 0.7747395833333334 0.008854166666666666 0.008854166666666666 
4 0.7385416666666667 0.7822916666666667 0.004166666666666667 0.010416666666666666 
4 0.6130208333333333 0.7669270833333334 0.009375 0.0078125 
4 0.7752604166666667 0.8135416666666667 0.0046875 0.010416666666666666 
4 0.78046875 0.8203125 0.0036458333333333334 0.010416666666666666 
4 0.78671875 0.825 0.0046875 0.009375 
4 0.7921875 0.8283854166666667 0.005208333333333333 0.011979166666666667 
4 0.80234375 0.8388020833333333 0.005729166666666666 0.011979166666666667 
4 0.8075520833333333 0.84375 0.0036458333333333334 0.009375 
4 0.81328125 0.8494791666666667 0.0036458333333333334 0.010416666666666666 
4 0.8231770833333333 0.8565104166666667 0.005729166666666666 0.011979166666666667 
4 0.83046875 0.8609375 0.009895833333333333 0.007291666666666667 
4 0.7729166666666667 0.8609375 0.010416666666666666 0.009375 
4 0.7765625 0.8575520833333333 0.009375 0.008854166666666666 
4 0.78046875 0.853125 0.009895833333333333 0.009375 
5 0.74765625 0.8721354166666667 0.0171875 0.0171875 
4 0.984375 0.80546875 0.011458333333333333 0.009895833333333333 
4 0.9776041666666667 0.8138020833333334 0.010416666666666666 0.009895833333333333 
4 0.9736979166666667 0.85703125 0.011979166666666667 0.0109375 
4 0.99296875 0.83984375 0.008854166666666666 0.009895833333333333 
4 0.9848958333333333 0.8453125 0.010416666666666666 0.010416666666666666 
4 0.9786458333333333 0.8526041666666667 0.010416666666666666 0.010416666666666666 
4 0.9700520833333334 0.8260416666666667 0.009895833333333333 0.009375 
4 0.9953125 0.8546875 0.010416666666666666 0.009375 
4 0.9888020833333333 0.8638020833333333 0.009895833333333333 0.0109375 
5 0.9653645833333333 0.8299479166666667 0.011979166666666667 0.0109375 
4 0.959375 0.83203125 0.010416666666666666 0.009895833333333333 
4 0.9580729166666667 0.8770833333333333 0.009895833333333333 0.010416666666666666 
4 0.9520833333333333 0.8859375 0.010416666666666666 0.009375 
4 0.94453125 0.8510416666666667 0.0109375 0.010416666666666666 
4 0.7697916666666667 0.809375 0.005208333333333333 0.011458333333333333 
4 0.7645833333333333 0.8065104166666667 0.005208333333333333 0.0109375 
4 0.7598958333333333 0.8002604166666667 0.004166666666666667 0.0109375 
4 0.6630208333333333 0.7953125 0.010416666666666666 0.009375 
5 0.5971354166666667 0.7486979166666666 0.016145833333333335 0.016145833333333335 
4 0.6049479166666667 0.7596354166666667 0.009895833333333333 0.008854166666666666 
4 0.6169270833333333 0.7703125 0.008854166666666666 0.009375 
4 0.6203125 0.7734375 0.010416666666666666 0.010416666666666666 
4 0.62421875 0.7763020833333333 0.008854166666666666 0.008854166666666666 
4 0.5877604166666667 0.77734375 0.0109375 0.0109375 
4 0.5994791666666667 0.7877604166666666 0.009375 0.008854166666666666 
4 0.60625 0.790625 0.0125 0.010416666666666666 
4 0.64296875 0.7786458333333334 0.009895833333333333 0.008333333333333333 
4 0.6453125 0.7822916666666667 0.011458333333333333 0.010416666666666666 
4 0.6533854166666667 0.7888020833333333 0.009895833333333333 0.009895833333333333 
4 0.6596354166666667 0.7911458333333333 0.009895833333333333 0.008333333333333333 
4 0.6765625 0.8091145833333333 0.009375 0.0109375 
4 0.7549479166666667 0.7958333333333333 0.0046875 0.011458333333333333 
4 0.6802083333333333 0.8130208333333333 0.009375 0.009375 
4 0.6838541666666667 0.8169270833333333 0.009375 0.009895833333333333 
4 0.68828125 0.8184895833333333 0.0078125 0.009895833333333333 
4 0.69140625 0.8231770833333333 0.008854166666666666 0.009895833333333333 
4 0.6971354166666667 0.8252604166666667 0.009895833333333333 0.009895833333333333 
4 0.9598958333333333 0.75625 0.009375 0.010416666666666666 
4 0.9526041666666667 0.7630208333333334 0.008333333333333333 0.009375 
4 0.9447916666666667 0.7716145833333333 0.009375 0.0109375 
4 0.8947916666666667 0.7872395833333333 0.009375 0.009895833333333333 
4 0.8869791666666667 0.7809895833333333 0.009375 0.009895833333333333 
4 0.8864583333333333 0.7984375 0.009375 0.011458333333333333 
4 0.7481770833333333 0.7895833333333333 0.0046875 0.011458333333333333 
4 0.7434895833333334 0.7856770833333333 0.0046875 0.0109375 
4 0.7333333333333333 0.7747395833333334 0.004166666666666667 0.0109375 
4 0.7580729166666667 0.7018229166666666 0.008854166666666666 0.008854166666666666 
4 0.8013020833333333 0.79765625 0.009895833333333333 0.0036458333333333334 
4 0.9075520833333334 0.6934895833333333 0.008854166666666666 0.009895833333333333 
4 0.9114583333333334 0.6966145833333334 0.009375 0.009895833333333333 
4 0.9171875 0.6994791666666667 0.011458333333333333 0.011458333333333333 
4 0.9283854166666666 0.7119791666666667 0.0078125 0.009375 
4 0.9393229166666667 0.7190104166666667 0.009895833333333333 0.0109375 
4 0.94453125 0.7229166666666667 0.009895833333333333 0.010416666666666666 
4 0.9473958333333333 0.7270833333333333 0.009375 0.010416666666666666 
4 0.9541666666666667 0.7341145833333333 0.009375 0.008854166666666666 
4 0.99296875 0.7184895833333333 0.008854166666666666 0.008854166666666666 
4 0.8583333333333333 0.7255208333333333 0.010416666666666666 0.010416666666666666 
4 0.8018229166666667 0.7125 0.009895833333333333 0.009375 
4 0.7973958333333333 0.71640625 0.011458333333333333 0.0109375 
4 0.7513020833333334 0.7286458333333333 0.008854166666666666 0.010416666666666666 
4 0.75546875 0.73203125 0.0046875 0.0109375 
4 0.7606770833333333 0.7359375 0.0046875 0.010416666666666666 
4 0.7661458333333333 0.7408854166666666 0.004166666666666667 0.0109375 
4 0.77109375 0.7440104166666667 0.005729166666666666 0.0109375 
4 0.7807291666666667 0.7549479166666667 0.004166666666666667 0.0109375 
4 0.7856770833333333 0.7588541666666667 0.0046875 0.010416666666666666 
4 0.7911458333333333 0.7625 0.005208333333333333 0.010416666666666666 
4 0.79609375 0.76796875 0.0046875 0.0109375 
4 0.8010416666666667 0.7723958333333333 0.004166666666666667 0.010416666666666666 
4 0.80625 0.7760416666666666 0.004166666666666667 0.010416666666666666 
4 0.8114583333333333 0.7799479166666666 0.004166666666666667 0.0109375 
4 0.8171875 0.78671875 0.005208333333333333 0.0109375 
4 0.8221354166666667 0.7903645833333334 0.005729166666666666 0.0109375 
4 0.8333333333333334 0.8005208333333333 0.005208333333333333 0.010416666666666666 
4 0.9432291666666667 0.6953125 0.009375 0.009375 
4 0.9263020833333333 0.6817708333333333 0.011979166666666667 0.011458333333333333 
4 0.91484375 0.6778645833333333 0.008854166666666666 0.009895833333333333 
4 0.821875 0.6799479166666667 0.009375 0.009895833333333333 
5 0.7473958333333334 0.7119791666666667 0.010416666666666666 0.011458333333333333 
4 0.8395833333333333 0.6161458333333333 0.010416666666666666 0.008333333333333333 
4 0.84921875 0.6200520833333333 0.008854166666666666 0.009895833333333333 
4 0.85859375 0.628125 0.008854166666666666 0.009375 
4 0.8651041666666667 0.6346354166666667 0.009375 0.008854166666666666 
4 0.8872395833333333 0.6575520833333334 0.008854166666666666 0.008854166666666666 
4 0.8880208333333334 0.6473958333333333 0.009375 0.008333333333333333 
4 0.8955729166666667 0.6533854166666667 0.009895833333333333 0.009895833333333333 
4 0.89765625 0.66171875 0.008854166666666666 0.008854166666666666 
4 0.8973958333333333 0.6674479166666667 0.009375 0.008854166666666666 
4 0.9083333333333333 0.6721354166666667 0.008333333333333333 0.008854166666666666 
4 0.9122395833333333 0.6671875 0.0109375 0.009375 
4 0.8255208333333334 0.6846354166666667 0.009375 0.009895833333333333 
4 0.8627604166666667 0.69609375 0.0078125 0.008854166666666666 
4 0.8294270833333334 0.68828125 0.009895833333333333 0.009895833333333333 
4 0.8330729166666667 0.69296875 0.008854166666666666 0.0109375 
4 0.8377604166666667 0.69609375 0.009895833333333333 0.009895833333333333 
4 0.8416666666666667 0.6994791666666667 0.010416666666666666 0.010416666666666666 
4 0.8330729166666667 0.6760416666666667 0.009895833333333333 0.010416666666666666 
4 0.8375 0.6802083333333333 0.010416666666666666 0.009375 
4 0.840625 0.6838541666666667 0.010416666666666666 0.010416666666666666 
4 0.84453125 0.6875 0.009895833333333333 0.009375 
4 0.8481770833333333 0.6911458333333333 0.008854166666666666 0.008333333333333333 
4 0.85234375 0.6950520833333333 0.008854166666666666 0.009895833333333333 
4 0.8653645833333333 0.6716145833333333 0.009895833333333333 0.009895833333333333 
4 0.8661458333333333 0.6890625 0.010416666666666666 0.009375 
4 0.83828125 0.8041666666666667 0.0046875 0.009375 
4 0.7940104166666667 0.7927083333333333 0.008854166666666666 0.004166666666666667 
4 0.7270833333333333 0.77109375 0.005208333333333333 0.009895833333333333 
4 0.7872395833333333 0.7875 0.008854166666666666 0.004166666666666667 
4 0.8286458333333333 0.8315104166666667 0.009375 0.0046875 
4 0.83359375 0.8419270833333333 0.008854166666666666 0.0046875 
4 0.603125 0.6575520833333334 0.011458333333333333 0.0109375 
4 0.6182291666666667 0.6721354166666667 0.008333333333333333 0.008854166666666666 
4 0.6145833333333334 0.6690104166666667 0.008333333333333333 0.009895833333333333 
4 0.6278645833333333 0.6807291666666667 0.0078125 0.009375 
4 0.6315104166666666 0.68359375 0.009895833333333333 0.0109375 
4 0.63828125 0.68984375 0.0109375 0.0109375 
4 0.6432291666666666 0.69296875 0.011458333333333333 0.009895833333333333 
4 0.6458333333333334 0.6963541666666667 0.010416666666666666 0.010416666666666666 
4 0.6549479166666666 0.7013020833333333 0.009895833333333333 0.009895833333333333 
4 0.6572916666666667 0.70546875 0.008333333333333333 0.009895833333333333 
4 0.6598958333333333 0.7091145833333333 0.009375 0.008854166666666666 
4 0.6627604166666666 0.7130208333333333 0.009895833333333333 0.009375 
4 0.6671875 0.7158854166666667 0.009375 0.0109375 
4 0.6708333333333333 0.71875 0.010416666666666666 0.010416666666666666 
4 0.68203125 0.72890625 0.009895833333333333 0.009895833333333333 
4 0.6854166666666667 0.7315104166666667 0.008333333333333333 0.008854166666666666 
4 0.6893229166666667 0.7341145833333333 0.009895833333333333 0.009895833333333333 
4 0.6927083333333334 0.7377604166666667 0.008333333333333333 0.009895833333333333 
4 0.6958333333333333 0.7408854166666666 0.008333333333333333 0.008854166666666666 
4 0.6973958333333333 0.7458333333333333 0.009375 0.009375 
4 0.7052083333333333 0.7486979166666666 0.013541666666666667 0.015104166666666667 
4 0.7088541666666667 0.7544270833333333 0.010416666666666666 0.0109375 
4 0.7127604166666667 0.7572916666666667 0.008854166666666666 0.010416666666666666 
4 0.7169270833333333 0.7614583333333333 0.009895833333333333 0.009375 
4 0.7197916666666667 0.7653645833333333 0.009375 0.009895833333333333 
4 0.8216145833333334 0.8265625 0.0109375 0.004166666666666667 
4 0.8375 0.8359375 0.009375 0.004166666666666667 
4 0.8380208333333333 0.8315104166666667 0.009375 0.0036458333333333334 
4 0.7588541666666667 0.7729166666666667 0.010416666666666666 0.004166666666666667 
4 0.78203125 0.7828125 0.009895833333333333 0.004166666666666667 
4 0.7765625 0.77890625 0.009375 0.0046875 
4 0.7705729166666667 0.7731770833333333 0.0109375 0.0046875 
4 0.76796875 0.76796875 0.009895833333333333 0.0046875 
4 0.7619791666666667 0.7640625 0.009375 0.004166666666666667 
4 0.7557291666666667 0.7591145833333334 0.008333333333333333 0.0036458333333333334 
4 0.7510416666666667 0.7541666666666667 0.011458333333333333 0.005208333333333333 
4 0.74765625 0.7489583333333333 0.009895833333333333 0.004166666666666667 
4 0.7390625 0.7544270833333333 0.009375 0.0036458333333333334 
4 0.7463541666666667 0.759375 0.0125 0.004166666666666667 
4 0.74921875 0.7638020833333333 0.0109375 0.0036458333333333334 
4 0.7544270833333333 0.7682291666666666 0.009895833333333333 0.005208333333333333 
4 0.7645833333333333 0.77890625 0.011458333333333333 0.0036458333333333334 
4 0.8322916666666667 0.8260416666666667 0.009375 0.004166666666666667 
4 0.7700520833333333 0.78359375 0.009895833333333333 0.0036458333333333334 
4 0.77421875 0.7890625 0.0109375 0.004166666666666667 
4 0.7815104166666667 0.79296875 0.0109375 0.0036458333333333334 
4 0.7869791666666667 0.7981770833333334 0.010416666666666666 0.0046875 
4 0.7908854166666667 0.8028645833333333 0.0109375 0.0046875 
4 0.7955729166666666 0.80703125 0.008854166666666666 0.0036458333333333334 
4 0.8010416666666667 0.81171875 0.010416666666666666 0.0046875 
4 0.8049479166666667 0.8020833333333334 0.009895833333333333 0.004166666666666667 
4 0.8096354166666667 0.80703125 0.008854166666666666 0.0046875 
4 0.8138020833333334 0.8114583333333333 0.011979166666666667 0.005208333333333333 
4 0.8213541666666667 0.81640625 0.009375 0.0046875 
4 0.825 0.8208333333333333 0.009375 0.004166666666666667 
