4 0.6091468101460416 0.1298283261802575 0.013066871637202153 0.0075107296137339056 
4 0.20561106840891621 0.1271459227467811 0.011529592621060722 0.01072961373390558 
4 0.21867794004611837 0.13090128755364808 0.011529592621060722 0.011802575107296138 
4 0.22636433512682552 0.13304721030042918 0.009992313604919293 0.011802575107296138 
4 0.23981552651806304 0.13868025751072963 0.010760953112990008 0.011266094420600859 
4 0.24634896233666412 0.1405579399141631 0.009992313604919293 0.01072961373390558 
5 0.602229054573405 0.14189914163090128 0.03920061491160646 0.017703862660944206 
5 0.5949269792467333 0.1488733905579399 0.035357417371252885 0.013412017167381975 
4 0.1418139892390469 0.12339055793991416 0.011529592621060722 0.01072961373390558 
4 0.14873174481168333 0.12580472103004292 0.011529592621060722 0.011266094420600859 
4 0.15949269792467333 0.1298283261802575 0.009992313604919293 0.009656652360515022 
4 0.1679477325134512 0.131706008583691 0.009992313604919293 0.0101931330472103 
4 0.1787086856264412 0.13492489270386265 0.009992313604919293 0.009120171673819743 
4 0.19100691775557263 0.13814377682403434 0.011529592621060722 0.011266094420600859 
4 0.19907763259031513 0.1405579399141631 0.009223674096848577 0.009656652360515022 
4 0.2167563412759416 0.14699570815450644 0.010760953112990008 0.011802575107296138 
4 0.2309761721752498 0.1515557939914163 0.011529592621060722 0.0101931330472103 
4 0.2482705611068409 0.15799356223175964 0.013835511145272867 0.012339055793991416 
5 0.30361260568793236 0.1732832618025751 0.016910069177555727 0.016094420600858368 
4 0.32820906994619525 0.180793991416309 0.012298232129131437 0.011802575107296138 
4 0.3116833205226749 0.005901287553648069 0.013066871637202153 0.009656652360515022 
4 0.31821675634127594 0.006974248927038627 0.010760953112990008 0.009656652360515022 
4 0.33243658724058417 0.010997854077253219 0.011529592621060722 0.011266094420600859 
4 0.2121445042275173 0.12956008583690987 0.009223674096848577 0.0101931330472103 
4 0.28401229823212915 0.15075107296137338 0.011529592621060722 0.01072961373390558 
4 0.39392774788624135 0.029238197424892705 0.011529592621060722 0.012339055793991416 
4 0.324750192159877 0.16389484978540772 0.013066871637202153 0.009120171673819743 
4 0.16372021521906227 0.04694206008583691 0.013835511145272867 0.0101931330472103 
4 0.15603382013835512 0.059817596566523606 0.012298232129131437 0.0101931330472103 
4 0.1491160645657187 0.0713519313304721 0.012298232129131437 0.01072961373390558 
4 0.2229054573405073 0.011266094420600859 0.015372790161414296 0.0075107296137339056 
4 0.21790930053804766 0.01689914163090129 0.013066871637202153 0.006974248927038627 
4 0.21406610299769407 0.02682403433476395 0.013066871637202153 0.0075107296137339056 
4 0.21022290545734051 0.029774678111587984 0.014604150653343582 0.008047210300429184 
4 0.20330514988470408 0.039967811158798286 0.01614142966948501 0.008047210300429184 
4 0.2002305918524212 0.045064377682403435 0.01614142966948501 0.008583690987124463 
4 0.1994619523443505 0.049892703862660946 0.017678708685626442 0.008583690987124463 
4 0.1975403535741737 0.05472103004291846 0.015372790161414296 0.008583690987124463 
4 0.19254419677171405 0.06062231759656652 0.01614142966948501 0.009656652360515022 
4 0.18562644119907765 0.0700107296137339 0.01614142966948501 0.008047210300429184 
4 0.1787086856264412 0.08342274678111589 0.014604150653343582 0.009120171673819743 
4 0.23020753266717908 0.11024678111587982 0.009992313604919293 0.0101931330472103 
4 0.23674096848578016 0.11212446351931331 0.010760953112990008 0.01072961373390558 
4 0.24519600307455802 0.11534334763948498 0.012298232129131437 0.011802575107296138 
4 0.25249807840122984 0.11775751072961374 0.009992313604919293 0.011266094420600859 
4 0.1760184473481937 0.11963519313304721 0.010760953112990008 0.009656652360515022 
4 0.18293620292083013 0.12178111587982833 0.010760953112990008 0.01072961373390558 
4 0.29746348962336666 0.15316523605150215 0.009223674096848577 0.011266094420600859 
4 0.3747117601844735 0.024141630901287552 0.009992313604919293 0.011802575107296138 
4 0.4077632590315142 0.008315450643776824 0.013066871637202153 0.011266094420600859 
4 0.17717140661029976 0.023336909871244635 0.011529592621060722 0.0101931330472103 
4 0.207532667179093 0.17221030042918456 0.012298232129131437 0.012875536480686695 
4 0.2617217524980784 0.18937768240343347 0.009992313604919293 0.01072961373390558 
4 0.2690238278247502 0.19179184549356224 0.010760953112990008 0.011266094420600859 
4 0.28016910069177553 0.18159871244635192 0.014604150653343582 0.0101931330472103 
4 0.37355880092236743 0.19474248927038626 0.010760953112990008 0.011802575107296138 
4 0.4019984627209839 0.18642703862660945 0.012298232129131437 0.013412017167381975 
4 0.4166026133743274 0.19125536480686695 0.012298232129131437 0.011266094420600859 
4 0.40930053804765565 0.1896459227467811 0.009992313604919293 0.013412017167381975 
4 0.4231360491929285 0.19393776824034334 0.011529592621060722 0.011266094420600859 
4 0.43082244427363564 0.19527896995708155 0.011529592621060722 0.01072961373390558 
4 0.43735588009223675 0.1976931330472103 0.010760953112990008 0.011266094420600859 
4 0.45080707148347426 0.2017167381974249 0.013066871637202153 0.01072961373390558 
4 0.4650269023827825 0.2052038626609442 0.010760953112990008 0.013412017167381975 
4 0.4711760184473482 0.2078862660944206 0.009223674096848577 0.011266094420600859 
4 0.47847809377402 0.2092274678111588 0.008455034588777863 0.009656652360515022 
4 0.48501152959262106 0.21164163090128754 0.010760953112990008 0.011266094420600859 
4 0.49423520368946966 0.21351931330472104 0.010760953112990008 0.01072961373390558 
4 0.49961568024596464 0.2167381974248927 0.010760953112990008 0.01072961373390558 
4 0.5272867025365103 0.22263948497854077 0.012298232129131437 0.012875536480686695 
4 0.5538047655649501 0.2486587982832618 0.009992313604919293 0.011266094420600859 
4 0.5203689469638739 0.23739270386266095 0.012298232129131437 0.011266094420600859 
4 0.4692544196771714 0.22317596566523606 0.013066871637202153 0.01072961373390558 
4 0.24980784012298232 0.18454935622317598 0.012298232129131437 0.013948497854077254 
4 0.2013835511145273 0.16899141630901288 0.013835511145272867 0.012875536480686695 
4 0.4223674096848578 0.012875536480686695 0.014604150653343582 0.011802575107296138 
4 0.08647194465795542 0.2229077253218884 0.01614142966948501 0.004828326180257511 
4 0.4296694850115296 0.01555793991416309 0.012298232129131437 0.011802575107296138 
4 0.4358186010760953 0.017435622317596565 0.010760953112990008 0.012339055793991416 
4 0.4546502690238278 0.021995708154506438 0.009992313604919293 0.012875536480686695 
4 0.46272098385857036 0.02601931330472103 0.010760953112990008 0.012339055793991416 
4 0.4700230591852421 0.028433476394849784 0.011529592621060722 0.012875536480686695 
4 0.47732513451191394 0.0305793991416309 0.012298232129131437 0.012875536480686695 
4 0.5188316679477325 0.04184549356223176 0.013835511145272867 0.011802575107296138 
4 0.4012298232129131 0.03165236051502146 0.009223674096848577 0.01072961373390558 
4 0.43312836279784783 0.04291845493562232 0.011529592621060722 0.012875536480686695 
4 0.4704073789392775 0.05337982832618026 0.012298232129131437 0.013412017167381975 
4 0.6029976940814757 0.017972103004291844 0.013066871637202153 0.013412017167381975 
4 0.6195234435049961 0.025482832618025753 0.013835511145272867 0.012339055793991416 
4 0.6379707916986933 0.012070815450643776 0.013835511145272867 0.012339055793991416 
4 0.610684089162183 0.05552575107296137 0.014604150653343582 0.013412017167381975 
4 0.6202920830130668 0.05713519313304721 0.012298232129131437 0.011266094420600859 
4 0.09992313604919292 0.15128755364806867 0.013835511145272867 0.012875536480686695 
4 0.0930053804765565 0.1630901287553648 0.010760953112990008 0.01072961373390558 
4 0.08531898539584935 0.17516094420600858 0.013835511145272867 0.011266094420600859 
4 0.0803228285933897 0.18642703862660945 0.011529592621060722 0.011266094420600859 
4 0.12797847809377402 0.1569206008583691 0.014604150653343582 0.01555793991416309 
4 0.09223674096848578 0.21244635193133046 0.013835511145272867 0.004291845493562232 
4 0.17025365103766332 0.03460300429184549 0.013066871637202153 0.011266094420600859 
4 0.1848578016910069 0.010997854077253219 0.009992313604919293 0.008047210300429184 
4 0.22367409684857803 0.10649141630901288 0.010760953112990008 0.0101931330472103 
0 0.308608762490392 0.5901287553648069 0.03766333589546503 0.023605150214592276 
0 0.36856264411990775 0.615343347639485 0.033051498847040735 0.0203862660944206 
0 0.2674865488086088 0.5777896995708155 0.03689469638739431 0.02145922746781116 
0 0.24212144504227517 0.5767167381974249 0.035357417371252885 0.02145922746781116 
0 0.22444273635664874 0.5638412017167382 0.03843197540353574 0.02145922746781116 
0 0.19830899308224442 0.5659871244635193 0.033820138355111454 0.0203862660944206 
0 0.18793235972328978 0.5512339055793991 0.042275172943889314 0.02628755364806867 
0 0.15680245964642583 0.5512339055793991 0.035357417371252885 0.02092274678111588 
0 0.15910837817063797 0.535675965665236 0.04765564950038432 0.03487124463519313 
0 0.12682551883166795 0.5928111587982833 0.03689469638739431 0.02145922746781116 
0 0.09492697924673328 0.5842274678111588 0.034588777863182166 0.022532188841201718 
0 0.06418139892390469 0.5743025751072961 0.03920061491160646 0.023068669527896997 
0 0.0334358186010761 0.5659871244635193 0.0361260568793236 0.022532188841201718 
0 0.04073789392774789 0.4455472103004292 0.03996925441967717 0.024141630901287552 
0 0.06879323597232898 0.4570815450643777 0.0361260568793236 0.02467811158798283 
0 0.08493466564181398 0.45466738197424894 0.034588777863182166 0.01984978540772532 
0 0.09607993850883935 0.46432403433476394 0.03689469638739431 0.023068669527896997 
0 0.1164488854727133 0.4667381974248927 0.034588777863182166 0.019313304721030045 
0 0.13297463489623368 0.47719957081545067 0.0415065334358186 0.02521459227467811 
0 0.15833973866256726 0.4852467811158798 0.03689469638739431 0.023068669527896997 
0 0.17832436587240585 0.48471030042918456 0.033820138355111454 0.02521459227467811 
0 0.1921598770176787 0.4906115879828326 0.035357417371252885 0.021995708154506438 
0 0.351652574942352 0.6024678111587983 0.0361260568793236 0.02145922746781116 
0 0.28401229823212915 0.5885193133047211 0.0361260568793236 0.022532188841201718 
0 0.1398923904688701 0.5042918454935622 0.04304381245196003 0.034334763948497854 
0 0.2194465795541891 0.6199034334763949 0.03920061491160646 0.02092274678111588 
14 0.37240584166026136 0.25 0.04996156802459646 0.03648068669527897 
0 0.09992313604919292 0.8991416309012875 0.03689469638739431 0.023605150214592276 
0 0.12951575710991545 0.9122854077253219 0.03766333589546503 0.024141630901287552 
0 0.21406610299769407 0.9476931330472103 0.0361260568793236 0.023068669527896997 
0 0.2309761721752498 0.8859978540772532 0.03920061491160646 0.024141630901287552 
0 0.1725595695618755 0.8811695278969958 0.0361260568793236 0.021995708154506438 
0 0.14411990776325903 0.8688304721030042 0.0361260568793236 0.021995708154506438 
0 0.17179093005380477 0.8607832618025751 0.03920061491160646 0.024141630901287552 
0 0.14027671022290547 0.8503218884120172 0.0361260568793236 0.022532188841201718 
0 0.18677940046118371 0.8157188841201717 0.03843197540353574 0.024141630901287552 
0 0.27286702536510377 0.8312768240343348 0.03996925441967717 0.023068669527896997 
0 0.21445042275172943 0.8098175965665236 0.035357417371252885 0.023068669527896997 
0 0.1848578016910069 0.7972103004291845 0.034588777863182166 0.022532188841201718 
0 0.2309761721752498 0.7639484978540773 0.033051498847040735 0.02145922746781116 
0 0.27132974634896234 0.6931330472103004 0.03689469638739431 0.02575107296137339 
0 0.30207532667179093 0.7237124463519313 0.03843197540353574 0.022532188841201718 
0 0.3320522674865488 0.716469957081545 0.03843197540353574 0.02521459227467811 
0 0.36049192928516527 0.7277360515021459 0.035357417371252885 0.023068669527896997 
0 0.3424289008455035 0.6569206008583691 0.0361260568793236 0.023068669527896997 
0 0.37509607993850885 0.6687231759656652 0.033820138355111454 0.023068669527896997 
0 0.281706379707917 0.6384120171673819 0.03766333589546503 0.022532188841201718 
0 0.20983858570330516 0.49624463519313305 0.029208301306687164 0.018240343347639486 
0 0.2663335895465027 0.5174356223175965 0.0361260568793236 0.021995708154506438 
4 0.07033051498847041 0.11212446351931331 0.008455034588777863 0.01072961373390558 
0 0.6060722521137587 0.3369098712446352 0.0361260568793236 0.02145922746781116 
0 0.6802459646425826 0.3143776824034335 0.03228285933897002 0.02145922746781116 
0 0.708685626441199 0.3082081545064378 0.03689469638739431 0.023068669527896997 
0 0.6771714066102997 0.2966738197424893 0.03689469638739431 0.023605150214592276 
0 0.7240584166026134 0.2628755364806867 0.03996925441967717 0.02575107296137339 
0 0.691391237509608 0.23256437768240343 0.02843966179861645 0.018776824034334765 
0 0.6779400461183704 0.1746244635193133 0.033820138355111454 0.02092274678111588 
0 0.707532667179093 0.1665772532188841 0.03766333589546503 0.024141630901287552 
0 0.8389700230591852 0.15021459227467812 0.034588777863182166 0.02145922746781116 
0 0.8820138355111453 0.09817596566523605 0.03766333589546503 0.022532188841201718 
0 0.7936202920830131 0.06276824034334764 0.03920061491160646 0.02467811158798283 
0 0.8255188316679477 0.023873390557939914 0.033820138355111454 0.01984978540772532 
0 0.8547271329746349 0.03674892703862661 0.03228285933897002 0.02092274678111588 
0 0.9131437355880092 0.05954935622317597 0.03689469638739431 0.022532188841201718 
4 0.13335895465026903 0.010997854077253219 0.008455034588777863 0.0101931330472103 
4 0.12682551883166795 0.024141630901287552 0.009223674096848577 0.01072961373390558 
4 0.11183704842428902 0.04533261802575107 0.009992313604919293 0.0101931330472103 
4 0.1037663335895465 0.059281115879828324 0.010760953112990008 0.011266094420600859 
4 0.0983858570330515 0.06840128755364806 0.010760953112990008 0.009120171673819743 
4 0.09262106072252113 0.078862660944206 0.008455034588777863 0.009656652360515022 
4 0.08685626441199078 0.08986051502145923 0.010760953112990008 0.009120171673819743 
5 0.0803228285933897 0.10032188841201717 0.013066871637202153 0.011802575107296138 
0 0.6637202152190622 0.3607832618025751 0.04073789392774789 0.02521459227467811 
0 0.39469638739431206 0.615343347639485 0.0361260568793236 0.0203862660944206 
0 0.29669485011529595 0.5281652360515021 0.033820138355111454 0.021995708154506438 
0 0.41199077632590314 0.6276824034334764 0.035357417371252885 0.0203862660944206 
0 0.32744043043812454 0.5378218884120172 0.03689469638739431 0.021995708154506438 
0 0.35818601076095313 0.546137339055794 0.03228285933897002 0.02145922746781116 
0 0.388162951575711 0.5555257510729614 0.033820138355111454 0.023068669527896997 
0 0.3893159108378171 0.528969957081545 0.0361260568793236 0.02145922746781116 
0 0.4181398923904689 0.5407725321888412 0.03689469638739431 0.023605150214592276 
0 0.44926979246733284 0.5549892703862661 0.033051498847040735 0.023068669527896997 
0 0.4458109146810146 0.5032188841201717 0.03843197540353574 0.02467811158798283 
0 0.47732513451191394 0.5136802575107297 0.03228285933897002 0.021995708154506438 
0 0.5061491160645657 0.5257510729613734 0.0361260568793236 0.023605150214592276 
0 0.44504227517294387 0.4814914163090129 0.035357417371252885 0.024141630901287552 
0 0.5076863950807071 0.4831008583690987 0.026902382782475018 0.02092274678111588 
0 0.5046118370484243 0.5061695278969958 0.0361260568793236 0.024141630901287552 
0 0.5353574173712529 0.5182403433476395 0.0361260568793236 0.023605150214592276 
0 0.5199846272098386 0.4624463519313305 0.0361260568793236 0.023605150214592276 
0 0.49116064565718676 0.44876609442060084 0.03843197540353574 0.02628755364806867 
0 0.5180630284396618 0.4428648068669528 0.035357417371252885 0.023068669527896997 
0 0.5641813989239047 0.40879828326180256 0.035357417371252885 0.02145922746781116 
0 0.6210607225211375 0.4122854077253219 0.033820138355111454 0.02092274678111588 
0 0.5488086087624904 0.45359442060085836 0.035357417371252885 0.021995708154506438 
0 0.5507302075326672 0.4715665236051502 0.03151421983089931 0.0203862660944206 
0 0.44004611837048424 0.6322424892703863 0.04073789392774789 0.02736051502145923 
4 0.44619523443504994 0.21486051502145923 0.009992313604919293 0.011266094420600859 
4 0.4012298232129131 0.2025214592274678 0.010760953112990008 0.012339055793991416 
4 0.3950807071483474 0.19983905579399142 0.010760953112990008 0.011266094420600859 
4 0.16218293620292082 0.9935622317596566 0.015372790161414296 0.009656652360515022 
4 0.6383551114527287 0.06357296137339055 0.011529592621060722 0.012339055793991416 
4 0.6518063028439662 0.06759656652360516 0.012298232129131437 0.012875536480686695 
4 0.6648731744811683 0.07215665236051502 0.010760953112990008 0.012339055793991416 
4 0.6714066102997694 0.07296137339055794 0.009992313604919293 0.011802575107296138 
4 0.6787086856264412 0.07430257510729614 0.009223674096848577 0.011266094420600859 
4 0.6844734819369716 0.07725321888412018 0.009992313604919293 0.01072961373390558 
4 0.6925441967717141 0.07966738197424893 0.012298232129131437 0.011266094420600859 
4 0.7002305918524212 0.0815450643776824 0.012298232129131437 0.009656652360515022 
4 0.7255956956187548 0.07644849785407726 0.016910069177555727 0.009120171673819743 
4 0.7282859338970024 0.07242489270386267 0.014604150653343582 0.008583690987124463 
4 0.7332820906994619 0.06813304721030043 0.015372790161414296 0.009656652360515022 
4 0.734435049961568 0.06330472103004292 0.014604150653343582 0.008583690987124463 
4 0.7390468870099923 0.059012875536480686 0.01614142966948501 0.009656652360515022 
4 0.7436587240584166 0.05472103004291846 0.01614142966948501 0.009656652360515022 
4 0.7463489623366641 0.050965665236051505 0.016910069177555727 0.008583690987124463 
4 0.7501921598770177 0.04640557939914163 0.016910069177555727 0.009120171673819743 
4 0.7540353574173713 0.0421137339055794 0.016910069177555727 0.009120171673819743 
4 0.7574942352036894 0.03782188841201717 0.01614142966948501 0.008047210300429184 
4 0.7651806302843966 0.028969957081545063 0.014604150653343582 0.008583690987124463 
4 0.7624903920061491 0.034066523605150216 0.016910069177555727 0.008047210300429184 
4 0.7682551883166795 0.02467811158798283 0.014604150653343582 0.008583690987124463 
4 0.23597232897770945 0.9621781115879828 0.012298232129131437 0.0101931330472103 
4 0.1694850115295926 0.9865879828326181 0.01614142966948501 0.008583690987124463 
4 0.7744043043812452 0.014753218884120171 0.01614142966948501 0.011266094420600859 
5 0.056110684089162186 0.9817596566523605 0.013835511145272867 0.01072961373390558 
4 0.13105303612605687 0.7580472103004292 0.011529592621060722 0.012875536480686695 
4 0.04035357417371253 0.7347103004291845 0.013066871637202153 0.011266094420600859 
4 0.028823981552651805 0.73068669527897 0.011529592621060722 0.011802575107296138 
4 0.01498847040737894 0.7282725321888412 0.009992313604919293 0.012339055793991416 
5 0.14411990776325903 0.7770922746781116 0.022290545734050732 0.012339055793991416 
5 0.13912375096079937 0.7832618025751072 0.019984627209838585 0.01072961373390558 
5 0.13489623366641046 0.7883583690987125 0.017678708685626442 0.0101931330472103 
5 0.11145272867025365 0.8175965665236051 0.016910069177555727 0.009656652360515022 
4 0.09415833973866257 0.8379828326180258 0.017678708685626442 0.01072961373390558 
4 0.08762490392006149 0.8468347639484979 0.016910069177555727 0.008047210300429184 
4 0.0830130668716372 0.8513948497854077 0.016910069177555727 0.009656652360515022 
5 0.335511145272867 0.79318669527897 0.01614142966948501 0.014484978540772532 
4 0.07532667179093006 0.8599785407725322 0.015372790161414296 0.009656652360515022 
4 0.07033051498847041 0.8634656652360515 0.01614142966948501 0.0101931330472103 
4 0.060338201383551116 0.8779506437768241 0.01614142966948501 0.009120171673819743 
5 0.3255188316679477 0.6011266094420601 0.014604150653343582 0.013412017167381975 
4 0.060338201383551116 0.9109442060085837 0.013066871637202153 0.011802575107296138 
4 0.034588777863182166 0.9297210300429185 0.012298232129131437 0.012875536480686695 
4 0.07033051498847041 0.944206008583691 0.014604150653343582 0.013948497854077254 
4 0.0441967717140661 0.9353540772532188 0.011529592621060722 0.011266094420600859 
4 0.023059185242121444 0.9383047210300429 0.015372790161414296 0.009656652360515022 
4 0.772098385857033 0.019313304721030045 0.01614142966948501 0.008583690987124463 
4 0.7786318216756342 0.00992489270386266 0.018447348193697154 0.0101931330472103 
4 0.38777863182167566 0.19742489270386265 0.011529592621060722 0.011802575107296138 
4 0.6683320522674866 0.03862660944206009 0.014604150653343582 0.009656652360515022 
4 0.6556495003843198 0.03460300429184549 0.015372790161414296 0.008047210300429184 
4 0.6598770176787087 0.03084763948497854 0.01614142966948501 0.008047210300429184 
4 0.6648731744811683 0.022800429184549355 0.013835511145272867 0.008047210300429184 
4 0.6691006917755573 0.018240343347639486 0.014604150653343582 0.0075107296137339056 
4 0.6725595695618755 0.015021459227467811 0.015372790161414296 0.008583690987124463 
4 0.676402767102229 0.010997854077253219 0.015372790161414296 0.008047210300429184 
4 0.6887009992313605 0.01528969957081545 0.015372790161414296 0.009120171673819743 
4 0.6790930053804766 0.027896995708154508 0.01614142966948501 0.008583690987124463 
4 0.6833205226748655 0.023873390557939914 0.013835511145272867 0.008047210300429184 
4 0.6960030745580322 0.0075107296137339056 0.01614142966948501 0.009656652360515022 
4 0.6794773251345119 0.006706008583690987 0.015372790161414296 0.008047210300429184 
4 0.7671022290545734 0.26743562231759654 0.013835511145272867 0.011266094420600859 
4 0.15449654112221367 0.4383047210300429 0.013835511145272867 0.006437768240343348 
4 0.17140661029976942 0.44420600858369097 0.015372790161414296 0.008583690987124463 
4 0.19177555726364334 0.44957081545064376 0.01614142966948501 0.008583690987124463 
4 0.014219830899308224 0.947156652360515 0.013066871637202153 0.008047210300429184 
4 0.3439661798616449 0.18454935622317598 0.009992313604919293 0.008583690987124463 
4 0.5199846272098386 0.22156652360515022 0.011529592621060722 0.009656652360515022 
4 0.18985395849346656 0.12204935622317596 0.009223674096848577 0.009120171673819743 
4 0.1975403535741737 0.12446351931330472 0.010760953112990008 0.009656652360515022 
4 0.23174481168332053 0.13626609442060086 0.011529592621060722 0.01072961373390558 
4 0.675249807840123 0.032188841201716736 0.014604150653343582 0.0075107296137339056 
4 0.6648731744811683 0.0447961373390558 0.016910069177555727 0.009120171673819743 
4 0.7036894696387395 0.059817596566523606 0.01614142966948501 0.009120171673819743 
4 0.6521906225980015 0.039163090128755365 0.014604150653343582 0.008583690987124463 
4 0.6890853189853958 0.054989270386266095 0.011529592621060722 0.006974248927038627 
4 0.7079169869331283 0.053111587982832616 0.013835511145272867 0.008583690987124463 
4 0.6990776325903152 0.04050429184549356 0.014604150653343582 0.0101931330472103 
4 0.6925441967717141 0.04881974248927039 0.012298232129131437 0.0075107296137339056 
4 0.7213681783243658 0.04372317596566524 0.01921598770176787 0.008047210300429184 
4 0.7159877017678709 0.04667381974248927 0.01614142966948501 0.0075107296137339056 
4 0.7202152190622598 0.037285407725321885 0.016910069177555727 0.008047210300429184 
4 0.727901614142967 0.03111587982832618 0.015372790161414296 0.009656652360515022 
4 0.7332820906994619 0.024141630901287552 0.016910069177555727 0.008583690987124463 
4 0.7363566487317448 0.018508583690987124 0.015372790161414296 0.009120171673819743 
4 0.7425057647963106 0.011534334763948498 0.015372790161414296 0.008047210300429184 
4 0.7471176018447349 0.007778969957081545 0.015372790161414296 0.008047210300429184 
4 0.7048424289008455 0.03648068669527897 0.015372790161414296 0.009656652360515022 
4 0.7109915449654112 0.028165236051502146 0.013835511145272867 0.009120171673819743 
4 0.7148347425057648 0.024409871244635194 0.013835511145272867 0.008047210300429184 
4 0.7194465795541891 0.0203862660944206 0.015372790161414296 0.008583690987124463 
4 0.7232897770945427 0.01582618025751073 0.015372790161414296 0.009120171673819743 
4 0.727901614142967 0.011802575107296138 0.015372790161414296 0.008583690987124463 
4 0.7309761721752498 0.006974248927038627 0.015372790161414296 0.008583690987124463 
4 0.6491160645657187 0.04560085836909871 0.01614142966948501 0.008583690987124463 
4 0.6610299769408148 0.04881974248927039 0.015372790161414296 0.0075107296137339056 
4 0.11529592621060722 0.753755364806867 0.012298232129131437 0.013948497854077254 
4 0.10184473481936972 0.7505364806866953 0.013066871637202153 0.012875536480686695 
4 0.2309761721752498 0.7073497854077253 0.01921598770176787 0.012339055793991416 
4 0.23481936971560338 0.3138412017167382 0.008455034588777863 0.011802575107296138 
4 0.2482705611068409 0.3167918454935622 0.010760953112990008 0.011266094420600859 
4 0.20906994619523445 0.32135193133047213 0.013835511145272867 0.011802575107296138 
4 0.2209838585703305 0.3261802575107296 0.013066871637202153 0.012875536480686695 
5 0.2897770945426595 0.3272532188841202 0.016910069177555727 0.02145922746781116 
5 0.297847809377402 0.3291309012875536 0.01921598770176787 0.021995708154506438 
4 0.34550345887778633 0.34603004291845496 0.013066871637202153 0.015021459227467811 
5 0.35818601076095313 0.3505901287553648 0.012298232129131437 0.01555793991416309 
5 0.36664104534973097 0.35219957081545067 0.013835511145272867 0.01555793991416309 
4 0.5445810914681014 0.29721030042918456 0.01614142966948501 0.008583690987124463 
4 0.5411222136817833 0.302843347639485 0.015372790161414296 0.009120171673819743 
5 0.5372790161414297 0.30740343347639487 0.016910069177555727 0.01072961373390558 
4 0.5146041506533435 0.33476394849785407 0.01614142966948501 0.008583690987124463 
4 0.509607993850884 0.33905579399141633 0.016910069177555727 0.009656652360515022 
4 0.5011529592621061 0.34737124463519314 0.016910069177555727 0.009120171673819743 
5 0.4077632590315142 0.33503218884120173 0.034588777863182166 0.013412017167381975 
4 0.4196771714066103 0.36722103004291845 0.010760953112990008 0.012339055793991416 
4 0.42621060722521137 0.3688304721030043 0.009992313604919293 0.0101931330472103 
4 0.4458109146810146 0.37553648068669526 0.010760953112990008 0.011802575107296138 
4 0.4335126825518832 0.37124463519313305 0.010760953112990008 0.01072961373390558 
5 0.4104534973097617 0.3825107296137339 0.013835511145272867 0.013948497854077254 
5 0.4454265949269792 0.39833690987124465 0.0207532667179093 0.024141630901287552 
4 0.24058416602613375 0.3159871244635193 0.009223674096848577 0.011802575107296138 
4 0.2282859338970023 0.3114270386266094 0.010760953112990008 0.012339055793991416 
4 0.27056110684089163 0.6582618025751072 0.018447348193697154 0.01072961373390558 
4 0.22175249807840122 0.3092811158798283 0.009992313604919293 0.011266094420600859 
4 0.13566487317448117 0.2540236051502146 0.011529592621060722 0.0101931330472103 
4 0.1418139892390469 0.25697424892703863 0.013066871637202153 0.011802575107296138 
4 0.16333589546502691 0.26180257510729615 0.013066871637202153 0.01072961373390558 
4 0.20791698693312835 0.27467811158798283 0.011529592621060722 0.011802575107296138 
4 0.21445042275172943 0.2781652360515021 0.012298232129131437 0.011266094420600859 
4 0.2202152190622598 0.2805793991416309 0.013066871637202153 0.01072961373390558 
4 0.07686395080707148 0.26716738197424894 0.012298232129131437 0.011802575107296138 
4 0.09108378170637971 0.27011802575107297 0.009992313604919293 0.011266094420600859 
4 0.10530361260568794 0.27333690987124465 0.009223674096848577 0.012339055793991416 
4 0.11798616448885473 0.27762875536480686 0.011529592621060722 0.012339055793991416 
4 0.12682551883166795 0.2792381974248927 0.013835511145272867 0.0101931330472103 
4 0.13681783243658724 0.2821888412017167 0.013835511145272867 0.011802575107296138 
4 0.14411990776325903 0.28513948497854075 0.009992313604919293 0.0101931330472103 
4 0.15180630284396618 0.2872854077253219 0.011529592621060722 0.013412017167381975 
4 0.16833205226748654 0.2907725321888412 0.010760953112990008 0.011802575107296138 
4 0.17563412759415833 0.2939914163090129 0.011529592621060722 0.011802575107296138 
4 0.18293620292083013 0.29506437768240346 0.012298232129131437 0.011802575107296138 
4 0.18985395849346656 0.2988197424892704 0.012298232129131437 0.012875536480686695 
4 0.202152190622598 0.3023068669527897 0.010760953112990008 0.011266094420600859 
4 0.2086856264411991 0.3044527896995708 0.009992313604919293 0.011266094420600859 
4 0.21598770176787088 0.30606223175965663 0.010760953112990008 0.011266094420600859 
5 0.4285165257494235 0.3894849785407725 0.01921598770176787 0.019313304721030045 
5 0.4511913912375096 0.41013948497854075 0.021521906225980016 0.01984978540772532 
5 0.3704842428900845 0.3953862660944206 0.05534204458109147 0.02145922746781116 
4 0.2913143735588009 0.3465665236051502 0.009223674096848577 0.01072961373390558 
4 0.20368946963873943 0.47344420600858367 0.013835511145272867 0.011266094420600859 
4 0.1960030745580323 0.47237124463519314 0.010760953112990008 0.012339055793991416 
4 0.18985395849346656 0.47049356223175964 0.010760953112990008 0.01072961373390558 
4 0.15526518063028438 0.46003218884120173 0.013835511145272867 0.012339055793991416 
4 0.14834742505764797 0.4578862660944206 0.010760953112990008 0.012339055793991416 
4 0.14142966948501154 0.4562768240343348 0.010760953112990008 0.012339055793991416 
4 0.13566487317448117 0.45359442060085836 0.011529592621060722 0.011266094420600859 
4 0.12874711760184473 0.4530579399141631 0.011529592621060722 0.011266094420600859 
4 0.12259800153727901 0.450912017167382 0.011529592621060722 0.012339055793991416 
4 0.1164488854727133 0.44876609442060084 0.011529592621060722 0.012339055793991416 
4 0.11068408916218293 0.44742489270386265 0.012298232129131437 0.012875536480686695 
4 0.10415065334358185 0.4428648068669528 0.013066871637202153 0.011266094420600859 
4 0.09684857801691008 0.4396459227467811 0.016910069177555727 0.012339055793991416 
4 0.10222905457340507 0.41469957081545067 0.013835511145272867 0.012875536480686695 
4 0.11222136817832437 0.41604077253218885 0.010760953112990008 0.0101931330472103 
4 0.14681014604150652 0.42891630901287553 0.012298232129131437 0.011266094420600859 
4 0.22867025365103766 0.46003218884120173 0.01614142966948501 0.009120171673819743 
4 0.24558032282859338 0.4656652360515021 0.014604150653343582 0.0075107296137339056 
4 0.05572636433512682 0.42837982832618027 0.013066871637202153 0.0101931330472103 
4 0.38547271329746347 0.35756437768240346 0.009992313604919293 0.011266094420600859 
4 0.3789392774788624 0.3562231759656652 0.010760953112990008 0.01072961373390558 
4 0.20983858570330516 0.4761266094420601 0.013835511145272867 0.012339055793991416 
4 0.22367409684857803 0.4804184549356223 0.010760953112990008 0.011266094420600859 
4 0.2167563412759416 0.47773605150214593 0.010760953112990008 0.011266094420600859 
4 0.3401229823212913 0.5158261802575107 0.009992313604919293 0.012339055793991416 
5 0.4046887009992314 0.41738197424892703 0.033051498847040735 0.013948497854077254 
5 0.39469638739431206 0.42757510729613735 0.033051498847040735 0.011802575107296138 
5 0.382782475019216 0.4533261802575107 0.021521906225980016 0.009656652360515022 
5 0.3578016910069178 0.48175965665236054 0.01921598770176787 0.0075107296137339056 
4 0.5818601076095311 0.483637339055794 0.013835511145272867 0.012339055793991416 
4 0.5953112990007686 0.47585836909871243 0.014604150653343582 0.012875536480686695 
4 0.5507302075326672 0.533530042918455 0.014604150653343582 0.013412017167381975 
5 0.3681783243658724 0.5115343347639485 0.023059185242121444 0.017703862660944206 
4 0.3466564181398924 0.5185085836909872 0.010760953112990008 0.012339055793991416 
4 0.3339738662567256 0.5134120171673819 0.011529592621060722 0.011802575107296138 
4 0.23059185242121444 0.48202789699570814 0.010760953112990008 0.011266094420600859 
4 0.3262874711760185 0.5131437768240343 0.009992313604919293 0.0101931330472103 
4 0.31898539584934665 0.5107296137339056 0.010760953112990008 0.011802575107296138 
4 0.30707148347425056 0.503755364806867 0.011529592621060722 0.01072961373390558 
4 0.30092236740968487 0.5029506437768241 0.011529592621060722 0.012339055793991416 
4 0.2932359723289777 0.5013412017167382 0.009992313604919293 0.011266094420600859 
4 0.2878554957724827 0.5 0.009992313604919293 0.011802575107296138 
4 0.28132205995388165 0.4981223175965665 0.010760953112990008 0.011266094420600859 
4 0.24250576479631053 0.4863197424892704 0.013066871637202153 0.011266094420600859 
4 0.23597232897770945 0.48283261802575106 0.010760953112990008 0.01072961373390558 
14 0.4350499615680246 0.28969957081545067 0.04304381245196003 0.034334763948497854 
