0 0.9609375 0.18463541666666666 0.07916666666666666 0.08385416666666666 
0 0.7565104166666666 0.5765625 0.049479166666666664 0.05520833333333333 
0 0.6486979166666667 0.25052083333333336 0.0421875 0.046875 
0 0.6192708333333333 0.2955729166666667 0.041666666666666664 0.04635416666666667 
0 0.5989583333333334 0.34401041666666665 0.041666666666666664 0.04635416666666667 
0 0.6786458333333333 0.4317708333333333 0.04791666666666667 0.05520833333333333 
0 0.61640625 0.6075520833333333 0.043229166666666666 0.050520833333333334 
0 0.6260416666666667 0.8239583333333333 0.04375 0.04791666666666667 
0 0.784375 0.521875 0.04895833333333333 0.05416666666666667 
0 0.8666666666666667 0.36354166666666665 0.05 0.05520833333333333 
0 0.73828125 0.36692708333333335 0.0453125 0.049479166666666664 
0 0.7260416666666667 0.33151041666666664 0.04479166666666667 0.049479166666666664 
0 0.753125 0.2877604166666667 0.05 0.05572916666666667 
0 0.7885416666666667 0.2734375 0.05625 0.06145833333333333 
0 0.8104166666666667 0.18541666666666667 0.08645833333333333 0.084375 
0 0.89140625 0.31015625 0.04739583333333333 0.05364583333333333 
0 0.6705729166666666 0.20104166666666667 0.049479166666666664 0.05625 
