4 0.8606770833333334 0.8072916666666666 0.009895833333333333 0.010416666666666666 
4 0.5080729166666667 0.6190104166666667 0.009895833333333333 0.009895833333333333 
4 0.5684895833333333 0.5510416666666667 0.0109375 0.010416666666666666 
4 0.5653645833333333 0.5552083333333333 0.009895833333333333 0.010416666666666666 
4 0.5622395833333333 0.5588541666666667 0.009895833333333333 0.010416666666666666 
4 0.5580729166666667 0.56171875 0.0109375 0.0109375 
4 0.54765625 0.5377604166666666 0.0109375 0.0109375 
4 0.5434895833333333 0.5408854166666667 0.009895833333333333 0.0109375 
4 0.5395833333333333 0.5453125 0.009375 0.010416666666666666 
4 0.5291666666666667 0.5567708333333333 0.010416666666666666 0.010416666666666666 
4 0.5260416666666666 0.5611979166666666 0.010416666666666666 0.0109375 
4 0.5223958333333333 0.5653645833333333 0.009375 0.0109375 
4 0.51875 0.5692708333333333 0.009375 0.010416666666666666 
4 0.515625 0.5734375 0.010416666666666666 0.010416666666666666 
4 0.51171875 0.57734375 0.009895833333333333 0.0109375 
4 0.5078125 0.5815104166666667 0.009375 0.009895833333333333 
4 0.5049479166666667 0.5846354166666666 0.0109375 0.009895833333333333 
4 0.5013020833333334 0.5893229166666667 0.011979166666666667 0.0109375 
4 0.49713541666666666 0.5924479166666666 0.009895833333333333 0.008854166666666666 
4 0.4934895833333333 0.596875 0.008854166666666666 0.009375 
4 0.48984375 0.6005208333333333 0.009895833333333333 0.010416666666666666 
4 0.5494791666666666 0.5729166666666666 0.0125 0.011458333333333333 
4 0.5447916666666667 0.57734375 0.011458333333333333 0.0109375 
4 0.5408854166666667 0.5817708333333333 0.009895833333333333 0.010416666666666666 
4 0.5372395833333333 0.5854166666666667 0.009895833333333333 0.011458333333333333 
4 0.5330729166666667 0.5895833333333333 0.009895833333333333 0.009375 
4 0.52890625 0.59375 0.0109375 0.009375 
4 0.52578125 0.5984375 0.0109375 0.010416666666666666 
4 0.51484375 0.6104166666666667 0.0109375 0.010416666666666666 
4 0.571875 0.5479166666666667 0.010416666666666666 0.010416666666666666 
4 0.5755208333333334 0.5440104166666667 0.010416666666666666 0.009895833333333333 
4 0.578125 0.5390625 0.009375 0.009375 
4 0.56953125 0.5114583333333333 0.009895833333333333 0.009375 
4 0.6130208333333333 0.46432291666666664 0.009375 0.009895833333333333 
4 0.6098958333333333 0.4674479166666667 0.010416666666666666 0.008854166666666666 
4 0.6057291666666667 0.471875 0.009375 0.010416666666666666 
4 0.60234375 0.475 0.009895833333333333 0.010416666666666666 
4 0.5986979166666667 0.48020833333333335 0.0109375 0.011458333333333333 
4 0.59453125 0.48333333333333334 0.009895833333333333 0.010416666666666666 
4 0.5908854166666667 0.48723958333333334 0.009895833333333333 0.008854166666666666 
4 0.5877604166666667 0.49114583333333334 0.0109375 0.009375 
4 0.58359375 0.49453125 0.0109375 0.009895833333333333 
4 0.5807291666666666 0.49947916666666664 0.010416666666666666 0.009375 
4 0.5760416666666667 0.5026041666666666 0.008333333333333333 0.009375 
4 0.5729166666666666 0.5083333333333333 0.009375 0.009375 
4 0.63203125 0.48020833333333335 0.0109375 0.011458333333333333 
4 0.5828125 0.5356770833333333 0.011458333333333333 0.0109375 
4 0.628125 0.48489583333333336 0.011458333333333333 0.010416666666666666 
4 0.625 0.48932291666666666 0.009375 0.009895833333333333 
4 0.6216145833333333 0.49270833333333336 0.009895833333333333 0.010416666666666666 
4 0.6177083333333333 0.49609375 0.011458333333333333 0.0109375 
4 0.6140625 0.5002604166666667 0.011458333333333333 0.0109375 
4 0.6106770833333334 0.5041666666666667 0.0109375 0.010416666666666666 
4 0.60703125 0.5075520833333333 0.009895833333333333 0.0109375 
4 0.6033854166666667 0.51171875 0.0109375 0.0109375 
4 0.6 0.51640625 0.010416666666666666 0.0109375 
4 0.59609375 0.5197916666666667 0.009895833333333333 0.010416666666666666 
4 0.5924479166666666 0.5244791666666667 0.009895833333333333 0.010416666666666666 
4 0.5893229166666667 0.5276041666666667 0.0109375 0.010416666666666666 
4 0.5114583333333333 0.6151041666666667 0.010416666666666666 0.010416666666666666 
4 0.5036458333333333 0.6229166666666667 0.010416666666666666 0.009375 
4 0.6216145833333333 0.4388020833333333 0.008854166666666666 0.0067708333333333336 
4 0.5002604166666667 0.6260416666666667 0.0109375 0.009375 
4 0.4375 0.60546875 0.009375 0.008854166666666666 
4 0.44088541666666664 0.6091145833333333 0.009895833333333333 0.008854166666666666 
4 0.45234375 0.6192708333333333 0.009895833333333333 0.009375 
4 0.45703125 0.6221354166666667 0.009895833333333333 0.008854166666666666 
4 0.4596354166666667 0.6263020833333334 0.008854166666666666 0.008854166666666666 
4 0.46484375 0.63046875 0.009895833333333333 0.009895833333333333 
4 0.39453125 0.5796875 0.009895833333333333 0.008333333333333333 
4 0.390625 0.5828125 0.009375 0.008333333333333333 
4 0.38776041666666666 0.5877604166666667 0.009895833333333333 0.008854166666666666 
4 0.38333333333333336 0.59140625 0.010416666666666666 0.009895833333333333 
4 0.40729166666666666 0.5942708333333333 0.009375 0.009375 
4 0.4109375 0.5973958333333333 0.009375 0.010416666666666666 
4 0.41510416666666666 0.6002604166666666 0.010416666666666666 0.009895833333333333 
4 0.41875 0.6033854166666667 0.009375 0.009895833333333333 
4 0.42239583333333336 0.6067708333333334 0.009375 0.010416666666666666 
4 0.42682291666666666 0.6106770833333334 0.008854166666666666 0.009895833333333333 
4 0.43020833333333336 0.61328125 0.009375 0.009895833333333333 
4 0.43359375 0.6171875 0.009895833333333333 0.010416666666666666 
4 0.44114583333333335 0.6244791666666667 0.009375 0.011458333333333333 
4 0.44505208333333335 0.628125 0.0109375 0.011458333333333333 
4 0.4484375 0.63125 0.010416666666666666 0.011458333333333333 
4 0.45703125 0.6375 0.009895833333333333 0.010416666666666666 
4 0.47734375 0.65390625 0.009895833333333333 0.008854166666666666 
4 0.4734375 0.6575520833333334 0.009375 0.0109375 
4 0.46979166666666666 0.6611979166666667 0.010416666666666666 0.0109375 
4 0.4661458333333333 0.6653645833333334 0.009375 0.009895833333333333 
4 0.4630208333333333 0.6692708333333334 0.009375 0.010416666666666666 
4 0.434375 0.6013020833333333 0.009375 0.0109375 
4 0.4453125 0.6018229166666667 0.010416666666666666 0.009895833333333333 
4 0.4627604166666667 0.615625 0.0109375 0.010416666666666666 
4 0.3609375 0.5981770833333333 0.010416666666666666 0.008854166666666666 
4 0.49661458333333336 0.6302083333333334 0.0109375 0.009375 
4 0.49270833333333336 0.63359375 0.009375 0.008854166666666666 
4 0.4890625 0.6375 0.009375 0.008333333333333333 
4 0.4859375 0.6434895833333333 0.011458333333333333 0.0109375 
4 0.45026041666666666 0.5825520833333333 0.009895833333333333 0.0109375 
4 0.4583333333333333 0.58984375 0.011458333333333333 0.0109375 
4 0.46953125 0.6005208333333333 0.009895833333333333 0.010416666666666666 
4 0.47291666666666665 0.6046875 0.010416666666666666 0.011458333333333333 
4 0.403125 0.6401041666666667 0.010416666666666666 0.010416666666666666 
4 0.4046875 0.5645833333333333 0.010416666666666666 0.009375 
4 0.43072916666666666 0.5677083333333334 0.009375 0.010416666666666666 
4 0.42604166666666665 0.5614583333333333 0.009375 0.010416666666666666 
4 0.36354166666666665 0.5932291666666667 0.011458333333333333 0.010416666666666666 
4 0.42213541666666665 0.5927083333333333 0.009895833333333333 0.010416666666666666 
4 0.36614583333333334 0.5885416666666666 0.011458333333333333 0.010416666666666666 
4 0.40260416666666665 0.5479166666666667 0.010416666666666666 0.010416666666666666 
4 0.39895833333333336 0.5526041666666667 0.010416666666666666 0.010416666666666666 
4 0.39557291666666666 0.5559895833333334 0.0109375 0.0109375 
4 0.39140625 0.5606770833333333 0.0109375 0.009895833333333333 
4 0.3893229166666667 0.56484375 0.009895833333333333 0.009895833333333333 
4 0.3841145833333333 0.56796875 0.0109375 0.011979166666666667 
4 0.3815104166666667 0.57265625 0.009895833333333333 0.009895833333333333 
4 0.37786458333333334 0.5768229166666666 0.009895833333333333 0.009895833333333333 
4 0.37473958333333335 0.5809895833333333 0.0109375 0.0109375 
4 0.37109375 0.5848958333333333 0.0109375 0.010416666666666666 
5 0.41432291666666665 0.5864583333333333 0.009895833333333333 0.009375 
4 0.6171875 0.459375 0.011458333333333333 0.010416666666666666 
4 0.6177083333333333 0.4354166666666667 0.010416666666666666 0.00625 
4 0.45546875 0.6770833333333334 0.009895833333333333 0.009375 
4 0.55546875 0.98515625 0.009895833333333333 0.0109375 
4 0.73203125 0.8578125 0.0078125 0.008333333333333333 
4 0.7377604166666667 0.8614583333333333 0.008854166666666666 0.010416666666666666 
4 0.6575520833333334 0.8052083333333333 0.009895833333333333 0.009375 
4 0.6700520833333333 0.8143229166666667 0.009895833333333333 0.008854166666666666 
4 0.6776041666666667 0.8216145833333334 0.008333333333333333 0.009895833333333333 
4 0.6846354166666667 0.8278645833333333 0.009895833333333333 0.009895833333333333 
4 0.6890625 0.8309895833333333 0.009375 0.009895833333333333 
4 0.69609375 0.8377604166666667 0.008854166666666666 0.009895833333333333 
4 0.7002604166666667 0.8416666666666667 0.009895833333333333 0.009375 
4 0.70390625 0.8458333333333333 0.008854166666666666 0.010416666666666666 
4 0.7106770833333333 0.8528645833333334 0.009895833333333333 0.009895833333333333 
4 0.7145833333333333 0.85625 0.009375 0.009375 
4 0.71875 0.859375 0.008333333333333333 0.009375 
4 0.72265625 0.8625 0.008854166666666666 0.008333333333333333 
4 0.7265625 0.8651041666666667 0.008333333333333333 0.007291666666666667 
4 0.7299479166666667 0.8700520833333333 0.008854166666666666 0.009895833333333333 
4 0.7486979166666666 0.8856770833333333 0.0109375 0.011979166666666667 
4 0.6658854166666667 0.8421875 0.009895833333333333 0.011458333333333333 
4 0.66953125 0.846875 0.009895833333333333 0.009375 
4 0.6729166666666667 0.85078125 0.009375 0.009895833333333333 
4 0.6768229166666667 0.85390625 0.008854166666666666 0.009895833333333333 
4 0.6932291666666667 0.8567708333333334 0.005208333333333333 0.011458333333333333 
4 0.6809895833333334 0.8572916666666667 0.009895833333333333 0.010416666666666666 
4 0.7247395833333333 0.8927083333333333 0.008854166666666666 0.010416666666666666 
4 0.71953125 0.8916666666666667 0.0078125 0.009375 
5 0.7083333333333334 0.88046875 0.011458333333333333 0.009895833333333333 
4 0.6348958333333333 0.9703125 0.010416666666666666 0.010416666666666666 
4 0.7296875 0.85390625 0.008333333333333333 0.008854166666666666 
4 0.7268229166666667 0.8515625 0.008854166666666666 0.009375 
4 0.7223958333333333 0.8473958333333333 0.008333333333333333 0.008333333333333333 
4 0.8505208333333333 0.9114583333333334 0.008333333333333333 0.009375 
4 0.9372395833333333 0.9833333333333333 0.0109375 0.011458333333333333 
4 0.946875 0.9880208333333333 0.009375 0.010416666666666666 
4 0.9588541666666667 0.984375 0.009375 0.010416666666666666 
4 0.9552083333333333 0.9807291666666667 0.009375 0.011458333333333333 
4 0.9458333333333333 0.97421875 0.011458333333333333 0.011979166666666667 
4 0.8643229166666667 0.8583333333333333 0.009895833333333333 0.010416666666666666 
4 0.85703125 0.8661458333333333 0.009895833333333333 0.010416666666666666 
4 0.7903645833333334 0.9408854166666667 0.008854166666666666 0.008854166666666666 
4 0.78125 0.9515625 0.010416666666666666 0.010416666666666666 
4 0.8208333333333333 0.984375 0.009375 0.009375 
4 0.83125 0.971875 0.009375 0.008333333333333333 
4 0.8536458333333333 0.9901041666666667 0.009375 0.009375 
4 0.8403645833333333 0.9278645833333333 0.009895833333333333 0.008854166666666666 
4 0.71875 0.84453125 0.009375 0.009895833333333333 
4 0.8109375 0.96328125 0.008333333333333333 0.009895833333333333 
4 0.7916666666666666 0.9763020833333333 0.010416666666666666 0.009895833333333333 
4 0.6236979166666666 0.8059895833333334 0.009895833333333333 0.009895833333333333 
4 0.6322916666666667 0.81328125 0.010416666666666666 0.009895833333333333 
4 0.62734375 0.7768229166666667 0.008854166666666666 0.008854166666666666 
4 0.6322916666666667 0.7802083333333333 0.009375 0.010416666666666666 
4 0.6356770833333333 0.7838541666666666 0.008854166666666666 0.009375 
4 0.6385416666666667 0.7875 0.009375 0.009375 
4 0.6427083333333333 0.7921875 0.009375 0.009375 
4 0.6518229166666667 0.7963541666666667 0.0109375 0.011458333333333333 
4 0.7075520833333333 0.8330729166666667 0.008854166666666666 0.009895833333333333 
4 0.7143229166666667 0.8408854166666667 0.008854166666666666 0.0109375 
4 0.6174479166666667 0.98984375 0.008854166666666666 0.008854166666666666 
4 0.5375 0.9885416666666667 0.009375 0.009375 
4 0.6135416666666667 0.43125 0.010416666666666666 0.007291666666666667 
4 0.53203125 0.9846354166666667 0.0109375 0.009895833333333333 
4 0.6223958333333334 0.39895833333333336 0.005208333333333333 0.0125 
4 0.6265625 0.40286458333333336 0.005208333333333333 0.009895833333333333 
4 0.63046875 0.4044270833333333 0.0046875 0.0109375 
4 0.634375 0.4109375 0.004166666666666667 0.009375 
4 0.6385416666666667 0.4140625 0.004166666666666667 0.009375 
4 0.546875 0.37135416666666665 0.014583333333333334 0.007291666666666667 
4 0.5505208333333333 0.37604166666666666 0.011458333333333333 0.007291666666666667 
4 0.5549479166666667 0.3796875 0.011979166666666667 0.00625 
4 0.5591145833333333 0.38307291666666665 0.0109375 0.0067708333333333336 
4 0.5622395833333333 0.38671875 0.0109375 0.0067708333333333336 
4 0.5838541666666667 0.3692708333333333 0.005208333333333333 0.010416666666666666 
4 0.5890625 0.3703125 0.004166666666666667 0.010416666666666666 
4 0.5911458333333334 0.38359375 0.00625 0.009895833333333333 
4 0.6033854166666667 0.3953125 0.0036458333333333334 0.010416666666666666 
4 0.6075520833333333 0.39921875 0.0046875 0.009895833333333333 
4 0.6119791666666666 0.40234375 0.004166666666666667 0.008854166666666666 
4 0.6161458333333333 0.40546875 0.005208333333333333 0.009895833333333333 
4 0.6197916666666666 0.409375 0.005208333333333333 0.010416666666666666 
4 0.6234375 0.41354166666666664 0.005208333333333333 0.009375 
4 0.628125 0.4158854166666667 0.00625 0.009895833333333333 
4 0.63203125 0.4197916666666667 0.0046875 0.009375 
4 0.58828125 0.4080729166666667 0.0109375 0.0067708333333333336 
4 0.59296875 0.41380208333333335 0.0109375 0.0067708333333333336 
4 0.5966145833333333 0.4166666666666667 0.0109375 0.007291666666666667 
4 0.6002604166666666 0.42083333333333334 0.0109375 0.00625 
4 0.6049479166666667 0.42473958333333334 0.0109375 0.005729166666666666 
4 0.6091145833333333 0.4278645833333333 0.0109375 0.005729166666666666 
4 0.6177083333333333 0.39557291666666666 0.00625 0.009895833333333333 
4 0.6140625 0.3921875 0.005208333333333333 0.010416666666666666 
4 0.6098958333333333 0.3890625 0.005208333333333333 0.011458333333333333 
4 0.61796875 0.3658854166666667 0.009895833333333333 0.005729166666666666 
4 0.5463541666666667 0.9783854166666667 0.010416666666666666 0.009895833333333333 
4 0.5697916666666667 0.9078125 0.005208333333333333 0.010416666666666666 
4 0.5645833333333333 0.9138020833333333 0.004166666666666667 0.0109375 
4 0.69375 0.2359375 0.010416666666666666 0.009375 
4 0.77421875 0.011979166666666667 0.0078125 0.008333333333333333 
5 0.78671875 0.009375 0.0140625 0.011458333333333333 
4 0.62421875 0.13723958333333333 0.008854166666666666 0.009895833333333333 
4 0.64453125 0.39140625 0.0109375 0.0078125 
4 0.6393229166666666 0.38723958333333336 0.0109375 0.0078125 
4 0.6346354166666667 0.3828125 0.0109375 0.007291666666666667 
4 0.6302083333333334 0.37864583333333335 0.009375 0.007291666666666667 
4 0.6208333333333333 0.37057291666666664 0.010416666666666666 0.005729166666666666 
4 0.5950520833333334 0.3463541666666667 0.008854166666666666 0.008333333333333333 
4 0.6052083333333333 0.3846354166666667 0.004166666666666667 0.009895833333333333 
4 0.6005208333333333 0.35052083333333334 0.010416666666666666 0.007291666666666667 
4 0.5903645833333333 0.34270833333333334 0.009895833333333333 0.009375 
4 0.5861979166666667 0.33828125 0.008854166666666666 0.009895833333333333 
4 0.57265625 0.33645833333333336 0.0109375 0.010416666666666666 
4 0.5684895833333333 0.32734375 0.009895833333333333 0.009895833333333333 
4 0.5692708333333333 0.3411458333333333 0.009375 0.009375 
4 0.5658854166666667 0.3453125 0.0109375 0.010416666666666666 
4 0.5619791666666667 0.34817708333333336 0.009375 0.009895833333333333 
4 0.55859375 0.3515625 0.008854166666666666 0.009375 
4 0.55546875 0.3546875 0.009895833333333333 0.010416666666666666 
4 0.575 0.35651041666666666 0.009375 0.008854166666666666 
4 0.6013020833333333 0.3796875 0.0046875 0.009375 
4 0.46015625 0.6739583333333333 0.009895833333333333 0.009375 
4 0.45234375 0.6802083333333333 0.008854166666666666 0.009375 
4 0.9361979166666666 0.9052083333333333 0.008854166666666666 0.011458333333333333 
0 0.7395833333333334 0.17473958333333334 0.026041666666666668 0.024479166666666666 
0 0.7513020833333334 0.07369791666666667 0.0265625 0.024479166666666666 
0 0.8572916666666667 0.16979166666666667 0.025 0.025 
0 0.8369791666666667 0.17369791666666667 0.028125 0.027604166666666666 
0 0.8395833333333333 0.15442708333333333 0.026041666666666668 0.024479166666666666 
0 0.8216145833333334 0.13802083333333334 0.025520833333333333 0.025 
0 0.8036458333333333 0.121875 0.026041666666666668 0.025 
0 0.8013020833333333 0.14036458333333332 0.021354166666666667 0.021354166666666667 
0 0.7846354166666667 0.12604166666666666 0.025520833333333333 0.025 
0 0.74765625 0.09270833333333334 0.027604166666666666 0.025 
0 0.765625 0.10989583333333333 0.025 0.025 
0 0.7692708333333333 0.09010416666666667 0.027083333333333334 0.025 
0 0.7911458333333333 0.04609375 0.023958333333333335 0.0234375 
0 0.7734375 0.029427083333333333 0.022916666666666665 0.022395833333333334 
0 0.6453125 0.24479166666666666 0.026041666666666668 0.025 
0 0.66171875 0.26119791666666664 0.024479166666666666 0.024479166666666666 
0 0.6802083333333333 0.27760416666666665 0.025 0.023958333333333335 
0 0.69921875 0.2947916666666667 0.0234375 0.022916666666666665 
0 0.7166666666666667 0.3109375 0.023958333333333335 0.022916666666666665 
0 0.8294270833333334 0.23984375 0.018229166666666668 0.0109375 
0 0.7934895833333333 0.22265625 0.028645833333333332 0.027604166666666666 
0 0.79609375 0.20338541666666668 0.0234375 0.0234375 
0 0.7783854166666667 0.1859375 0.021354166666666667 0.020833333333333332 
0 0.7604166666666666 0.1703125 0.020833333333333332 0.019791666666666666 
0 0.7427083333333333 0.15442708333333333 0.020833333333333332 0.021354166666666667 
0 0.725 0.13854166666666667 0.021875 0.021875 
0 0.7083333333333334 0.12369791666666667 0.026041666666666668 0.0265625 
0 0.68984375 0.1078125 0.0265625 0.027083333333333334 
0 0.7309895833333333 0.07760416666666667 0.025520833333333333 0.025 
0 0.7122395833333334 0.06197916666666667 0.027604166666666666 0.027083333333333334 
0 0.8619791666666666 0.10989583333333333 0.026041666666666668 0.025 
5 0.11197916666666667 0.94140625 0.013541666666666667 0.016145833333333335 
5 0.3729166666666667 0.9682291666666667 0.015625 0.015625 
4 0.4153645833333333 0.9901041666666667 0.009895833333333333 0.010416666666666666 
5 0.4 0.9908854166666666 0.010416666666666666 0.011979166666666667 
5 0.39401041666666664 0.9872395833333333 0.011979166666666667 0.011979166666666667 
5 0.28489583333333335 0.95703125 0.017708333333333333 0.018229166666666668 
4 0.25026041666666665 0.9830729166666666 0.0109375 0.0109375 
5 0.13151041666666666 0.96953125 0.011979166666666667 0.009895833333333333 
5 0.13489583333333333 0.96484375 0.013541666666666667 0.009895833333333333 
5 0.14895833333333333 0.9622395833333334 0.014583333333333334 0.0109375 
4 0.128125 0.9825520833333333 0.009375 0.011979166666666667 
4 0.11875 0.9880208333333333 0.010416666666666666 0.013541666666666667 
5 0.1 0.9622395833333334 0.015625 0.022395833333333334 
5 0.12213541666666666 0.9244791666666666 0.015104166666666667 0.01875 
0 0.8981770833333333 0.14192708333333334 0.0265625 0.0265625 
5 0.13541666666666666 0.9033854166666667 0.016666666666666666 0.022395833333333334 
0 0.39140625 0.4942708333333333 0.0609375 0.06041666666666667 
0 0.33098958333333334 0.4296875 0.07135416666666666 0.059375 
0 0.6854166666666667 0.12682291666666667 0.026041666666666668 0.024479166666666666 
0 0.7580729166666667 0.19036458333333334 0.027604166666666666 0.027604166666666666 
4 0.35833333333333334 0.95625 0.010416666666666666 0.011458333333333333 
0 0.4981770833333333 0.26067708333333334 0.0453125 0.044270833333333336 
0 0.084375 0.7578125 0.027083333333333334 0.025 
0 0.07395833333333333 0.7380208333333333 0.03125 0.030208333333333334 
0 0.09557291666666666 0.6877604166666667 0.030729166666666665 0.0296875 
0 0.11484375 0.7078125 0.030729166666666665 0.03125 
0 0.134375 0.7231770833333333 0.020833333333333332 0.0203125 
0 0.1765625 0.68046875 0.04375 0.043229166666666666 
0 0.22760416666666666 0.72265625 0.06458333333333334 0.0578125 
0 0.24505208333333334 0.75 0.0359375 0.034375 
0 0.27708333333333335 0.7307291666666667 0.04895833333333333 0.04791666666666667 
0 0.2708333333333333 0.7703125 0.036458333333333336 0.03125 
0 0.2953125 0.7752604166666667 0.04791666666666667 0.0484375 
0 0.3140625 0.7572916666666667 0.03958333333333333 0.03333333333333333 
0 0.3296875 0.69453125 0.07291666666666667 0.06927083333333334 
0 0.34765625 0.6716145833333333 0.027604166666666666 0.0140625 
0 0.36354166666666665 0.6848958333333334 0.029166666666666667 0.026041666666666668 
0 0.32734375 0.7244791666666667 0.027604166666666666 0.03333333333333333 
0 0.30911458333333336 0.6541666666666667 0.04114583333333333 0.041666666666666664 
0 0.24765625 0.6104166666666667 0.027604166666666666 0.023958333333333335 
0 0.28046875 0.5252604166666667 0.0515625 0.050520833333333334 
0 0.3109375 0.5567708333333333 0.04583333333333333 0.046875 
0 0.33671875 0.5817708333333333 0.043229166666666666 0.042708333333333334 
0 0.10859375 0.76484375 0.03177083333333333 0.030729166666666665 
0 0.07265625 0.8239583333333333 0.0359375 0.036458333333333336 
0 0.06770833333333333 0.8065104166666667 0.027083333333333334 0.024479166666666666 
0 0.52734375 0.38385416666666666 0.025520833333333333 0.014583333333333334 
0 0.515625 0.3138020833333333 0.04583333333333333 0.044270833333333336 
0 0.5088541666666667 0.34270833333333334 0.027083333333333334 0.027083333333333334 
0 0.39296875 0.35234375 0.06822916666666666 0.06302083333333333 
0 0.41770833333333335 0.38671875 0.04479166666666667 0.043229166666666666 
0 0.45859375 0.39375 0.03802083333333333 0.03333333333333333 
0 0.440625 0.41822916666666665 0.040625 0.040625 
0 0.47552083333333334 0.41015625 0.03229166666666667 0.028645833333333332 
0 0.4630208333333333 0.44036458333333334 0.042708333333333334 0.043229166666666666 
0 0.49453125 0.42552083333333335 0.0328125 0.03125 
0 0.5114583333333333 0.44479166666666664 0.022916666666666665 0.023958333333333335 
0 0.534375 0.40520833333333334 0.017708333333333333 0.023958333333333335 
0 0.5502604166666667 0.396875 0.0296875 0.029166666666666667 
0 0.5153645833333333 0.37265625 0.024479166666666666 0.024479166666666666 
0 0.04635416666666667 0.8046875 0.034375 0.03333333333333333 
0 0.5260416666666666 0.3580729166666667 0.025 0.025520833333333333 
0 0.540625 0.3380208333333333 0.046875 0.04583333333333333 
0 0.6518229166666667 0.28411458333333334 0.0421875 0.0421875 
0 0.6283854166666667 0.25703125 0.043229166666666666 0.044270833333333336 
0 0.60078125 0.23489583333333333 0.0421875 0.041666666666666664 
0 0.6033854166666667 0.25755208333333335 0.030729166666666665 0.0296875 
0 0.5734375 0.24140625 0.04479166666666667 0.044270833333333336 
0 0.5705729166666667 0.21276041666666667 0.0578125 0.0578125 
0 0.6416666666666667 0.17604166666666668 0.025 0.025 
0 0.6247395833333333 0.159375 0.028645833333333332 0.028125 
0 0.046875 0.8796875 0.027083333333333334 0.026041666666666668 
0 0.025520833333333333 0.8645833333333334 0.027083333333333334 0.026041666666666668 
4 0.36770833333333336 0.9627604166666667 0.011458333333333333 0.0140625 
4 0.34791666666666665 0.9450520833333333 0.0125 0.013020833333333334 
4 0.4484375 0.68515625 0.009375 0.009895833333333333 
4 0.5208333333333334 0.8736979166666666 0.011458333333333333 0.005729166666666666 
4 0.3177083333333333 0.82109375 0.009375 0.008854166666666666 
4 0.31354166666666666 0.8255208333333334 0.010416666666666666 0.009375 
4 0.33541666666666664 0.8013020833333333 0.009375 0.0109375 
4 0.33828125 0.7958333333333333 0.009895833333333333 0.009375 
4 0.35494791666666664 0.7825520833333334 0.009895833333333333 0.008854166666666666 
4 0.3575520833333333 0.7783854166666667 0.0109375 0.009895833333333333 
4 0.35911458333333335 0.7723958333333333 0.009895833333333333 0.008333333333333333 
4 0.3619791666666667 0.7674479166666667 0.010416666666666666 0.0109375 
4 0.36328125 0.76171875 0.008854166666666666 0.009895833333333333 
4 0.35651041666666666 0.7575520833333333 0.009895833333333333 0.0109375 
4 0.36744791666666665 0.7510416666666667 0.0109375 0.009375 
4 0.37109375 0.7466145833333333 0.009895833333333333 0.008854166666666666 
4 0.3734375 0.7408854166666666 0.010416666666666666 0.008854166666666666 
4 0.37604166666666666 0.7361979166666667 0.011458333333333333 0.009895833333333333 
5 0.4609375 0.8010416666666667 0.009375 0.009375 
4 0.4549479166666667 0.8088541666666667 0.0109375 0.009375 
4 0.45260416666666664 0.8125 0.010416666666666666 0.009375 
4 0.44947916666666665 0.8166666666666667 0.011458333333333333 0.009375 
4 0.4453125 0.82109375 0.011458333333333333 0.0109375 
4 0.44114583333333335 0.825 0.010416666666666666 0.010416666666666666 
4 0.4375 0.828125 0.009375 0.009375 
4 0.43385416666666665 0.8328125 0.009375 0.010416666666666666 
4 0.42994791666666665 0.8361979166666667 0.009895833333333333 0.008854166666666666 
4 0.42552083333333335 0.8401041666666667 0.009375 0.009375 
4 0.42291666666666666 0.8588541666666667 0.010416666666666666 0.009375 
4 0.4140625 0.8552083333333333 0.010416666666666666 0.009375 
4 0.5098958333333333 0.86328125 0.0125 0.005729166666666666 
4 0.32109375 0.8171875 0.0109375 0.009375 
4 0.328125 0.8088541666666667 0.010416666666666666 0.009375 
4 0.34296875 0.7924479166666667 0.009895833333333333 0.008854166666666666 
4 0.43359375 0.6481770833333333 0.009895833333333333 0.009895833333333333 
4 0.44479166666666664 0.6888020833333334 0.009375 0.009895833333333333 
4 0.44088541666666664 0.6932291666666667 0.009895833333333333 0.010416666666666666 
4 0.4625 0.64765625 0.010416666666666666 0.009895833333333333 
4 0.39427083333333335 0.6138020833333333 0.009375 0.0109375 
4 0.40208333333333335 0.6213541666666667 0.009375 0.009375 
4 0.40598958333333335 0.6252604166666667 0.009895833333333333 0.009895833333333333 
4 0.40989583333333335 0.628125 0.009375 0.010416666666666666 
4 0.41432291666666665 0.6315104166666666 0.009895833333333333 0.009895833333333333 
4 0.41875 0.6348958333333333 0.010416666666666666 0.010416666666666666 
4 0.421875 0.6377604166666667 0.009375 0.009895833333333333 
4 0.4244791666666667 0.6424479166666667 0.009375 0.0109375 
4 0.42890625 0.6455729166666667 0.008854166666666666 0.0109375 
4 0.43828125 0.6533854166666667 0.008854166666666666 0.0109375 
4 0.4278645833333333 0.6966145833333334 0.005729166666666666 0.008854166666666666 
4 0.434375 0.6630208333333333 0.009375 0.009375 
4 0.43046875 0.66640625 0.0109375 0.0109375 
4 0.38125 0.6380208333333334 0.010416666666666666 0.009375 
5 0.39479166666666665 0.6322916666666667 0.011458333333333333 0.010416666666666666 
5 0.38645833333333335 0.6411458333333333 0.010416666666666666 0.009375 
4 0.40677083333333336 0.6442708333333333 0.009375 0.009375 
5 0.3984375 0.6369791666666667 0.014583333333333334 0.0125 
4 0.3888020833333333 0.6466145833333333 0.0109375 0.0109375 
4 0.39557291666666666 0.6471354166666666 0.008854166666666666 0.009895833333333333 
4 0.39166666666666666 0.671875 0.008333333333333333 0.009375 
4 0.38333333333333336 0.6783854166666666 0.009375 0.009895833333333333 
4 0.42239583333333336 0.6953125 0.005208333333333333 0.009375 
4 0.5143229166666666 0.86796875 0.0109375 0.0046875 
4 0.4734375 0.9067708333333333 0.010416666666666666 0.011458333333333333 
5 0.34348958333333335 0.9421875 0.013020833333333334 0.013541666666666667 
4 0.48072916666666665 0.91328125 0.008333333333333333 0.0078125 
4 0.4609375 0.9296875 0.009375 0.010416666666666666 
4 0.46484375 0.9328125 0.009895833333333333 0.011458333333333333 
4 0.46901041666666665 0.93671875 0.008854166666666666 0.0109375 
5 0.47291666666666665 0.940625 0.0125 0.0125 
4 0.47682291666666665 0.94453125 0.008854166666666666 0.0109375 
4 0.48151041666666666 0.9466145833333334 0.008854166666666666 0.009895833333333333 
4 0.48463541666666665 0.9502604166666667 0.009895833333333333 0.009895833333333333 
4 0.48880208333333336 0.9549479166666667 0.009895833333333333 0.009895833333333333 
4 0.49583333333333335 0.9606770833333333 0.009375 0.0109375 
4 0.49895833333333334 0.9638020833333333 0.008333333333333333 0.008854166666666666 
4 0.50234375 0.96640625 0.008854166666666666 0.0109375 
4 0.5067708333333333 0.9684895833333333 0.009375 0.0109375 
4 0.46328125 0.94921875 0.0109375 0.011979166666666667 
4 0.47239583333333335 0.9559895833333333 0.009375 0.008854166666666666 
4 0.47552083333333334 0.959375 0.009375 0.010416666666666666 
4 0.4171875 0.9268229166666667 0.011458333333333333 0.008854166666666666 
4 0.41328125 0.9244791666666666 0.009895833333333333 0.009375 
4 0.41015625 0.9205729166666666 0.0109375 0.009895833333333333 
4 0.43072916666666666 0.93828125 0.009375 0.009895833333333333 
4 0.43463541666666666 0.9419270833333333 0.008854166666666666 0.008854166666666666 
4 0.43854166666666666 0.9455729166666667 0.007291666666666667 0.009895833333333333 
4 0.4421875 0.9484375 0.008333333333333333 0.008333333333333333 
4 0.48333333333333334 0.9666666666666667 0.008333333333333333 0.010416666666666666 
4 0.4627604166666667 0.96171875 0.0109375 0.011979166666666667 
4 0.43697916666666664 0.97734375 0.009375 0.0078125 
4 0.4466145833333333 0.96796875 0.008854166666666666 0.008854166666666666 
4 0.45208333333333334 0.9752604166666666 0.009375 0.0109375 
4 0.45677083333333335 0.9263020833333333 0.010416666666666666 0.009895833333333333 
4 0.453125 0.9223958333333333 0.011458333333333333 0.010416666666666666 
4 0.44895833333333335 0.9192708333333334 0.010416666666666666 0.010416666666666666 
4 0.5296875 0.9528645833333333 0.005208333333333333 0.009895833333333333 
4 0.4859375 0.9174479166666667 0.009375 0.008854166666666666 
4 0.4890625 0.9216145833333333 0.010416666666666666 0.009895833333333333 
4 0.4934895833333333 0.9255208333333333 0.008854166666666666 0.009375 
4 0.4973958333333333 0.9286458333333333 0.008333333333333333 0.009375 
4 0.5013020833333334 0.9328125 0.008854166666666666 0.009375 
4 0.5059895833333333 0.9348958333333334 0.0078125 0.009375 
4 0.5096354166666667 0.9380208333333333 0.008854166666666666 0.010416666666666666 
4 0.51328125 0.94140625 0.008854166666666666 0.008854166666666666 
5 0.55 0.9299479166666667 0.00625 0.0109375 
4 0.5442708333333334 0.9356770833333333 0.005208333333333333 0.0109375 
4 0.5390625 0.9408854166666667 0.004166666666666667 0.0109375 
4 0.5341145833333333 0.9466145833333334 0.0046875 0.009895833333333333 
4 0.5247395833333334 0.9578125 0.005729166666666666 0.009375 
4 0.44609375 0.915625 0.0109375 0.010416666666666666 
4 0.3966145833333333 0.87109375 0.008854166666666666 0.008854166666666666 
4 0.40390625 0.8778645833333333 0.008854166666666666 0.009895833333333333 
4 0.4083333333333333 0.8825520833333333 0.009375 0.008854166666666666 
4 0.41119791666666666 0.8859375 0.009895833333333333 0.010416666666666666 
4 0.41510416666666666 0.88828125 0.009375 0.009895833333333333 
4 0.41901041666666666 0.8919270833333334 0.009895833333333333 0.0109375 
4 0.4234375 0.8950520833333333 0.0125 0.0109375 
4 0.42734375 0.8986979166666667 0.0109375 0.009895833333333333 
4 0.43125 0.90078125 0.010416666666666666 0.0109375 
4 0.43463541666666666 0.9044270833333333 0.009895833333333333 0.011979166666666667 
4 0.43828125 0.9088541666666666 0.008854166666666666 0.011458333333333333 
4 0.4427083333333333 0.91171875 0.010416666666666666 0.0109375 
4 0.9515625 0.9911458333333333 0.008333333333333333 0.009375 
4 0.9296875 0.8997395833333334 0.009375 0.011979166666666667 
4 0.8736979166666666 0.7833333333333333 0.009895833333333333 0.009375 
4 0.6828125 0.5580729166666667 0.009375 0.008854166666666666 
4 0.8729166666666667 0.584375 0.009375 0.009375 
4 0.8635416666666667 0.5856770833333333 0.010416666666666666 0.008854166666666666 
4 0.8645833333333334 0.59296875 0.010416666666666666 0.009895833333333333 
4 0.8559895833333333 0.6018229166666667 0.008854166666666666 0.0109375 
4 0.8729166666666667 0.5947916666666667 0.010416666666666666 0.009375 
4 0.8776041666666666 0.5979166666666667 0.011458333333333333 0.010416666666666666 
4 0.890625 0.58203125 0.008333333333333333 0.008854166666666666 
4 0.8927083333333333 0.5953125 0.008333333333333333 0.009375 
4 0.9111979166666667 0.58203125 0.009895833333333333 0.008854166666666666 
4 0.9166666666666666 0.5846354166666666 0.009375 0.008854166666666666 
4 0.9083333333333333 0.5783854166666667 0.009375 0.009895833333333333 
4 0.9130208333333333 0.5671875 0.009375 0.008333333333333333 
4 0.9161458333333333 0.5703125 0.009375 0.009375 
4 0.9190104166666667 0.5747395833333333 0.008854166666666666 0.0078125 
4 0.92421875 0.5763020833333333 0.008854166666666666 0.009895833333333333 
5 0.9322916666666666 0.6041666666666666 0.009375 0.004166666666666667 
5 0.9450520833333333 0.6174479166666667 0.0078125 0.0036458333333333334 
4 0.9658854166666667 0.6005208333333333 0.009895833333333333 0.009375 
4 0.9502604166666667 0.6317708333333333 0.008854166666666666 0.009375 
4 0.7606770833333333 0.5716145833333334 0.0109375 0.011979166666666667 
4 0.7528645833333333 0.5645833333333333 0.0078125 0.008333333333333333 
4 0.74921875 0.5596354166666667 0.0078125 0.0078125 
4 0.7434895833333334 0.55703125 0.0078125 0.008854166666666666 
4 0.7388020833333333 0.5526041666666667 0.008854166666666666 0.010416666666666666 
4 0.7481770833333333 0.5794270833333334 0.0109375 0.009895833333333333 
4 0.7296875 0.56796875 0.007291666666666667 0.009895833333333333 
4 0.6973958333333333 0.5283854166666667 0.009375 0.008854166666666666 
4 0.8861979166666667 0.56875 0.009895833333333333 0.009375 
4 0.8924479166666667 0.5614583333333333 0.008854166666666666 0.009375 
4 0.90234375 0.5578125 0.0078125 0.008333333333333333 
4 0.8091145833333333 0.5184895833333333 0.0046875 0.008854166666666666 
4 0.8223958333333333 0.50390625 0.010416666666666666 0.009895833333333333 
4 0.8263020833333333 0.5065104166666666 0.009895833333333333 0.009895833333333333 
4 0.8330729166666667 0.5122395833333333 0.0109375 0.0109375 
4 0.8372395833333334 0.5166666666666667 0.0109375 0.010416666666666666 
4 0.84140625 0.5197916666666667 0.0109375 0.010416666666666666 
4 0.8463541666666666 0.5247395833333334 0.010416666666666666 0.0109375 
4 0.85078125 0.5286458333333334 0.0109375 0.010416666666666666 
4 0.8546875 0.53203125 0.011458333333333333 0.0109375 
4 0.7877604166666666 0.49973958333333335 0.0046875 0.011979166666666667 
4 0.7932291666666667 0.5052083333333334 0.005208333333333333 0.0125 
4 0.7989583333333333 0.5096354166666667 0.00625 0.0109375 
4 0.8041666666666667 0.5145833333333333 0.00625 0.011458333333333333 
4 0.8338541666666667 0.5424479166666667 0.009375 0.009895833333333333 
4 0.8989583333333333 0.5544270833333333 0.008333333333333333 0.008854166666666666 
4 0.8296875 0.5388020833333333 0.010416666666666666 0.009895833333333333 
4 0.8111979166666666 0.5359375 0.0109375 0.011458333333333333 
4 0.8190104166666666 0.54296875 0.009895833333333333 0.008854166666666666 
4 0.82734375 0.5513020833333333 0.0109375 0.009895833333333333 
5 0.82109375 0.5533854166666666 0.013020833333333334 0.011979166666666667 
5 0.8111979166666666 0.5447916666666667 0.011979166666666667 0.011458333333333333 
4 0.79609375 0.5473958333333333 0.008854166666666666 0.008333333333333333 
4 0.8 0.54375 0.009375 0.009375 
4 0.9869791666666666 0.5979166666666667 0.008333333333333333 0.008333333333333333 
4 0.9830729166666666 0.5940104166666667 0.008854166666666666 0.009895833333333333 
4 0.97890625 0.5903645833333333 0.009895833333333333 0.009895833333333333 
4 0.9721354166666667 0.5825520833333333 0.009895833333333333 0.0109375 
4 0.6893229166666667 0.5497395833333333 0.009895833333333333 0.009895833333333333 
4 0.6786458333333333 0.5627604166666667 0.010416666666666666 0.009895833333333333 
4 0.8153645833333333 0.4979166666666667 0.0109375 0.009375 
4 0.6747395833333333 0.565625 0.009895833333333333 0.009375 
4 0.75390625 0.6380208333333334 0.0078125 0.008333333333333333 
4 0.7575520833333333 0.640625 0.008854166666666666 0.008333333333333333 
4 0.7604166666666666 0.6307291666666667 0.008333333333333333 0.009375 
5 0.7572916666666667 0.6265625 0.010416666666666666 0.010416666666666666 
4 0.7713541666666667 0.6239583333333333 0.009375 0.009375 
4 0.7645833333333333 0.6333333333333333 0.009375 0.009375 
5 0.7671875 0.6447916666666667 0.010416666666666666 0.009375 
4 0.7755208333333333 0.6427083333333333 0.008333333333333333 0.009375 
4 0.7854166666666667 0.6380208333333334 0.008333333333333333 0.008333333333333333 
4 0.7796875 0.6315104166666666 0.009375 0.009895833333333333 
4 0.7450520833333333 0.6682291666666667 0.008854166666666666 0.008333333333333333 
4 0.7872395833333333 0.6515625 0.0078125 0.009375 
4 0.77890625 0.6604166666666667 0.008854166666666666 0.009375 
4 0.82109375 0.6466145833333333 0.0109375 0.0109375 
4 0.8153645833333333 0.6546875 0.0109375 0.010416666666666666 
4 0.8119791666666667 0.65859375 0.010416666666666666 0.009895833333333333 
4 0.80625 0.66484375 0.009375 0.0109375 
4 0.8036458333333333 0.6684895833333333 0.010416666666666666 0.009895833333333333 
4 0.8002604166666667 0.671875 0.009895833333333333 0.010416666666666666 
4 0.7971354166666667 0.6755208333333333 0.009895833333333333 0.010416666666666666 
4 0.7934895833333333 0.6809895833333334 0.011979166666666667 0.011979166666666667 
4 0.7888020833333333 0.6830729166666667 0.009895833333333333 0.0109375 
4 0.78515625 0.68671875 0.0109375 0.008854166666666666 
4 0.7815104166666667 0.6903645833333333 0.009895833333333333 0.008854166666666666 
4 0.7776041666666667 0.69375 0.008333333333333333 0.009375 
4 0.8005208333333333 0.6513020833333333 0.010416666666666666 0.0109375 
4 0.7747395833333334 0.6723958333333333 0.008854166666666666 0.009375 
4 0.75078125 0.6338541666666667 0.0078125 0.007291666666666667 
5 0.74375 0.634375 0.010416666666666666 0.011458333333333333 
5 0.74453125 0.6421875 0.009895833333333333 0.010416666666666666 
4 0.7067708333333333 0.68984375 0.009375 0.009895833333333333 
4 0.671875 0.5703125 0.010416666666666666 0.009375 
5 0.6713541666666667 0.6057291666666667 0.009375 0.009375 
4 0.6786458333333333 0.5989583333333334 0.010416666666666666 0.008333333333333333 
4 0.6822916666666666 0.5947916666666667 0.009375 0.009375 
4 0.68671875 0.5911458333333334 0.009895833333333333 0.009375 
4 0.6901041666666666 0.58671875 0.009375 0.0078125 
4 0.6942708333333333 0.5822916666666667 0.009375 0.009375 
4 0.7005208333333334 0.5747395833333333 0.008333333333333333 0.009895833333333333 
4 0.7044270833333334 0.5708333333333333 0.008854166666666666 0.008333333333333333 
4 0.70859375 0.5661458333333333 0.008854166666666666 0.009375 
4 0.696875 0.70859375 0.010416666666666666 0.009895833333333333 
4 0.70390625 0.7010416666666667 0.009895833333333333 0.009375 
4 0.6997395833333333 0.6971354166666667 0.0078125 0.0078125 
4 0.7263020833333333 0.61171875 0.009895833333333333 0.009895833333333333 
4 0.7111979166666667 0.6932291666666667 0.009895833333333333 0.009375 
4 0.7143229166666667 0.6815104166666667 0.008854166666666666 0.008854166666666666 
4 0.71796875 0.6846354166666667 0.008854166666666666 0.009895833333333333 
4 0.7255208333333333 0.67734375 0.008333333333333333 0.008854166666666666 
4 0.7208333333333333 0.6747395833333333 0.010416666666666666 0.009895833333333333 
4 0.7315104166666667 0.6700520833333333 0.008854166666666666 0.008854166666666666 
4 0.7268229166666667 0.6671875 0.008854166666666666 0.009375 
4 0.734375 0.6606770833333333 0.009375 0.009895833333333333 
4 0.73125 0.6565104166666667 0.009375 0.008854166666666666 
4 0.7403645833333333 0.653125 0.008854166666666666 0.009375 
4 0.7375 0.6627604166666666 0.008333333333333333 0.0078125 
4 0.7377604166666667 0.6489583333333333 0.008854166666666666 0.009375 
4 0.8184895833333333 0.5002604166666667 0.009895833333333333 0.009895833333333333 
4 0.8114583333333333 0.4942708333333333 0.010416666666666666 0.011458333333333333 
4 0.7713541666666667 0.6841145833333333 0.009375 0.008854166666666666 
4 0.8934895833333333 0.31171875 0.011979166666666667 0.0109375 
4 0.925 0.07552083333333333 0.007291666666666667 0.007291666666666667 
4 0.9958333333333333 0.265625 0.009375 0.009375 
4 0.9919270833333333 0.26953125 0.0109375 0.009895833333333333 
4 0.9861979166666667 0.27630208333333334 0.009895833333333333 0.009895833333333333 
4 0.98828125 0.2515625 0.009895833333333333 0.009375 
4 0.978125 0.2625 0.010416666666666666 0.008333333333333333 
4 0.9752604166666666 0.26640625 0.011979166666666667 0.011979166666666667 
4 0.9682291666666667 0.27421875 0.009375 0.009895833333333333 
4 0.9953125 0.21692708333333333 0.009375 0.009895833333333333 
4 0.9822916666666667 0.2140625 0.010416666666666666 0.010416666666666666 
4 0.97890625 0.21770833333333334 0.009895833333333333 0.009375 
4 0.9755208333333333 0.22135416666666666 0.009375 0.009375 
4 0.97265625 0.22552083333333334 0.009895833333333333 0.009375 
5 0.95 0.19739583333333333 0.009375 0.009375 
4 0.9690104166666667 0.22942708333333334 0.009895833333333333 0.009895833333333333 
4 0.9653645833333333 0.23307291666666666 0.009895833333333333 0.008854166666666666 
4 0.9622395833333334 0.23697916666666666 0.008854166666666666 0.009375 
4 0.9588541666666667 0.24088541666666666 0.009375 0.009895833333333333 
4 0.9546875 0.24401041666666667 0.010416666666666666 0.008854166666666666 
4 0.95390625 0.25 0.0109375 0.009375 
4 0.95 0.253125 0.009375 0.010416666666666666 
4 0.9466145833333334 0.25625 0.009895833333333333 0.009375 
4 0.9432291666666667 0.26015625 0.010416666666666666 0.0109375 
4 0.93828125 0.26328125 0.009895833333333333 0.009895833333333333 
5 0.8986979166666667 0.2078125 0.011979166666666667 0.0125 
4 0.9627604166666667 0.28229166666666666 0.009895833333333333 0.009375 
4 0.8473958333333333 0.23697916666666666 0.008333333333333333 0.010416666666666666 
4 0.9177083333333333 0.07786458333333333 0.010416666666666666 0.009895833333333333 
4 0.9104166666666667 0.08567708333333333 0.010416666666666666 0.008854166666666666 
4 0.9515625 0.0953125 0.010416666666666666 0.009375 
5 0.6598958333333333 0.10260416666666666 0.009375 0.010416666666666666 
4 0.63203125 0.7174479166666666 0.008854166666666666 0.009895833333333333 
4 0.9231770833333334 0.7065104166666667 0.009895833333333333 0.0109375 
4 0.8807291666666667 0.7421875 0.011458333333333333 0.011458333333333333 
4 0.53359375 0.8841145833333334 0.0140625 0.0046875 
4 0.6421875 0.9791666666666666 0.007291666666666667 0.008333333333333333 
4 0.7927083333333333 0.6606770833333333 0.010416666666666666 0.008854166666666666 
4 0.9458333333333333 0.6359375 0.009375 0.009375 
4 0.8591145833333333 0.4473958333333333 0.009895833333333333 0.010416666666666666 
4 0.8484375 0.43671875 0.008333333333333333 0.009895833333333333 
4 0.8361979166666667 0.4278645833333333 0.0078125 0.009895833333333333 
4 0.8552083333333333 0.36432291666666666 0.008333333333333333 0.008854166666666666 
4 0.9591145833333333 0.18541666666666667 0.008854166666666666 0.009375 
4 0.9901041666666667 0.7950520833333333 0.010416666666666666 0.0078125 
4 0.9799479166666667 0.11666666666666667 0.008854166666666666 0.009375 
4 0.9518229166666666 0.9190104166666667 0.0109375 0.013020833333333334 
5 0.5072916666666667 0.3572916666666667 0.011458333333333333 0.010416666666666666 
5 0.48385416666666664 0.29348958333333336 0.0125 0.0140625 
5 0.46640625 0.31640625 0.019270833333333334 0.0203125 
5 0.47682291666666665 0.3223958333333333 0.018229166666666668 0.01875 
5 0.15546875 0.9028645833333333 0.0234375 0.033854166666666664 
4 0.14765625 0.99140625 0.0109375 0.0046875 
4 0.9755208333333333 0.13046875 0.009375 0.008854166666666666 
4 0.96171875 0.13541666666666666 0.0078125 0.009375 
4 0.9677083333333333 0.15052083333333333 0.009375 0.010416666666666666 
4 0.9817708333333334 0.15625 0.004166666666666667 0.011458333333333333 
4 0.9908854166666666 0.134375 0.009895833333333333 0.010416666666666666 
4 0.8963541666666667 0.3065104166666667 0.011458333333333333 0.0109375 
4 0.8890625 0.31484375 0.010416666666666666 0.009895833333333333 
4 0.80703125 0.49114583333333334 0.0109375 0.009375 
4 0.88671875 0.31953125 0.0109375 0.009895833333333333 
4 0.9533854166666667 0.40546875 0.008854166666666666 0.009895833333333333 
4 0.9677083333333333 0.41901041666666666 0.010416666666666666 0.011979166666666667 
4 0.9716145833333333 0.42213541666666665 0.009895833333333333 0.011979166666666667 
4 0.9755208333333333 0.42630208333333336 0.009375 0.0109375 
4 0.97890625 0.4296875 0.009895833333333333 0.010416666666666666 
4 0.9828125 0.4328125 0.010416666666666666 0.010416666666666666 
4 0.9869791666666666 0.4356770833333333 0.009375 0.0109375 
4 0.9901041666666667 0.4395833333333333 0.009375 0.010416666666666666 
4 0.9942708333333333 0.44192708333333336 0.010416666666666666 0.009895833333333333 
4 0.9213541666666667 0.39739583333333334 0.011458333333333333 0.010416666666666666 
4 0.92421875 0.4005208333333333 0.008854166666666666 0.010416666666666666 
4 0.928125 0.4046875 0.009375 0.010416666666666666 
4 0.8942708333333333 0.4080729166666667 0.009375 0.008854166666666666 
4 0.8893229166666666 0.4049479166666667 0.009895833333333333 0.009895833333333333 
4 0.8658854166666666 0.4 0.009895833333333333 0.009375 
4 0.8723958333333334 0.4083333333333333 0.009375 0.009375 
4 0.8809895833333333 0.41458333333333336 0.008854166666666666 0.009375 
4 0.8841145833333334 0.4171875 0.009895833333333333 0.009375 
4 0.8885416666666667 0.42161458333333335 0.010416666666666666 0.011979166666666667 
4 0.80703125 0.41328125 0.008854166666666666 0.009895833333333333 
4 0.8140625 0.40572916666666664 0.010416666666666666 0.011458333333333333 
4 0.8184895833333333 0.40338541666666666 0.009895833333333333 0.009895833333333333 
4 0.82109375 0.3606770833333333 0.008854166666666666 0.008854166666666666 
4 0.8104166666666667 0.3614583333333333 0.009375 0.010416666666666666 
4 0.7065104166666667 0.4661458333333333 0.009895833333333333 0.009375 
4 0.4591145833333333 0.7278645833333334 0.011979166666666667 0.009895833333333333 
4 0.47682291666666665 0.78125 0.009895833333333333 0.010416666666666666 
4 0.9458333333333333 0.3984375 0.008333333333333333 0.010416666666666666 
4 0.9421875 0.39557291666666666 0.009375 0.009895833333333333 
4 0.9692708333333333 0.38619791666666664 0.010416666666666666 0.009895833333333333 
4 0.9138020833333333 0.32838541666666665 0.008854166666666666 0.008854166666666666 
4 0.8838541666666667 0.32317708333333334 0.009375 0.009895833333333333 
4 0.8802083333333334 0.32708333333333334 0.009375 0.009375 
4 0.89453125 0.27005208333333336 0.009895833333333333 0.009895833333333333 
4 0.8416666666666667 0.315625 0.010416666666666666 0.009375 
4 0.95234375 0.29140625 0.009895833333333333 0.008854166666666666 
4 0.9473958333333333 0.29583333333333334 0.010416666666666666 0.009375 
4 0.9640625 0.3020833333333333 0.009375 0.010416666666666666 
4 0.9565104166666667 0.30885416666666665 0.0078125 0.010416666666666666 
4 0.9513020833333333 0.3171875 0.009895833333333333 0.005208333333333333 
4 0.9401041666666666 0.30130208333333336 0.011458333333333333 0.009895833333333333 
4 0.9200520833333333 0.31979166666666664 0.009895833333333333 0.010416666666666666 
4 0.9169270833333333 0.32447916666666665 0.009895833333333333 0.009375 
4 0.9247395833333333 0.33098958333333334 0.008854166666666666 0.008854166666666666 
4 0.9346354166666667 0.3880208333333333 0.0109375 0.011458333333333333 
4 0.9213541666666667 0.33489583333333334 0.009375 0.010416666666666666 
4 0.909375 0.33151041666666664 0.010416666666666666 0.0109375 
4 0.91796875 0.340625 0.0109375 0.010416666666666666 
4 0.8807291666666667 0.3380208333333333 0.010416666666666666 0.009375 
4 0.8854166666666666 0.3411458333333333 0.010416666666666666 0.010416666666666666 
4 0.8869791666666667 0.3455729166666667 0.010416666666666666 0.0109375 
4 0.8919270833333334 0.34817708333333336 0.009895833333333333 0.009895833333333333 
4 0.8963541666666667 0.35260416666666666 0.011458333333333333 0.010416666666666666 
4 0.9036458333333334 0.35859375 0.010416666666666666 0.009895833333333333 
4 0.9106770833333333 0.3658854166666667 0.008854166666666666 0.008854166666666666 
4 0.9174479166666667 0.37265625 0.008854166666666666 0.008854166666666666 
4 0.9221354166666667 0.37578125 0.008854166666666666 0.009895833333333333 
5 0.7622395833333333 0.6736979166666667 0.009895833333333333 0.009895833333333333 
4 0.7604166666666666 0.6880208333333333 0.009375 0.010416666666666666 
4 0.9325520833333333 0.8588541666666667 0.009895833333333333 0.009375 
4 0.6356770833333333 0.7682291666666666 0.0109375 0.010416666666666666 
4 0.675 0.7713541666666667 0.009375 0.010416666666666666 
4 0.6783854166666666 0.775 0.009895833333333333 0.011458333333333333 
4 0.6822916666666666 0.7778645833333333 0.010416666666666666 0.0109375 
5 0.6864583333333333 0.7815104166666667 0.011458333333333333 0.0109375 
4 0.6940104166666666 0.7885416666666667 0.009895833333333333 0.010416666666666666 
4 0.69765625 0.7916666666666666 0.008854166666666666 0.009375 
4 0.7130208333333333 0.8057291666666667 0.008333333333333333 0.010416666666666666 
5 0.7255208333333333 0.8177083333333334 0.010416666666666666 0.011458333333333333 
4 0.7359375 0.82578125 0.008333333333333333 0.009895833333333333 
5 0.7424479166666667 0.8325520833333333 0.009895833333333333 0.009895833333333333 
4 0.7458333333333333 0.83671875 0.010416666666666666 0.0109375 
4 0.75078125 0.8380208333333333 0.008854166666666666 0.009375 
4 0.7541666666666667 0.8419270833333333 0.009375 0.008854166666666666 
4 0.6127604166666667 0.721875 0.0046875 0.010416666666666666 
4 0.6065104166666667 0.7096354166666666 0.008854166666666666 0.009895833333333333 
4 0.609375 0.7049479166666667 0.008333333333333333 0.008854166666666666 
4 0.603125 0.7130208333333333 0.010416666666666666 0.010416666666666666 
4 0.5963541666666666 0.7205729166666667 0.009375 0.009895833333333333 
4 0.5932291666666667 0.7244791666666667 0.010416666666666666 0.008333333333333333 
4 0.5856770833333333 0.73203125 0.009895833333333333 0.009895833333333333 
4 0.5825520833333333 0.7354166666666667 0.0109375 0.009375 
4 0.57890625 0.7401041666666667 0.009895833333333333 0.010416666666666666 
4 0.5752604166666667 0.7432291666666667 0.009895833333333333 0.009375 
4 0.6119791666666666 0.7486979166666666 0.009375 0.008854166666666666 
4 0.61640625 0.7513020833333334 0.008854166666666666 0.008854166666666666 
4 0.6247395833333333 0.7588541666666667 0.009895833333333333 0.009375 
4 0.6278645833333333 0.7625 0.009895833333333333 0.009375 
4 0.6671875 0.76328125 0.010416666666666666 0.013020833333333334 
4 0.6557291666666667 0.7541666666666667 0.009375 0.010416666666666666 
4 0.6518229166666667 0.75078125 0.009895833333333333 0.009895833333333333 
4 0.7091145833333333 0.8015625 0.009895833333333333 0.010416666666666666 
4 0.640625 0.7255208333333333 0.009375 0.008333333333333333 
4 0.64375 0.7291666666666666 0.008333333333333333 0.008333333333333333 
4 0.6471354166666666 0.7322916666666667 0.0078125 0.008333333333333333 
4 0.6296875 0.7296875 0.008333333333333333 0.008333333333333333 
4 0.6330729166666667 0.7328125 0.008854166666666666 0.010416666666666666 
4 0.6372395833333333 0.73671875 0.008854166666666666 0.008854166666666666 
4 0.640625 0.7403645833333333 0.009375 0.008854166666666666 
4 0.64375 0.7440104166666667 0.010416666666666666 0.009895833333333333 
4 0.6549479166666666 0.7388020833333333 0.009895833333333333 0.008854166666666666 
4 0.6591145833333333 0.7427083333333333 0.008854166666666666 0.008333333333333333 
4 0.66328125 0.7447916666666666 0.008854166666666666 0.009375 
4 0.66640625 0.7489583333333333 0.008854166666666666 0.009375 
4 0.71640625 0.7927083333333333 0.008854166666666666 0.009375 
4 0.7575520833333333 0.83046875 0.008854166666666666 0.009895833333333333 
4 0.728125 0.80390625 0.009375 0.008854166666666666 
4 0.6716145833333333 0.75234375 0.009895833333333333 0.0109375 
4 0.6783854166666666 0.7588541666666667 0.009895833333333333 0.010416666666666666 
5 0.68359375 0.7619791666666667 0.0109375 0.011458333333333333 
5 0.6901041666666666 0.76953125 0.010416666666666666 0.011979166666666667 
5 0.69375 0.77265625 0.010416666666666666 0.011979166666666667 
4 0.7041666666666667 0.78359375 0.009375 0.0109375 
4 0.7078125 0.7872395833333333 0.009375 0.0109375 
4 0.73125 0.8078125 0.009375 0.010416666666666666 
4 0.7427083333333333 0.8171875 0.008333333333333333 0.009375 
4 0.7497395833333333 0.825 0.009895833333333333 0.011458333333333333 
4 0.7541666666666667 0.828125 0.009375 0.010416666666666666 
4 0.63125 0.7661458333333333 0.008333333333333333 0.008333333333333333 
4 0.63984375 0.7716145833333333 0.008854166666666666 0.008854166666666666 
4 0.7385416666666667 0.7791666666666667 0.004166666666666667 0.010416666666666666 
4 0.6130208333333333 0.7638020833333333 0.009375 0.0078125 
4 0.7752604166666667 0.8104166666666667 0.0046875 0.010416666666666666 
4 0.78046875 0.8171875 0.0036458333333333334 0.010416666666666666 
4 0.78671875 0.821875 0.0046875 0.009375 
4 0.7921875 0.8252604166666667 0.005208333333333333 0.011979166666666667 
4 0.80234375 0.8356770833333333 0.005729166666666666 0.011979166666666667 
4 0.8075520833333333 0.840625 0.0036458333333333334 0.009375 
4 0.81328125 0.8463541666666666 0.0036458333333333334 0.010416666666666666 
4 0.8231770833333333 0.8533854166666667 0.005729166666666666 0.011979166666666667 
4 0.83046875 0.8578125 0.009895833333333333 0.007291666666666667 
4 0.7729166666666667 0.8578125 0.010416666666666666 0.009375 
4 0.7765625 0.8544270833333333 0.009375 0.008854166666666666 
4 0.78046875 0.85 0.009895833333333333 0.009375 
5 0.74765625 0.8690104166666667 0.0171875 0.0171875 
4 0.984375 0.80234375 0.011458333333333333 0.009895833333333333 
4 0.9776041666666667 0.8106770833333333 0.010416666666666666 0.009895833333333333 
4 0.9736979166666667 0.85390625 0.011979166666666667 0.0109375 
4 0.99296875 0.83671875 0.008854166666666666 0.009895833333333333 
4 0.9848958333333333 0.8421875 0.010416666666666666 0.010416666666666666 
4 0.9786458333333333 0.8494791666666667 0.010416666666666666 0.010416666666666666 
4 0.9700520833333334 0.8229166666666666 0.009895833333333333 0.009375 
4 0.9953125 0.8515625 0.010416666666666666 0.009375 
4 0.9888020833333333 0.8606770833333334 0.009895833333333333 0.0109375 
5 0.9653645833333333 0.8268229166666666 0.011979166666666667 0.0109375 
4 0.959375 0.82890625 0.010416666666666666 0.009895833333333333 
4 0.9580729166666667 0.8739583333333333 0.009895833333333333 0.010416666666666666 
4 0.9520833333333333 0.8828125 0.010416666666666666 0.009375 
4 0.94453125 0.8479166666666667 0.0109375 0.010416666666666666 
4 0.7697916666666667 0.80625 0.005208333333333333 0.011458333333333333 
4 0.7645833333333333 0.8033854166666666 0.005208333333333333 0.0109375 
4 0.7598958333333333 0.7971354166666667 0.004166666666666667 0.0109375 
4 0.6630208333333333 0.7921875 0.010416666666666666 0.009375 
5 0.5971354166666667 0.7455729166666667 0.016145833333333335 0.016145833333333335 
4 0.6049479166666667 0.7565104166666666 0.009895833333333333 0.008854166666666666 
4 0.6169270833333333 0.7671875 0.008854166666666666 0.009375 
4 0.6203125 0.7703125 0.010416666666666666 0.010416666666666666 
4 0.62421875 0.7731770833333333 0.008854166666666666 0.008854166666666666 
4 0.5877604166666667 0.77421875 0.0109375 0.0109375 
4 0.5994791666666667 0.7846354166666667 0.009375 0.008854166666666666 
4 0.60625 0.7875 0.0125 0.010416666666666666 
4 0.64296875 0.7755208333333333 0.009895833333333333 0.008333333333333333 
4 0.6453125 0.7791666666666667 0.011458333333333333 0.010416666666666666 
4 0.6533854166666667 0.7856770833333333 0.009895833333333333 0.009895833333333333 
4 0.6596354166666667 0.7880208333333333 0.009895833333333333 0.008333333333333333 
4 0.6765625 0.8059895833333334 0.009375 0.0109375 
4 0.7549479166666667 0.7927083333333333 0.0046875 0.011458333333333333 
4 0.6802083333333333 0.8098958333333334 0.009375 0.009375 
4 0.6838541666666667 0.8138020833333334 0.009375 0.009895833333333333 
4 0.68828125 0.8153645833333333 0.0078125 0.009895833333333333 
4 0.69140625 0.8200520833333333 0.008854166666666666 0.009895833333333333 
4 0.6971354166666667 0.8221354166666667 0.009895833333333333 0.009895833333333333 
4 0.9598958333333333 0.753125 0.009375 0.010416666666666666 
4 0.9526041666666667 0.7598958333333333 0.008333333333333333 0.009375 
4 0.9447916666666667 0.7684895833333333 0.009375 0.0109375 
4 0.8947916666666667 0.7841145833333333 0.009375 0.009895833333333333 
4 0.8869791666666667 0.7778645833333333 0.009375 0.009895833333333333 
4 0.8864583333333333 0.7953125 0.009375 0.011458333333333333 
4 0.7481770833333333 0.7864583333333334 0.0046875 0.011458333333333333 
4 0.7434895833333334 0.7825520833333334 0.0046875 0.0109375 
4 0.7333333333333333 0.7716145833333333 0.004166666666666667 0.0109375 
4 0.7580729166666667 0.6986979166666667 0.008854166666666666 0.008854166666666666 
4 0.8013020833333333 0.79453125 0.009895833333333333 0.0036458333333333334 
4 0.9075520833333334 0.6903645833333333 0.008854166666666666 0.009895833333333333 
4 0.9114583333333334 0.6934895833333333 0.009375 0.009895833333333333 
4 0.9171875 0.6963541666666667 0.011458333333333333 0.011458333333333333 
4 0.9283854166666666 0.7088541666666667 0.0078125 0.009375 
4 0.9393229166666667 0.7158854166666667 0.009895833333333333 0.0109375 
4 0.94453125 0.7197916666666667 0.009895833333333333 0.010416666666666666 
4 0.9473958333333333 0.7239583333333334 0.009375 0.010416666666666666 
4 0.9541666666666667 0.7309895833333333 0.009375 0.008854166666666666 
4 0.99296875 0.7153645833333333 0.008854166666666666 0.008854166666666666 
4 0.8583333333333333 0.7223958333333333 0.010416666666666666 0.010416666666666666 
4 0.8018229166666667 0.709375 0.009895833333333333 0.009375 
4 0.7973958333333333 0.71328125 0.011458333333333333 0.0109375 
4 0.7513020833333334 0.7255208333333333 0.008854166666666666 0.010416666666666666 
4 0.75546875 0.72890625 0.0046875 0.0109375 
4 0.7606770833333333 0.7328125 0.0046875 0.010416666666666666 
4 0.7661458333333333 0.7377604166666667 0.004166666666666667 0.0109375 
4 0.77109375 0.7408854166666666 0.005729166666666666 0.0109375 
4 0.7807291666666667 0.7518229166666667 0.004166666666666667 0.0109375 
4 0.7856770833333333 0.7557291666666667 0.0046875 0.010416666666666666 
4 0.7911458333333333 0.759375 0.005208333333333333 0.010416666666666666 
4 0.79609375 0.76484375 0.0046875 0.0109375 
4 0.8010416666666667 0.7692708333333333 0.004166666666666667 0.010416666666666666 
4 0.80625 0.7729166666666667 0.004166666666666667 0.010416666666666666 
4 0.8114583333333333 0.7768229166666667 0.004166666666666667 0.0109375 
4 0.8171875 0.78359375 0.005208333333333333 0.0109375 
4 0.8221354166666667 0.7872395833333333 0.005729166666666666 0.0109375 
4 0.8333333333333334 0.7973958333333333 0.005208333333333333 0.010416666666666666 
4 0.9432291666666667 0.6921875 0.009375 0.009375 
4 0.9263020833333333 0.6786458333333333 0.011979166666666667 0.011458333333333333 
4 0.91484375 0.6747395833333333 0.008854166666666666 0.009895833333333333 
4 0.821875 0.6768229166666667 0.009375 0.009895833333333333 
5 0.7473958333333334 0.7088541666666667 0.010416666666666666 0.011458333333333333 
4 0.8395833333333333 0.6130208333333333 0.010416666666666666 0.008333333333333333 
4 0.84921875 0.6169270833333333 0.008854166666666666 0.009895833333333333 
4 0.85859375 0.625 0.008854166666666666 0.009375 
4 0.8651041666666667 0.6315104166666666 0.009375 0.008854166666666666 
4 0.8872395833333333 0.6544270833333333 0.008854166666666666 0.008854166666666666 
4 0.8880208333333334 0.6442708333333333 0.009375 0.008333333333333333 
4 0.8955729166666667 0.6502604166666667 0.009895833333333333 0.009895833333333333 
4 0.89765625 0.65859375 0.008854166666666666 0.008854166666666666 
4 0.8973958333333333 0.6643229166666667 0.009375 0.008854166666666666 
4 0.9083333333333333 0.6690104166666667 0.008333333333333333 0.008854166666666666 
4 0.9122395833333333 0.6640625 0.0109375 0.009375 
4 0.8255208333333334 0.6815104166666667 0.009375 0.009895833333333333 
4 0.8627604166666667 0.69296875 0.0078125 0.008854166666666666 
4 0.8294270833333334 0.68515625 0.009895833333333333 0.009895833333333333 
4 0.8330729166666667 0.68984375 0.008854166666666666 0.0109375 
4 0.8377604166666667 0.69296875 0.009895833333333333 0.009895833333333333 
4 0.8416666666666667 0.6963541666666667 0.010416666666666666 0.010416666666666666 
4 0.8330729166666667 0.6729166666666667 0.009895833333333333 0.010416666666666666 
4 0.8375 0.6770833333333334 0.010416666666666666 0.009375 
4 0.840625 0.6807291666666667 0.010416666666666666 0.010416666666666666 
4 0.84453125 0.684375 0.009895833333333333 0.009375 
4 0.8481770833333333 0.6880208333333333 0.008854166666666666 0.008333333333333333 
4 0.85234375 0.6919270833333333 0.008854166666666666 0.009895833333333333 
4 0.8653645833333333 0.6684895833333333 0.009895833333333333 0.009895833333333333 
4 0.8661458333333333 0.6859375 0.010416666666666666 0.009375 
4 0.83828125 0.8010416666666667 0.0046875 0.009375 
4 0.7940104166666667 0.7895833333333333 0.008854166666666666 0.004166666666666667 
4 0.7270833333333333 0.76796875 0.005208333333333333 0.009895833333333333 
4 0.7872395833333333 0.784375 0.008854166666666666 0.004166666666666667 
4 0.8286458333333333 0.8283854166666667 0.009375 0.0046875 
4 0.83359375 0.8388020833333333 0.008854166666666666 0.0046875 
4 0.603125 0.6544270833333333 0.011458333333333333 0.0109375 
4 0.6182291666666667 0.6690104166666667 0.008333333333333333 0.008854166666666666 
4 0.6145833333333334 0.6658854166666667 0.008333333333333333 0.009895833333333333 
4 0.6278645833333333 0.6776041666666667 0.0078125 0.009375 
4 0.6315104166666666 0.68046875 0.009895833333333333 0.0109375 
4 0.63828125 0.68671875 0.0109375 0.0109375 
4 0.6432291666666666 0.68984375 0.011458333333333333 0.009895833333333333 
4 0.6458333333333334 0.6932291666666667 0.010416666666666666 0.010416666666666666 
4 0.6549479166666666 0.6981770833333333 0.009895833333333333 0.009895833333333333 
4 0.6572916666666667 0.70234375 0.008333333333333333 0.009895833333333333 
4 0.6598958333333333 0.7059895833333333 0.009375 0.008854166666666666 
4 0.6627604166666666 0.7098958333333333 0.009895833333333333 0.009375 
4 0.6671875 0.7127604166666667 0.009375 0.0109375 
4 0.6708333333333333 0.715625 0.010416666666666666 0.010416666666666666 
4 0.68203125 0.72578125 0.009895833333333333 0.009895833333333333 
4 0.6854166666666667 0.7283854166666667 0.008333333333333333 0.008854166666666666 
4 0.6893229166666667 0.7309895833333333 0.009895833333333333 0.009895833333333333 
4 0.6927083333333334 0.7346354166666667 0.008333333333333333 0.009895833333333333 
4 0.6958333333333333 0.7377604166666667 0.008333333333333333 0.008854166666666666 
4 0.6973958333333333 0.7427083333333333 0.009375 0.009375 
4 0.7052083333333333 0.7455729166666667 0.013541666666666667 0.015104166666666667 
4 0.7088541666666667 0.7513020833333334 0.010416666666666666 0.0109375 
4 0.7127604166666667 0.7541666666666667 0.008854166666666666 0.010416666666666666 
4 0.7169270833333333 0.7583333333333333 0.009895833333333333 0.009375 
4 0.7197916666666667 0.7622395833333333 0.009375 0.009895833333333333 
4 0.8216145833333334 0.8234375 0.0109375 0.004166666666666667 
4 0.8375 0.8328125 0.009375 0.004166666666666667 
4 0.8380208333333333 0.8283854166666667 0.009375 0.0036458333333333334 
4 0.7588541666666667 0.7697916666666667 0.010416666666666666 0.004166666666666667 
4 0.78203125 0.7796875 0.009895833333333333 0.004166666666666667 
4 0.7765625 0.77578125 0.009375 0.0046875 
4 0.7705729166666667 0.7700520833333333 0.0109375 0.0046875 
4 0.76796875 0.76484375 0.009895833333333333 0.0046875 
4 0.7619791666666667 0.7609375 0.009375 0.004166666666666667 
4 0.7557291666666667 0.7559895833333333 0.008333333333333333 0.0036458333333333334 
4 0.7510416666666667 0.7510416666666667 0.011458333333333333 0.005208333333333333 
4 0.74765625 0.7458333333333333 0.009895833333333333 0.004166666666666667 
4 0.7390625 0.7513020833333334 0.009375 0.0036458333333333334 
4 0.7463541666666667 0.75625 0.0125 0.004166666666666667 
4 0.74921875 0.7606770833333333 0.0109375 0.0036458333333333334 
4 0.7544270833333333 0.7651041666666667 0.009895833333333333 0.005208333333333333 
4 0.7645833333333333 0.77578125 0.011458333333333333 0.0036458333333333334 
4 0.8322916666666667 0.8229166666666666 0.009375 0.004166666666666667 
4 0.7700520833333333 0.78046875 0.009895833333333333 0.0036458333333333334 
4 0.77421875 0.7859375 0.0109375 0.004166666666666667 
4 0.7815104166666667 0.78984375 0.0109375 0.0036458333333333334 
4 0.7869791666666667 0.7950520833333333 0.010416666666666666 0.0046875 
4 0.7908854166666667 0.7997395833333333 0.0109375 0.0046875 
4 0.7955729166666666 0.80390625 0.008854166666666666 0.0036458333333333334 
4 0.8010416666666667 0.80859375 0.010416666666666666 0.0046875 
4 0.8049479166666667 0.7989583333333333 0.009895833333333333 0.004166666666666667 
4 0.8096354166666667 0.80390625 0.008854166666666666 0.0046875 
4 0.8138020833333334 0.8083333333333333 0.011979166666666667 0.005208333333333333 
4 0.8213541666666667 0.81328125 0.009375 0.0046875 
4 0.825 0.8177083333333334 0.009375 0.004166666666666667 
