4 0.45139634801288936 0.9955079474775398 0.012352309344790547 0.006219765031098825 
6 0.6151987110633728 0.35729094678645473 0.025241675617615467 0.01520387007601935 
6 0.8246509129967776 0.27816171389080857 0.02631578947368421 0.018659295093296474 
6 0.8359291084854995 0.37353144436765723 0.024167561761546726 0.014512785072563926 
6 0.8370032223415682 0.3863165169315826 0.025241675617615467 0.01520387007601935 
6 0.8370032223415682 0.42087076710435384 0.028464017185821696 0.0165860400829302 
6 0.8353920515574651 0.43987560469937803 0.03383458646616541 0.020041465100207326 
6 0.8445220193340494 0.47615756738078785 0.03490870032223416 0.019350380096751902 
6 0.8439849624060151 0.49274360746371804 0.03168635875402793 0.019350380096751902 
6 0.8453276047261009 0.5107118175535591 0.03544575725026853 0.02073255010366275 
6 0.7336197636949516 0.6921216309606082 0.024704618689581095 0.021423635107118175 
6 0.7199248120300752 0.6216309606081548 0.017722878625134265 0.013130615065653075 
6 0.5964017185821697 0.5290255701451279 0.0359828141783029 0.024187975120939877 
6 0.6318474758324383 0.5981340704906704 0.024167561761546726 0.018659295093296474 
6 0.611170784103115 0.6472011057360055 0.023630504833512353 0.018659295093296474 
6 0.6318474758324383 0.716309606081548 0.02309344790547798 0.021423635107118175 
6 0.6640708915145005 0.718728403593642 0.02631578947368421 0.01796821008984105 
6 0.7124060150375939 0.19419488597097442 0.030612244897959183 0.01520387007601935 
6 0.7150912996777659 0.24015203870076018 0.01664876476906552 0.008984105044920525 
6 0.748657357679914 0.22598479612992398 0.023630504833512353 0.01243953006219765 
6 0.6412459720730398 0.23289564616447822 0.027926960257787327 0.013821700069108501 
6 0.6450053705692803 0.3172080165860401 0.024704618689581095 0.01243953006219765 
6 0.6436627282491945 0.3033863165169316 0.02201933404940924 0.01243953006219765 
6 0.6130504833512352 0.3261921216309606 0.024167561761546726 0.01243953006219765 
6 0.644468313641246 0.28265376641326884 0.022556390977443608 0.0110573600552868 
6 0.6425886143931256 0.26917760884588804 0.027389903329752954 0.013130615065653075 
6 0.6417830290010741 0.2484450587422253 0.017185821697099892 0.008984105044920525 
6 0.6036519871106337 0.22045611610228058 0.01933404940923738 0.009675190048375951 
6 0.7526852846401718 0.2750518313752592 0.024167561761546726 0.013821700069108501 
6 0.6092910848549946 0.24982722874913615 0.02201933404940924 0.014512785072563926 
6 0.7261009667024705 0.38286109191430545 0.02040816326530612 0.01243953006219765 
6 0.7542964554242749 0.36662059433310296 0.017722878625134265 0.008984105044920525 
6 0.7564446831364124 0.34934346924671733 0.02631578947368421 0.010366275051831375 
6 0.7234156820622986 0.33655839668279197 0.02900107411385607 0.01796821008984105 
6 0.7201933404940923 0.29060124395300624 0.027926960257787327 0.014512785072563926 
6 0.631578947368421 0.7339322736696614 0.031149301825993556 0.0221147201105736 
6 0.5281954887218046 0.6026261230131306 0.025241675617615467 0.019350380096751902 
6 0.5222878625134264 0.5767104353835522 0.025241675617615467 0.018659295093296474 
4 0.057465091299677765 0.13925362819626813 0.008592910848549946 0.014512785072563926 
4 0.3010204081632653 0.0856945404284727 0.01020408163265306 0.0082930200414651 
4 0.5016111707841031 0.0442294402211472 0.01288936627282492 0.0165860400829302 
4 0.46455424274973145 0.10642709053213545 0.013963480128893663 0.006910850034554251 
4 0.3684210526315789 0.09536973047684866 0.013963480128893663 0.009675190048375951 
4 0.38399570354457574 0.09398756046993781 0.010741138560687433 0.01243953006219765 
4 0.1495703544575725 0.0967519004837595 0.008055853920515575 0.01243953006219765 
4 0.16783029001074115 0.12232204561161023 0.01342642320085929 0.0110573600552868 
4 0.3281417830290011 0.08120248790601244 0.01288936627282492 0.007601935038009675 
4 0.008861439312567132 0.13130615065653076 0.011278195488721804 0.006910850034554251 
4 0.22556390977443608 0.16724257083621286 0.00966702470461869 0.0165860400829302 
4 0.25241675617615467 0.165860400829302 0.010741138560687433 0.01520387007601935 
4 0.26879699248120303 0.1599861782999309 0.012352309344790547 0.017277125086385625 
4 0.2765843179377014 0.1551485832757429 0.00966702470461869 0.011748445058742226 
4 0.32545649838882923 0.15618521078092606 0.01288936627282492 0.01796821008984105 
4 0.2843716433941998 0.09847961299239806 0.01020408163265306 0.014512785072563926 
4 0.4747583243823845 0.0065653075328265375 0.008592910848549946 0.011748445058742226 
6 0.4997314715359828 0.5473393227366966 0.04564983888292159 0.0331720801658604 
4 0.09505907626208378 0.07498272287491362 0.00966702470461869 0.011748445058742226 
6 0.41192266380236303 0.5687629578438148 0.04403866809881848 0.027643400138217002 
6 0.4411922663802363 0.6109191430545957 0.02201933404940924 0.01796821008984105 
4 0.07277121374865736 0.05770559778852799 0.012352309344790547 0.007601935038009675 
4 0.128625134264232 0.06703524533517623 0.01020408163265306 0.0082930200414651 
5 0.06015037593984962 0.08189357290946786 0.01288936627282492 0.015894955079474776 
5 0.052363050483351235 0.08465791292328956 0.012352309344790547 0.014512785072563926 
4 0.21133190118152523 0.03178991015894955 0.008055853920515575 0.01520387007601935 
4 0.4470998925886144 0.007256392536281963 0.009129967776584319 0.014512785072563926 
4 0.2156283566058002 0.033863165169315826 0.006981740064446832 0.013821700069108501 
4 0.28651987110633725 0.02453351762266759 0.009129967776584319 0.015894955079474776 
4 0.32089151450053705 0.021078092605390463 0.01020408163265306 0.015894955079474776 
4 0.3429108485499463 0.018313752591568762 0.01020408163265306 0.013130615065653075 
4 0.4070891514500537 0.010020732550103663 0.010741138560687433 0.013130615065653075 
4 0.4301825993555317 0.012785072563925363 0.010741138560687433 0.014512785072563926 
6 0.6466165413533834 0.3362128541810643 0.027926960257787327 0.014512785072563926 
6 0.647422126745435 0.3507256392536282 0.01987110633727175 0.010366275051831375 
4 0.4594522019334049 0.08431237042156185 0.009129967776584319 0.01243953006219765 
6 0.6487647690655209 0.36523842432619213 0.021482277121374866 0.010366275051831375 
6 0.15198711063372716 0.40497581202487903 0.024704618689581095 0.009675190048375951 
6 0.1533297529538131 0.45991706979958535 0.024167561761546726 0.010366275051831375 
6 0.16058002148227712 0.49101589495507947 0.03759398496240601 0.014512785072563926 
6 0.1592373791621912 0.5473393227366966 0.040279269602577876 0.0165860400829302 
6 0.16031149301825995 0.5856945404284727 0.03705692803437164 0.014512785072563926 
6 0.32867883995703545 0.6053904630269523 0.021482277121374866 0.019350380096751902 
6 0.3098818474758324 0.4744298548721493 0.0397422126745435 0.021423635107118175 
6 0.32250268528464016 0.4554250172771251 0.018796992481203006 0.009675190048375951 
6 0.3198174006444683 0.44505874222529374 0.01664876476906552 0.0082930200414651 
6 0.3187432867883996 0.4284727021423635 0.017722878625134265 0.0110573600552868 
6 0.31928034371643393 0.41534208707671044 0.017722878625134265 0.009675190048375951 
6 0.2937701396348013 0.4198341395991707 0.01933404940923738 0.011748445058742226 
6 0.3157894736842105 0.36523842432619213 0.01611170784103115 0.010366275051831375 
6 0.31525241675617616 0.3227366966136835 0.017185821697099892 0.009675190048375951 
6 0.3125671321160043 0.31237042156185213 0.02040816326530612 0.0110573600552868 
6 0.15198711063372716 0.3738769868693849 0.022556390977443608 0.0110573600552868 
6 0.1533297529538131 0.32722874913614375 0.020945220193340493 0.011748445058742226 
13 0.9610633727175081 0.5411195577055978 0.012352309344790547 0.027643400138217002 
12 0.6245972073039742 0.6323427781617139 0.10526315789473684 0.21976503109882514 
12 0.14903329752953814 0.39910158949550795 0.03168635875402793 0.16655148583275742 
12 0.15601503759398497 0.6337249481686248 0.04672395273899033 0.30269523151347616 
12 0.29591836734693877 0.7598479612992398 0.09989258861439312 0.23565998617829992 
12 0.36627282491944146 0.7118175535590877 0.09559613319011816 0.2626123013130615 
12 0.4452201933404941 0.6903939184519696 0.10204081632653061 0.25017277125086385 
12 0.5276584317937701 0.6630960608154803 0.09720730397422127 0.23427781617138907 
12 0.7309344790547798 0.6002073255010366 0.10096670247046187 0.2038700760193504 
12 0.3029001074113856 0.34865238424326195 0.05692803437164339 0.23842432619212164 
12 0.6296992481203008 0.3099516240497581 0.07465091299677766 0.23565998617829992 
12 0.7368421052631579 0.3037318590186593 0.07411385606874328 0.21354526606772634 
12 0.8348549946294307 0.35590877677954386 0.07465091299677766 0.3400138217000691 
12 0.5311493018259935 0.32584657912923287 0.06766917293233082 0.23842432619212164 
12 0.44790547798066593 0.33828610919143054 0.05800214822771214 0.2425708362128542 
12 0.375671321160043 0.3458880442294402 0.05639097744360902 0.2453351762266759 
6 0.3112244897959184 0.29958534899792677 0.017722878625134265 0.008984105044920525 
6 0.21885069817400646 0.4053213545266068 0.02201933404940924 0.011748445058742226 
6 0.2440923737916219 0.3648928818244644 0.01664876476906552 0.009675190048375951 
6 0.547798066595059 0.38251554941257776 0.021482277121374866 0.011748445058742226 
6 0.5316863587540279 0.21354526606772634 0.015037593984962405 0.009675190048375951 
6 0.5373254564983888 0.22598479612992398 0.025241675617615467 0.013821700069108501 
6 0.5400107411385607 0.2570836212854181 0.018796992481203006 0.01243953006219765 
6 0.5416219119226638 0.32204561161022804 0.024167561761546726 0.013821700069108501 
6 0.5443071965628357 0.36800276434001383 0.01987110633727175 0.010366275051831375 
6 0.5155746509129968 0.3669661368348307 0.02040816326530612 0.01243953006219765 
6 0.547798066595059 0.39944713199723564 0.027926960257787327 0.01520387007601935 
6 0.45596133190118154 0.2778161713890809 0.02040816326530612 0.01243953006219765 
6 0.5169172932330827 0.39391845196959224 0.018796992481203006 0.01243953006219765 
6 0.5193340494092373 0.42087076710435384 0.01933404940923738 0.0110573600552868 
6 0.5507518796992481 0.42985487214927437 0.02309344790547798 0.013821700069108501 
6 0.5354457572502686 0.4474775397373877 0.036519871106337275 0.015894955079474776 
6 0.6484962406015038 0.43296475466482376 0.02631578947368421 0.022805805114029024 
6 0.650375939849624 0.4115411195577056 0.024704618689581095 0.013130615065653075 
6 0.4489795918367347 0.2318590186592951 0.011815252416756176 0.007601935038009675 
6 0.4567669172932331 0.2930200414651002 0.020945220193340493 0.0110573600552868 
6 0.24301825993555318 0.35210780926053903 0.018796992481203006 0.010366275051831375 
6 0.36627282491944146 0.414651002073255 0.017185821697099892 0.009675190048375951 
6 0.2403329752953813 0.3396682791983414 0.01987110633727175 0.011748445058742226 
6 0.2328141783029001 0.2453351762266759 0.014500537056928034 0.009675190048375951 
6 0.23791621911922664 0.26952315134761573 0.01933404940923738 0.009675190048375951 
6 0.35660580021482274 0.2574291637871458 0.01933404940923738 0.011748445058742226 
6 0.3848012889366273 0.30580511402902555 0.01664876476906552 0.010366275051831375 
6 0.38694951664876476 0.334139599170698 0.01664876476906552 0.008984105044920525 
6 0.37969924812030076 0.47062888735314445 0.03544575725026853 0.0165860400829302 
6 0.45891514500537056 0.33586731167933653 0.020945220193340493 0.0110573600552868 
6 0.4524704618689581 0.4616447823082239 0.03705692803437164 0.0165860400829302 
6 0.465359828141783 0.4312370421561852 0.01987110633727175 0.0110573600552868 
6 0.46509129967776586 0.40566689702833447 0.018259935553168637 0.009675190048375951 
6 0.462406015037594 0.3901174844505874 0.021482277121374866 0.010366275051831375 
6 0.462406015037594 0.3780234968901175 0.01933404940923738 0.009675190048375951 
6 0.4605263157894737 0.34899792674498964 0.02631578947368421 0.013821700069108501 
4 0.3187432867883996 0.1575673807878369 0.011278195488721804 0.01520387007601935 
4 0.3442534908700322 0.15376641326883206 0.011815252416756176 0.017277125086385625 
4 0.36466165413533835 0.1523842432619212 0.011815252416756176 0.018659295093296474 
4 0.3842642320085929 0.15031098825155495 0.011278195488721804 0.017277125086385625 
4 0.9774436090225563 0.15583966827919835 0.00644468313641246 0.014512785072563926 
4 0.9701933404940923 0.1606772633033863 0.008055853920515575 0.015894955079474776 
4 0.9642857142857143 0.15894955079474776 0.008055853920515575 0.01520387007601935 
4 0.9683136412459721 0.14547339322736696 0.007518796992481203 0.013130615065653075 
4 0.9618689581095596 0.14720110573600553 0.008592910848549946 0.01520387007601935 
4 0.9664339419978518 0.18866620594333103 0.011278195488721804 0.0165860400829302 
4 0.9793233082706767 0.18313752591568763 0.011278195488721804 0.0165860400829302 
4 0.9742212674543501 0.18590186592950933 0.00966702470461869 0.01520387007601935 
4 0.9935553168635876 0.1848652384243262 0.010741138560687433 0.014512785072563926 
4 0.9946294307196563 0.19799585348997928 0.00966702470461869 0.014512785072563926 
4 0.988453276047261 0.1990324809951624 0.011278195488721804 0.0165860400829302 
4 0.9747583243823845 0.20110573600552867 0.010741138560687433 0.01520387007601935 
4 0.9683136412459721 0.2038700760193504 0.00966702470461869 0.013821700069108501 
4 0.99140708915145 0.2322045611610228 0.008592910848549946 0.01520387007601935 
4 0.9857679914070892 0.22874913614374567 0.006981740064446832 0.01520387007601935 
4 0.9830827067669173 0.1551485832757429 0.005907626208378088 0.013130615065653075 
4 0.8861439312567132 0.14340013821700068 0.00966702470461869 0.015894955079474776 
4 0.89312567132116 0.1437456807187284 0.008592910848549946 0.01520387007601935 
4 0.9019871106337272 0.09225984796129924 0.011278195488721804 0.014512785072563926 
4 0.9734156820622986 0.11472011057360056 0.01020408163265306 0.01796821008984105 
4 0.9645542427497314 0.11333794056668971 0.010741138560687433 0.01520387007601935 
4 0.9583780880773362 0.11575673807878369 0.009129967776584319 0.014512785072563926 
4 0.9221267454350162 0.0884588804422944 0.00966702470461869 0.01243953006219765 
4 0.9154135338345865 0.09053213545266067 0.011278195488721804 0.013821700069108501 
4 0.9095059076262084 0.0912232204561161 0.011278195488721804 0.0165860400829302 
4 0.9172932330827067 0.10331720801658605 0.010741138560687433 0.014512785072563926 
4 0.900375939849624 0.13925362819626813 0.006981740064446832 0.014512785072563926 
4 0.9105800214822771 0.10435383552176918 0.011278195488721804 0.01520387007601935 
4 0.8984962406015038 0.10884588804422944 0.00966702470461869 0.015894955079474776 
4 0.8912459720730398 0.10919143054595715 0.01020408163265306 0.013821700069108501 
4 0.8772824919441461 0.11333794056668971 0.012352309344790547 0.01520387007601935 
4 0.9135338345864662 0.13994471319972357 0.008592910848549946 0.015894955079474776 
4 0.9068206229860365 0.13856254319281272 0.008055853920515575 0.015894955079474776 
4 0.9731471535982814 0.23600552868002764 0.007518796992481203 0.017277125086385625 
4 0.994092373791622 0.24429854872149273 0.00644468313641246 0.015894955079474776 
4 0.9865735767991407 0.24671734623358674 0.00644468313641246 0.01243953006219765 
6 0.9658968850698174 0.9657912923289564 0.015574650912996778 0.014512785072563926 
6 0.8592910848549946 0.8289564616447823 0.011815252416756176 0.014512785072563926 
6 0.9693877551020408 0.856945404284727 0.021482277121374866 0.03455425017277125 
6 0.9798603651987111 0.9326192121630961 0.018796992481203006 0.010366275051831375 
6 0.9736842105263158 0.9405666897028334 0.017185821697099892 0.009675190048375951 
6 0.9734156820622986 0.9481686247408431 0.01342642320085929 0.009675190048375951 
6 0.969656283566058 0.955425017277125 0.015574650912996778 0.010366275051831375 
4 0.22824919441460795 0.033863165169315826 0.007518796992481203 0.013821700069108501 
6 0.842373791621912 0.8476157567380788 0.008055853920515575 0.014512785072563926 
4 0.2236842105263158 0.07083621285418107 0.006981740064446832 0.014512785072563926 
4 0.22824919441460795 0.07014512785072564 0.0053705692803437165 0.013130615065653075 
4 0.41595059076262086 0.08914996544574982 0.01020408163265306 0.01243953006219765 
4 0.44548872180451127 0.085348997926745 0.011278195488721804 0.013130615065653075 
4 0.4505907626208378 0.08362128541810643 0.010741138560687433 0.01520387007601935 
4 0.47046186895810954 0.08085694540428473 0.00966702470461869 0.013821700069108501 
6 0.8383458646616542 0.8524533517622668 0.010741138560687433 0.015894955079474776 
6 0.8915145005370569 0.8327574291637871 0.01933404940923738 0.009675190048375951 
4 0.9806659505907627 0.3147892190739461 0.008592910848549946 0.017277125086385625 
4 0.9473684210526315 0.30304077401520385 0.00644468313641246 0.014512785072563926 
4 0.9970461868958109 0.34657912923289563 0.005907626208378088 0.015894955079474776 
4 0.9500537056928035 0.3168624740843124 0.007518796992481203 0.014512785072563926 
4 0.9438775510204082 0.3185901865929509 0.008055853920515575 0.013821700069108501 
4 0.9355531686358755 0.3223911541119558 0.008592910848549946 0.018659295093296474 
4 0.927765843179377 0.3234277816171389 0.008055853920515575 0.01520387007601935 
4 0.9226638023630505 0.3223911541119558 0.008592910848549946 0.018659295093296474 
4 0.9403866809881848 0.306496199032481 0.007518796992481203 0.015894955079474776 
6 0.9264232008592911 0.8116793365583966 0.01288936627282492 0.021423635107118175 
4 0.9334049409237379 0.3071872840359364 0.00966702470461869 0.015894955079474776 
4 0.9269602577873255 0.30822391154111956 0.007518796992481203 0.013821700069108501 
4 0.9202470461868958 0.3092605390463027 0.009129967776584319 0.018659295093296474 
4 0.9138023630504833 0.31064270905321356 0.009129967776584319 0.015894955079474776 
4 0.916219119226638 0.35798203178991017 0.010741138560687433 0.0165860400829302 
4 0.8976906552094522 0.7197650310988252 0.012352309344790547 0.011748445058742226 
4 0.9570354457572503 0.10020732550103663 0.010741138560687433 0.01520387007601935 
4 0.9709989258861439 0.0995162404975812 0.010741138560687433 0.0165860400829302 
4 0.9752953813104189 0.06461644782308223 0.008592910848549946 0.014512785072563926 
4 0.025510204081632654 0.7311679336558397 0.011278195488721804 0.013821700069108501 
4 0.07599355531686358 0.6223220456116102 0.012352309344790547 0.013130615065653075 
4 0.07653061224489796 0.6392536281962682 0.01020408163265306 0.01243953006219765 
4 0.07599355531686358 0.6817553559087768 0.01020408163265306 0.013130615065653075 
4 0.07438238453276047 0.725984796129924 0.012352309344790547 0.013130615065653075 
4 0.0738453276047261 0.751209398756047 0.015574650912996778 0.01520387007601935 
5 0.07277121374865736 0.7605390463026952 0.01342642320085929 0.011748445058742226 
4 0.007250268528464017 0.7011057360055287 0.01020408163265306 0.015894955079474776 
4 0.07518796992481203 0.6019350380096752 0.013963480128893663 0.013821700069108501 
4 0.02497314715359828 0.8396682791983414 0.01020408163265306 0.009675190048375951 
4 0.026584317937701395 0.8472702142363511 0.011278195488721804 0.0110573600552868 
4 0.02631578947368421 0.8901174844505875 0.01288936627282492 0.013821700069108501 
4 0.02497314715359828 0.9077401520387007 0.011278195488721804 0.013130615065653075 
4 0.025510204081632654 0.9346924671734623 0.01342642320085929 0.013130615065653075 
4 0.01154672395273899 0.9426399447131997 0.004833512352309345 0.01520387007601935 
4 0.07599355531686358 0.6136834830684175 0.011278195488721804 0.009675190048375951 
4 0.02201933404940924 0.4692467173462336 0.008592910848549946 0.0165860400829302 
4 0.49785177228786254 0.08154803040774015 0.010741138560687433 0.0110573600552868 
4 0.03759398496240601 0.387007601935038 0.011815252416756176 0.0110573600552868 
4 0.39903329752953814 0.1489288182446441 0.010741138560687433 0.015894955079474776 
4 0.40467239527389903 0.14720110573600553 0.012352309344790547 0.01796821008984105 
4 0.45139634801288936 0.14270905321354527 0.012352309344790547 0.014512785072563926 
4 0.034371643394199784 0.30787836903939186 0.010741138560687433 0.011748445058742226 
4 0.039473684210526314 0.35210780926053903 0.008055853920515575 0.014512785072563926 
4 0.07626208378088077 0.37076710435383553 0.011815252416756176 0.013130615065653075 
5 0.038131041890440386 0.44091223220456116 0.011815252416756176 0.01243953006219765 
4 0.00966702470461869 0.4360746371803732 0.011815252416756176 0.0165860400829302 
4 0.055853920515574654 0.4612992398064962 0.00966702470461869 0.014512785072563926 
4 0.07706766917293233 0.4322736696613684 0.011278195488721804 0.010366275051831375 
5 0.07518796992481203 0.46786454733932276 0.01288936627282492 0.013821700069108501 
5 0.07491944146079485 0.4768486523842433 0.012352309344790547 0.013821700069108501 
4 0.07518796992481203 0.4861782999308915 0.011815252416756176 0.011748445058742226 
4 0.07545649838882922 0.49516240497581204 0.012352309344790547 0.010366275051831375 
4 0.5123523093447906 0.07982031789910159 0.011815252416756176 0.014512785072563926 
4 0.4881847475832438 0.07912923289564616 0.010741138560687433 0.013130615065653075 
4 0.9605263157894737 0.06703524533517623 0.008055853920515575 0.013821700069108501 
4 0.6544038668098818 0.12266758811333794 0.01020408163265306 0.015894955079474776 
4 0.5507518796992481 0.09467864547339323 0.011278195488721804 0.006910850034554251 
4 0.708109559613319 0.11679336558396683 0.009129967776584319 0.0165860400829302 
4 0.6823308270676691 0.11990324809951625 0.012352309344790547 0.006219765031098825 
4 0.6680988184747583 0.12266758811333794 0.00966702470461869 0.014512785072563926 
4 0.673469387755102 0.11921216309606082 0.008592910848549946 0.014512785072563926 
4 0.6611170784103115 0.12059433310297167 0.00966702470461869 0.015894955079474776 
4 0.6302363050483352 0.06599861782999308 0.006981740064446832 0.014512785072563926 
4 0.7808807733619764 0.7677954388389772 0.011815252416756176 0.013821700069108501 
4 0.618421052631579 0.06392536281962681 0.005907626208378088 0.015894955079474776 
4 0.6119763694951665 0.07083621285418107 0.005907626208378088 0.015894955079474776 
4 0.5840494092373791 0.07118175535590877 0.006981740064446832 0.01520387007601935 
5 0.6729323308270677 0.05736005528680028 0.021482277121374866 0.013821700069108501 
4 0.7910848549946294 0.06046993780234969 0.011815252416756176 0.015894955079474776 
4 0.8259935553168636 0.0715272978576365 0.010741138560687433 0.014512785072563926 
4 0.5939849624060151 0.12750518313752593 0.011815252416756176 0.017277125086385625 
4 0.7212674543501612 0.7930200414651002 0.011815252416756176 0.014512785072563926 
4 0.543233082706767 0.1326883206634416 0.01020408163265306 0.0165860400829302 
4 0.5972073039742213 0.8465791292328957 0.01288936627282492 0.013821700069108501 
4 0.5582706766917294 0.13303386316516932 0.011278195488721804 0.013130615065653075 
4 0.5781417830290011 0.13061506565307532 0.011278195488721804 0.01520387007601935 
4 0.4264232008592911 0.9125777470628887 0.01288936627282492 0.011748445058742226 
4 0.4398496240601504 0.9067035245335177 0.010741138560687433 0.013821700069108501 
4 0.4564983888292159 0.8994471319972357 0.011815252416756176 0.011748445058742226 
4 0.5177228786251342 0.8752591568762957 0.01288936627282492 0.014512785072563926 
4 0.530343716433942 0.9260539046302695 0.011278195488721804 0.0110573600552868 
4 0.47959183673469385 0.9706288873531445 0.00966702470461869 0.015894955079474776 
4 0.540547798066595 0.9243261921216309 0.01020408163265306 0.008984105044920525 
4 0.5542427497314716 0.9174153420870768 0.010741138560687433 0.011748445058742226 
4 0.5703544575725027 0.9101589495507948 0.011815252416756176 0.01243953006219765 
4 0.5955961331901182 0.902557014512785 0.010741138560687433 0.01243953006219765 
4 0.4938238453276047 0.9429854872149275 0.01020408163265306 0.014512785072563926 
4 0.48576799140708915 0.9581893572909468 0.01020408163265306 0.014512785072563926 
12 0.22878625134264233 0.3548721492743607 0.06229860365198711 0.23565998617829992 
