5 0.5749202975557917 0.7886313465783664 0.06376195536663125 0.07836644591611479 
4 0.9027630180658873 0.20584988962472406 0.03506907545164718 0.04525386313465784 
5 0.357066950053135 0.2599337748344371 0.09139213602550478 0.07836644591611479 
5 0.6535600425079703 0.5469094922737306 0.07013815090329437 0.08057395143487858 
5 0.6370882040382572 0.8322295805739515 0.07120085015940489 0.10154525386313466 
5 0.4638682252922423 0.6986754966887417 0.08820403825717323 0.08830022075055188 
5 0.23538788522848034 0.4795805739514349 0.06057385759829968 0.0695364238410596 
5 0.422422954303932 0.17549668874172186 0.05844845908607864 0.05739514348785872 
5 0.30924548352816156 0.3079470198675497 0.0765143464399575 0.0684326710816777 
5 0.2316684378320935 0.39514348785871967 0.09139213602550478 0.08167770419426049 
4 0.39213602550478216 0.05573951434878587 0.048884165781083955 0.04966887417218543 
4 0.3522848034006376 0.10044150110375276 0.04144527098831031 0.04415011037527594 
4 0.2906482465462274 0.1749448123620309 0.04569606801275239 0.05408388520971302 
4 0.1785334750265675 0.15507726269315672 0.040382571732199786 0.04525386313465784 
4 0.15196599362380447 0.18984547461368653 0.03825717321997875 0.046357615894039736 
4 0.11902231668437832 0.22847682119205298 0.04250797024442083 0.05077262693156733 
4 0.24654622741764082 0.2312362030905077 0.036131774707757705 0.04083885209713024 
4 0.32093517534537724 0.13520971302428256 0.036131774707757705 0.04083885209713024 
4 0.08289054197662062 0.271523178807947 0.03825717321997875 0.039735099337748346 
4 0.2035069075451647 0.28090507726269315 0.03719447396386823 0.04083885209713024 
4 0.17215727948990436 0.32229580573951433 0.036131774707757705 0.04194260485651214 
4 0.13761955366631243 0.3598233995584989 0.03506907545164718 0.04415011037527594 
4 0.09883103081827843 0.40507726269315675 0.044633368756641874 0.04856512141280353 
4 0.32518597236981933 0.2814569536423841 0.05951115834218916 0.052980132450331126 
4 0.45536663124335813 0.4216335540838852 0.052072263549415514 0.0640176600441501 
4 0.04729011689691817 0.31236203090507725 0.039319872476089264 0.046357615894039736 
4 0.7321997874601488 0.08719646799116998 0.04675876726886291 0.06181015452538632 
4 0.759298618490967 0.09768211920529801 0.04782146652497343 0.0673289183222958 
4 0.7757704569606801 0.11754966887417219 0.040382571732199786 0.05849889624724062 
4 0.8607863974495218 0.1782560706401766 0.03825717321997875 0.04525386313465784 
4 0.8815090329436769 0.19315673289183222 0.04782146652497343 0.05518763796909492 
5 0.3926673751328374 0.2185430463576159 0.08395324123273114 0.05739514348785872 
