4 0.7482876712328768 0.7771285475792988 0.015410958904109588 0.035058430717863104 
5 0.5449486301369864 0.4766277128547579 0.031678082191780824 0.06844741235392321 
5 0.7491438356164384 0.33931552587646074 0.06164383561643835 0.04757929883138564 
5 0.7298801369863014 0.3935726210350584 0.0761986301369863 0.034223706176961605 
5 0.7521404109589042 0.42153589315525875 0.052226027397260275 0.028380634390651086 
5 0.697345890410959 0.49624373956594325 0.031678082191780824 0.052587646076794656 
5 0.6502568493150684 0.4828881469115192 0.029965753424657533 0.05425709515859766 
5 0.6267123287671232 0.4757929883138564 0.025684931506849314 0.05342237061769616 
5 0.586472602739726 0.4749582637729549 0.02910958904109589 0.05843071786310518 
5 0.5654965753424658 0.4791318864774624 0.0351027397260274 0.07345575959933222 
5 0.523972602739726 0.47370617696160267 0.03595890410958904 0.06928213689482471 
5 0.7585616438356164 0.30091819699499167 0.06164383561643835 0.04757929883138564 
5 0.4790239726027397 0.46786310517529217 0.03339041095890411 0.06928213689482471 
5 0.4589041095890411 0.4636894824707846 0.03424657534246575 0.07262103505843072 
5 0.4366438356164384 0.4657762938230384 0.032534246575342464 0.07011686143572621 
5 0.4165239726027397 0.4570116861435726 0.026541095890410957 0.0709515859766277 
5 0.3959760273972603 0.4557595993322204 0.03339041095890411 0.07011686143572621 
5 0.3754280821917808 0.45200333889816363 0.031678082191780824 0.07429048414023372 
5 0.2568493150684932 0.43113522537562604 0.046232876712328765 0.0709515859766277 
5 0.629708904109589 0.5989148580968281 0.0761986301369863 0.02921535893155259 
5 0.7555650684931506 0.3209515859766277 0.06078767123287671 0.045909849749582635 
5 0.7795376712328768 0.28839732888146913 0.06078767123287671 0.04424040066777963 
5 0.8146404109589042 0.6118530884808013 0.07448630136986302 0.05008347245409015 
5 0.8998287671232876 0.4202838063439065 0.07705479452054795 0.020868113522537562 
5 0.9319349315068494 0.1807178631051753 0.07962328767123288 0.027545909849749584 
5 0.9306506849315068 0.20075125208681135 0.07705479452054795 0.02587646076794658 
5 0.9272260273972602 0.22495826377295491 0.07876712328767123 0.02587646076794658 
5 0.9195205479452054 0.26085141903171954 0.07705479452054795 0.022537562604340568 
5 0.913527397260274 0.30091819699499167 0.07705479452054795 0.024207011686143573 
5 0.9075342465753424 0.3589315525876461 0.07705479452054795 0.02003338898163606 
5 0.9058219178082192 0.37938230383973287 0.07534246575342465 0.019198664440734557 
5 0.896832191780822 0.3973288814691152 0.0761986301369863 0.02003338898163606 
5 0.9079623287671232 0.43823038397328884 0.07448630136986302 0.015025041736227046 
5 0.776541095890411 0.24207011686143573 0.059931506849315065 0.05175292153589316 
5 0.9019691780821918 0.46160267111853087 0.0761986301369863 0.02003338898163606 
5 0.8976883561643836 0.49874791318864775 0.07962328767123288 0.022537562604340568 
5 0.8951198630136986 0.5212854757929883 0.0761986301369863 0.020868113522537562 
5 0.8946917808219178 0.5425709515859767 0.08047945205479452 0.025041736227045076 
5 0.8056506849315068 0.16277128547579298 0.06506849315068493 0.05008347245409015 
5 0.7962328767123288 0.1798831385642738 0.06164383561643835 0.045909849749582635 
5 0.785958904109589 0.19908180300500836 0.06335616438356165 0.045909849749582635 
5 0.7833904109589042 0.22120200333889817 0.06164383561643835 0.045075125208681135 
5 0.841181506849315 0.5596828046744574 0.05736301369863014 0.027545909849749584 
5 0.3150684931506849 0.43447412353923204 0.032534246575342464 0.07595993322203673 
4 0.7277397260273972 0.7562604340567612 0.011986301369863013 0.03005008347245409 
4 0.6575342465753424 0.8944073455759599 0.0410958904109589 0.022537562604340568 
4 0.747431506849315 0.8764607679465777 0.023972602739726026 0.03672787979966611 
4 0.7251712328767124 0.8647746243739566 0.023972602739726026 0.035058430717863104 
4 0.7076198630136986 0.8597662771285476 0.019691780821917807 0.0333889816360601 
4 0.6866438356164384 0.8535058430717863 0.02226027397260274 0.03589315525876461 
4 0.666095890410959 0.8480801335559266 0.02054794520547945 0.035058430717863104 
4 0.6613869863013698 0.8789649415692822 0.0351027397260274 0.021702838063439065 
4 0.7029109589041096 0.8906510851419032 0.039383561643835614 0.02337228714524207 
4 0.697345890410959 0.9081803005008348 0.036815068493150686 0.02337228714524207 
4 0.6553938356164384 0.9136060100166945 0.038527397260273974 0.02587646076794658 
4 0.836472602739726 0.9023372287145242 0.023972602739726026 0.035058430717863104 
4 0.6913527397260274 0.926126878130217 0.036815068493150686 0.024207011686143573 
4 0.6498287671232876 0.9319699499165276 0.03767123287671233 0.02587646076794658 
4 0.6421232876712328 0.9494991652754591 0.03767123287671233 0.022537562604340568 
4 0.6832191780821918 0.9590984974958264 0.03767123287671233 0.028380634390651086 
4 0.6382705479452054 0.9678631051752922 0.04195205479452055 0.024207011686143573 
4 0.6763698630136986 0.9791318864774624 0.039383561643835614 0.02671118530884808 
4 0.964041095890411 0.8000834724540902 0.02910958904109589 0.0325542570951586 
4 0.7350171232876712 0.8046744574290484 0.03339041095890411 0.028380634390651086 
4 0.8116438356164384 0.8919031719532554 0.030821917808219176 0.034223706176961605 
4 0.8754280821917808 0.8071786310517529 0.019691780821917807 0.03005008347245409 
5 0.2264554794520548 0.6268781302170284 0.031678082191780824 0.07345575959933222 
5 0.5017123287671232 0.6636060100166945 0.03424657534246575 0.07011686143572621 
5 0.24871575342465754 0.6264607679465777 0.023116438356164382 0.04757929883138564 
5 0.2688356164383562 0.6310517529215359 0.025684931506849314 0.06844741235392321 
5 0.2936643835616438 0.6331385642737897 0.023972602739726026 0.0659432387312187 
5 0.3146404109589041 0.6348080133555927 0.031678082191780824 0.06928213689482471 
5 0.3565924657534247 0.6406510851419032 0.03339041095890411 0.06928213689482471 
5 0.3771404109589041 0.6452420701168614 0.0351027397260274 0.07345575959933222 
5 0.4606164383561644 0.657762938230384 0.03424657534246575 0.07178631051752922 
5 0.4794520547945205 0.659432387312187 0.032534246575342464 0.07011686143572621 
5 0.543236301369863 0.669449081803005 0.029965753424657533 0.06844741235392321 
4 0.8540239726027398 0.8113522537562604 0.02482876712328767 0.038397328881469114 
5 0.5663527397260274 0.672787979966611 0.028253424657534245 0.0667779632721202 
5 0.6078767123287672 0.6798831385642737 0.032534246575342464 0.052587646076794656 
5 0.3343321917808219 0.4453255425709516 0.026541095890410957 0.07262103505843072 
5 0.2440068493150685 0.5058430717863105 0.05821917808219178 0.028380634390651086 
5 0.6630993150684932 0.4169449081803005 0.07962328767123288 0.027545909849749584 
4 0.8296232876712328 0.7053422370617696 0.04452054794520548 0.025041736227045076 
4 0.7071917808219178 0.7808848080133556 0.025684931506849314 0.03923205342237062 
4 0.6875 0.7687813021702838 0.0273972602739726 0.041736227045075125 
5 0.9362157534246576 0.15734557595993323 0.0761986301369863 0.02587646076794658 
