4 0.5451364590622814 0.19274653626731866 0.013995801259622114 0.03667481662591687 
5 0.44261721483554933 0.47351263243683783 0.06088173547935619 0.040749796251018745 
5 0.42197340797760674 0.7212713936430318 0.06298110566829951 0.040749796251018745 
5 0.42372288313505946 0.6699266503667481 0.06088173547935619 0.044009779951100246 
5 0.42092372288313507 0.6911165444172779 0.0622813156053184 0.042379788101059496 
5 0.43072078376487055 0.5814995925020375 0.06368089573128062 0.04156479217603912 
5 0.42932120363890836 0.5358598207008965 0.0622813156053184 0.04645476772616137 
5 0.4286214135759272 0.5142624286878565 0.06088173547935619 0.044009779951100246 
5 0.4359692092372288 0.49470252648736757 0.0615815255423373 0.045639771801140996 
5 0.5850244926522044 0.2595762021189894 0.05598320503848846 0.04971475142624287 
4 0.510146955913226 0.18378158109209453 0.013995801259622114 0.03667481662591687 
5 0.5815255423372988 0.28484107579462103 0.05878236529041288 0.04645476772616137 
5 0.5839748075577327 0.3076609616951915 0.05668299510146956 0.04482477587612062 
5 0.5874737578726382 0.33007334963325186 0.05948215535339398 0.045639771801140996 
5 0.5825752274317705 0.38060309698451505 0.06088173547935619 0.04726976365118175 
5 0.5850244926522044 0.4062754686226569 0.05738278516445067 0.04645476772616137 
5 0.5895731280615816 0.4511002444987775 0.0622813156053184 0.04645476772616137 
5 0.5808257522743177 0.4800325998370008 0.06018194541637509 0.04726976365118175 
5 0.3561931420573828 0.2995110024449878 0.04758572428271519 0.03504482477587612 
5 0.3642407277816655 0.376120619396903 0.053883834849545134 0.018744906275468622 
5 0.3558432470258922 0.5721271393643031 0.053883834849545134 0.016299918500407497 
5 0.35024492652204336 0.5925020374898126 0.053883834849545134 0.019559902200488997 
5 0.21343596920923724 0.7102689486552567 0.0615815255423373 0.018744906275468622 
5 0.2137858642407278 0.6907090464547677 0.0622813156053184 0.018744906275468622 
5 0.21518544436669 0.6691116544417278 0.0622813156053184 0.021189894050529748 
5 0.21028691392582224 0.6462917685411573 0.0622813156053184 0.017929910350448247 
5 0.21588523442967109 0.6255093724531378 0.06368089573128062 0.018744906275468622 
5 0.2179846046186144 0.537082314588427 0.05948215535339398 0.021189894050529748 
5 0.21868439468159553 0.5138549307253464 0.06088173547935619 0.017114914425427872 
5 0.21903428971308608 0.49185004074979627 0.0615815255423373 0.020374898125509373 
5 0.22358292512246325 0.4490627546862266 0.06088173547935619 0.017929910350448247 
5 0.22428271518544438 0.4262428687856561 0.06088173547935619 0.017929910350448247 
5 0.22358292512246325 0.4070904645476773 0.0622813156053184 0.018744906275468622 
5 0.22638208537438767 0.3830480847595762 0.06088173547935619 0.021189894050529748 
5 0.22078376487053883 0.3402607986960065 0.0622813156053184 0.018744906275468622 
5 0.3477956613016095 0.7061939690301549 0.05458362491252624 0.018744906275468622 
5 0.3432470258922323 0.6817440912795436 0.053883834849545134 0.017114914425427872 
5 0.5825752274317705 0.5248573757131214 0.05948215535339398 0.04726976365118175 
5 0.58222533240028 0.5505297473512633 0.05738278516445067 0.04482477587612062 
5 0.5846745976207138 0.5733496332518337 0.05948215535339398 0.04482477587612062 
5 0.6731980405878236 0.32599837000814996 0.05738278516445067 0.045639771801140996 
5 0.6578026592022393 0.2632436837815811 0.06018194541637509 0.045639771801140996 
5 0.7991602519244226 0.6825590872045639 0.05738278516445067 0.04156479217603912 
5 0.8058082575227432 0.634881825590872 0.06088173547935619 0.045639771801140996 
5 0.8131560531840448 0.5863895680521597 0.06018194541637509 0.04156479217603912 
5 0.8166550034989503 0.5615321923390383 0.06018194541637509 0.040749796251018745 
5 0.8051084674597621 0.5317848410757946 0.05948215535339398 0.04156479217603912 
5 0.8068579426172149 0.5069274653626732 0.06018194541637509 0.042379788101059496 
5 0.8075577326801959 0.48573757131214346 0.0615815255423373 0.039119804400977995 
5 0.8117564730580826 0.4633251833740831 0.0615815255423373 0.04482477587612062 
5 0.8163051084674597 0.38793806030969846 0.05948215535339398 0.037489812550937245 
5 0.8166550034989503 0.36674816625916873 0.0615815255423373 0.037489812550937245 
5 0.8212036389083275 0.34270578647106764 0.05948215535339398 0.04645476772616137 
5 0.8275017494751574 0.31907090464547677 0.05808257522743177 0.03993480032599837 
5 0.8299510146955913 0.29502852485737574 0.06018194541637509 0.039119804400977995 
5 0.8191042687193841 0.2400162999185004 0.0622813156053184 0.04156479217603912 
5 0.672148355493352 0.30480847595762023 0.05808257522743177 0.045639771801140996 
5 0.6665500349895032 0.37856560717196414 0.06088173547935619 0.04482477587612062 
5 0.5787263820853744 0.6242868785656072 0.0615815255423373 0.044009779951100246 
5 0.668999300209937 0.402200488997555 0.05738278516445067 0.04319478402607987 
5 0.5766270118964311 0.649959250203749 0.05738278516445067 0.04156479217603912 
5 0.5752274317704689 0.700081499592502 0.06018194541637509 0.044009779951100246 
5 0.5710286913925823 0.7249388753056235 0.05738278516445067 0.03993480032599837 
5 0.6060181945416375 0.7599837000814996 0.06018194541637509 0.018744906275468622 
5 0.6648005598320503 0.7167889160554197 0.05878236529041288 0.04482477587612062 
5 0.6606018194541637 0.6976365118174409 0.06018194541637509 0.0488997555012225 
5 0.658852344296711 0.6731866340668297 0.05948215535339398 0.044009779951100246 
5 0.6567529741077677 0.6271393643031785 0.06088173547935619 0.04645476772616137 
5 0.6606018194541637 0.5770171149144254 0.06018194541637509 0.044009779951100246 
5 0.6581525542337299 0.5541972290138549 0.06088173547935619 0.044009779951100246 
5 0.6599020293911827 0.5285248573757131 0.05738278516445067 0.04482477587612062 
5 0.6637508747375788 0.5036674816625917 0.0622813156053184 0.045639771801140996 
5 0.6675997200839748 0.47555012224938875 0.06018194541637509 0.04482477587612062 
5 0.6728481455563331 0.447840260798696 0.0622813156053184 0.04645476772616137 
5 0.6707487753673897 0.4250203748981255 0.05808257522743177 0.03993480032599837 
5 0.13785864240727783 0.7257538712306438 0.04478656403079076 0.061124694376528114 
5 0.1452064380685794 0.15647921760391198 0.01749475157452764 0.07008964955175224 
5 0.3642407277816655 0.3993480032599837 0.05108467459762071 0.019559902200488997 
4 0.2932120363890833 0.8349633251833741 0.012596221133659902 0.03341483292583537 
4 0.2543736878936319 0.8337408312958435 0.010496850944716585 0.030969845150774247 
4 0.15465360391882435 0.9657701711491442 0.03219034289713086 0.022819885900570498 
4 0.16060181945416374 0.6837815810920945 0.013296011196641007 0.027709861450692746 
4 0.16340097970608816 0.6051344743276283 0.011896431070678797 0.03504482477587612 
4 0.12596221133659902 0.5843520782396088 0.012596221133659902 0.026079869600651995 
4 0.16794961511546536 0.4828850855745721 0.015395381385584325 0.03667481662591687 
4 0.16724982505248426 0.4421352893235534 0.012596221133659902 0.03341483292583537 
4 0.16969909027291813 0.3964955175224124 0.01469559132260322 0.03504482477587612 
4 0.3173547935619314 0.41972290138549306 0.01609517144856543 0.040749796251018745 
4 0.17144856543037088 0.3475957620211899 0.012596221133659902 0.03667481662591687 
4 0.17249825052484255 0.2974735126324368 0.013296011196641007 0.039119804400977995 
4 0.17389783065080475 0.21515892420537897 0.01469559132260322 0.040749796251018745 
4 0.25122463261021694 0.2603911980440098 0.01819454163750875 0.03504482477587612 
4 0.17704688593421974 0.16829665851670741 0.013995801259622114 0.03178484107579462 
4 0.17004898530440868 0.11817440912795436 0.012596221133659902 0.037489812550937245 
4 0.2732680195941218 0.830480847595762 0.011896431070678797 0.027709861450692746 
4 0.31245626312106367 0.8374083129584352 0.011896431070678797 0.03341483292583537 
4 0.16200139958012597 0.03504482477587612 0.01749475157452764 0.037489812550937245 
4 0.33240027991602517 0.8333333333333334 0.013995801259622114 0.03667481662591687 
4 0.3645906228131561 0.9462102689486552 0.013995801259622114 0.035859820700896494 
4 0.3460461861441568 0.9470252648736757 0.01469559132260322 0.039119804400977995 
4 0.3264520643806858 0.9486552567237164 0.01749475157452764 0.034229828850855744 
4 0.3075577326801959 0.9470252648736757 0.013296011196641007 0.035859820700896494 
4 0.28901329601119663 0.9466177669111654 0.012596221133659902 0.03504482477587612 
4 0.26766969909027294 0.947840260798696 0.013296011196641007 0.035859820700896494 
4 0.2470258922323303 0.9417277913610432 0.01119664100769769 0.03504482477587612 
4 0.25192442267319803 0.8724531377343113 0.016794961511546535 0.03667481662591687 
4 0.27186843946815953 0.8736756316218419 0.013296011196641007 0.035859820700896494 
4 0.2914625612316305 0.8724531377343113 0.01609517144856543 0.03341483292583537 
4 0.3103568929321204 0.8728606356968215 0.01469559132260322 0.034229828850855744 
4 0.36878936319104266 0.8700081499592502 0.01119664100769769 0.03341483292583537 
4 0.35024492652204336 0.8728606356968215 0.011896431070678797 0.030969845150774247 
4 0.3729881035689293 0.8333333333333334 0.013995801259622114 0.03667481662591687 
4 0.35129461161651504 0.8374083129584352 0.012596221133659902 0.03341483292583537 
4 0.16585024492652203 0.07416462917685411 0.015395381385584325 0.037489812550937245 
5 0.7424772568229531 0.8883455582722086 0.03778866340097971 0.07823960880195599 
5 0.3610916724982505 0.41972290138549306 0.05178446466060182 0.016299918500407497 
4 0.21133659902029392 0.3215158924205379 0.03778866340097971 0.015484922575387123 
4 0.21238628411476557 0.2860635696821516 0.02729181245626312 0.014669926650366748 
4 0.4902029391182645 0.24775876120619397 0.0244926522043387 0.040749796251018745 
4 0.5629811056682995 0.18541157294213528 0.013296011196641007 0.03341483292583537 
4 0.3719384184744577 0.22860635696821516 0.01469559132260322 0.03830480847595762 
4 0.07557732680195942 0.31703341483292585 0.01119664100769769 0.034229828850855744 
5 0.787963610916725 0.7265688671556643 0.05878236529041288 0.04482477587612062 
5 0.7988103568929321 0.7094539527302364 0.05808257522743177 0.04645476772616137 
5 0.8054583624912526 0.6589242053789731 0.05878236529041288 0.04156479217603912 
5 0.8103568929321203 0.4127954360228199 0.06018194541637509 0.04156479217603912 
5 0.5979706088173548 0.3480032599837001 0.05668299510146956 0.045639771801140996 
5 0.45731280615815256 0.37286063569682154 0.05808257522743177 0.018744906275468622 
5 0.4510146955913226 0.32559087204563975 0.042687193841847444 0.017114914425427872 
5 0.3554933519944017 0.5281173594132029 0.05178446466060182 0.016299918500407497 
5 0.35899230230930723 0.4641401792991035 0.05178446466060182 0.017114914425427872 
5 0.36039188243526943 0.4417277913610432 0.05038488453463961 0.016299918500407497 
4 0.21273617914625612 0.30317848410757947 0.02799160251924423 0.016299918500407497 
4 0.09902029391182646 0.29584352078239606 0.028691392582225334 0.017929910350448247 
4 0.18404478656403078 0.9054604726976365 0.026592022393282014 0.027709861450692746 
4 0.09762071378586425 0.3162184189079055 0.02729181245626312 0.013039934800325998 
4 0.17914625612316304 0.887123064384678 0.02939118264520644 0.02526487367563162 
4 0.18019594121763471 0.8667481662591687 0.030090972708187544 0.02526487367563162 
4 0.456962911126662 0.4551752241238794 0.02799160251924423 0.02526487367563162 
4 0.08537438768369489 0.5484922575387123 0.0363890832750175 0.017929910350448247 
4 0.08817354793561931 0.530562347188264 0.03079076277116865 0.014669926650366748 
4 0.08852344296710987 0.5134474327628362 0.028691392582225334 0.014669926650366748 
4 0.08572428271518544 0.4938875305623472 0.034289713086074175 0.016299918500407497 
4 0.08852344296710987 0.47351263243683783 0.02589223233030091 0.016299918500407497 
4 0.08957312806158152 0.454360228198859 0.02799160251924423 0.015484922575387123 
4 0.08922323303009097 0.4262428687856561 0.02729181245626312 0.014669926650366748 
4 0.08887333799860042 0.4070904645476773 0.026592022393282014 0.017114914425427872 
4 0.07242827151854443 0.2791361043194784 0.01609517144856543 0.03341483292583537 
4 0.09692092372288313 0.38875305623471884 0.028691392582225334 0.016299918500407497 
4 0.09587123862841147 0.36797066014669927 0.02939118264520644 0.017114914425427872 
4 0.09447165850244926 0.33903830480847597 0.03219034289713086 0.019559902200488997 
5 0.8275017494751574 0.21841890790546048 0.06368089573128062 0.042379788101059496 
