4 0.9858528698464026 0.5237366003062787 0.025060630557801132 0.06431852986217458 
5 0.7166531932093775 0.608728943338438 0.023443815683104285 0.08728943338437979 
5 0.618431689571544 0.5949464012251149 0.024252223120452707 0.09341500765696784 
5 0.568714632174616 0.613323124042879 0.021827000808407437 0.08728943338437979 
5 0.7554567502021019 0.45099540581929554 0.025060630557801132 0.0903522205206738 
5 0.732821341956346 0.42725880551301687 0.029911075181891674 0.09800918836140889 
5 0.7057396928051738 0.4234303215926493 0.0274858528698464 0.09341500765696784 
5 0.589733225545675 0.38667687595712097 0.021827000808407437 0.0903522205206738 
5 0.5258690379951495 0.37366003062787134 0.021827000808407437 0.08269525267993874 
5 0.45715440582053357 0.3537519142419602 0.025060630557801132 0.09494640122511486 
5 0.43532740501212613 0.3568147013782542 0.02667744543249798 0.10107197549770292 
5 0.41147938561034764 0.3392036753445635 0.02263540824575586 0.0903522205206738 
5 0.38601455133387225 0.33537519142419603 0.016976556184316895 0.07963246554364471 
5 0.35084882780921584 0.31470137825421135 0.024252223120452707 0.08116385911179173 
5 0.3314470493128537 0.31470137825421135 0.024252223120452707 0.08422664624808576 
5 0.30962004850444624 0.3231240428790199 0.024252223120452707 0.08269525267993874 
5 0.3189167340339531 0.2434915773353752 0.023443815683104285 0.08575803981623277 
5 0.29668552950687144 0.2327718223583461 0.019401778496362168 0.09800918836140889 
5 0.27566693613581245 0.23583460949464014 0.019401778496362168 0.09188361408882083 
5 0.25181891673403395 0.29173047473200614 0.018593371059013743 0.08116385911179173 
5 0.2299919159256265 0.28483920367534454 0.023443815683104285 0.07963246554364471 
5 0.6709781729991916 0.5972434915773354 0.019401778496362168 0.0888208269525268 
5 0.20331447049312854 0.17228177641653905 0.029911075181891674 0.10260336906584992 
4 0.919967663702506 0.4540581929555896 0.021018593371059015 0.06891271056661562 
5 0.3670169765561843 0.33001531393568145 0.019401778496362168 0.07197549770290965 
4 0.9260307194826193 0.37442572741194485 0.02021018593371059 0.07197549770290965 
4 0.9345189975747777 0.2993874425727412 0.021018593371059015 0.06584992343032159 
4 0.936944219886823 0.20520673813169985 0.02263540824575586 0.07656967840735068 
4 0.7368633791430881 0.613323124042879 0.021827000808407437 0.08116385911179173 
4 0.6059013742926435 0.7373660030627871 0.02021018593371059 0.06891271056661562 
4 0.5832659660468876 0.7243491577335375 0.021827000808407437 0.06431852986217458 
4 0.5622473726758286 0.7159264931087289 0.02667744543249798 0.08116385911179173 
4 0.5351657235246564 0.725114854517611 0.02910266774454325 0.07503828483920368 
4 0.3831851253031528 0.5313935681470138 0.021018593371059015 0.08269525267993874 
4 0.45392077607113984 0.5497702909647779 0.02021018593371059 0.07656967840735068 
4 0.5222312045270816 0.5650842266462481 0.02263540824575586 0.08269525267993874 
4 0.5452708164915118 0.5712098009188361 0.023443815683104285 0.07963246554364471 
4 0.6301535974130962 0.4058192955589586 0.018593371059013743 0.08269525267993874 
4 0.6091350040420371 0.4104134762633997 0.018593371059013743 0.07350689127105667 
4 0.4761519805982215 0.3721286370597244 0.021018593371059015 0.07656967840735068 
5 0.6956345998383185 0.5980091883614089 0.021827000808407437 0.09341500765696784 
5 0.6471301535974131 0.6018376722817764 0.023443815683104285 0.08575803981623277 
5 0.2789005658852061 0.49387442572741197 0.02263540824575586 0.07197549770290965 
5 0.5016168148746969 0.37059724349157736 0.021827000808407437 0.09188361408882083 
5 0.2021018593371059 0.2879019908116386 0.021018593371059015 0.07656967840735068 
