5 0.37086446104589116 0.43591160220994474 0.08004268943436499 0.045303867403314914 
4 0.19743863393810032 0.8154696132596685 0.05336179295624333 0.04640883977900553 
5 0.37299893276414087 0.2176795580110497 0.06296691568836713 0.09060773480662983 
5 0.3991462113127001 0.2281767955801105 0.05976520811099253 0.08729281767955802 
5 0.4210245464247599 0.2408839779005525 0.06296691568836713 0.0861878453038674 
5 0.48826040554962646 0.5823204419889503 0.06937033084311633 0.05082872928176796 
5 0.4119530416221985 0.7093922651933702 0.0768409818569904 0.04861878453038674 
5 0.400213447171825 0.7370165745856354 0.0768409818569904 0.041988950276243095 
5 0.39060832443970117 0.7640883977900552 0.07257203842049093 0.0430939226519337 
5 0.31536819637139807 0.7762430939226519 0.06296691568836713 0.09613259668508287 
5 0.29775880469583776 0.6088397790055249 0.08110992529348986 0.061878453038674036 
5 0.2913553895410886 0.6425414364640883 0.10458911419423693 0.06740331491712707 
5 0.7059765208110993 0.5668508287292817 0.08858057630736393 0.1414364640883978 
5 0.47171824973319104 0.27348066298342544 0.05549626467449306 0.07845303867403315 
4 0.15955176093916756 0.7685082872928177 0.035218783351120594 0.049723756906077346 
4 0.14300960512273211 0.8806629834254144 0.05549626467449306 0.03756906077348066 
4 0.2001067235859125 0.8513812154696132 0.03948772678762007 0.032044198895027624 
4 0.10618996798292422 0.9646408839779006 0.05016008537886873 0.03756906077348066 
4 0.11366061899679829 0.9419889502762431 0.04589114194236926 0.036464088397790057 
4 0.9706510138740662 0.10662983425414364 0.0416221985058698 0.032044198895027624 
5 0.4007470651013874 0.5712707182320442 0.05656350053361793 0.08176795580110498 
5 0.3281750266808965 0.19723756906077347 0.06510138740661686 0.08729281767955802 
