5 0.26846785225718195 0.3284080076263108 0.012995896032831737 0.03908484270734033 
4 0.12311901504787962 0.392278360343184 0.019151846785225718 0.03908484270734033 
5 0.6621067031463749 0.7592945662535748 0.058823529411764705 0.044804575786463297 
5 0.6600547195622435 0.7264061010486177 0.0533515731874145 0.04575786463298379 
5 0.6521887824897401 0.6992373689227837 0.05677154582763338 0.04671115347950429 
5 0.646032831737346 0.67302192564347 0.05677154582763338 0.04194470924690181 
5 0.6426128590971272 0.6420400381315539 0.04993160054719562 0.03336510962821735 
5 0.7883036935704515 0.7488083889418494 0.03625170998632011 0.03145853193517636 
5 0.7906976744186046 0.7878932316491897 0.049247606019151846 0.037178265014299335 
4 0.13030095759233926 0.4323164918970448 0.021203830369357045 0.042897998093422304 
4 0.29856361149110805 0.31887511916110584 0.012995896032831737 0.037178265014299335 
4 0.7790697674418605 0.7102001906577693 0.038303693570451436 0.032411820781696854 
5 0.106703146374829 0.4161105815061964 0.036935704514363885 0.10581506196377502 
5 0.14227086183310533 0.3894184938036225 0.036935704514363885 0.09437559580552908 
5 0.16108071135430915 0.38465204957102 0.033515731874145006 0.09246901811248809 
5 0.179890560875513 0.38036224976167776 0.03146374829001368 0.09532888465204957 
5 0.19870041039671682 0.36701620591039086 0.033515731874145006 0.08198284080076262 
4 0.4473324213406293 0.2650142993326978 0.03146374829001368 0.02669208770257388 
5 0.19733242134062928 0.8965681601525262 0.05129958960328317 0.03527168732125834 
