5 0.9561095505617978 0.4535073409461664 0.04985955056179775 0.0701468189233279 
5 0.7798455056179775 0.26386623164763456 0.05688202247191011 0.08075040783034258 
4 0.8283005617977528 0.19575856443719414 0.02457865168539326 0.03425774877650897 
4 0.7566713483146067 0.14804241435562807 0.02598314606741573 0.015497553017944535 
4 0.7510533707865169 0.13376835236541598 0.028792134831460675 0.013050570962479609 
4 0.7415730337078652 0.11133768352365415 0.028089887640449437 0.013866231647634585 
0 0.8212780898876404 0.7601957585644372 0.13834269662921347 0.1500815660685155 
0 0.7257724719101124 0.8323817292006526 0.13553370786516855 0.15415986949429036 
0 0.3181179775280899 0.12479608482871125 0.12780898876404495 0.1402936378466558 
0 0.5389747191011236 0.515905383360522 0.12289325842696629 0.14926590538336051 
0 0.355688202247191 0.6676182707993474 0.15379213483146068 0.1835236541598695 
0 0.44978932584269665 0.5799347471451876 0.1271067415730337 0.1468189233278956 
0 0.2324438202247191 0.25040783034257746 0.2148876404494382 0.25938009787928223 
