0 0.819351230425056 0.7521109770808203 0.039149888143176735 0.03498190591073583 
4 0.9725950782997763 0.9788902291917974 0.005592841163310962 0.013268998793727383 
4 0.9787472035794184 0.9463208685162847 0.006711409395973154 0.013268998793727383 
4 0.9821029082774049 0.9318455971049457 0.006711409395973154 0.013268998793727383 
4 0.9865771812080537 0.9095295536791315 0.0044742729306487695 0.012062726176115802 
4 0.9916107382550335 0.8799758745476478 0.005592841163310962 0.010856453558504222 
4 0.9390380313199105 0.9867310012062727 0.012304250559284116 0.0048250904704463205 
4 0.9407158836689038 0.9806996381182147 0.013422818791946308 0.0048250904704463205 
4 0.9619686800894854 0.8697225572979493 0.011185682326621925 0.007237635705669481 
4 0.9871364653243848 0.8250904704463209 0.005592841163310962 0.016887816646562123 
4 0.9876957494407159 0.6188178528347407 0.008948545861297539 0.0048250904704463205 
4 0.9765100671140939 0.7997587454764777 0.011185682326621925 0.007237635705669481 
6 0.5223713646532439 0.7394451145958987 0.7404921700223713 0.34499396863691195 
12 0.5486577181208053 0.5995174909529554 0.8579418344519015 0.3088057901085645 
6 0.5637583892617449 0.44632086851628466 0.7718120805369127 0.3498190591073583 
