12 0.7041387024608501 0.42400482509047044 0.11521252796420582 0.17249698431845598 
6 0.03523489932885906 0.42581423401688784 0.025727069351230425 0.11097708082026538 
4 0.5542505592841164 0.9215922798552473 0.0436241610738255 0.026537997587454766 
4 0.05201342281879195 0.7985524728588661 0.039149888143176735 0.05307599517490953 
4 0.07662192393736018 0.7901085645355851 0.039149888143176735 0.04825090470446321 
4 0.10738255033557047 0.7973462002412546 0.040268456375838924 0.05066344993968637 
4 0.015659955257270694 0.6948130277442702 0.029082774049217 0.05066344993968637 
4 0.09284116331096197 0.6942098914354644 0.03355704697986577 0.054282267792521106 
4 0.12416107382550336 0.6924004825090471 0.03131991051454139 0.05307599517490953 
4 0.14597315436241612 0.6978287092882992 0.03243847874720358 0.054282267792521106 
4 0.3394854586129754 0.7014475271411339 0.030201342281879196 0.04945717732207479 
4 0.14205816554809844 0.6296743063932448 0.040268456375838924 0.06755126658624849 
6 0.06040268456375839 0.42882991556091676 0.024608501118568233 0.10735826296743065 
12 0.18736017897091722 0.4517490952955368 0.030201342281879196 0.13148371531966224 
12 0.28243847874720357 0.4529553679131484 0.025727069351230425 0.12424607961399277 
12 0.3859060402684564 0.45355850422195415 0.024608501118568233 0.12545235223160434 
12 0.5844519015659956 0.45416164053075997 0.025727069351230425 0.12424607961399277 
4 0.5536912751677853 0.9499396863691194 0.042505592841163314 0.022919179734620022 
12 0.087248322147651 0.4517490952955368 0.026845637583892617 0.13148371531966224 
4 0.49272930648769575 0.7870928829915561 0.039149888143176735 0.054282267792521106 
6 0.11353467561521252 0.44632086851628466 0.02796420581655481 0.09650180940892641 
4 0.38870246085011184 0.7949336550060314 0.04809843400447427 0.06513872135102533 
4 0.42337807606263983 0.6996381182147166 0.02796420581655481 0.05066344993968637 
4 0.3126398210290828 0.6996381182147166 0.025727069351230425 0.045838359469240045 
4 0.1784116331096197 0.6942098914354644 0.03243847874720358 0.061519903498190594 
4 0.06487695749440715 0.695416164053076 0.03131991051454139 0.05186972255729795 
4 0.03859060402684564 0.6978287092882992 0.030201342281879196 0.04945717732207479 
4 0.5766219239373602 0.643546441495778 0.03243847874720358 0.061519903498190594 
4 0.36129753914988816 0.6417370325693607 0.03355704697986577 0.05307599517490953 
6 0.7936241610738255 0.8051869722557298 0.06152125279642058 0.2617611580217129 
6 0.5508948545861297 0.43486127864897467 0.0436241610738255 0.12424607961399277 
6 0.5072706935123042 0.439686369119421 0.02796420581655481 0.07117008443908324 
6 0.41890380313199105 0.4336550060313631 0.04138702460850112 0.12424607961399277 
6 0.31487695749440714 0.43425814234016885 0.050335570469798654 0.12545235223160434 
6 0.2600671140939597 0.4336550060313631 0.025727069351230425 0.09529553679131483 
6 0.20917225950782997 0.42400482509047044 0.026845637583892617 0.09529553679131483 
12 0.48322147651006714 0.45235223160434257 0.026845637583892617 0.1278648974668275 
