12 0.840625 0.5364583333333334 0.13125 0.25625 
4 0.6473958333333333 0.7489583333333333 0.014583333333333334 0.025 
12 0.29973958333333334 0.35052083333333334 0.09635416666666667 0.2791666666666667 
12 0.49296875 0.4044270833333333 0.13177083333333334 0.26927083333333335 
12 0.6020833333333333 0.4432291666666667 0.13020833333333334 0.27708333333333335 
12 1.0309895833333333 0.6268229166666667 0.15572916666666667 0.24739583333333334 
4 0.025260416666666667 0.6096354166666667 0.0171875 0.022395833333333334 
4 0.040625 0.5981770833333333 0.0125 0.024479166666666666 
4 0.20130208333333333 0.5440104166666667 0.0171875 0.0265625 
4 0.24192708333333332 0.5630208333333333 0.0265625 0.015625 
4 0.15807291666666667 0.6471354166666666 0.0140625 0.0296875 
4 0.04791666666666667 0.8065104166666667 0.009375 0.022395833333333334 
4 0.048177083333333336 0.8322916666666667 0.0140625 0.027083333333333334 
4 0.027083333333333334 0.8669270833333333 0.013541666666666667 0.0203125 
4 0.2947916666666667 0.9036458333333334 0.01875 0.029166666666666667 
4 0.3234375 0.9010416666666666 0.01875 0.025 
4 0.40703125 0.5677083333333334 0.018229166666666668 0.021875 
4 0.9473958333333333 0.8075520833333333 0.019791666666666666 0.025520833333333333 
12 0.14609375 0.39479166666666665 0.03177083333333333 0.16458333333333333 
