5 0.703125 0.7557291666666667 0.022916666666666665 0.04375 
4 0.46197916666666666 0.6322916666666667 0.020833333333333332 0.013541666666666667 
4 0.5302083333333333 0.6171875 0.022916666666666665 0.013541666666666667 
4 0.5283854166666667 0.6059895833333333 0.021354166666666667 0.013020833333333334 
4 0.52421875 0.59609375 0.021354166666666667 0.013020833333333334 
4 0.5231770833333333 0.5846354166666666 0.022395833333333334 0.013020833333333334 
4 0.521875 0.5747395833333333 0.023958333333333335 0.0140625 
4 0.5153645833333333 0.5544270833333333 0.024479166666666666 0.0171875 
4 0.51171875 0.54375 0.027604166666666666 0.017708333333333333 
4 0.5104166666666666 0.5317708333333333 0.023958333333333335 0.014583333333333334 
4 0.5098958333333333 0.5182291666666666 0.023958333333333335 0.014583333333333334 
4 0.5057291666666667 0.5072916666666667 0.025 0.013541666666666667 
4 0.459375 0.6200520833333333 0.019791666666666666 0.013020833333333334 
4 0.4630208333333333 0.6434895833333333 0.021875 0.013020833333333334 
4 0.4296875 0.5895833333333333 0.022916666666666665 0.013541666666666667 
4 0.46536458333333336 0.6559895833333333 0.0234375 0.016145833333333335 
4 0.46848958333333335 0.66796875 0.024479166666666666 0.013020833333333334 
4 0.44479166666666664 0.6739583333333333 0.022916666666666665 0.0125 
4 0.44244791666666666 0.6619791666666667 0.0234375 0.013541666666666667 
4 0.4390625 0.6494791666666667 0.022916666666666665 0.013541666666666667 
4 0.4395833333333333 0.6361979166666667 0.023958333333333335 0.013020833333333334 
4 0.43776041666666665 0.6239583333333333 0.022395833333333334 0.011458333333333333 
4 0.4513020833333333 0.5841145833333333 0.022395833333333334 0.016145833333333335 
4 0.45416666666666666 0.5953125 0.020833333333333332 0.0125 
4 0.45807291666666666 0.6067708333333334 0.021354166666666667 0.0125 
4 0.43645833333333334 0.61171875 0.022916666666666665 0.0140625 
4 0.5325520833333334 0.628125 0.025520833333333333 0.015625 
4 0.53359375 0.63984375 0.024479166666666666 0.015104166666666667 
4 0.5359375 0.6502604166666667 0.023958333333333335 0.015104166666666667 
4 0.5395833333333333 0.6604166666666667 0.020833333333333332 0.013541666666666667 
4 0.575 0.6072916666666667 0.023958333333333335 0.015625 
4 0.57890625 0.6174479166666667 0.0234375 0.016145833333333335 
4 0.5807291666666666 0.6294270833333333 0.022916666666666665 0.015104166666666667 
4 0.5846354166666666 0.6395833333333333 0.022395833333333334 0.014583333333333334 
4 0.5848958333333333 0.6510416666666666 0.021875 0.014583333333333334 
4 0.5877604166666667 0.6609375 0.024479166666666666 0.014583333333333334 
4 0.6309895833333333 0.6848958333333334 0.0234375 0.013541666666666667 
4 0.6036458333333333 0.6908854166666667 0.021875 0.0140625 
4 0.6338541666666667 0.76953125 0.026041666666666668 0.022395833333333334 
4 0.5447916666666667 0.7890625 0.020833333333333332 0.019791666666666666 
4 0.5609375 0.7830729166666667 0.022916666666666665 0.022395833333333334 
4 0.5799479166666667 0.7807291666666667 0.0234375 0.021875 
4 0.6044270833333333 0.8372395833333334 0.015104166666666667 0.0234375 
4 0.5927083333333333 0.84296875 0.015625 0.022395833333333334 
4 0.5755208333333334 0.8442708333333333 0.014583333333333334 0.026041666666666668 
4 0.5510416666666667 0.8484375 0.013541666666666667 0.021875 
4 0.5390625 0.8518229166666667 0.0125 0.0203125 
4 0.2984375 0.9778645833333334 0.019791666666666666 0.0171875 
4 0.36875 0.6953125 0.022916666666666665 0.013541666666666667 
4 0.37552083333333336 0.7135416666666666 0.021875 0.011458333333333333 
4 0.37734375 0.7263020833333333 0.0265625 0.0140625 
4 0.4375 0.71953125 0.015625 0.0265625 
4 0.5416666666666666 0.6703125 0.023958333333333335 0.015625 
4 0.4315104166666667 0.6010416666666667 0.024479166666666666 0.015625 
4 0.44609375 0.55703125 0.021354166666666667 0.013020833333333334 
5 0.7145833333333333 0.7486979166666666 0.026041666666666668 0.044270833333333336 
5 0.7817708333333333 0.8419270833333333 0.020833333333333332 0.0421875 
5 0.7625 0.84609375 0.022916666666666665 0.043229166666666666 
5 0.7458333333333333 0.85 0.020833333333333332 0.042708333333333334 
5 0.728125 0.8544270833333333 0.020833333333333332 0.044270833333333336 
5 0.7104166666666667 0.8591145833333333 0.021875 0.04635416666666667 
5 0.82421875 0.7216145833333333 0.022395833333333334 0.0453125 
5 0.80859375 0.7247395833333333 0.0203125 0.0453125 
5 0.7942708333333334 0.7302083333333333 0.020833333333333332 0.04375 
5 0.7794270833333333 0.73203125 0.019270833333333334 0.043229166666666666 
5 0.7513020833333334 0.7411458333333333 0.022395833333333334 0.04479166666666667 
5 0.7283854166666667 0.7450520833333333 0.024479166666666666 0.044270833333333336 
5 0.68828125 0.7604166666666666 0.025520833333333333 0.04791666666666667 
4 0.4505208333333333 0.5713541666666667 0.023958333333333335 0.013541666666666667 
5 0.6708333333333333 0.7638020833333333 0.022916666666666665 0.04635416666666667 
5 0.43385416666666665 0.8875 0.019791666666666666 0.046875 
5 0.41901041666666666 0.890625 0.022395833333333334 0.046875 
5 0.39088541666666665 0.89921875 0.021354166666666667 0.0453125 
5 0.3609375 0.9044270833333333 0.021875 0.04635416666666667 
5 0.34322916666666664 0.9106770833333333 0.021875 0.0484375 
5 0.08177083333333333 0.8986979166666667 0.08854166666666667 0.03802083333333333 
5 0.15755208333333334 0.87890625 0.03802083333333333 0.0984375 
5 0.15546875 0.646875 0.0234375 0.052083333333333336 
5 0.14010416666666667 0.6489583333333333 0.022916666666666665 0.04895833333333333 
5 0.21588541666666666 0.6481770833333333 0.0203125 0.0390625 
5 0.8 0.83671875 0.019791666666666666 0.043229166666666666 
5 0.8169270833333333 0.8315104166666667 0.0203125 0.04635416666666667 
5 0.8359375 0.828125 0.021875 0.04375 
5 0.8541666666666666 0.8234375 0.021875 0.04583333333333333 
4 0.4283854166666667 0.5765625 0.0203125 0.013541666666666667 
4 0.42109375 0.5651041666666666 0.0296875 0.014583333333333334 
4 0.4205729166666667 0.5526041666666667 0.022395833333333334 0.0125 
4 0.44296875 0.5471354166666667 0.0234375 0.013020833333333334 
4 0.43984375 0.5356770833333333 0.022395833333333334 0.013020833333333334 
4 0.4375 0.5231770833333333 0.025 0.013020833333333334 
4 0.4359375 0.5096354166666667 0.025 0.015104166666666667 
4 0.41770833333333335 0.5403645833333334 0.023958333333333335 0.015104166666666667 
4 0.3533854166666667 0.6174479166666667 0.022395833333333334 0.0140625 
4 0.22916666666666666 0.9640625 0.01875 0.022916666666666665 
4 0.28854166666666664 0.9526041666666667 0.021875 0.01875 
4 0.29375 0.9666666666666667 0.021875 0.019791666666666666 
4 0.28932291666666665 0.9348958333333334 0.0234375 0.020833333333333332 
4 0.28541666666666665 0.9229166666666667 0.022916666666666665 0.01875 
4 0.28229166666666666 0.9109375 0.023958333333333335 0.019791666666666666 
4 0.278125 0.88984375 0.021875 0.019270833333333334 
4 0.27239583333333334 0.8697916666666666 0.023958333333333335 0.021875 
4 0.26848958333333334 0.8510416666666667 0.022395833333333334 0.020833333333333332 
4 0.17317708333333334 0.6432291666666666 0.0171875 0.03125 
4 0.24166666666666667 0.54921875 0.022916666666666665 0.013020833333333334 
4 0.24375 0.5606770833333333 0.021875 0.013020833333333334 
4 0.24609375 0.5739583333333333 0.025520833333333333 0.014583333333333334 
4 0.08671875 0.5778645833333333 0.0109375 0.0234375 
4 0.5739583333333333 0.5958333333333333 0.021875 0.015625 
4 0.5713541666666667 0.5848958333333333 0.022916666666666665 0.013541666666666667 
4 0.5692708333333333 0.5747395833333333 0.022916666666666665 0.013020833333333334 
4 0.80625 0.6098958333333333 0.023958333333333335 0.014583333333333334 
4 0.896875 0.5286458333333334 0.025 0.013541666666666667 
4 0.8934895833333333 0.5161458333333333 0.025520833333333333 0.014583333333333334 
4 0.8138020833333334 0.5161458333333333 0.028645833333333332 0.015625 
4 0.815625 0.5296875 0.023958333333333335 0.0125 
4 0.8174479166666667 0.5403645833333334 0.0234375 0.013020833333333334 
4 0.8190104166666666 0.5515625 0.0234375 0.013541666666666667 
4 0.8330729166666667 0.6109375 0.0234375 0.0125 
4 0.83125 0.6 0.023958333333333335 0.0125 
4 0.8299479166666667 0.58984375 0.024479166666666666 0.0140625 
4 0.8270833333333333 0.5791666666666667 0.023958333333333335 0.014583333333333334 
4 0.8026041666666667 0.5989583333333334 0.023958333333333335 0.014583333333333334 
4 0.7947916666666667 0.58828125 0.022916666666666665 0.0140625 
4 0.5666666666666667 0.5645833333333333 0.023958333333333335 0.013541666666666667 
4 0.7919270833333333 0.5776041666666667 0.028645833333333332 0.016666666666666666 
4 0.7877604166666666 0.5661458333333333 0.027604166666666666 0.017708333333333333 
4 0.78359375 0.5544270833333333 0.028645833333333332 0.0171875 
4 0.7815104166666667 0.5419270833333333 0.0265625 0.0140625 
4 0.7791666666666667 0.5302083333333333 0.026041666666666668 0.014583333333333334 
4 0.7765625 0.5184895833333333 0.023958333333333335 0.0140625 
4 0.77421875 0.5075520833333333 0.024479166666666666 0.013020833333333334 
4 0.7286458333333333 0.6346354166666667 0.022916666666666665 0.0140625 
4 0.7291666666666666 0.62265625 0.020833333333333332 0.013020833333333334 
4 0.728125 0.6098958333333333 0.021875 0.013541666666666667 
4 0.7276041666666667 0.5971354166666667 0.023958333333333335 0.015104166666666667 
4 0.9 0.5395833333333333 0.027083333333333334 0.013541666666666667 
4 0.9041666666666667 0.54921875 0.025 0.0140625 
4 0.9075520833333334 0.55859375 0.024479166666666666 0.0140625 
4 0.9091145833333333 0.56875 0.022395833333333334 0.0125 
4 0.22682291666666668 0.7721354166666666 0.019270833333333334 0.011979166666666667 
4 0.011979166666666667 0.6666666666666666 0.0125 0.020833333333333332 
5 0.031510416666666666 0.5651041666666666 0.0171875 0.040625 
4 0.9903645833333333 0.6015625 0.0203125 0.0125 
4 0.9890625 0.5908854166666667 0.022916666666666665 0.015104166666666667 
4 0.9877604166666667 0.5799479166666667 0.021354166666666667 0.0140625 
4 0.9830729166666666 0.56953125 0.0265625 0.018229166666666668 
4 0.9822916666666667 0.5575520833333333 0.021875 0.016145833333333335 
4 0.9796875 0.54765625 0.025 0.015104166666666667 
4 0.97734375 0.5377604166666666 0.024479166666666666 0.016145833333333335 
4 0.9755208333333333 0.5260416666666666 0.025 0.015625 
4 0.9703125 0.51484375 0.023958333333333335 0.0140625 
4 0.9203125 0.5174479166666667 0.023958333333333335 0.016145833333333335 
4 0.9234375 0.5299479166666666 0.023958333333333335 0.016145833333333335 
4 0.92578125 0.5408854166666667 0.021354166666666667 0.0140625 
4 0.9291666666666667 0.5510416666666667 0.021875 0.014583333333333334 
4 0.9317708333333333 0.5635416666666667 0.022916666666666665 0.015625 
4 0.9338541666666667 0.575 0.023958333333333335 0.015625 
4 0.9369791666666667 0.58671875 0.025 0.016145833333333335 
4 0.9122395833333333 0.5934895833333333 0.0234375 0.015104166666666667 
4 0.9104166666666667 0.5817708333333333 0.023958333333333335 0.013541666666666667 
4 0.7252604166666666 0.5854166666666667 0.022395833333333334 0.013541666666666667 
4 0.7247395833333333 0.5734375 0.028645833333333332 0.016666666666666666 
4 0.7231770833333333 0.5609375 0.022395833333333334 0.014583333333333334 
4 0.6239583333333333 0.6091145833333333 0.020833333333333332 0.013020833333333334 
4 0.6223958333333334 0.5984375 0.021875 0.014583333333333334 
4 0.64296875 0.5908854166666667 0.024479166666666666 0.013020833333333334 
4 0.6205729166666667 0.5877604166666667 0.0203125 0.0140625 
4 0.6174479166666667 0.5778645833333333 0.021354166666666667 0.016145833333333335 
4 0.6145833333333334 0.5669270833333333 0.021875 0.0140625 
4 0.6130208333333333 0.55546875 0.020833333333333332 0.015104166666666667 
4 0.6401041666666667 0.5809895833333333 0.021875 0.013020833333333334 
4 0.6388020833333333 0.5703125 0.0203125 0.0125 
4 0.6356770833333333 0.5588541666666667 0.0234375 0.010416666666666666 
4 0.6354166666666666 0.5473958333333333 0.022916666666666665 0.011458333333333333 
4 0.6330729166666667 0.5361979166666667 0.0234375 0.013020833333333334 
4 0.6083333333333333 0.5453125 0.022916666666666665 0.016666666666666666 
4 0.6072916666666667 0.5341145833333333 0.021875 0.015104166666666667 
4 0.6302083333333334 0.5247395833333334 0.023958333333333335 0.013020833333333334 
4 0.62421875 0.515625 0.0234375 0.0125 
4 0.6020833333333333 0.5229166666666667 0.023958333333333335 0.015625 
4 0.6216145833333333 0.5057291666666667 0.0234375 0.013541666666666667 
4 0.5994791666666667 0.5114583333333333 0.022916666666666665 0.014583333333333334 
4 0.5565104166666667 0.5109375 0.025520833333333333 0.013541666666666667 
4 0.5572916666666666 0.521875 0.026041666666666668 0.014583333333333334 
4 0.5598958333333334 0.5328125 0.023958333333333335 0.014583333333333334 
4 0.5622395833333333 0.5427083333333333 0.022395833333333334 0.0125 
4 0.5645833333333333 0.553125 0.023958333333333335 0.014583333333333334 
4 0.6434895833333333 0.6015625 0.0203125 0.011458333333333333 
4 0.6458333333333334 0.6125 0.021875 0.011458333333333333 
4 0.7171875 0.55 0.022916666666666665 0.013541666666666667 
4 0.6255208333333333 0.61953125 0.022916666666666665 0.015104166666666667 
4 0.71484375 0.5364583333333334 0.0234375 0.014583333333333334 
4 0.7125 0.5247395833333334 0.023958333333333335 0.016145833333333335 
4 0.7059895833333333 0.5122395833333333 0.022395833333333334 0.0140625 
4 0.70625 0.6388020833333333 0.022916666666666665 0.016145833333333335 
4 0.7057291666666666 0.62734375 0.023958333333333335 0.016145833333333335 
4 0.7067708333333333 0.6153645833333333 0.019791666666666666 0.0140625 
4 0.7049479166666667 0.6044270833333333 0.0203125 0.0140625 
4 0.7026041666666667 0.59375 0.022916666666666665 0.014583333333333334 
4 0.6981770833333333 0.58359375 0.027604166666666666 0.0171875 
4 0.6963541666666667 0.57265625 0.027083333333333334 0.018229166666666668 
4 0.69296875 0.5604166666666667 0.0265625 0.017708333333333333 
4 0.6903645833333333 0.5481770833333334 0.0203125 0.013020833333333334 
4 0.6880208333333333 0.5390625 0.023958333333333335 0.014583333333333334 
4 0.6854166666666667 0.5278645833333333 0.029166666666666667 0.015104166666666667 
4 0.6828125 0.51640625 0.023958333333333335 0.016145833333333335 
4 0.68203125 0.5059895833333333 0.024479166666666666 0.0140625 
4 0.6575520833333334 0.52109375 0.0140625 0.024479166666666666 
4 0.6520833333333333 0.6458333333333334 0.020833333333333332 0.011458333333333333 
4 0.6309895833333333 0.6528645833333333 0.022395833333333334 0.015104166666666667 
4 0.6502604166666667 0.6356770833333333 0.019270833333333334 0.009895833333333333 
4 0.6283854166666667 0.6419270833333334 0.021354166666666667 0.015104166666666667 
4 0.6502604166666667 0.6247395833333333 0.018229166666666668 0.0109375 
4 0.62890625 0.6296875 0.024479166666666666 0.015625 
5 0.23932291666666666 0.6411458333333333 0.027604166666666666 0.04895833333333333 
