5 0.6661458333333333 0.7557291666666667 0.022916666666666665 0.04375 
4 0.425 0.6322916666666667 0.020833333333333332 0.013541666666666667 
4 0.49322916666666666 0.6171875 0.022916666666666665 0.013541666666666667 
4 0.49140625 0.6059895833333333 0.021354166666666667 0.013020833333333334 
4 0.48723958333333334 0.59609375 0.021354166666666667 0.013020833333333334 
4 0.4861979166666667 0.5846354166666666 0.022395833333333334 0.013020833333333334 
4 0.48489583333333336 0.5747395833333333 0.023958333333333335 0.0140625 
4 0.4783854166666667 0.5544270833333333 0.024479166666666666 0.0171875 
4 0.4747395833333333 0.54375 0.027604166666666666 0.017708333333333333 
4 0.4734375 0.5317708333333333 0.023958333333333335 0.014583333333333334 
4 0.47291666666666665 0.5182291666666666 0.023958333333333335 0.014583333333333334 
4 0.46875 0.5072916666666667 0.025 0.013541666666666667 
4 0.42239583333333336 0.6200520833333333 0.019791666666666666 0.013020833333333334 
4 0.42604166666666665 0.6434895833333333 0.021875 0.013020833333333334 
4 0.3927083333333333 0.5895833333333333 0.022916666666666665 0.013541666666666667 
4 0.4283854166666667 0.6559895833333333 0.0234375 0.016145833333333335 
4 0.4315104166666667 0.66796875 0.024479166666666666 0.013020833333333334 
4 0.4078125 0.6739583333333333 0.022916666666666665 0.0125 
4 0.40546875 0.6619791666666667 0.0234375 0.013541666666666667 
4 0.40208333333333335 0.6494791666666667 0.022916666666666665 0.013541666666666667 
4 0.40260416666666665 0.6361979166666667 0.023958333333333335 0.013020833333333334 
4 0.40078125 0.6239583333333333 0.022395833333333334 0.011458333333333333 
4 0.41432291666666665 0.5841145833333333 0.022395833333333334 0.016145833333333335 
4 0.4171875 0.5953125 0.020833333333333332 0.0125 
4 0.42109375 0.6067708333333334 0.021354166666666667 0.0125 
4 0.39947916666666666 0.61171875 0.022916666666666665 0.0140625 
4 0.49557291666666664 0.628125 0.025520833333333333 0.015625 
4 0.49661458333333336 0.63984375 0.024479166666666666 0.015104166666666667 
4 0.49895833333333334 0.6502604166666667 0.023958333333333335 0.015104166666666667 
4 0.5026041666666666 0.6604166666666667 0.020833333333333332 0.013541666666666667 
4 0.5380208333333333 0.6072916666666667 0.023958333333333335 0.015625 
4 0.5419270833333333 0.6174479166666667 0.0234375 0.016145833333333335 
4 0.54375 0.6294270833333333 0.022916666666666665 0.015104166666666667 
4 0.54765625 0.6395833333333333 0.022395833333333334 0.014583333333333334 
4 0.5479166666666667 0.6510416666666666 0.021875 0.014583333333333334 
4 0.55078125 0.6609375 0.024479166666666666 0.014583333333333334 
4 0.5940104166666667 0.6848958333333334 0.0234375 0.013541666666666667 
4 0.5666666666666667 0.6908854166666667 0.021875 0.0140625 
4 0.596875 0.76953125 0.026041666666666668 0.022395833333333334 
4 0.5078125 0.7890625 0.020833333333333332 0.019791666666666666 
4 0.5239583333333333 0.7830729166666667 0.022916666666666665 0.022395833333333334 
4 0.54296875 0.7807291666666667 0.0234375 0.021875 
4 0.5674479166666667 0.8372395833333334 0.015104166666666667 0.0234375 
4 0.5557291666666667 0.84296875 0.015625 0.022395833333333334 
4 0.5385416666666667 0.8442708333333333 0.014583333333333334 0.026041666666666668 
4 0.5140625 0.8484375 0.013541666666666667 0.021875 
4 0.5020833333333333 0.8518229166666667 0.0125 0.0203125 
4 0.26145833333333335 0.9778645833333334 0.019791666666666666 0.0171875 
4 0.33177083333333335 0.6953125 0.022916666666666665 0.013541666666666667 
4 0.3385416666666667 0.7135416666666666 0.021875 0.011458333333333333 
4 0.34036458333333336 0.7263020833333333 0.0265625 0.0140625 
4 0.4005208333333333 0.71953125 0.015625 0.0265625 
4 0.5046875 0.6703125 0.023958333333333335 0.015625 
4 0.39453125 0.6010416666666667 0.024479166666666666 0.015625 
4 0.40911458333333334 0.55703125 0.021354166666666667 0.013020833333333334 
4 0.9893229166666667 0.525 0.011979166666666667 0.017708333333333333 
5 0.6776041666666667 0.7486979166666666 0.026041666666666668 0.044270833333333336 
5 0.7447916666666666 0.8419270833333333 0.020833333333333332 0.0421875 
5 0.7255208333333333 0.84609375 0.022916666666666665 0.043229166666666666 
5 0.7088541666666667 0.85 0.020833333333333332 0.042708333333333334 
5 0.6911458333333333 0.8544270833333333 0.020833333333333332 0.044270833333333336 
5 0.6734375 0.8591145833333333 0.021875 0.04635416666666667 
5 0.7872395833333333 0.7216145833333333 0.022395833333333334 0.0453125 
5 0.7716145833333333 0.7247395833333333 0.0203125 0.0453125 
5 0.7572916666666667 0.7302083333333333 0.020833333333333332 0.04375 
5 0.7424479166666667 0.73203125 0.019270833333333334 0.043229166666666666 
5 0.7143229166666667 0.7411458333333333 0.022395833333333334 0.04479166666666667 
5 0.69140625 0.7450520833333333 0.024479166666666666 0.044270833333333336 
5 0.6513020833333333 0.7604166666666666 0.025520833333333333 0.04791666666666667 
4 0.41354166666666664 0.5713541666666667 0.023958333333333335 0.013541666666666667 
5 0.6338541666666667 0.7638020833333333 0.022916666666666665 0.04635416666666667 
5 0.396875 0.8875 0.019791666666666666 0.046875 
5 0.38203125 0.890625 0.022395833333333334 0.046875 
5 0.35390625 0.89921875 0.021354166666666667 0.0453125 
5 0.32395833333333335 0.9044270833333333 0.021875 0.04635416666666667 
5 0.30625 0.9106770833333333 0.021875 0.0484375 
5 0.04479166666666667 0.8986979166666667 0.08854166666666667 0.03802083333333333 
5 0.12057291666666667 0.87890625 0.03802083333333333 0.0984375 
5 0.11848958333333333 0.646875 0.0234375 0.052083333333333336 
5 0.103125 0.6489583333333333 0.022916666666666665 0.04895833333333333 
5 0.17890625 0.6481770833333333 0.0203125 0.0390625 
5 0.7630208333333334 0.83671875 0.019791666666666666 0.043229166666666666 
5 0.7799479166666666 0.8315104166666667 0.0203125 0.04635416666666667 
5 0.7989583333333333 0.828125 0.021875 0.04375 
5 0.8171875 0.8234375 0.021875 0.04583333333333333 
4 0.39140625 0.5765625 0.0203125 0.013541666666666667 
4 0.3841145833333333 0.5651041666666666 0.0296875 0.014583333333333334 
4 0.38359375 0.5526041666666667 0.022395833333333334 0.0125 
4 0.40598958333333335 0.5471354166666667 0.0234375 0.013020833333333334 
4 0.40286458333333336 0.5356770833333333 0.022395833333333334 0.013020833333333334 
4 0.4005208333333333 0.5231770833333333 0.025 0.013020833333333334 
4 0.39895833333333336 0.5096354166666667 0.025 0.015104166666666667 
4 0.3807291666666667 0.5403645833333334 0.023958333333333335 0.015104166666666667 
4 0.31640625 0.6174479166666667 0.022395833333333334 0.0140625 
4 0.1921875 0.9640625 0.01875 0.022916666666666665 
4 0.2515625 0.9526041666666667 0.021875 0.01875 
4 0.25677083333333334 0.9666666666666667 0.021875 0.019791666666666666 
4 0.25234375 0.9348958333333334 0.0234375 0.020833333333333332 
4 0.2484375 0.9229166666666667 0.022916666666666665 0.01875 
4 0.2453125 0.9109375 0.023958333333333335 0.019791666666666666 
4 0.24114583333333334 0.88984375 0.021875 0.019270833333333334 
4 0.23541666666666666 0.8697916666666666 0.023958333333333335 0.021875 
4 0.23151041666666666 0.8510416666666667 0.022395833333333334 0.020833333333333332 
4 0.13619791666666667 0.6432291666666666 0.0171875 0.03125 
4 0.2046875 0.54921875 0.022916666666666665 0.013020833333333334 
4 0.20677083333333332 0.5606770833333333 0.021875 0.013020833333333334 
4 0.20911458333333333 0.5739583333333333 0.025520833333333333 0.014583333333333334 
4 0.04973958333333333 0.5778645833333333 0.0109375 0.0234375 
4 0.5369791666666667 0.5958333333333333 0.021875 0.015625 
4 0.534375 0.5848958333333333 0.022916666666666665 0.013541666666666667 
4 0.5322916666666667 0.5747395833333333 0.022916666666666665 0.013020833333333334 
4 0.7692708333333333 0.6098958333333333 0.023958333333333335 0.014583333333333334 
4 0.8598958333333333 0.5286458333333334 0.025 0.013541666666666667 
4 0.8565104166666667 0.5161458333333333 0.025520833333333333 0.014583333333333334 
4 0.7768229166666667 0.5161458333333333 0.028645833333333332 0.015625 
4 0.7786458333333334 0.5296875 0.023958333333333335 0.0125 
4 0.78046875 0.5403645833333334 0.0234375 0.013020833333333334 
4 0.78203125 0.5515625 0.0234375 0.013541666666666667 
4 0.79609375 0.6109375 0.0234375 0.0125 
4 0.7942708333333334 0.6 0.023958333333333335 0.0125 
4 0.79296875 0.58984375 0.024479166666666666 0.0140625 
4 0.7901041666666667 0.5791666666666667 0.023958333333333335 0.014583333333333334 
4 0.765625 0.5989583333333334 0.023958333333333335 0.014583333333333334 
4 0.7578125 0.58828125 0.022916666666666665 0.0140625 
4 0.5296875 0.5645833333333333 0.023958333333333335 0.013541666666666667 
4 0.7549479166666667 0.5776041666666667 0.028645833333333332 0.016666666666666666 
4 0.75078125 0.5661458333333333 0.027604166666666666 0.017708333333333333 
4 0.7466145833333333 0.5544270833333333 0.028645833333333332 0.0171875 
4 0.74453125 0.5419270833333333 0.0265625 0.0140625 
4 0.7421875 0.5302083333333333 0.026041666666666668 0.014583333333333334 
4 0.7395833333333334 0.5184895833333333 0.023958333333333335 0.0140625 
4 0.7372395833333333 0.5075520833333333 0.024479166666666666 0.013020833333333334 
4 0.6916666666666667 0.6346354166666667 0.022916666666666665 0.0140625 
4 0.6921875 0.62265625 0.020833333333333332 0.013020833333333334 
4 0.6911458333333333 0.6098958333333333 0.021875 0.013541666666666667 
4 0.690625 0.5971354166666667 0.023958333333333335 0.015104166666666667 
4 0.8630208333333333 0.5395833333333333 0.027083333333333334 0.013541666666666667 
4 0.8671875 0.54921875 0.025 0.0140625 
4 0.8705729166666667 0.55859375 0.024479166666666666 0.0140625 
4 0.8721354166666667 0.56875 0.022395833333333334 0.0125 
4 0.18984375 0.7721354166666666 0.019270833333333334 0.011979166666666667 
5 -0.00546875 0.5651041666666666 0.0171875 0.040625 
4 0.9919270833333333 0.5479166666666667 0.013020833333333334 0.027083333333333334 
4 0.9830729166666666 0.584375 0.022395833333333334 0.027083333333333334 
4 0.9533854166666667 0.6015625 0.0203125 0.0125 
4 0.9520833333333333 0.5908854166666667 0.022916666666666665 0.015104166666666667 
4 0.95078125 0.5799479166666667 0.021354166666666667 0.0140625 
4 0.94609375 0.56953125 0.0265625 0.018229166666666668 
4 0.9453125 0.5575520833333333 0.021875 0.016145833333333335 
4 0.9427083333333334 0.54765625 0.025 0.015104166666666667 
4 0.9403645833333333 0.5377604166666666 0.024479166666666666 0.016145833333333335 
4 0.9385416666666667 0.5260416666666666 0.025 0.015625 
4 0.9333333333333333 0.51484375 0.023958333333333335 0.0140625 
4 0.8833333333333333 0.5174479166666667 0.023958333333333335 0.016145833333333335 
4 0.8864583333333333 0.5299479166666666 0.023958333333333335 0.016145833333333335 
4 0.8888020833333333 0.5408854166666667 0.021354166666666667 0.0140625 
4 0.8921875 0.5510416666666667 0.021875 0.014583333333333334 
4 0.8947916666666667 0.5635416666666667 0.022916666666666665 0.015625 
4 0.896875 0.575 0.023958333333333335 0.015625 
4 0.9 0.58671875 0.025 0.016145833333333335 
4 0.8752604166666667 0.5934895833333333 0.0234375 0.015104166666666667 
4 0.8734375 0.5817708333333333 0.023958333333333335 0.013541666666666667 
4 0.68828125 0.5854166666666667 0.022395833333333334 0.013541666666666667 
4 0.6877604166666667 0.5734375 0.028645833333333332 0.016666666666666666 
4 0.6861979166666666 0.5609375 0.022395833333333334 0.014583333333333334 
4 0.5869791666666667 0.6091145833333333 0.020833333333333332 0.013020833333333334 
4 0.5854166666666667 0.5984375 0.021875 0.014583333333333334 
4 0.6059895833333333 0.5908854166666667 0.024479166666666666 0.013020833333333334 
4 0.58359375 0.5877604166666667 0.0203125 0.0140625 
4 0.58046875 0.5778645833333333 0.021354166666666667 0.016145833333333335 
4 0.5776041666666667 0.5669270833333333 0.021875 0.0140625 
4 0.5760416666666667 0.55546875 0.020833333333333332 0.015104166666666667 
4 0.603125 0.5809895833333333 0.021875 0.013020833333333334 
4 0.6018229166666667 0.5703125 0.0203125 0.0125 
4 0.5986979166666667 0.5588541666666667 0.0234375 0.010416666666666666 
4 0.5984375 0.5473958333333333 0.022916666666666665 0.011458333333333333 
4 0.59609375 0.5361979166666667 0.0234375 0.013020833333333334 
4 0.5713541666666667 0.5453125 0.022916666666666665 0.016666666666666666 
4 0.5703125 0.5341145833333333 0.021875 0.015104166666666667 
4 0.5932291666666667 0.5247395833333334 0.023958333333333335 0.013020833333333334 
4 0.5872395833333334 0.515625 0.0234375 0.0125 
4 0.5651041666666666 0.5229166666666667 0.023958333333333335 0.015625 
4 0.5846354166666666 0.5057291666666667 0.0234375 0.013541666666666667 
4 0.5625 0.5114583333333333 0.022916666666666665 0.014583333333333334 
4 0.51953125 0.5109375 0.025520833333333333 0.013541666666666667 
4 0.5203125 0.521875 0.026041666666666668 0.014583333333333334 
4 0.5229166666666667 0.5328125 0.023958333333333335 0.014583333333333334 
4 0.5252604166666667 0.5427083333333333 0.022395833333333334 0.0125 
4 0.5276041666666667 0.553125 0.023958333333333335 0.014583333333333334 
4 0.6065104166666667 0.6015625 0.0203125 0.011458333333333333 
4 0.6088541666666667 0.6125 0.021875 0.011458333333333333 
4 0.6802083333333333 0.55 0.022916666666666665 0.013541666666666667 
4 0.5885416666666666 0.61953125 0.022916666666666665 0.015104166666666667 
4 0.6778645833333333 0.5364583333333334 0.0234375 0.014583333333333334 
4 0.6755208333333333 0.5247395833333334 0.023958333333333335 0.016145833333333335 
4 0.6690104166666667 0.5122395833333333 0.022395833333333334 0.0140625 
4 0.6692708333333334 0.6388020833333333 0.022916666666666665 0.016145833333333335 
4 0.66875 0.62734375 0.023958333333333335 0.016145833333333335 
4 0.6697916666666667 0.6153645833333333 0.019791666666666666 0.0140625 
4 0.66796875 0.6044270833333333 0.0203125 0.0140625 
4 0.665625 0.59375 0.022916666666666665 0.014583333333333334 
4 0.6611979166666667 0.58359375 0.027604166666666666 0.0171875 
4 0.659375 0.57265625 0.027083333333333334 0.018229166666666668 
4 0.6559895833333333 0.5604166666666667 0.0265625 0.017708333333333333 
4 0.6533854166666667 0.5481770833333334 0.0203125 0.013020833333333334 
4 0.6510416666666666 0.5390625 0.023958333333333335 0.014583333333333334 
4 0.6484375 0.5278645833333333 0.029166666666666667 0.015104166666666667 
4 0.6458333333333334 0.51640625 0.023958333333333335 0.016145833333333335 
4 0.6450520833333333 0.5059895833333333 0.024479166666666666 0.0140625 
4 0.6205729166666667 0.52109375 0.0140625 0.024479166666666666 
4 0.6151041666666667 0.6458333333333334 0.020833333333333332 0.011458333333333333 
4 0.5940104166666667 0.6528645833333333 0.022395833333333334 0.015104166666666667 
4 0.61328125 0.6356770833333333 0.019270833333333334 0.009895833333333333 
4 0.59140625 0.6419270833333334 0.021354166666666667 0.015104166666666667 
4 0.61328125 0.6247395833333333 0.018229166666666668 0.0109375 
4 0.5919270833333333 0.6296875 0.024479166666666666 0.015625 
5 0.20234375 0.6411458333333333 0.027604166666666666 0.04895833333333333 
