4 0.9004559270516718 0.6029839883551674 0.031914893617021274 0.028384279475982533 
6 0.8799392097264438 0.9650655021834061 0.0121580547112462 0.021834061135371178 
4 0.7317629179331308 0.16957787481804948 0.022796352583586626 0.021834061135371178 
4 0.7044072948328267 0.04694323144104803 0.0243161094224924 0.022561863173216887 
4 0.9088145896656535 0.6200873362445415 0.0243161094224924 0.026200873362445413 
13 0.6041033434650456 0.20414847161572053 0.0790273556231003 0.07641921397379912 
12 0.6770516717325228 0.8791848617176128 0.22492401215805471 0.1703056768558952 
12 0.5870060790273556 0.7310771470160117 0.21808510638297873 0.16229985443959244 
12 0.4540273556231003 0.534570596797671 0.2454407294832827 0.1841339155749636 
12 0.4243920972644377 0.4388646288209607 0.2135258358662614 0.15283842794759825 
12 0.40995440729483285 0.314410480349345 0.15881458966565348 0.11790393013100436 
12 0.2553191489361702 0.14665211062590974 0.23100303951367782 0.16375545851528384 
