6 0.5104166666666666 0.5131698455949137 0.026268115942028984 0.025431425976385105 
6 0.3374094202898551 0.3237965485921889 0.035326086956521736 0.02815622161671208 
6 0.5670289855072463 0.17075386012715713 0.021739130434782608 0.012715712988192553 
6 0.5597826086956522 0.17983651226158037 0.02355072463768116 0.019981834695731154 
6 0.5575181159420289 0.19028156221616713 0.029891304347826088 0.02815622161671208 
6 0.2296195652173913 0.21207992733878292 0.024456521739130436 0.02997275204359673 
4 0.7237318840579711 0.22615803814713897 0.043478260869565216 0.03996366939146231 
4 0.8958333333333334 0.15576748410535876 0.030797101449275364 0.03360581289736603 
12 0.8985507246376812 0.7425068119891008 0.19384057971014493 0.2098092643051771 
12 0.8659420289855072 0.628519527702089 0.10144927536231885 0.10535876475930972 
12 0.7137681159420289 0.5812897366030881 0.23550724637681159 0.24159854677565848 
12 0.5285326086956522 0.4196185286103542 0.2617753623188406 0.2779291553133515 
12 0.3813405797101449 0.2847411444141689 0.213768115942029 0.22434150772025432 
12 0.25271739130434784 0.16984559491371481 0.24094202898550723 0.2633969118982743 
