4 0.12682291666666667 0.6421875 0.011979166666666667 0.008333333333333333 
4 0.3421875 0.6234375 0.013541666666666667 0.0125 
4 0.44947916666666665 0.04739583333333333 0.010416666666666666 0.00625 
4 0.3963541666666667 0.0515625 0.011458333333333333 0.00625 
4 0.3723958333333333 0.5893229166666667 0.0125 0.0109375 
4 0.36953125 0.5958333333333333 0.013020833333333334 0.010416666666666666 
4 0.36614583333333334 0.6010416666666667 0.0125 0.010416666666666666 
4 0.36328125 0.60625 0.013020833333333334 0.010416666666666666 
4 0.35078125 0.6291666666666667 0.011979166666666667 0.010416666666666666 
4 0.31640625 0.6166666666666667 0.011979166666666667 0.010416666666666666 
4 0.29375 0.5859375 0.011458333333333333 0.009375 
4 0.33645833333333336 0.634375 0.0125 0.010416666666666666 
4 0.32083333333333336 0.6138020833333333 0.014583333333333334 0.009895833333333333 
4 0.20208333333333334 0.7643229166666666 0.014583333333333334 0.013020833333333334 
4 0.26510416666666664 0.6921875 0.009375 0.014583333333333334 
4 0.28046875 0.6966145833333334 0.0078125 0.011979166666666667 
4 0.10963541666666667 0.5005208333333333 0.0109375 0.0125 
4 0.26458333333333334 0.6184895833333334 0.011458333333333333 0.008854166666666666 
4 0.44921875 0.040625 0.011979166666666667 0.00625 
4 0.5083333333333333 0.04296875 0.011458333333333333 0.0067708333333333336 
4 0.50859375 0.037760416666666664 0.0109375 0.005729166666666666 
4 0.5096354166666667 0.0328125 0.011979166666666667 0.005208333333333333 
4 0.5080729166666667 0.048177083333333336 0.011979166666666667 0.0067708333333333336 
4 0.5403645833333334 0.06822916666666666 0.011979166666666667 0.008333333333333333 
4 0.5171875 0.06067708333333333 0.009375 0.0067708333333333336 
4 0.5072916666666667 0.059895833333333336 0.011458333333333333 0.00625 
4 0.54375 0.03619791666666667 0.013541666666666667 0.0078125 
4 0.5440104166666667 0.04609375 0.011979166666666667 0.0067708333333333336 
4 0.5421875 0.05234375 0.010416666666666666 0.0067708333333333336 
4 0.5203125 0.03984375 0.009375 0.005729166666666666 
4 0.5208333333333334 0.034895833333333334 0.009375 0.005208333333333333 
4 0.52265625 0.02890625 0.0109375 0.0067708333333333336 
4 0.5221354166666666 0.01796875 0.009895833333333333 0.005729166666666666 
4 0.5229166666666667 0.012760416666666666 0.011458333333333333 0.005729166666666666 
4 0.52265625 0.0067708333333333336 0.013020833333333334 0.007291666666666667 
4 0.5111979166666667 0.016927083333333332 0.0109375 0.005729166666666666 
4 0.5104166666666666 0.027864583333333335 0.011458333333333333 0.005729166666666666 
4 0.2765625 0.6192708333333333 0.013541666666666667 0.010416666666666666 
4 0.2908854166666667 0.5908854166666667 0.011979166666666667 0.009895833333333333 
4 0.5169270833333334 0.07109375 0.009895833333333333 0.005729166666666666 
6 0.14114583333333333 0.20963541666666666 0.01875 0.0078125 
6 0.35911458333333335 0.26276041666666666 0.008854166666666666 0.024479166666666666 
6 0.36692708333333335 0.2640625 0.0067708333333333336 0.023958333333333335 
6 0.3765625 0.26536458333333335 0.007291666666666667 0.024479166666666666 
6 0.3841145833333333 0.26614583333333336 0.0078125 0.025 
6 0.39947916666666666 0.26796875 0.011458333333333333 0.0234375 
6 0.4158854166666667 0.2682291666666667 0.0078125 0.023958333333333335 
6 0.13958333333333334 0.21640625 0.01875 0.0067708333333333336 
4 0.421875 0.061197916666666664 0.011458333333333333 0.0067708333333333336 
4 0.31927083333333334 0.58671875 0.011458333333333333 0.008854166666666666 
6 0.7703125 0.04010416666666667 0.3145833333333333 0.071875 
6 0.28489583333333335 0.7875 0.0625 0.04583333333333333 
12 0.6700520833333333 0.634375 0.2515625 0.041666666666666664 
6 0.678125 0.67578125 0.20520833333333333 0.07239583333333334 
6 0.6606770833333333 0.5916666666666667 0.2046875 0.078125 
12 0.7432291666666667 0.47265625 0.36875 0.0515625 
12 0.7578125 0.30807291666666664 0.37083333333333335 0.05260416666666667 
6 0.35078125 0.2604166666666667 0.0109375 0.022916666666666665 
6 0.3424479166666667 0.25859375 0.013020833333333334 0.024479166666666666 
6 0.3333333333333333 0.25546875 0.0125 0.0234375 
4 0.21302083333333333 0.3515625 0.007291666666666667 0.013541666666666667 
4 0.32760416666666664 0.5979166666666667 0.013541666666666667 0.0125 
4 0.3333333333333333 0.5893229166666667 0.0125 0.0109375 
4 0.3419270833333333 0.5763020833333333 0.013020833333333334 0.009895833333333333 
4 0.29583333333333334 0.5817708333333333 0.0125 0.009375 
4 0.20911458333333333 0.5955729166666667 0.015104166666666667 0.0109375 
4 0.19609375 0.59453125 0.0140625 0.0109375 
4 0.13776041666666666 0.6239583333333333 0.019270833333333334 0.011458333333333333 
4 0.10677083333333333 0.5481770833333334 0.013541666666666667 0.0109375 
4 0.09895833333333333 0.5614583333333333 0.0125 0.0125 
4 0.09635416666666667 0.5666666666666667 0.013541666666666667 0.011458333333333333 
4 0.13854166666666667 0.5885416666666666 0.013541666666666667 0.010416666666666666 
4 0.20911458333333333 0.51484375 0.011979166666666667 0.009895833333333333 
4 0.18932291666666667 0.5286458333333334 0.011979166666666667 0.010416666666666666 
4 0.18515625 0.5328125 0.011979166666666667 0.011458333333333333 
4 0.4200520833333333 0.42864583333333334 0.011979166666666667 0.014583333333333334 
4 0.5166666666666667 0.06614583333333333 0.009375 0.005208333333333333 
4 0.5046875 0.06953125 0.010416666666666666 0.0046875 
4 0.5234375 0.0015625 0.009375 0.003125 
5 0.12317708333333334 0.6481770833333333 0.0109375 0.008854166666666666 
6 0.49947916666666664 0.6393229166666666 0.008333333333333333 0.021354166666666667 
5 0.24088541666666666 0.30364583333333334 0.005729166666666666 0.01875 
6 0.42890625 0.2677083333333333 0.0067708333333333336 0.020833333333333332 
6 0.5403645833333334 0.21822916666666667 0.009895833333333333 0.009375 
4 0.24192708333333332 0.6861979166666666 0.009895833333333333 0.005729166666666666 
4 0.11510416666666666 0.6635416666666667 0.011458333333333333 0.009375 
4 0.11796875 0.6591145833333333 0.011979166666666667 0.008854166666666666 
5 0.13697916666666668 0.63203125 0.022916666666666665 0.013020833333333334 
4 0.46640625 0.09739583333333333 0.005729166666666666 0.0125 
5 0.21848958333333332 0.3776041666666667 0.013020833333333334 0.019791666666666666 
4 0.5049479166666667 0.14192708333333334 0.0067708333333333336 0.013020833333333334 
4 0.47552083333333334 0.13854166666666667 0.00625 0.0125 
4 0.46953125 0.13802083333333334 0.0046875 0.015625 
4 0.46380208333333334 0.13671875 0.005729166666666666 0.011979166666666667 
4 0.45260416666666664 0.13619791666666667 0.00625 0.011979166666666667 
4 0.478125 0.09895833333333333 0.00625 0.011458333333333333 
6 0.5049479166666667 0.6411458333333333 0.0078125 0.019791666666666666 
6 0.48776041666666664 0.6557291666666667 0.0171875 0.0125 
6 0.4778645833333333 0.6557291666666667 0.015104166666666667 0.014583333333333334 
6 0.4825520833333333 0.6697916666666667 0.016145833333333335 0.011458333333333333 
4 0.54375 0.04088541666666667 0.009375 0.0046875 
4 0.51796875 0.054947916666666666 0.008854166666666666 0.0046875 
4 0.45807291666666666 0.596875 0.009895833333333333 0.005208333333333333 
4 0.48385416666666664 0.31744791666666666 0.009375 0.005729166666666666 
4 0.5083333333333333 0.16432291666666668 0.010416666666666666 0.005729166666666666 
4 0.5223958333333333 0.1453125 0.00625 0.0125 
4 0.4479166666666667 0.05703125 0.009375 0.0046875 
4 0.17578125 0.7625 0.0067708333333333336 0.010416666666666666 
5 0.22734375 0.21067708333333332 0.0046875 0.0140625 
4 0.38723958333333336 0.31354166666666666 0.0046875 0.010416666666666666 
4 0.41328125 0.32890625 0.0067708333333333336 0.009895833333333333 
6 0.35572916666666665 0.85390625 0.12604166666666666 0.09427083333333333 
12 0.40625 0.6752604166666667 0.04583333333333333 0.0296875 
12 0.2640625 0.7966145833333333 0.06354166666666666 0.0453125 
6 0.4796875 0.6768229166666667 0.015625 0.0109375 
4 0.47317708333333336 0.09791666666666667 0.0067708333333333336 0.014583333333333334 
4 0.45989583333333334 0.09635416666666667 0.005208333333333333 0.013541666666666667 
4 0.5078125 0.065625 0.009375 0.005208333333333333 
4 0.47630208333333335 0.52578125 0.013020833333333334 0.0067708333333333336 
4 0.4627604166666667 0.5375 0.0109375 0.007291666666666667 
4 0.475 0.5325520833333334 0.011458333333333333 0.0067708333333333336 
4 0.4739583333333333 0.5390625 0.009375 0.00625 
4 0.46380208333333334 0.5260416666666666 0.009895833333333333 0.007291666666666667 
4 0.46536458333333336 0.51484375 0.0109375 0.005729166666666666 
4 0.4661458333333333 0.5083333333333333 0.010416666666666666 0.007291666666666667 
4 0.49973958333333335 0.5244791666666667 0.009895833333333333 0.00625 
4 0.47734375 0.515625 0.009895833333333333 0.00625 
4 0.453125 0.09635416666666667 0.00625 0.0125 
4 0.47890625 0.5033854166666667 0.0109375 0.0078125 
4 0.4796875 0.47942708333333334 0.011458333333333333 0.005729166666666666 
4 0.5013020833333334 0.22916666666666666 0.0140625 0.009375 
4 0.503125 0.21744791666666666 0.0125 0.0078125 
4 0.5049479166666667 0.20546875 0.0109375 0.0067708333333333336 
4 0.49375 0.19296875 0.010416666666666666 0.0067708333333333336 
4 0.49270833333333336 0.19921875 0.0125 0.0078125 
4 0.47369791666666666 0.5453125 0.013020833333333334 0.00625 
4 0.4984375 0.5520833333333334 0.011458333333333333 0.005208333333333333 
4 0.5114583333333333 0.5552083333333333 0.00625 0.010416666666666666 
4 0.4973958333333333 0.5596354166666667 0.011458333333333333 0.0078125 
4 0.446875 0.09401041666666667 0.005208333333333333 0.0109375 
4 0.45989583333333334 0.5796875 0.010416666666666666 0.00625 
4 0.49505208333333334 0.5770833333333333 0.009895833333333333 0.00625 
4 0.49505208333333334 0.5828125 0.0109375 0.007291666666666667 
4 0.47109375 0.57421875 0.0109375 0.005729166666666666 
4 0.4708333333333333 0.5809895833333333 0.011458333333333333 0.005729166666666666 
4 0.46041666666666664 0.5859375 0.011458333333333333 0.00625 
4 0.49557291666666664 0.57109375 0.0109375 0.005729166666666666 
4 0.49635416666666665 0.5658854166666667 0.010416666666666666 0.0067708333333333336 
4 0.46067708333333335 0.5614583333333333 0.009895833333333333 0.005208333333333333 
4 0.471875 0.5622395833333333 0.010416666666666666 0.0067708333333333336 
4 0.4713541666666667 0.5567708333333333 0.011458333333333333 0.007291666666666667 
4 0.47265625 0.5513020833333333 0.009895833333333333 0.0067708333333333336 
4 0.46119791666666665 0.5549479166666667 0.011979166666666667 0.0067708333333333336 
4 0.46171875 0.54921875 0.009895833333333333 0.0067708333333333336 
12 0.7731770833333333 0.14296875 0.3692708333333333 0.05260416666666667 
