6 0.8255208333333334 0.76328125 0.01875 0.018229166666666668 
6 0.5552083333333333 0.5940104166666667 0.009375 0.0171875 
12 0.7783854166666667 0.47317708333333336 0.2671875 0.0515625 
12 0.8317708333333333 0.51953125 0.1625 0.043229166666666666 
12 0.615625 0.6388020833333333 0.20520833333333333 0.12552083333333333 
12 0.49609375 0.72421875 0.17864583333333334 0.1515625 
12 0.3260416666666667 0.8557291666666667 0.11770833333333333 0.27708333333333335 
12 0.7872395833333333 0.16770833333333332 0.1171875 0.05625 
12 0.4700520833333333 0.94921875 0.044270833333333336 0.09947916666666666 
6 0.2859375 0.75390625 0.052083333333333336 0.0265625 
6 0.29921875 0.7921875 0.0484375 0.028125 
6 0.30182291666666666 0.809375 0.049479166666666664 0.026041666666666668 
6 0.30546875 0.8247395833333333 0.049479166666666664 0.0265625 
6 0.3151041666666667 0.84140625 0.036458333333333336 0.0203125 
6 0.3177083333333333 0.8546875 0.04479166666666667 0.025 
6 0.3229166666666667 0.8697916666666666 0.035416666666666666 0.014583333333333334 
6 0.32265625 0.8838541666666667 0.04114583333333333 0.026041666666666668 
6 0.33880208333333334 0.9302083333333333 0.0421875 0.022916666666666665 
6 0.3419270833333333 0.95 0.04114583333333333 0.022916666666666665 
6 0.3997395833333333 0.9658854166666667 0.0359375 0.0140625 
6 0.4518229166666667 0.9239583333333333 0.018229166666666668 0.027083333333333334 
6 0.384375 0.89921875 0.036458333333333336 0.0234375 
6 0.38359375 0.88046875 0.05260416666666667 0.0234375 
6 0.36822916666666666 0.85 0.034375 0.015625 
6 0.36302083333333335 0.8135416666666667 0.04375 0.021875 
6 0.35520833333333335 0.7752604166666667 0.04791666666666667 0.021354166666666667 
6 0.7463541666666667 0.5078125 0.014583333333333334 0.03125 
6 0.6645833333333333 0.44479166666666664 0.03333333333333333 0.015625 
6 0.7950520833333333 0.390625 0.0328125 0.013541666666666667 
12 0.8203125 0.4125 0.09583333333333334 0.034375 
