4 0.8369791666666667 0.09036458333333333 0.013541666666666667 0.021354166666666667 
4 0.8075520833333333 0.05651041666666667 0.0171875 0.028645833333333332 
4 0.8200520833333333 0.06041666666666667 0.0140625 0.020833333333333332 
4 0.8549479166666667 0.07057291666666667 0.019270833333333334 0.027604166666666666 
4 0.86796875 0.07421875 0.0140625 0.025520833333333333 
4 0.84296875 0.06692708333333333 0.0171875 0.0265625 
4 0.8309895833333333 0.0125 0.0171875 0.023958333333333335 
4 0.7765625 0.07395833333333333 0.017708333333333333 0.025 
4 0.80078125 0.07942708333333333 0.015104166666666667 0.022395833333333334 
4 0.8127604166666667 0.08229166666666667 0.0140625 0.021875 
4 0.8252604166666667 0.08854166666666667 0.016145833333333335 0.023958333333333335 
4 0.86171875 0.09765625 0.015104166666666667 0.019270833333333334 
4 0.7588541666666667 0.04609375 0.015625 0.024479166666666666 
4 0.7411458333333333 0.11666666666666667 0.015625 0.026041666666666668 
4 0.7666666666666667 0.12291666666666666 0.016666666666666666 0.026041666666666668 
4 0.778125 0.12630208333333334 0.016666666666666666 0.025520833333333333 
4 0.7895833333333333 0.13203125 0.017708333333333333 0.024479166666666666 
4 0.8010416666666667 0.13463541666666667 0.015625 0.0234375 
4 0.8127604166666667 0.1375 0.015104166666666667 0.023958333333333335 
4 0.9604166666666667 0.096875 0.015625 0.026041666666666668 
4 0.9309895833333334 0.11458333333333333 0.0171875 0.028125 
4 0.9671875 0.12421875 0.015625 0.022395833333333334 
4 0.9421875 0.11979166666666667 0.016666666666666666 0.026041666666666668 
4 0.78125 0.05234375 0.013541666666666667 0.022395833333333334 
4 0.7471354166666667 0.04505208333333333 0.0140625 0.022395833333333334 
6 0.3143229166666667 0.3450520833333333 0.016145833333333335 0.024479166666666666 
12 0.5713541666666667 0.44453125 0.17395833333333333 0.5234375 
12 0.9096354166666667 0.5278645833333333 0.1703125 0.5276041666666667 
6 0.30885416666666665 0.3065104166666667 0.10729166666666666 0.2421875 
6 0.18359375 0.36614583333333334 0.11927083333333334 0.28958333333333336 
6 0.615625 0.5174479166666667 0.12604166666666666 0.2869791666666667 
6 0.97265625 0.5302083333333333 0.12447916666666667 0.28541666666666665 
6 0.31171875 0.2955729166666667 0.025520833333333333 0.0390625 
6 0.30130208333333336 0.33697916666666666 0.024479166666666666 0.0375 
6 0.29635416666666664 0.3765625 0.025 0.03854166666666667 
4 0.69375 0.05182291666666667 0.016666666666666666 0.030729166666666665 
6 0.27890625 0.375 0.0234375 0.03854166666666667 
4 0.35703125 0.01875 0.018229166666666668 0.027083333333333334 
4 0.4830729166666667 0.05364583333333333 0.018229166666666668 0.023958333333333335 
4 0.52734375 0.0625 0.016145833333333335 0.023958333333333335 
4 0.5486979166666667 0.06822916666666666 0.0171875 0.028125 
4 0.5653645833333333 0.10130208333333333 0.0265625 0.016145833333333335 
6 0.6783854166666666 0.41953125 0.019270833333333334 0.03177083333333333 
6 0.6669270833333333 0.4166666666666667 0.015104166666666667 0.028125 
4 0.67578125 0.025520833333333333 0.016145833333333335 0.022916666666666665 
4 0.71171875 0.03515625 0.016145833333333335 0.024479166666666666 
4 0.9783854166666667 0.12838541666666667 0.016145833333333335 0.025520833333333333 
4 0.9830729166666666 0.10260416666666666 0.016145833333333335 0.026041666666666668 
4 0.9958333333333333 0.10729166666666666 0.014583333333333334 0.021875 
4 0.23854166666666668 0.009635416666666667 0.021875 0.013020833333333334 
6 0.2942708333333333 0.31666666666666665 0.011458333333333333 0.022916666666666665 
6 0.2877604166666667 0.3138020833333333 0.0109375 0.0234375 
6 0.30104166666666665 0.2921875 0.009375 0.020833333333333332 
6 0.29453125 0.2911458333333333 0.008854166666666666 0.020833333333333332 
4 0.8677083333333333 0.1484375 0.015625 0.026041666666666668 
4 0.9901041666666667 0.13020833333333334 0.014583333333333334 0.023958333333333335 
4 1.00234375 0.1359375 0.0140625 0.01875 
4 0.9885416666666667 0.18541666666666667 0.014583333333333334 0.025 
12 0.23802083333333332 0.3575520833333333 0.171875 0.5234375 
