4 0.8369791666666667 0.06848958333333334 0.013541666666666667 0.021354166666666667 
4 0.8075520833333333 0.03463541666666667 0.0171875 0.028645833333333332 
4 0.8200520833333333 0.03854166666666667 0.0140625 0.020833333333333332 
4 0.8549479166666667 0.04869791666666667 0.019270833333333334 0.027604166666666666 
4 0.86796875 0.05234375 0.0140625 0.025520833333333333 
4 0.84296875 0.04505208333333333 0.0171875 0.0265625 
4 0.7765625 0.052083333333333336 0.017708333333333333 0.025 
4 0.80078125 0.05755208333333333 0.015104166666666667 0.022395833333333334 
4 0.8127604166666667 0.06041666666666667 0.0140625 0.021875 
4 0.8252604166666667 0.06666666666666667 0.016145833333333335 0.023958333333333335 
4 0.86171875 0.07578125 0.015104166666666667 0.019270833333333334 
4 0.7588541666666667 0.02421875 0.015625 0.024479166666666666 
4 0.7411458333333333 0.09479166666666666 0.015625 0.026041666666666668 
4 0.7666666666666667 0.10104166666666667 0.016666666666666666 0.026041666666666668 
4 0.778125 0.10442708333333334 0.016666666666666666 0.025520833333333333 
4 0.7895833333333333 0.11015625 0.017708333333333333 0.024479166666666666 
4 0.8010416666666667 0.11276041666666667 0.015625 0.0234375 
4 0.8127604166666667 0.115625 0.015104166666666667 0.023958333333333335 
4 0.9604166666666667 0.075 0.015625 0.026041666666666668 
4 0.9309895833333334 0.09270833333333334 0.0171875 0.028125 
4 0.9671875 0.10234375 0.015625 0.022395833333333334 
4 0.9421875 0.09791666666666667 0.016666666666666666 0.026041666666666668 
4 0.78125 0.03046875 0.013541666666666667 0.022395833333333334 
4 0.7471354166666667 0.023177083333333334 0.0140625 0.022395833333333334 
6 0.3143229166666667 0.32317708333333334 0.016145833333333335 0.024479166666666666 
12 0.5713541666666667 0.42265625 0.17395833333333333 0.5234375 
12 0.9096354166666667 0.5059895833333333 0.1703125 0.5276041666666667 
6 0.30885416666666665 0.28463541666666664 0.10729166666666666 0.2421875 
6 0.18359375 0.34427083333333336 0.11927083333333334 0.28958333333333336 
6 0.615625 0.49557291666666664 0.12604166666666666 0.2869791666666667 
6 0.97265625 0.5083333333333333 0.12447916666666667 0.28541666666666665 
6 0.31171875 0.27369791666666665 0.025520833333333333 0.0390625 
6 0.30130208333333336 0.3151041666666667 0.024479166666666666 0.0375 
6 0.29635416666666664 0.3546875 0.025 0.03854166666666667 
4 0.69375 0.029947916666666668 0.016666666666666666 0.030729166666666665 
6 0.27890625 0.353125 0.0234375 0.03854166666666667 
4 0.35703125 -0.003125 0.018229166666666668 0.027083333333333334 
4 0.4830729166666667 0.03177083333333333 0.018229166666666668 0.023958333333333335 
4 0.52734375 0.040625 0.016145833333333335 0.023958333333333335 
4 0.5486979166666667 0.04635416666666667 0.0171875 0.028125 
4 0.5653645833333333 0.07942708333333333 0.0265625 0.016145833333333335 
6 0.6783854166666666 0.39765625 0.019270833333333334 0.03177083333333333 
6 0.6669270833333333 0.39479166666666665 0.015104166666666667 0.028125 
4 0.67578125 0.0036458333333333334 0.016145833333333335 0.022916666666666665 
4 0.71171875 0.01328125 0.016145833333333335 0.024479166666666666 
4 0.9783854166666667 0.10651041666666666 0.016145833333333335 0.025520833333333333 
4 0.9830729166666666 0.08072916666666667 0.016145833333333335 0.026041666666666668 
4 0.9958333333333333 0.08541666666666667 0.014583333333333334 0.021875 
6 0.2942708333333333 0.2947916666666667 0.011458333333333333 0.022916666666666665 
6 0.2877604166666667 0.29192708333333334 0.0109375 0.0234375 
6 0.30104166666666665 0.2703125 0.009375 0.020833333333333332 
6 0.29453125 0.26927083333333335 0.008854166666666666 0.020833333333333332 
4 0.8677083333333333 0.1265625 0.015625 0.026041666666666668 
4 0.9901041666666667 0.10833333333333334 0.014583333333333334 0.023958333333333335 
4 1.00234375 0.1140625 0.0140625 0.01875 
4 0.9885416666666667 0.16354166666666667 0.014583333333333334 0.025 
12 0.23802083333333332 0.33567708333333335 0.171875 0.5234375 
