6 0.8255208333333334 0.7794270833333333 0.01875 0.018229166666666668 
6 0.5552083333333333 0.61015625 0.009375 0.0171875 
12 0.7783854166666667 0.48932291666666666 0.2671875 0.0515625 
12 0.8317708333333333 0.5356770833333333 0.1625 0.043229166666666666 
12 0.615625 0.6549479166666666 0.20520833333333333 0.12552083333333333 
12 0.49609375 0.7403645833333333 0.17864583333333334 0.1515625 
12 0.3260416666666667 0.871875 0.11770833333333333 0.27708333333333335 
12 0.7872395833333333 0.18385416666666668 0.1171875 0.05625 
12 0.4700520833333333 0.9653645833333333 0.044270833333333336 0.09947916666666666 
6 0.2859375 0.7700520833333333 0.052083333333333336 0.0265625 
6 0.29921875 0.8083333333333333 0.0484375 0.028125 
6 0.30182291666666666 0.8255208333333334 0.049479166666666664 0.026041666666666668 
6 0.30546875 0.8408854166666667 0.049479166666666664 0.0265625 
6 0.3151041666666667 0.8575520833333333 0.036458333333333336 0.0203125 
6 0.3177083333333333 0.8708333333333333 0.04479166666666667 0.025 
6 0.3229166666666667 0.8859375 0.035416666666666666 0.014583333333333334 
6 0.32265625 0.9 0.04114583333333333 0.026041666666666668 
6 0.33880208333333334 0.9463541666666667 0.0421875 0.022916666666666665 
6 0.3419270833333333 0.9661458333333334 0.04114583333333333 0.022916666666666665 
6 0.3997395833333333 0.98203125 0.0359375 0.0140625 
6 0.4518229166666667 0.9401041666666666 0.018229166666666668 0.027083333333333334 
6 0.384375 0.9153645833333334 0.036458333333333336 0.0234375 
6 0.38359375 0.8966145833333333 0.05260416666666667 0.0234375 
6 0.36822916666666666 0.8661458333333333 0.034375 0.015625 
6 0.36302083333333335 0.8296875 0.04375 0.021875 
6 0.35520833333333335 0.79140625 0.04791666666666667 0.021354166666666667 
6 0.7463541666666667 0.5239583333333333 0.014583333333333334 0.03125 
6 0.6645833333333333 0.4609375 0.03333333333333333 0.015625 
6 0.7950520833333333 0.40677083333333336 0.0328125 0.013541666666666667 
12 0.8203125 0.42864583333333334 0.09583333333333334 0.034375 
