4 0.75546875 0.11614583333333334 0.0140625 0.020833333333333332 
4 0.3880208333333333 0.09036458333333333 0.013541666666666667 0.021354166666666667 
4 0.35859375 0.05651041666666667 0.0171875 0.028645833333333332 
4 0.37109375 0.06041666666666667 0.0140625 0.020833333333333332 
4 0.40598958333333335 0.07057291666666667 0.019270833333333334 0.027604166666666666 
4 0.41901041666666666 0.07421875 0.0140625 0.025520833333333333 
4 0.39401041666666664 0.06692708333333333 0.0171875 0.0265625 
4 0.38203125 0.0125 0.0171875 0.023958333333333335 
4 0.32760416666666664 0.07395833333333333 0.017708333333333333 0.025 
4 0.35182291666666665 0.07942708333333333 0.015104166666666667 0.022395833333333334 
4 0.36380208333333336 0.08229166666666667 0.0140625 0.021875 
4 0.3763020833333333 0.08854166666666667 0.016145833333333335 0.023958333333333335 
4 0.4127604166666667 0.09765625 0.015104166666666667 0.019270833333333334 
4 0.3098958333333333 0.04609375 0.015625 0.024479166666666666 
4 0.2921875 0.11666666666666667 0.015625 0.026041666666666668 
4 0.3177083333333333 0.12291666666666666 0.016666666666666666 0.026041666666666668 
4 0.32916666666666666 0.12630208333333334 0.016666666666666666 0.025520833333333333 
4 0.340625 0.13203125 0.017708333333333333 0.024479166666666666 
4 0.35208333333333336 0.13463541666666667 0.015625 0.0234375 
4 0.36380208333333336 0.1375 0.015104166666666667 0.023958333333333335 
4 0.5114583333333333 0.096875 0.015625 0.026041666666666668 
4 0.48203125 0.11458333333333333 0.0171875 0.028125 
4 0.5182291666666666 0.12421875 0.015625 0.022395833333333334 
4 0.49322916666666666 0.11979166666666667 0.016666666666666666 0.026041666666666668 
4 0.33229166666666665 0.05234375 0.013541666666666667 0.022395833333333334 
4 0.2981770833333333 0.04505208333333333 0.0140625 0.022395833333333334 
4 0.58984375 0.19479166666666667 0.0171875 0.023958333333333335 
12 0.12239583333333333 0.44453125 0.17395833333333333 0.5234375 
12 0.46067708333333335 0.5278645833333333 0.1703125 0.5276041666666667 
12 0.7955729166666666 0.6145833333333334 0.17239583333333333 0.5208333333333334 
6 0.16666666666666666 0.5174479166666667 0.12604166666666666 0.2869791666666667 
6 0.5236979166666667 0.5302083333333333 0.12447916666666667 0.28541666666666665 
6 0.7171875 0.7479166666666667 0.09583333333333334 0.225 
4 0.24479166666666666 0.05182291666666667 0.016666666666666666 0.030729166666666665 
4 0.03411458333333333 0.05364583333333333 0.018229166666666668 0.023958333333333335 
4 0.07838541666666667 0.0625 0.016145833333333335 0.023958333333333335 
4 0.09973958333333334 0.06822916666666666 0.0171875 0.028125 
4 0.11640625 0.10130208333333333 0.0265625 0.016145833333333335 
6 0.22942708333333334 0.41953125 0.019270833333333334 0.03177083333333333 
6 0.21796875 0.4166666666666667 0.015104166666666667 0.028125 
4 0.22682291666666668 0.025520833333333333 0.016145833333333335 0.022916666666666665 
4 0.26276041666666666 0.03515625 0.016145833333333335 0.024479166666666666 
4 0.5294270833333333 0.12838541666666667 0.016145833333333335 0.025520833333333333 
4 0.5341145833333333 0.10260416666666666 0.016145833333333335 0.026041666666666668 
4 0.546875 0.10729166666666666 0.014583333333333334 0.021875 
4 0.96953125 0.16510416666666666 0.0171875 0.028125 
4 0.7705729166666667 0.24010416666666667 0.0171875 0.025 
4 0.7825520833333334 0.24322916666666666 0.016145833333333335 0.025 
4 0.81796875 0.25286458333333334 0.016145833333333335 0.0234375 
4 0.8432291666666667 0.20598958333333334 0.017708333333333333 0.028645833333333332 
4 0.8544270833333333 0.21015625 0.016145833333333335 0.025520833333333333 
4 0.83671875 0.18125 0.016145833333333335 0.025 
4 0.7544270833333333 0.1734375 0.015104166666666667 0.022916666666666665 
4 0.7442708333333333 0.16979166666666667 0.013541666666666667 0.019791666666666666 
4 0.8625 0.13828125 0.01875 0.0265625 
4 0.7083333333333334 0.12864583333333332 0.017708333333333333 0.025 
4 0.9197916666666667 0.20416666666666666 0.01875 0.023958333333333335 
4 0.5588541666666667 0.10859375 0.016666666666666666 0.028645833333333332 
4 0.9377604166666667 0.2830729166666667 0.021354166666666667 0.03177083333333333 
6 0.8625 0.53515625 0.08229166666666667 0.1390625 
4 0.66640625 0.13619791666666667 0.013020833333333334 0.022395833333333334 
4 0.6859375 0.21692708333333333 0.0125 0.021354166666666667 
4 0.41875 0.1484375 0.015625 0.026041666666666668 
4 0.7463541666666667 0.2359375 0.014583333333333334 0.025 
4 0.7083333333333334 0.22369791666666666 0.016666666666666666 0.022395833333333334 
4 0.66171875 0.21171875 0.0171875 0.027604166666666666 
4 0.6481770833333333 0.20989583333333334 0.015104166666666667 0.020833333333333332 
4 0.5716145833333334 0.1125 0.0140625 0.025 
4 0.5830729166666667 0.11744791666666667 0.013020833333333334 0.0203125 
4 0.59453125 0.12109375 0.013020833333333334 0.025520833333333333 
4 0.5411458333333333 0.13020833333333334 0.014583333333333334 0.023958333333333335 
4 0.5533854166666666 0.1359375 0.0140625 0.01875 
4 0.578125 0.14166666666666666 0.015625 0.021875 
4 0.5895833333333333 0.14505208333333333 0.014583333333333334 0.021354166666666667 
4 0.5395833333333333 0.18541666666666667 0.014583333333333334 0.025 
4 0.5630208333333333 0.18828125 0.017708333333333333 0.028645833333333332 
4 0.5768229166666666 0.19348958333333333 0.015104166666666667 0.022395833333333334 
4 0.6018229166666667 0.19817708333333334 0.0171875 0.027604166666666666 
4 0.6427083333333333 0.08177083333333333 0.014583333333333334 0.027083333333333334 
4 0.6677083333333333 0.08463541666666667 0.016666666666666666 0.024479166666666666 
4 0.6424479166666667 0.13333333333333333 0.016145833333333335 0.022916666666666665 
4 0.6182291666666667 0.12734375 0.017708333333333333 0.0234375 
4 0.6125 0.1515625 0.017708333333333333 0.028125 
4 0.62578125 0.15182291666666667 0.016145833333333335 0.027604166666666666 
4 0.6375 0.15651041666666668 0.015625 0.024479166666666666 
4 0.6489583333333333 0.15755208333333334 0.016666666666666666 0.025520833333333333 
4 0.6614583333333334 0.16041666666666668 0.014583333333333334 0.022916666666666665 
4 0.6354166666666666 0.20807291666666666 0.015625 0.022395833333333334 
