4 0.75546875 0.09427083333333333 0.0140625 0.020833333333333332 
4 0.3880208333333333 0.06848958333333334 0.013541666666666667 0.021354166666666667 
4 0.35859375 0.03463541666666667 0.0171875 0.028645833333333332 
4 0.37109375 0.03854166666666667 0.0140625 0.020833333333333332 
4 0.40598958333333335 0.04869791666666667 0.019270833333333334 0.027604166666666666 
4 0.41901041666666666 0.05234375 0.0140625 0.025520833333333333 
4 0.39401041666666664 0.04505208333333333 0.0171875 0.0265625 
4 0.32760416666666664 0.052083333333333336 0.017708333333333333 0.025 
4 0.35182291666666665 0.05755208333333333 0.015104166666666667 0.022395833333333334 
4 0.36380208333333336 0.06041666666666667 0.0140625 0.021875 
4 0.3763020833333333 0.06666666666666667 0.016145833333333335 0.023958333333333335 
4 0.4127604166666667 0.07578125 0.015104166666666667 0.019270833333333334 
4 0.3098958333333333 0.02421875 0.015625 0.024479166666666666 
4 0.2921875 0.09479166666666666 0.015625 0.026041666666666668 
4 0.3177083333333333 0.10104166666666667 0.016666666666666666 0.026041666666666668 
4 0.32916666666666666 0.10442708333333334 0.016666666666666666 0.025520833333333333 
4 0.340625 0.11015625 0.017708333333333333 0.024479166666666666 
4 0.35208333333333336 0.11276041666666667 0.015625 0.0234375 
4 0.36380208333333336 0.115625 0.015104166666666667 0.023958333333333335 
4 0.5114583333333333 0.075 0.015625 0.026041666666666668 
4 0.48203125 0.09270833333333334 0.0171875 0.028125 
4 0.5182291666666666 0.10234375 0.015625 0.022395833333333334 
4 0.49322916666666666 0.09791666666666667 0.016666666666666666 0.026041666666666668 
4 0.33229166666666665 0.03046875 0.013541666666666667 0.022395833333333334 
4 0.2981770833333333 0.023177083333333334 0.0140625 0.022395833333333334 
4 0.58984375 0.17291666666666666 0.0171875 0.023958333333333335 
12 0.12239583333333333 0.42265625 0.17395833333333333 0.5234375 
12 0.46067708333333335 0.5059895833333333 0.1703125 0.5276041666666667 
12 0.7955729166666666 0.5927083333333333 0.17239583333333333 0.5208333333333334 
6 0.16666666666666666 0.49557291666666664 0.12604166666666666 0.2869791666666667 
6 0.5236979166666667 0.5083333333333333 0.12447916666666667 0.28541666666666665 
6 0.7171875 0.7260416666666667 0.09583333333333334 0.225 
4 0.24479166666666666 0.029947916666666668 0.016666666666666666 0.030729166666666665 
4 0.03411458333333333 0.03177083333333333 0.018229166666666668 0.023958333333333335 
4 0.07838541666666667 0.040625 0.016145833333333335 0.023958333333333335 
4 0.09973958333333334 0.04635416666666667 0.0171875 0.028125 
4 0.11640625 0.07942708333333333 0.0265625 0.016145833333333335 
6 0.22942708333333334 0.39765625 0.019270833333333334 0.03177083333333333 
6 0.21796875 0.39479166666666665 0.015104166666666667 0.028125 
4 0.22682291666666668 0.0036458333333333334 0.016145833333333335 0.022916666666666665 
4 0.26276041666666666 0.01328125 0.016145833333333335 0.024479166666666666 
4 0.5294270833333333 0.10651041666666666 0.016145833333333335 0.025520833333333333 
4 0.5341145833333333 0.08072916666666667 0.016145833333333335 0.026041666666666668 
4 0.546875 0.08541666666666667 0.014583333333333334 0.021875 
4 0.96953125 0.14322916666666666 0.0171875 0.028125 
4 0.7705729166666667 0.21822916666666667 0.0171875 0.025 
4 0.7825520833333334 0.22135416666666666 0.016145833333333335 0.025 
4 0.81796875 0.23098958333333333 0.016145833333333335 0.0234375 
4 0.8432291666666667 0.18411458333333333 0.017708333333333333 0.028645833333333332 
4 0.8544270833333333 0.18828125 0.016145833333333335 0.025520833333333333 
4 0.83671875 0.159375 0.016145833333333335 0.025 
4 0.7544270833333333 0.1515625 0.015104166666666667 0.022916666666666665 
4 0.7442708333333333 0.14791666666666667 0.013541666666666667 0.019791666666666666 
4 0.8625 0.11640625 0.01875 0.0265625 
4 0.7083333333333334 0.10677083333333333 0.017708333333333333 0.025 
4 0.9197916666666667 0.18229166666666666 0.01875 0.023958333333333335 
4 0.5588541666666667 0.08671875 0.016666666666666666 0.028645833333333332 
4 0.9377604166666667 0.26119791666666664 0.021354166666666667 0.03177083333333333 
6 0.8625 0.51328125 0.08229166666666667 0.1390625 
4 0.66640625 0.11432291666666666 0.013020833333333334 0.022395833333333334 
4 0.6859375 0.19505208333333332 0.0125 0.021354166666666667 
4 0.41875 0.1265625 0.015625 0.026041666666666668 
4 0.7463541666666667 0.2140625 0.014583333333333334 0.025 
4 0.7083333333333334 0.20182291666666666 0.016666666666666666 0.022395833333333334 
4 0.66171875 0.18984375 0.0171875 0.027604166666666666 
4 0.6481770833333333 0.18802083333333333 0.015104166666666667 0.020833333333333332 
4 0.5716145833333334 0.090625 0.0140625 0.025 
4 0.5830729166666667 0.09557291666666666 0.013020833333333334 0.0203125 
4 0.59453125 0.09921875 0.013020833333333334 0.025520833333333333 
4 0.5411458333333333 0.10833333333333334 0.014583333333333334 0.023958333333333335 
4 0.5533854166666666 0.1140625 0.0140625 0.01875 
4 0.578125 0.11979166666666667 0.015625 0.021875 
4 0.5895833333333333 0.12317708333333334 0.014583333333333334 0.021354166666666667 
4 0.5395833333333333 0.16354166666666667 0.014583333333333334 0.025 
4 0.5630208333333333 0.16640625 0.017708333333333333 0.028645833333333332 
4 0.5768229166666666 0.17161458333333332 0.015104166666666667 0.022395833333333334 
4 0.6018229166666667 0.17630208333333333 0.0171875 0.027604166666666666 
4 0.6427083333333333 0.059895833333333336 0.014583333333333334 0.027083333333333334 
4 0.6677083333333333 0.06276041666666667 0.016666666666666666 0.024479166666666666 
4 0.6424479166666667 0.11145833333333334 0.016145833333333335 0.022916666666666665 
4 0.6182291666666667 0.10546875 0.017708333333333333 0.0234375 
4 0.6125 0.1296875 0.017708333333333333 0.028125 
4 0.62578125 0.12994791666666666 0.016145833333333335 0.027604166666666666 
4 0.6375 0.13463541666666667 0.015625 0.024479166666666666 
4 0.6489583333333333 0.13567708333333334 0.016666666666666666 0.025520833333333333 
4 0.6614583333333334 0.13854166666666667 0.014583333333333334 0.022916666666666665 
4 0.6354166666666666 0.18619791666666666 0.015625 0.022395833333333334 
