4 0.037760416666666664 0.6421875 0.011979166666666667 0.008333333333333333 
4 0.253125 0.6234375 0.013541666666666667 0.0125 
4 0.36041666666666666 0.04739583333333333 0.010416666666666666 0.00625 
4 0.3072916666666667 0.0515625 0.011458333333333333 0.00625 
4 0.2833333333333333 0.5893229166666667 0.0125 0.0109375 
4 0.28046875 0.5958333333333333 0.013020833333333334 0.010416666666666666 
4 0.27708333333333335 0.6010416666666667 0.0125 0.010416666666666666 
4 0.27421875 0.60625 0.013020833333333334 0.010416666666666666 
4 0.26171875 0.6291666666666667 0.011979166666666667 0.010416666666666666 
4 0.22734375 0.6166666666666667 0.011979166666666667 0.010416666666666666 
4 0.2046875 0.5859375 0.011458333333333333 0.009375 
4 0.24739583333333334 0.634375 0.0125 0.010416666666666666 
4 0.23177083333333334 0.6138020833333333 0.014583333333333334 0.009895833333333333 
4 0.11302083333333333 0.7643229166666666 0.014583333333333334 0.013020833333333334 
4 0.17604166666666668 0.6921875 0.009375 0.014583333333333334 
4 0.19140625 0.6966145833333334 0.0078125 0.011979166666666667 
4 0.020572916666666666 0.5005208333333333 0.0109375 0.0125 
4 0.17552083333333332 0.6184895833333334 0.011458333333333333 0.008854166666666666 
4 0.36015625 0.040625 0.011979166666666667 0.00625 
4 0.4192708333333333 0.04296875 0.011458333333333333 0.0067708333333333336 
4 0.41953125 0.037760416666666664 0.0109375 0.005729166666666666 
4 0.4205729166666667 0.0328125 0.011979166666666667 0.005208333333333333 
4 0.41901041666666666 0.048177083333333336 0.011979166666666667 0.0067708333333333336 
4 0.4513020833333333 0.06822916666666666 0.011979166666666667 0.008333333333333333 
4 0.428125 0.06067708333333333 0.009375 0.0067708333333333336 
4 0.41822916666666665 0.059895833333333336 0.011458333333333333 0.00625 
4 0.4546875 0.03619791666666667 0.013541666666666667 0.0078125 
4 0.4549479166666667 0.04609375 0.011979166666666667 0.0067708333333333336 
4 0.453125 0.05234375 0.010416666666666666 0.0067708333333333336 
4 0.43125 0.03984375 0.009375 0.005729166666666666 
4 0.4317708333333333 0.034895833333333334 0.009375 0.005208333333333333 
4 0.43359375 0.02890625 0.0109375 0.0067708333333333336 
4 0.43307291666666664 0.01796875 0.009895833333333333 0.005729166666666666 
4 0.43385416666666665 0.012760416666666666 0.011458333333333333 0.005729166666666666 
4 0.43359375 0.0067708333333333336 0.013020833333333334 0.007291666666666667 
4 0.42213541666666665 0.016927083333333332 0.0109375 0.005729166666666666 
4 0.42135416666666664 0.027864583333333335 0.011458333333333333 0.005729166666666666 
4 0.1875 0.6192708333333333 0.013541666666666667 0.010416666666666666 
4 0.20182291666666666 0.5908854166666667 0.011979166666666667 0.009895833333333333 
4 0.4278645833333333 0.07109375 0.009895833333333333 0.005729166666666666 
6 0.052083333333333336 0.20963541666666666 0.01875 0.0078125 
6 0.27005208333333336 0.26276041666666666 0.008854166666666666 0.024479166666666666 
6 0.27786458333333336 0.2640625 0.0067708333333333336 0.023958333333333335 
6 0.2875 0.26536458333333335 0.007291666666666667 0.024479166666666666 
6 0.2950520833333333 0.26614583333333336 0.0078125 0.025 
6 0.3104166666666667 0.26796875 0.011458333333333333 0.0234375 
6 0.3268229166666667 0.2682291666666667 0.0078125 0.023958333333333335 
6 0.050520833333333334 0.21640625 0.01875 0.0067708333333333336 
4 0.3328125 0.061197916666666664 0.011458333333333333 0.0067708333333333336 
4 0.23020833333333332 0.58671875 0.011458333333333333 0.008854166666666666 
6 0.68125 0.04010416666666667 0.3145833333333333 0.071875 
6 0.19583333333333333 0.7875 0.0625 0.04583333333333333 
12 0.5809895833333333 0.634375 0.2515625 0.041666666666666664 
6 0.5890625 0.67578125 0.20520833333333333 0.07239583333333334 
6 0.5716145833333334 0.5916666666666667 0.2046875 0.078125 
12 0.6541666666666667 0.47265625 0.36875 0.0515625 
12 0.66875 0.30807291666666664 0.37083333333333335 0.05260416666666667 
6 0.26171875 0.2604166666666667 0.0109375 0.022916666666666665 
6 0.25338541666666664 0.25859375 0.013020833333333334 0.024479166666666666 
6 0.24427083333333333 0.25546875 0.0125 0.0234375 
4 0.12395833333333334 0.3515625 0.007291666666666667 0.013541666666666667 
4 0.23854166666666668 0.5979166666666667 0.013541666666666667 0.0125 
4 0.24427083333333333 0.5893229166666667 0.0125 0.0109375 
4 0.25286458333333334 0.5763020833333333 0.013020833333333334 0.009895833333333333 
4 0.20677083333333332 0.5817708333333333 0.0125 0.009375 
4 0.12005208333333334 0.5955729166666667 0.015104166666666667 0.0109375 
4 0.10703125 0.59453125 0.0140625 0.0109375 
4 0.04869791666666667 0.6239583333333333 0.019270833333333334 0.011458333333333333 
4 0.017708333333333333 0.5481770833333334 0.013541666666666667 0.0109375 
4 0.009895833333333333 0.5614583333333333 0.0125 0.0125 
4 0.007291666666666667 0.5666666666666667 0.013541666666666667 0.011458333333333333 
4 0.049479166666666664 0.5885416666666666 0.013541666666666667 0.010416666666666666 
4 0.12005208333333334 0.51484375 0.011979166666666667 0.009895833333333333 
4 0.10026041666666667 0.5286458333333334 0.011979166666666667 0.010416666666666666 
4 0.09609375 0.5328125 0.011979166666666667 0.011458333333333333 
4 0.33098958333333334 0.42864583333333334 0.011979166666666667 0.014583333333333334 
4 0.4276041666666667 0.06614583333333333 0.009375 0.005208333333333333 
4 0.415625 0.06953125 0.010416666666666666 0.0046875 
4 0.434375 0.0015625 0.009375 0.003125 
5 0.03411458333333333 0.6481770833333333 0.0109375 0.008854166666666666 
6 0.41041666666666665 0.6393229166666666 0.008333333333333333 0.021354166666666667 
5 0.15182291666666667 0.30364583333333334 0.005729166666666666 0.01875 
6 0.33984375 0.2677083333333333 0.0067708333333333336 0.020833333333333332 
6 0.4513020833333333 0.21822916666666667 0.009895833333333333 0.009375 
4 0.15286458333333333 0.6861979166666666 0.009895833333333333 0.005729166666666666 
4 0.026041666666666668 0.6635416666666667 0.011458333333333333 0.009375 
4 0.02890625 0.6591145833333333 0.011979166666666667 0.008854166666666666 
5 0.04791666666666667 0.63203125 0.022916666666666665 0.013020833333333334 
4 0.37734375 0.09739583333333333 0.005729166666666666 0.0125 
5 0.12942708333333333 0.3776041666666667 0.013020833333333334 0.019791666666666666 
4 0.4158854166666667 0.14192708333333334 0.0067708333333333336 0.013020833333333334 
4 0.38645833333333335 0.13854166666666667 0.00625 0.0125 
4 0.38046875 0.13802083333333334 0.0046875 0.015625 
4 0.37473958333333335 0.13671875 0.005729166666666666 0.011979166666666667 
4 0.36354166666666665 0.13619791666666667 0.00625 0.011979166666666667 
4 0.3890625 0.09895833333333333 0.00625 0.011458333333333333 
6 0.4158854166666667 0.6411458333333333 0.0078125 0.019791666666666666 
6 0.39869791666666665 0.6557291666666667 0.0171875 0.0125 
6 0.3888020833333333 0.6557291666666667 0.015104166666666667 0.014583333333333334 
6 0.39348958333333334 0.6697916666666667 0.016145833333333335 0.011458333333333333 
4 0.4546875 0.04088541666666667 0.009375 0.0046875 
4 0.42890625 0.054947916666666666 0.008854166666666666 0.0046875 
4 0.3690104166666667 0.596875 0.009895833333333333 0.005208333333333333 
4 0.39479166666666665 0.31744791666666666 0.009375 0.005729166666666666 
4 0.4192708333333333 0.16432291666666668 0.010416666666666666 0.005729166666666666 
4 0.43333333333333335 0.1453125 0.00625 0.0125 
4 0.35885416666666664 0.05703125 0.009375 0.0046875 
4 0.08671875 0.7625 0.0067708333333333336 0.010416666666666666 
5 0.13828125 0.21067708333333332 0.0046875 0.0140625 
4 0.2981770833333333 0.31354166666666666 0.0046875 0.010416666666666666 
4 0.32421875 0.32890625 0.0067708333333333336 0.009895833333333333 
6 0.26666666666666666 0.85390625 0.12604166666666666 0.09427083333333333 
12 0.3171875 0.6752604166666667 0.04583333333333333 0.0296875 
12 0.175 0.7966145833333333 0.06354166666666666 0.0453125 
6 0.390625 0.6768229166666667 0.015625 0.0109375 
4 0.3841145833333333 0.09791666666666667 0.0067708333333333336 0.014583333333333334 
4 0.37083333333333335 0.09635416666666667 0.005208333333333333 0.013541666666666667 
4 0.41875 0.065625 0.009375 0.005208333333333333 
4 0.38723958333333336 0.52578125 0.013020833333333334 0.0067708333333333336 
4 0.3736979166666667 0.5375 0.0109375 0.007291666666666667 
4 0.3859375 0.5325520833333334 0.011458333333333333 0.0067708333333333336 
4 0.3848958333333333 0.5390625 0.009375 0.00625 
4 0.37473958333333335 0.5260416666666666 0.009895833333333333 0.007291666666666667 
4 0.3763020833333333 0.51484375 0.0109375 0.005729166666666666 
4 0.3770833333333333 0.5083333333333333 0.010416666666666666 0.007291666666666667 
4 0.41067708333333336 0.5244791666666667 0.009895833333333333 0.00625 
4 0.38828125 0.515625 0.009895833333333333 0.00625 
4 0.3640625 0.09635416666666667 0.00625 0.0125 
4 0.38984375 0.5033854166666667 0.0109375 0.0078125 
4 0.390625 0.47942708333333334 0.011458333333333333 0.005729166666666666 
4 0.4122395833333333 0.22916666666666666 0.0140625 0.009375 
4 0.4140625 0.21744791666666666 0.0125 0.0078125 
4 0.4158854166666667 0.20546875 0.0109375 0.0067708333333333336 
4 0.4046875 0.19296875 0.010416666666666666 0.0067708333333333336 
4 0.4036458333333333 0.19921875 0.0125 0.0078125 
4 0.3846354166666667 0.5453125 0.013020833333333334 0.00625 
4 0.409375 0.5520833333333334 0.011458333333333333 0.005208333333333333 
4 0.42239583333333336 0.5552083333333333 0.00625 0.010416666666666666 
4 0.4083333333333333 0.5596354166666667 0.011458333333333333 0.0078125 
4 0.3578125 0.09401041666666667 0.005208333333333333 0.0109375 
4 0.37083333333333335 0.5796875 0.010416666666666666 0.00625 
4 0.40598958333333335 0.5770833333333333 0.009895833333333333 0.00625 
4 0.40598958333333335 0.5828125 0.0109375 0.007291666666666667 
4 0.38203125 0.57421875 0.0109375 0.005729166666666666 
4 0.38177083333333334 0.5809895833333333 0.011458333333333333 0.005729166666666666 
4 0.37135416666666665 0.5859375 0.011458333333333333 0.00625 
4 0.40651041666666665 0.57109375 0.0109375 0.005729166666666666 
4 0.40729166666666666 0.5658854166666667 0.010416666666666666 0.0067708333333333336 
4 0.37161458333333336 0.5614583333333333 0.009895833333333333 0.005208333333333333 
4 0.3828125 0.5622395833333333 0.010416666666666666 0.0067708333333333336 
4 0.38229166666666664 0.5567708333333333 0.011458333333333333 0.007291666666666667 
4 0.38359375 0.5513020833333333 0.009895833333333333 0.0067708333333333336 
4 0.37213541666666666 0.5549479166666667 0.011979166666666667 0.0067708333333333336 
4 0.37265625 0.54921875 0.009895833333333333 0.0067708333333333336 
12 0.6841145833333333 0.14296875 0.3692708333333333 0.05260416666666667 
