4 0.037760416666666664 0.6416666666666667 0.011979166666666667 0.008333333333333333 
4 0.253125 0.6229166666666667 0.013541666666666667 0.0125 
4 0.36041666666666666 0.046875 0.010416666666666666 0.00625 
4 0.3072916666666667 0.051041666666666666 0.011458333333333333 0.00625 
4 0.2833333333333333 0.5888020833333333 0.0125 0.0109375 
4 0.28046875 0.5953125 0.013020833333333334 0.010416666666666666 
4 0.27708333333333335 0.6005208333333333 0.0125 0.010416666666666666 
4 0.27421875 0.6057291666666667 0.013020833333333334 0.010416666666666666 
4 0.26171875 0.6286458333333333 0.011979166666666667 0.010416666666666666 
4 0.22734375 0.6161458333333333 0.011979166666666667 0.010416666666666666 
4 0.2046875 0.5854166666666667 0.011458333333333333 0.009375 
4 0.24739583333333334 0.6338541666666667 0.0125 0.010416666666666666 
4 0.23177083333333334 0.61328125 0.014583333333333334 0.009895833333333333 
4 0.11302083333333333 0.7638020833333333 0.014583333333333334 0.013020833333333334 
4 0.17604166666666668 0.6916666666666667 0.009375 0.014583333333333334 
4 0.19140625 0.69609375 0.0078125 0.011979166666666667 
4 0.020572916666666666 0.5 0.0109375 0.0125 
4 0.17552083333333332 0.61796875 0.011458333333333333 0.008854166666666666 
4 0.36015625 0.04010416666666667 0.011979166666666667 0.00625 
4 0.4192708333333333 0.04244791666666667 0.011458333333333333 0.0067708333333333336 
4 0.41953125 0.03723958333333333 0.0109375 0.005729166666666666 
4 0.4205729166666667 0.03229166666666667 0.011979166666666667 0.005208333333333333 
4 0.41901041666666666 0.04765625 0.011979166666666667 0.0067708333333333336 
4 0.4513020833333333 0.06770833333333333 0.011979166666666667 0.008333333333333333 
4 0.428125 0.06015625 0.009375 0.0067708333333333336 
4 0.41822916666666665 0.059375 0.011458333333333333 0.00625 
4 0.4546875 0.03567708333333333 0.013541666666666667 0.0078125 
4 0.4549479166666667 0.045572916666666664 0.011979166666666667 0.0067708333333333336 
4 0.453125 0.05182291666666667 0.010416666666666666 0.0067708333333333336 
4 0.43125 0.039322916666666666 0.009375 0.005729166666666666 
4 0.4317708333333333 0.034375 0.009375 0.005208333333333333 
4 0.43359375 0.028385416666666666 0.0109375 0.0067708333333333336 
4 0.43307291666666664 0.017447916666666667 0.009895833333333333 0.005729166666666666 
4 0.43385416666666665 0.012239583333333333 0.011458333333333333 0.005729166666666666 
4 0.43359375 0.00625 0.013020833333333334 0.007291666666666667 
4 0.42213541666666665 0.01640625 0.0109375 0.005729166666666666 
4 0.42135416666666664 0.02734375 0.011458333333333333 0.005729166666666666 
4 0.1875 0.61875 0.013541666666666667 0.010416666666666666 
4 0.20182291666666666 0.5903645833333333 0.011979166666666667 0.009895833333333333 
4 0.4278645833333333 0.07057291666666667 0.009895833333333333 0.005729166666666666 
6 0.052083333333333336 0.20911458333333333 0.01875 0.0078125 
6 0.27005208333333336 0.26223958333333336 0.008854166666666666 0.024479166666666666 
6 0.27786458333333336 0.2635416666666667 0.0067708333333333336 0.023958333333333335 
6 0.2875 0.26484375 0.007291666666666667 0.024479166666666666 
6 0.2950520833333333 0.265625 0.0078125 0.025 
6 0.3104166666666667 0.2674479166666667 0.011458333333333333 0.0234375 
6 0.3268229166666667 0.2677083333333333 0.0078125 0.023958333333333335 
6 0.050520833333333334 0.21588541666666666 0.01875 0.0067708333333333336 
4 0.3328125 0.06067708333333333 0.011458333333333333 0.0067708333333333336 
4 0.23020833333333332 0.5861979166666667 0.011458333333333333 0.008854166666666666 
6 0.68125 0.03958333333333333 0.3145833333333333 0.071875 
6 0.19583333333333333 0.7869791666666667 0.0625 0.04583333333333333 
12 0.5809895833333333 0.6338541666666667 0.2515625 0.041666666666666664 
6 0.5890625 0.6752604166666667 0.20520833333333333 0.07239583333333334 
6 0.5716145833333334 0.5911458333333334 0.2046875 0.078125 
12 0.6541666666666667 0.47213541666666664 0.36875 0.0515625 
12 0.66875 0.30755208333333334 0.37083333333333335 0.05260416666666667 
6 0.26171875 0.2598958333333333 0.0109375 0.022916666666666665 
6 0.25338541666666664 0.25807291666666665 0.013020833333333334 0.024479166666666666 
6 0.24427083333333333 0.25494791666666666 0.0125 0.0234375 
4 0.12395833333333334 0.35104166666666664 0.007291666666666667 0.013541666666666667 
4 0.23854166666666668 0.5973958333333333 0.013541666666666667 0.0125 
4 0.24427083333333333 0.5888020833333333 0.0125 0.0109375 
4 0.25286458333333334 0.57578125 0.013020833333333334 0.009895833333333333 
4 0.20677083333333332 0.58125 0.0125 0.009375 
4 0.12005208333333334 0.5950520833333334 0.015104166666666667 0.0109375 
4 0.10703125 0.5940104166666667 0.0140625 0.0109375 
4 0.04869791666666667 0.6234375 0.019270833333333334 0.011458333333333333 
4 0.017708333333333333 0.54765625 0.013541666666666667 0.0109375 
4 0.009895833333333333 0.5609375 0.0125 0.0125 
4 0.007291666666666667 0.5661458333333333 0.013541666666666667 0.011458333333333333 
4 0.049479166666666664 0.5880208333333333 0.013541666666666667 0.010416666666666666 
4 0.12005208333333334 0.5143229166666666 0.011979166666666667 0.009895833333333333 
4 0.10026041666666667 0.528125 0.011979166666666667 0.010416666666666666 
4 0.09609375 0.5322916666666667 0.011979166666666667 0.011458333333333333 
4 0.33098958333333334 0.428125 0.011979166666666667 0.014583333333333334 
4 0.4276041666666667 0.065625 0.009375 0.005208333333333333 
4 0.415625 0.06901041666666667 0.010416666666666666 0.0046875 
5 0.03411458333333333 0.64765625 0.0109375 0.008854166666666666 
6 0.41041666666666665 0.6388020833333333 0.008333333333333333 0.021354166666666667 
5 0.15182291666666667 0.303125 0.005729166666666666 0.01875 
6 0.33984375 0.2671875 0.0067708333333333336 0.020833333333333332 
6 0.4513020833333333 0.21770833333333334 0.009895833333333333 0.009375 
4 0.15286458333333333 0.6856770833333333 0.009895833333333333 0.005729166666666666 
4 0.026041666666666668 0.6630208333333333 0.011458333333333333 0.009375 
4 0.02890625 0.65859375 0.011979166666666667 0.008854166666666666 
5 0.04791666666666667 0.6315104166666666 0.022916666666666665 0.013020833333333334 
4 0.37734375 0.096875 0.005729166666666666 0.0125 
5 0.12942708333333333 0.3770833333333333 0.013020833333333334 0.019791666666666666 
4 0.4158854166666667 0.14140625 0.0067708333333333336 0.013020833333333334 
4 0.38645833333333335 0.13802083333333334 0.00625 0.0125 
4 0.38046875 0.1375 0.0046875 0.015625 
4 0.37473958333333335 0.13619791666666667 0.005729166666666666 0.011979166666666667 
4 0.36354166666666665 0.13567708333333334 0.00625 0.011979166666666667 
4 0.3890625 0.0984375 0.00625 0.011458333333333333 
6 0.4158854166666667 0.640625 0.0078125 0.019791666666666666 
6 0.39869791666666665 0.6552083333333333 0.0171875 0.0125 
6 0.3888020833333333 0.6552083333333333 0.015104166666666667 0.014583333333333334 
6 0.39348958333333334 0.6692708333333334 0.016145833333333335 0.011458333333333333 
4 0.4546875 0.040364583333333336 0.009375 0.0046875 
4 0.42890625 0.054427083333333334 0.008854166666666666 0.0046875 
4 0.3690104166666667 0.5963541666666666 0.009895833333333333 0.005208333333333333 
4 0.39479166666666665 0.31692708333333336 0.009375 0.005729166666666666 
4 0.4192708333333333 0.16380208333333332 0.010416666666666666 0.005729166666666666 
4 0.43333333333333335 0.14479166666666668 0.00625 0.0125 
4 0.35885416666666664 0.05651041666666667 0.009375 0.0046875 
4 0.08671875 0.7619791666666667 0.0067708333333333336 0.010416666666666666 
5 0.13828125 0.21015625 0.0046875 0.0140625 
4 0.2981770833333333 0.31302083333333336 0.0046875 0.010416666666666666 
4 0.32421875 0.32838541666666665 0.0067708333333333336 0.009895833333333333 
6 0.26666666666666666 0.8533854166666667 0.12604166666666666 0.09427083333333333 
12 0.3171875 0.6747395833333333 0.04583333333333333 0.0296875 
12 0.175 0.79609375 0.06354166666666666 0.0453125 
6 0.390625 0.6763020833333333 0.015625 0.0109375 
4 0.3841145833333333 0.09739583333333333 0.0067708333333333336 0.014583333333333334 
4 0.37083333333333335 0.09583333333333334 0.005208333333333333 0.013541666666666667 
4 0.41875 0.06510416666666667 0.009375 0.005208333333333333 
4 0.38723958333333336 0.5252604166666667 0.013020833333333334 0.0067708333333333336 
4 0.3736979166666667 0.5369791666666667 0.0109375 0.007291666666666667 
4 0.3859375 0.53203125 0.011458333333333333 0.0067708333333333336 
4 0.3848958333333333 0.5385416666666667 0.009375 0.00625 
4 0.37473958333333335 0.5255208333333333 0.009895833333333333 0.007291666666666667 
4 0.3763020833333333 0.5143229166666666 0.0109375 0.005729166666666666 
4 0.3770833333333333 0.5078125 0.010416666666666666 0.007291666666666667 
4 0.41067708333333336 0.5239583333333333 0.009895833333333333 0.00625 
4 0.38828125 0.5151041666666667 0.009895833333333333 0.00625 
4 0.3640625 0.09583333333333334 0.00625 0.0125 
4 0.38984375 0.5028645833333333 0.0109375 0.0078125 
4 0.390625 0.47890625 0.011458333333333333 0.005729166666666666 
4 0.4122395833333333 0.22864583333333333 0.0140625 0.009375 
4 0.4140625 0.21692708333333333 0.0125 0.0078125 
4 0.4158854166666667 0.20494791666666667 0.0109375 0.0067708333333333336 
4 0.4046875 0.19244791666666666 0.010416666666666666 0.0067708333333333336 
4 0.4036458333333333 0.19869791666666667 0.0125 0.0078125 
4 0.3846354166666667 0.5447916666666667 0.013020833333333334 0.00625 
4 0.409375 0.5515625 0.011458333333333333 0.005208333333333333 
4 0.42239583333333336 0.5546875 0.00625 0.010416666666666666 
4 0.4083333333333333 0.5591145833333333 0.011458333333333333 0.0078125 
4 0.3578125 0.09348958333333333 0.005208333333333333 0.0109375 
4 0.37083333333333335 0.5791666666666667 0.010416666666666666 0.00625 
4 0.40598958333333335 0.5765625 0.009895833333333333 0.00625 
4 0.40598958333333335 0.5822916666666667 0.0109375 0.007291666666666667 
4 0.38203125 0.5736979166666667 0.0109375 0.005729166666666666 
4 0.38177083333333334 0.58046875 0.011458333333333333 0.005729166666666666 
4 0.37135416666666665 0.5854166666666667 0.011458333333333333 0.00625 
4 0.40651041666666665 0.5705729166666667 0.0109375 0.005729166666666666 
4 0.40729166666666666 0.5653645833333333 0.010416666666666666 0.0067708333333333336 
4 0.37161458333333336 0.5609375 0.009895833333333333 0.005208333333333333 
4 0.3828125 0.56171875 0.010416666666666666 0.0067708333333333336 
4 0.38229166666666664 0.55625 0.011458333333333333 0.007291666666666667 
4 0.38359375 0.55078125 0.009895833333333333 0.0067708333333333336 
4 0.37213541666666666 0.5544270833333333 0.011979166666666667 0.0067708333333333336 
4 0.37265625 0.5486979166666667 0.009895833333333333 0.0067708333333333336 
12 0.6841145833333333 0.14244791666666667 0.3692708333333333 0.05260416666666667 
