5 0.908311910882605 0.8518518518518519 0.054841473864610114 0.13786008230452676 
4 0.397172236503856 0.37088477366255146 0.016281062553556127 0.044238683127572016 
4 0.13024850042844902 0.3626543209876543 0.044558697514995714 0.033950617283950615 
4 0.09383033419023136 0.26954732510288065 0.03513281919451585 0.026748971193415638 
4 0.0856898029134533 0.22685185185185186 0.03598971722365039 0.021604938271604937 
4 0.07840616966580977 0.20730452674897118 0.03513281919451585 0.023662551440329218 
4 0.06555269922879177 0.1476337448559671 0.04541559554413025 0.027777777777777776 
4 0.059554413024850046 0.12654320987654322 0.04027420736932305 0.02880658436213992 
4 0.055698371893744644 0.09825102880658436 0.04113110539845758 0.029835390946502057 
5 0.8526135389888603 0.8703703703703703 0.07540702656383891 0.047325102880658436 
5 0.8333333333333334 0.8359053497942387 0.0779777206512425 0.04835390946502058 
5 0.800771208226221 0.8127572016460906 0.15167095115681234 0.07818930041152264 
5 0.7866323907455013 0.7510288065843621 0.15424164524421594 0.07407407407407407 
5 0.6675235646958012 0.9007201646090535 0.05826906598114824 0.06275720164609054 
5 0.6516709511568124 0.9284979423868313 0.0676949443016281 0.07510288065843622 
5 0.7677806341045416 0.6332304526748971 0.13367609254498714 0.06893004115226338 
5 0.7502142245072836 0.6064814814814815 0.1533847472150814 0.07510288065843622 
5 0.7249357326478149 0.5195473251028807 0.14910025706940874 0.07407407407407407 
5 0.7167952013710368 0.4886831275720165 0.15509854327335046 0.07818930041152264 
5 0.7163667523564696 0.4583333333333333 0.1456726649528706 0.07510288065843622 
5 0.7017994858611826 0.43261316872427985 0.155955441302485 0.08333333333333333 
5 0.6825192802056556 0.3631687242798354 0.15167095115681234 0.06995884773662552 
5 0.5694087403598972 0.24897119341563786 0.043701799485861184 0.09876543209876543 
5 0.4880034275921165 0.34156378600823045 0.031705227077977724 0.06995884773662552 
5 0.47257926306769493 0.5889917695473251 0.05741216795201371 0.08539094650205761 
5 0.39802913453299055 0.5138888888888888 0.05912596401028278 0.08333333333333333 
5 0.4220222793487575 0.5 0.0676949443016281 0.09670781893004116 
5 0.3736075407026564 0.3924897119341564 0.032562125107112254 0.06481481481481481 
5 0.3273350471293916 0.39711934156378603 0.044558697514995714 0.09670781893004116 
4 0.23607540702656385 0.4418724279835391 0.028277634961439587 0.05452674897119342 
4 0.21765209940017138 0.45010288065843623 0.022279348757497857 0.04218106995884774 
4 0.14824335904027422 0.7314814814814815 0.02913453299057412 0.04526748971193416 
4 0.7592116538131962 0.7319958847736625 0.03941730934018852 0.033950617283950615 
5 0.8753213367609255 0.9429012345679012 0.08140531276778064 0.05452674897119342 
5 0.8671808054841473 0.9171810699588477 0.08226221079691516 0.050411522633744855 
5 0.8577549271636675 0.8950617283950617 0.05998286203941731 0.04526748971193416 
5 0.45115681233933164 0.6008230452674898 0.06426735218508997 0.09259259259259259 
5 0.5407026563838904 0.31378600823045266 0.037703513281919454 0.07407407407407407 
5 0.5269922879177378 0.102880658436214 0.037703513281919454 0.06790123456790123 
4 0.8894601542416453 0.14248971193415638 0.03941730934018852 0.027777777777777776 
4 0.9044558697514996 0.3323045267489712 0.01970865467009426 0.04526748971193416 
4 0.5856898029134533 0.3940329218106996 0.031705227077977724 0.024691358024691357 
4 0.8256212510711225 0.4727366255144033 0.03684661525278492 0.023662551440329218 
4 0.8748928877463582 0.6692386831275721 0.037703513281919454 0.027777777777777776 
4 0.7493573264781491 0.7031893004115226 0.038560411311053984 0.029835390946502057 
4 0.6979434447300771 0.9747942386831275 0.033419023136246784 0.040123456790123455 
4 0.11568123393316196 0.7340534979423868 0.037703513281919454 0.04218106995884774 
4 0.4134532990574122 0.36882716049382713 0.021422450728363324 0.04835390946502058 
4 0.4695801199657241 0.3533950617283951 0.022279348757497857 0.044238683127572016 
4 0.45715509854327335 0.35905349794238683 0.017994858611825194 0.03909465020576132 
4 0.44430162810625534 0.36059670781893005 0.017994858611825194 0.040123456790123455 
4 0.42887746358183376 0.3626543209876543 0.016281062553556127 0.040123456790123455 
4 0.4074550128534704 0.29989711934156377 0.03684661525278492 0.029835390946502057 
4 0.3856041131105398 0.28189300411522633 0.03598971722365039 0.02880658436213992 
4 0.3903170522707798 0.2602880658436214 0.031705227077977724 0.026748971193415638 
4 0.41516709511568123 0.25565843621399176 0.024850042844901457 0.044238683127572016 
4 0.4198800342759212 0.6831275720164609 0.04113110539845758 0.051440329218107 
4 0.01842330762639246 0.7906378600823045 0.033419023136246784 0.04835390946502058 
4 0.048414738646101116 0.823045267489712 0.031705227077977724 0.043209876543209874 
5 0.2686375321336761 0.43261316872427985 0.033419023136246784 0.0668724279835391 
