13 0.6716145833333333 0.859375 0.0171875 0.026041666666666668 
6 0.8385416666666666 0.7638020833333333 0.011458333333333333 0.013020833333333334 
6 0.020572916666666666 0.24713541666666666 0.0078125 0.016145833333333335 
6 0.49921875 0.2643229166666667 0.018229166666666668 0.0140625 
6 0.6109375 0.3697916666666667 0.015625 0.019791666666666666 
6 0.7010416666666667 0.4231770833333333 0.014583333333333334 0.018229166666666668 
12 0.8950520833333333 0.7677083333333333 0.0921875 0.165625 
6 0.8671875 0.5005208333333333 0.00625 0.011458333333333333 
12 0.83671875 0.7359375 0.09010416666666667 0.16979166666666667 
12 0.6708333333333333 0.56328125 0.171875 0.2682291666666667 
12 0.6276041666666666 0.5359375 0.17916666666666667 0.2677083333333333 
12 0.5572916666666666 0.48020833333333335 0.15729166666666666 0.24895833333333334 
12 0.43671875 0.3765625 0.15364583333333334 0.24375 
12 0.24713541666666666 0.32369791666666664 0.13072916666666667 0.25885416666666666 
12 0.10364583333333334 0.33489583333333334 0.053125 0.21770833333333334 
12 0.024739583333333332 0.34270833333333334 0.028645833333333332 0.21354166666666666 
13 0.18723958333333332 0.5333333333333333 0.0296875 0.021875 
13 0.25625 0.5828125 0.03958333333333333 0.03333333333333333 
4 0.3567708333333333 0.8080729166666667 0.008333333333333333 0.0109375 
4 0.26901041666666664 0.621875 0.0109375 0.011458333333333333 
4 0.23125 0.6528645833333333 0.011458333333333333 0.009895833333333333 
4 0.16614583333333333 0.6611979166666667 0.011458333333333333 0.008854166666666666 
4 0.09375 0.6799479166666667 0.00625 0.008854166666666666 
4 0.08697916666666666 0.684375 0.007291666666666667 0.010416666666666666 
4 0.08697916666666666 0.67265625 0.009375 0.005729166666666666 
4 0.1 0.6552083333333333 0.007291666666666667 0.010416666666666666 
4 0.0265625 0.5455729166666666 0.005208333333333333 0.011979166666666667 
4 0.02109375 0.54140625 0.0046875 0.011979166666666667 
4 0.013541666666666667 0.5466145833333333 0.005208333333333333 0.011979166666666667 
4 0.5171875 0.8041666666666667 0.009375 0.011458333333333333 
13 0.76171875 0.8385416666666666 0.034895833333333334 0.029166666666666667 
13 0.5739583333333333 0.7544270833333333 0.03229166666666667 0.028645833333333332 
13 0.5 0.6692708333333334 0.01875 0.029166666666666667 
13 0.10104166666666667 0.7411458333333333 0.03125 0.030208333333333334 
