4 0.5091145833333334 0.8723958333333334 0.015104166666666667 0.025 
12 0.7580729166666667 0.65390625 0.0421875 0.05677083333333333 
6 0.7856770833333333 0.6442708333333333 0.0234375 0.035416666666666666 
6 0.3658854166666667 0.54375 0.0328125 0.053125 
6 0.045572916666666664 0.47317708333333336 0.0421875 0.019270833333333334 
6 0.17447916666666666 0.5072916666666667 0.019791666666666666 0.034375 
12 0.33880208333333334 0.54296875 0.03697916666666667 0.05572916666666667 
13 0.6364583333333333 0.77578125 0.06041666666666667 0.04114583333333333 
13 0.78203125 0.8588541666666667 0.0515625 0.04895833333333333 
6 0.46796875 0.54765625 0.0296875 0.018229166666666668 
13 0.45677083333333335 0.79140625 0.058333333333333334 0.0359375 
13 0.3190104166666667 0.7455729166666667 0.0546875 0.03177083333333333 
13 0.15520833333333334 0.778125 0.05520833333333333 0.03229166666666667 
12 0.94765625 0.7013020833333333 0.04739583333333333 0.1171875 
12 0.59921875 0.6145833333333334 0.07552083333333333 0.09166666666666666 
12 0.1828125 0.56640625 0.1125 0.15572916666666667 
12 0.06197916666666667 0.5442708333333334 0.08541666666666667 0.17291666666666666 
4 0.9026041666666667 0.28229166666666666 0.010416666666666666 0.022916666666666665 
6 0.56484375 0.3140625 0.0390625 0.01875 
4 0.07630208333333334 0.8947916666666667 0.021354166666666667 0.029166666666666667 
4 0.11953125 0.8953125 0.025520833333333333 0.015625 
4 0.21276041666666667 0.86796875 0.011979166666666667 0.0234375 
4 0.46458333333333335 0.9020833333333333 0.016666666666666666 0.022916666666666665 
4 0.67578125 0.8390625 0.0171875 0.022916666666666665 
4 0.96953125 0.975 0.025520833333333333 0.021875 
12 0.465625 0.5791666666666667 0.0375 0.08645833333333333 
