12 0.31276041666666665 0.6828125 0.025520833333333333 0.042708333333333334 
13 1.0111979166666667 0.39479166666666665 0.058854166666666666 0.035416666666666666 
13 0.8984375 0.4015625 0.04479166666666667 0.03229166666666667 
13 0.7190104166666667 0.4127604166666667 0.05364583333333333 0.03177083333333333 
13 0.6104166666666667 0.3919270833333333 0.06145833333333333 0.04114583333333333 
13 0.48046875 0.45 0.0609375 0.04791666666666667 
13 0.2669270833333333 0.5627604166666667 0.0546875 0.0484375 
13 0.16041666666666668 0.6380208333333334 0.051041666666666666 0.041666666666666664 
13 0.04765625 0.7104166666666667 0.0609375 0.058333333333333334 
12 0.5416666666666666 0.6033854166666667 0.06458333333333334 0.1015625 
4 0.08567708333333333 0.5520833333333334 0.018229166666666668 0.021875 
12 0.8520833333333333 0.56953125 0.07291666666666667 0.15885416666666666 
12 0.7286458333333333 0.5575520833333333 0.052083333333333336 0.11302083333333333 
12 0.625 0.5760416666666667 0.05416666666666667 0.13020833333333334 
12 0.42473958333333334 0.6119791666666666 0.0578125 0.075 
12 0.22526041666666666 0.7440104166666667 0.07760416666666667 0.0953125 
4 0.07395833333333333 0.32916666666666666 0.020833333333333332 0.023958333333333335 
4 0.008854166666666666 0.56328125 0.016666666666666666 0.0234375 
6 0.5286458333333334 0.5106770833333333 0.0125 0.016145833333333335 
4 0.09947916666666666 0.5377604166666666 0.015625 0.021354166666666667 
4 0.18828125 0.3692708333333333 0.0140625 0.017708333333333333 
5 0.3455729166666667 0.30364583333333334 0.024479166666666666 0.03333333333333333 
4 0.35651041666666666 0.2921875 0.016145833333333335 0.021875 
4 0.37135416666666665 0.33489583333333334 0.019791666666666666 0.029166666666666667 
4 0.3546875 0.33177083333333335 0.01875 0.023958333333333335 
4 0.3580729166666667 0.3611979166666667 0.021354166666666667 0.0265625 
4 0.346875 0.37161458333333336 0.01875 0.024479166666666666 
4 0.24947916666666667 0.4705729166666667 0.01875 0.022395833333333334 
6 0.71015625 0.5567708333333333 0.022395833333333334 0.036458333333333336 
6 0.6455729166666667 0.5640625 0.021354166666666667 0.036458333333333336 
6 0.56328125 0.5794270833333334 0.025520833333333333 0.04739583333333333 
6 0.3065104166666667 0.6932291666666667 0.022395833333333334 0.028125 
6 0.21067708333333332 0.76953125 0.03802083333333333 0.0515625 
6 0.1421875 0.85546875 0.03229166666666667 0.034895833333333334 
6 0.09296875 0.88515625 0.028645833333333332 0.034895833333333334 
6 0.012760416666666666 0.9213541666666667 0.024479166666666666 0.03125 
12 0.10625 0.8427083333333333 0.10520833333333333 0.11041666666666666 
