13 0.68125 0.9950520833333333 0.034375 0.04010416666666667 
13 0.037760416666666664 0.7072916666666667 0.0515625 0.04895833333333333 
4 0.296875 0.8447916666666667 0.022916666666666665 0.016666666666666666 
4 0.3255208333333333 0.6645833333333333 0.020833333333333332 0.020833333333333332 
4 0.12890625 0.6541666666666667 0.0234375 0.023958333333333335 
4 0.11770833333333333 0.6497395833333334 0.019791666666666666 0.0203125 
13 0.18098958333333334 0.8611979166666667 0.0484375 0.05364583333333333 
13 0.13697916666666668 0.8046875 0.057291666666666664 0.04375 
13 0.4549479166666667 0.6317708333333333 0.04739583333333333 0.04791666666666667 
13 0.2825520833333333 0.45364583333333336 0.059895833333333336 0.058333333333333334 
13 0.39921875 0.5661458333333333 0.05677083333333333 0.05520833333333333 
13 0.19114583333333332 0.38229166666666664 0.06770833333333333 0.0625 
12 0.9216145833333333 0.9369791666666667 0.3578125 0.07083333333333333 
12 0.7575520833333333 0.621875 0.3015625 0.2520833333333333 
12 0.671875 0.4981770833333333 0.2875 0.23072916666666668 
12 0.5708333333333333 0.3919270833333333 0.2875 0.27447916666666666 
4 0.3333333333333333 0.78671875 0.023958333333333335 0.025520833333333333 
4 0.33098958333333334 0.7653645833333333 0.0203125 0.021354166666666667 
6 0.42890625 0.07291666666666667 0.028645833333333332 0.036458333333333336 
6 0.5671875 0.17942708333333332 0.030208333333333334 0.028645833333333332 
6 0.5869791666666667 0.20989583333333334 0.026041666666666668 0.027083333333333334 
6 0.55078125 0.20885416666666667 0.016145833333333335 0.015625 
6 0.6981770833333333 0.28854166666666664 0.027604166666666666 0.028125 
4 0.4778645833333333 0.86328125 0.021354166666666667 0.018229166666666668 
4 0.37916666666666665 0.7802083333333333 0.009375 0.019791666666666666 
4 0.35182291666666665 0.7268229166666667 0.0203125 0.013020833333333334 
4 0.34739583333333335 0.7083333333333334 0.021875 0.020833333333333332 
4 0.3841145833333333 0.6640625 0.019270833333333334 0.01875 
4 0.09479166666666666 0.7515625 0.01875 0.019791666666666666 
4 0.62265625 0.88203125 0.0265625 0.011979166666666667 
4 0.26927083333333335 0.8786458333333333 0.013541666666666667 0.014583333333333334 
4 0.12395833333333334 0.5953125 0.023958333333333335 0.021875 
4 0.30234375 0.6424479166666667 0.015104166666666667 0.024479166666666666 
12 0.35208333333333336 0.17317708333333334 0.19583333333333333 0.25052083333333336 
