12 0.11901041666666666 0.65390625 0.0421875 0.05677083333333333 
6 0.14661458333333333 0.6442708333333333 0.0234375 0.035416666666666666 
13 0.5953125 0.9572916666666667 0.05 0.03229166666666667 
13 0.4114583333333333 0.8763020833333334 0.051041666666666666 0.030729166666666665 
13 -0.0026041666666666665 0.77578125 0.06041666666666667 0.04114583333333333 
13 0.14296875 0.8588541666666667 0.0515625 0.04895833333333333 
12 0.6557291666666667 0.7463541666666667 0.04583333333333333 0.08541666666666667 
12 0.5046875 0.709375 0.10208333333333333 0.10104166666666667 
12 0.30859375 0.7013020833333333 0.04739583333333333 0.1171875 
12 0.5880208333333333 0.38359375 0.06145833333333333 0.0546875 
6 0.7916666666666666 0.7583333333333333 0.035416666666666666 0.025 
6 0.9111979166666667 0.80390625 0.0265625 0.0171875 
6 0.92109375 0.7809895833333333 0.034895833333333334 0.021354166666666667 
6 0.9393229166666667 0.7575520833333333 0.0578125 0.033854166666666664 
4 0.44453125 0.2947916666666667 0.024479166666666666 0.01875 
4 0.6778645833333333 0.94140625 0.024479166666666666 0.0140625 
12 0.8182291666666667 0.81953125 0.07083333333333333 0.1265625 
12 0.92265625 0.8247395833333333 0.08489583333333334 0.1265625 
6 0.8026041666666667 0.89453125 0.014583333333333334 0.009895833333333333 
6 0.8921875 0.95078125 0.014583333333333334 0.024479166666666666 
6 0.6096354166666667 0.36770833333333336 0.03177083333333333 0.025 
4 0.2635416666666667 0.28229166666666666 0.010416666666666666 0.022916666666666665 
4 0.03671875 0.8390625 0.0171875 0.022916666666666665 
4 0.33046875 0.975 0.025520833333333333 0.021875 
