13 0.5015625 0.97890625 0.034375 0.04010416666666667 
4 0.1171875 0.8286458333333333 0.022916666666666665 0.016666666666666666 
4 0.14583333333333334 0.6484375 0.020833333333333332 0.020833333333333332 
13 0.0013020833333333333 0.8450520833333334 0.0484375 0.05364583333333333 
13 0.2752604166666667 0.615625 0.04739583333333333 0.04791666666666667 
13 0.10286458333333333 0.4375 0.059895833333333336 0.058333333333333334 
13 0.21953125 0.55 0.05677083333333333 0.05520833333333333 
13 0.011458333333333333 0.36614583333333334 0.06770833333333333 0.0625 
12 0.7419270833333333 0.9208333333333333 0.3578125 0.07083333333333333 
12 0.5778645833333333 0.6057291666666667 0.3015625 0.2520833333333333 
12 0.4921875 0.48203125 0.2875 0.23072916666666668 
12 0.39114583333333336 0.37578125 0.2875 0.27447916666666666 
4 0.15364583333333334 0.7705729166666667 0.023958333333333335 0.025520833333333333 
4 0.15130208333333334 0.74921875 0.0203125 0.021354166666666667 
6 0.24921875 0.05677083333333333 0.028645833333333332 0.036458333333333336 
6 0.3875 0.16328125 0.030208333333333334 0.028645833333333332 
6 0.40729166666666666 0.19375 0.026041666666666668 0.027083333333333334 
6 0.37109375 0.19270833333333334 0.016145833333333335 0.015625 
6 0.5184895833333333 0.27239583333333334 0.027604166666666666 0.028125 
4 0.2981770833333333 0.8471354166666667 0.021354166666666667 0.018229166666666668 
4 0.19947916666666668 0.7640625 0.009375 0.019791666666666666 
4 0.17213541666666668 0.7106770833333333 0.0203125 0.013020833333333334 
4 0.16770833333333332 0.6921875 0.021875 0.020833333333333332 
4 0.20442708333333334 0.6479166666666667 0.019270833333333334 0.01875 
4 0.44296875 0.8658854166666666 0.0265625 0.011979166666666667 
4 0.08958333333333333 0.8625 0.013541666666666667 0.014583333333333334 
4 0.12265625 0.6263020833333334 0.015104166666666667 0.024479166666666666 
12 0.17239583333333333 0.15703125 0.19583333333333333 0.25052083333333336 
