13 0.34609375 0.6015625 0.0296875 0.01875 
13 0.2635416666666667 0.5901041666666667 0.027083333333333334 0.020833333333333332 
13 0.153125 0.6044270833333333 0.027083333333333334 0.024479166666666666 
13 0.09244791666666667 0.6794270833333333 0.0296875 0.0328125 
12 0.12317708333333334 0.7427083333333333 0.04114583333333333 0.03854166666666667 
6 0.026041666666666668 0.40572916666666664 0.014583333333333334 0.015625 
6 0.27369791666666665 0.32864583333333336 0.0046875 0.016666666666666666 
6 0.4479166666666667 0.29661458333333335 0.00625 0.013020833333333334 
6 0.4328125 0.29973958333333334 0.007291666666666667 0.0171875 
6 0.49765625 0.36744791666666665 0.0078125 0.016145833333333335 
6 0.9763020833333333 0.3846354166666667 0.018229166666666668 0.0140625 
12 1.034375 0.6005208333333333 0.15729166666666666 0.24895833333333334 
12 0.9138020833333333 0.496875 0.15364583333333334 0.24375 
12 0.72421875 0.4440104166666667 0.13072916666666667 0.25885416666666666 
12 0.5807291666666666 0.4552083333333333 0.053125 0.21770833333333334 
12 0.5018229166666667 0.4630208333333333 0.028645833333333332 0.21354166666666666 
12 0.4421875 0.42265625 0.029166666666666667 0.2703125 
12 0.365625 0.41432291666666665 0.029166666666666667 0.2911458333333333 
12 0.27421875 0.440625 0.0328125 0.24270833333333333 
12 0.08203125 0.4856770833333333 0.1328125 0.19427083333333334 
13 0.41901041666666666 0.5950520833333334 0.0296875 0.0171875 
13 0.4669270833333333 0.6265625 0.016145833333333335 0.023958333333333335 
13 0.6643229166666667 0.6536458333333334 0.0296875 0.021875 
13 0.7333333333333333 0.703125 0.03958333333333333 0.03333333333333333 
4 0.8338541666666667 0.9283854166666666 0.008333333333333333 0.0109375 
4 0.43072916666666666 0.9458333333333333 0.011458333333333333 0.011458333333333333 
4 0.74609375 0.7421875 0.0109375 0.011458333333333333 
4 0.7083333333333334 0.7731770833333333 0.011458333333333333 0.009895833333333333 
4 0.6432291666666666 0.7815104166666667 0.011458333333333333 0.008854166666666666 
4 0.5708333333333333 0.8002604166666667 0.00625 0.008854166666666666 
4 0.5640625 0.8046875 0.007291666666666667 0.010416666666666666 
4 0.5640625 0.79296875 0.009375 0.005729166666666666 
4 0.5770833333333333 0.7755208333333333 0.007291666666666667 0.010416666666666666 
4 0.5036458333333333 0.6658854166666667 0.005208333333333333 0.011979166666666667 
4 0.4981770833333333 0.66171875 0.0046875 0.011979166666666667 
4 0.490625 0.6669270833333333 0.005208333333333333 0.011979166666666667 
4 0.4315104166666667 0.6885416666666667 0.013020833333333334 0.009375 
12 0.21536458333333333 0.9330729166666667 0.043229166666666666 0.0234375 
6 0.19609375 0.9875 0.022395833333333334 0.008333333333333333 
6 0.19244791666666666 0.9236979166666667 0.008854166666666666 0.0140625 
4 0.20703125 0.7002604166666667 0.008854166666666666 0.0046875 
4 0.19166666666666668 0.7010416666666667 0.011458333333333333 0.008333333333333333 
4 0.26458333333333334 0.6653645833333334 0.010416666666666666 0.009895833333333333 
4 0.22161458333333334 0.6533854166666667 0.0109375 0.011979166666666667 
4 0.21380208333333334 0.6408854166666667 0.008854166666666666 0.0109375 
4 0.19348958333333333 0.61328125 0.008854166666666666 0.011979166666666667 
4 0.9942708333333333 0.9244791666666666 0.009375 0.011458333333333333 
13 0.9770833333333333 0.7895833333333333 0.01875 0.029166666666666667 
13 0.578125 0.8614583333333333 0.03125 0.030208333333333334 
