6 0.59453125 0.3578125 0.015104166666666667 0.010416666666666666 
13 0.37213541666666666 0.39479166666666665 0.058854166666666666 0.035416666666666666 
13 0.259375 0.4015625 0.04479166666666667 0.03229166666666667 
13 0.07994791666666666 0.4127604166666667 0.05364583333333333 0.03177083333333333 
12 0.98203125 0.3421875 0.025520833333333333 0.08333333333333333 
12 0.85859375 0.38828125 0.0359375 0.10677083333333333 
12 0.71328125 0.41953125 0.0703125 0.10885416666666667 
12 0.6588541666666666 0.46875 0.07916666666666666 0.12083333333333333 
12 0.46432291666666664 0.5700520833333333 0.06822916666666666 0.19010416666666666 
12 0.21302083333333333 0.56953125 0.07291666666666667 0.15885416666666666 
12 0.08958333333333333 0.5575520833333333 0.052083333333333336 0.11302083333333333 
12 -0.0140625 0.5760416666666667 0.05416666666666667 0.13020833333333334 
6 0.846875 0.3796875 0.017708333333333333 0.03229166666666667 
4 0.3736979166666667 0.28098958333333335 0.025520833333333333 0.0109375 
6 0.7263020833333333 0.44869791666666664 0.027604166666666666 0.034895833333333334 
6 0.4830729166666667 0.6502604166666667 0.018229166666666668 0.0296875 
6 0.07109375 0.5567708333333333 0.022395833333333334 0.036458333333333336 
6 0.006510416666666667 0.5640625 0.021354166666666667 0.036458333333333336 
