13 0.8208333333333333 0.3067708333333333 0.04895833333333333 0.04479166666666667 
12 0.1875 0.196875 0.05 0.12604166666666666 
12 0.46458333333333335 0.41458333333333336 0.17708333333333334 0.225 
12 0.6861979166666666 0.5052083333333334 0.2265625 0.2635416666666667 
12 0.6169270833333333 0.3953125 0.12135416666666667 0.14895833333333333 
12 0.7596354166666667 0.5708333333333333 0.20885416666666667 0.23541666666666666 
12 0.8778645833333333 0.67109375 0.18697916666666667 0.21197916666666666 
13 0.2703125 0.016927083333333332 0.053125 0.0328125 
6 0.39921875 0.24036458333333333 0.04114583333333333 0.022395833333333334 
6 0.5705729166666667 0.4361979166666667 0.022395833333333334 0.0265625 
6 0.6763020833333333 0.65703125 0.0296875 0.03177083333333333 
6 0.16302083333333334 0.10104166666666667 0.010416666666666666 0.019791666666666666 
6 0.403125 0.22838541666666667 0.023958333333333335 0.0171875 
12 0.40963541666666664 0.203125 0.024479166666666666 0.040625 
6 0.80234375 0.7518229166666667 0.022395833333333334 0.024479166666666666 
12 0.08463541666666667 0.16588541666666667 0.050520833333333334 0.13697916666666668 
