13 0.24010416666666667 0.75625 0.05520833333333333 0.04375 
12 0.11901041666666666 0.5328125 0.0515625 0.17395833333333333 
12 0.44973958333333336 0.5713541666666667 0.12135416666666667 0.1875 
12 0.69453125 0.60703125 0.0703125 0.08072916666666667 
12 0.734375 0.7190104166666667 0.06875 0.1796875 
12 0.8627604166666667 0.7546875 0.06822916666666666 0.20520833333333333 
12 0.24713541666666666 0.5315104166666667 0.07447916666666667 0.19739583333333333 
13 0.08645833333333333 0.7817708333333333 0.040625 0.05 
13 0.5309895833333333 0.8684895833333334 0.0546875 0.0453125 
6 0.7395833333333334 0.6385416666666667 0.026041666666666668 0.040625 
6 0.6940104166666666 0.6447916666666667 0.028645833333333332 0.03125 
6 0.2578125 0.45546875 0.03854166666666667 0.06302083333333333 
6 0.21927083333333333 0.49895833333333334 0.027083333333333334 0.04479166666666667 
6 0.22604166666666667 0.5591145833333333 0.03229166666666667 0.019270833333333334 
6 0.10286458333333333 0.5078125 0.021354166666666667 0.042708333333333334 
6 0.24244791666666668 0.5234375 0.009895833333333333 0.016666666666666666 
6 0.23854166666666668 0.5752604166666667 0.008333333333333333 0.015104166666666667 
6 0.275 0.5513020833333333 0.017708333333333333 0.025520833333333333 
