4 0.884375 0.7161458333333334 0.020833333333333332 0.0125 
4 0.035416666666666666 0.65703125 0.022916666666666665 0.015104166666666667 
4 0.05390625 0.6388020833333333 0.0203125 0.015104166666666667 
4 0.05364583333333333 0.4557291666666667 0.009375 0.020833333333333332 
12 0.8190104166666666 -0.12161458333333333 0.1140625 0.2734375 
12 0.6885416666666667 -0.0859375 0.10208333333333333 0.23645833333333333 
12 0.33177083333333335 0.025260416666666667 0.103125 0.1453125 
12 0.19869791666666667 -0.0046875 0.14010416666666667 0.25416666666666665 
12 0.05703125 -0.008072916666666667 0.16927083333333334 0.3567708333333333 
12 -0.03697916666666667 0.15390625 0.12395833333333334 0.18697916666666667 
4 0.05807291666666667 0.6513020833333333 0.022395833333333334 0.016145833333333335 
4 0.015625 0.825 0.021875 0.015625 
4 0.7776041666666667 0.8528645833333334 0.025 0.015104166666666667 
4 0.78125 0.48776041666666664 0.015625 0.021354166666666667 
4 0.76953125 0.49947916666666664 0.022395833333333334 0.03125 
4 0.85390625 0.2265625 0.0203125 0.0125 
4 0.7971354166666667 0.21692708333333333 0.0171875 0.021354166666666667 
4 0.8158854166666667 0.20807291666666666 0.016145833333333335 0.021354166666666667 
4 0.7606770833333333 0.8002604166666667 0.024479166666666666 0.016145833333333335 
4 0.8140625 0.990625 0.022916666666666665 0.016666666666666666 
4 0.8138020833333334 0.9763020833333333 0.022395833333333334 0.016145833333333335 
4 0.5192708333333333 0.8768229166666667 0.019791666666666666 0.013020833333333334 
4 0.5145833333333333 0.8481770833333333 0.022916666666666665 0.022395833333333334 
6 0.33828125 -0.005989583333333334 0.024479166666666666 0.033854166666666664 
4 0.4158854166666667 0.2950520833333333 0.016145833333333335 0.0203125 
4 0.2984375 0.40911458333333334 0.016666666666666666 0.0234375 
4 0.290625 0.384375 0.015625 0.021875 
4 0.30364583333333334 0.38255208333333335 0.01875 0.028645833333333332 
4 0.30546875 0.3502604166666667 0.0171875 0.0234375 
