6 0.01484375 0.7354166666666667 0.028645833333333332 0.06770833333333333 
6 0.9442708333333333 0.7403645833333333 0.06041666666666667 0.03177083333333333 
6 1.0158854166666667 0.5911458333333334 0.0609375 0.03125 
6 1.0145833333333334 0.5697916666666667 0.046875 0.027083333333333334 
6 1.0072916666666667 0.5486979166666667 0.04791666666666667 0.030729166666666665 
6 1.00078125 0.52734375 0.05572916666666667 0.034895833333333334 
6 0.06953125 0.30494791666666665 0.044270833333333336 0.033854166666666664 
4 0.2765625 0.5057291666666667 0.01875 0.027083333333333334 
4 0.2546875 0.5138020833333333 0.016666666666666666 0.0234375 
4 0.23255208333333333 0.5205729166666667 0.0171875 0.022395833333333334 
4 0.17552083333333332 0.4427083333333333 0.01875 0.027083333333333334 
4 0.24244791666666668 0.28880208333333335 0.024479166666666666 0.018229166666666668 
6 0.328125 0.28880208333333335 0.03333333333333333 0.0234375 
6 0.14401041666666667 0.2869791666666667 0.04114583333333333 0.03229166666666667 
6 0.10546875 0.296875 0.043229166666666666 0.030208333333333334 
13 0.49557291666666664 0.52578125 0.10677083333333333 0.0734375 
4 0.98984375 0.39609375 0.018229166666666668 0.0234375 
12 1.0541666666666667 0.5963541666666666 0.17395833333333333 0.25104166666666666 
12 0.8830729166666667 0.65234375 0.17135416666666667 0.2640625 
12 0.7127604166666667 0.6981770833333333 0.1546875 0.2609375 
12 0.5338541666666666 0.7307291666666667 0.175 0.2916666666666667 
12 0.3625 0.7341145833333333 0.1625 0.28489583333333335 
12 0.20338541666666668 0.7622395833333333 0.14322916666666666 0.24739583333333334 
4 0.23984375 0.5682291666666667 0.019270833333333334 0.023958333333333335 
4 0.28541666666666665 0.5546875 0.015625 0.021875 
4 0.32109375 0.55 0.0171875 0.027083333333333334 
4 0.33203125 0.5455729166666666 0.013020833333333334 0.021354166666666667 
4 0.99609375 0.45078125 0.016145833333333335 0.024479166666666666 
4 0.9830729166666666 0.45651041666666664 0.019270833333333334 0.0265625 
4 0.90703125 0.48020833333333335 0.015104166666666667 0.025 
4 0.8942708333333333 0.4825520833333333 0.015625 0.024479166666666666 
4 0.8830729166666667 0.48541666666666666 0.0140625 0.021875 
4 0.91171875 0.41796875 0.018229166666666668 0.024479166666666666 
4 0.8471354166666667 0.43828125 0.015104166666666667 0.022395833333333334 
4 0.8356770833333333 0.44140625 0.016145833333333335 0.0234375 
4 0.8736979166666666 0.4903645833333333 0.0140625 0.022395833333333334 
4 0.8598958333333333 0.4908854166666667 0.015625 0.0203125 
4 0.8291666666666667 0.50390625 0.016666666666666666 0.024479166666666666 
4 0.80625 0.5080729166666667 0.015625 0.022395833333333334 
4 0.7955729166666666 0.5130208333333334 0.015104166666666667 0.020833333333333332 
4 0.3619791666666667 0.38177083333333334 0.013541666666666667 0.026041666666666668 
4 0.346875 0.45598958333333334 0.015625 0.0265625 
4 0.384375 0.47265625 0.015625 0.024479166666666666 
4 0.3424479166666667 0.5416666666666666 0.0140625 0.022916666666666665 
6 0.9127604166666666 0.7794270833333333 0.07447916666666667 0.04010416666666667 
6 0.9330729166666667 0.7166666666666667 0.05364583333333333 0.026041666666666668 
6 0.346875 0.76796875 0.0375 0.024479166666666666 
6 0.3575520833333333 0.8075520833333333 0.04739583333333333 0.028645833333333332 
6 0.23619791666666667 0.8817708333333333 0.08489583333333334 0.04479166666666667 
6 0.40520833333333334 0.8705729166666667 0.084375 0.04010416666666667 
6 0.30234375 0.62109375 0.03697916666666667 0.018229166666666668 
6 0.31354166666666666 0.6666666666666666 0.053125 0.03125 
6 0.321875 0.6854166666666667 0.041666666666666664 0.026041666666666668 
6 0.32395833333333335 0.7072916666666667 0.04583333333333333 0.020833333333333332 
6 0.3307291666666667 0.7294270833333333 0.042708333333333334 0.025520833333333333 
6 0.3533854166666667 0.7856770833333333 0.043229166666666666 0.024479166666666666 
6 0.35703125 0.8294270833333334 0.05572916666666667 0.030729166666666665 
6 0.26119791666666664 0.8453125 0.0515625 0.029166666666666667 
6 0.36041666666666666 0.85078125 0.0625 0.03802083333333333 
6 0.41901041666666666 0.8140625 0.049479166666666664 0.025 
6 0.40859375 0.7963541666666667 0.03802083333333333 0.021875 
6 0.40729166666666666 0.7721354166666666 0.05416666666666667 0.0296875 
6 0.40182291666666664 0.7505208333333333 0.04739583333333333 0.026041666666666668 
6 0.3984375 0.7309895833333333 0.0625 0.030729166666666665 
6 0.38619791666666664 0.7135416666666666 0.0390625 0.021875 
6 0.38359375 0.6895833333333333 0.05260416666666667 0.029166666666666667 
6 0.033854166666666664 0.8151041666666666 0.042708333333333334 0.08333333333333333 
6 0.253125 0.81953125 0.05 0.030729166666666665 
6 0.9309895833333334 0.6955729166666667 0.06510416666666667 0.03177083333333333 
6 0.062239583333333334 0.7796875 0.03177083333333333 0.020833333333333332 
6 0.45 0.4236979166666667 0.029166666666666667 0.0203125 
6 0.34817708333333336 0.2984375 0.04010416666666667 0.021875 
6 0.10546875 0.85859375 0.0671875 0.028645833333333332 
6 0.08515625 0.8372395833333334 0.044270833333333336 0.027604166666666666 
6 0.05911458333333333 0.7130208333333333 0.06197916666666667 0.030208333333333334 
6 0.19973958333333333 0.8580729166666666 0.05260416666666667 0.027604166666666666 
6 0.20651041666666667 0.6546875 0.04010416666666667 0.023958333333333335 
6 0.20572916666666666 0.6799479166666667 0.035416666666666666 0.021354166666666667 
6 0.21901041666666668 0.71875 0.04010416666666667 0.020833333333333332 
6 0.22604166666666667 0.7375 0.046875 0.027083333333333334 
6 0.23255208333333333 0.7572916666666667 0.04635416666666667 0.026041666666666668 
6 0.240625 0.7815104166666667 0.051041666666666666 0.028645833333333332 
6 0.18776041666666668 0.79453125 0.03802083333333333 0.022395833333333334 
6 0.190625 0.8169270833333333 0.04791666666666667 0.0265625 
6 0.37604166666666666 0.6700520833333333 0.046875 0.0265625 
6 0.3653645833333333 0.63046875 0.044270833333333336 0.0265625 
6 0.46927083333333336 0.6221354166666667 0.05 0.0328125 
6 0.903125 0.6091145833333333 0.05416666666666667 0.033854166666666664 
6 0.7388020833333333 0.6838541666666667 0.044270833333333336 0.029166666666666667 
6 0.82890625 0.5830729166666667 0.05572916666666667 0.0328125 
6 0.8166666666666667 0.5625 0.06145833333333333 0.034375 
6 0.8856770833333333 0.5408854166666667 0.0546875 0.0328125 
6 0.8921875 0.56484375 0.0625 0.033854166666666664 
6 0.9013020833333333 0.58671875 0.06510416666666667 0.034895833333333334 
6 0.8380208333333333 0.6036458333333333 0.06354166666666666 0.03333333333333333 
6 0.8401041666666667 0.6263020833333334 0.06145833333333333 0.03697916666666667 
6 0.9122395833333333 0.63046875 0.0609375 0.0328125 
6 0.478125 0.6421875 0.046875 0.03229166666666667 
6 0.8453125 0.6502604166666667 0.06875 0.03697916666666667 
6 0.88046875 0.7611979166666667 0.05364583333333333 0.0296875 
6 0.8776041666666666 0.7354166666666667 0.05416666666666667 0.03229166666666667 
6 0.865625 0.71328125 0.0625 0.0328125 
6 0.8572916666666667 0.6919270833333333 0.059375 0.03177083333333333 
6 0.86015625 0.6684895833333333 0.049479166666666664 0.0265625 
6 0.9145833333333333 0.6528645833333333 0.05625 0.0296875 
6 0.9223958333333333 0.6744791666666666 0.06354166666666666 0.03333333333333333 
6 0.7565104166666666 0.7440104166666667 0.0546875 0.027604166666666666 
6 0.7690104166666667 0.7645833333333333 0.06197916666666667 0.034375 
6 0.746875 0.82578125 0.09166666666666666 0.044270833333333336 
6 0.5989583333333334 0.8330729166666667 0.065625 0.0359375 
6 0.4921875 0.68359375 0.0375 0.022395833333333334 
6 0.496875 0.7052083333333333 0.046875 0.03125 
6 0.5088541666666667 0.7458333333333333 0.042708333333333334 0.027083333333333334 
6 0.52578125 0.8114583333333333 0.04739583333333333 0.029166666666666667 
6 0.5307291666666667 0.83125 0.052083333333333336 0.027083333333333334 
6 0.5369791666666667 0.8518229166666667 0.046875 0.0265625 
6 0.5903645833333333 0.8130208333333333 0.05572916666666667 0.028125 
6 0.5794270833333334 0.7942708333333334 0.043229166666666666 0.023958333333333335 
6 0.5760416666666667 0.7744791666666667 0.052083333333333336 0.03333333333333333 
6 0.5690104166666666 0.7528645833333333 0.04739583333333333 0.027604166666666666 
6 0.56875 0.7302083333333333 0.06145833333333333 0.035416666666666666 
6 0.5528645833333333 0.7109375 0.0515625 0.028125 
6 0.55078125 0.6903645833333333 0.05677083333333333 0.030729166666666665 
6 0.54375 0.6713541666666667 0.05520833333333333 0.028125 
6 0.52890625 0.6067708333333334 0.05364583333333333 0.03125 
6 0.6791666666666667 0.6916666666666667 0.04583333333333333 0.030208333333333334 
6 0.5919270833333333 0.8658854166666666 0.07552083333333333 0.03802083333333333 
12 0.0640625 0.7861979166666667 0.1125 0.21614583333333334 
