6 0.6403645833333333 0.29244791666666664 0.028645833333333332 0.018229166666666668 
12 0.5041666666666667 0.89453125 0.14791666666666667 0.0890625 
12 0.77578125 0.08489583333333334 0.1234375 0.08229166666666667 
12 0.6143229166666667 0.23203125 0.16302083333333334 0.0984375 
12 0.5768229166666666 0.27890625 0.1640625 0.058854166666666666 
12 0.5171875 0.31328125 0.096875 0.0234375 
12 0.55 0.41119791666666666 0.12291666666666666 0.030729166666666665 
12 0.5341145833333333 0.6322916666666667 0.11927083333333334 0.05625 
12 0.54140625 0.5317708333333333 0.12239583333333333 0.07604166666666666 
6 0.5575520833333333 0.33359375 0.024479166666666666 0.0140625 
6 0.584375 0.5588541666666667 0.027083333333333334 0.0125 
6 0.59765625 0.39895833333333336 0.0296875 0.015625 
