13 0.8528645833333334 0.91875 0.043229166666666666 0.065625 
13 0.6216145833333333 0.9354166666666667 0.05572916666666667 0.03958333333333333 
6 0.45755208333333336 0.6255208333333333 0.018229166666666668 0.028125 
6 0.30963541666666666 0.6838541666666667 0.022395833333333334 0.053125 
12 0.8880208333333334 0.6229166666666667 0.058333333333333334 0.08333333333333333 
12 0.7627604166666667 0.6708333333333333 0.058854166666666666 0.10625 
12 0.609375 0.6848958333333334 0.103125 0.15416666666666667 
12 0.48541666666666666 0.6822916666666666 0.057291666666666664 0.16145833333333334 
12 0.29375 0.75625 0.036458333333333336 0.19375 
12 0.0296875 0.7645833333333333 0.017708333333333333 0.16979166666666667 
