6 0.7546875 0.5432291666666667 0.052083333333333336 0.03333333333333333 
6 0.7299479166666667 0.6716145833333333 0.058854166666666666 0.033854166666666664 
6 0.7182291666666667 0.64453125 0.053125 0.03177083333333333 
6 0.703125 0.60078125 0.065625 0.034895833333333334 
6 0.6830729166666667 0.5200520833333333 0.0515625 0.0328125 
6 0.66796875 0.47994791666666664 0.058854166666666666 0.0359375 
6 0.740625 0.5026041666666666 0.046875 0.026041666666666668 
6 0.7388020833333333 0.4822916666666667 0.06614583333333333 0.03854166666666667 
6 0.7630208333333334 0.565625 0.059375 0.030208333333333334 
6 0.90546875 0.5997395833333333 0.07239583333333334 0.04010416666666667 
6 0.7783854166666667 0.628125 0.0578125 0.03333333333333333 
6 0.9 0.5786458333333333 0.06770833333333333 0.0375 
6 0.8880208333333334 0.5325520833333334 0.06354166666666666 0.03177083333333333 
6 0.8799479166666667 0.5065104166666666 0.06614583333333333 0.034895833333333334 
6 0.87421875 0.48828125 0.0671875 0.034895833333333334 
4 0.8981770833333333 0.36276041666666664 0.0234375 0.016145833333333335 
4 0.89453125 0.32421875 0.025520833333333333 0.016145833333333335 
4 0.8903645833333333 0.29973958333333334 0.021354166666666667 0.0140625 
4 0.7966145833333333 0.30755208333333334 0.016145833333333335 0.024479166666666666 
6 0.7817708333333333 0.6552083333333333 0.052083333333333336 0.023958333333333335 
6 0.7760416666666666 0.60390625 0.06458333333333334 0.03697916666666667 
6 0.44166666666666665 0.7403645833333333 0.06041666666666667 0.03177083333333333 
6 0.5598958333333334 0.5125 0.05625 0.030208333333333334 
6 0.56171875 0.7216145833333333 0.0703125 0.034895833333333334 
6 0.5341145833333333 0.6760416666666667 0.06197916666666667 0.034375 
6 0.5244791666666667 0.63515625 0.05416666666666667 0.028645833333333332 
6 0.51328125 0.5911458333333334 0.0609375 0.03125 
6 0.5119791666666667 0.5697916666666667 0.046875 0.027083333333333334 
6 0.5046875 0.5486979166666667 0.04791666666666667 0.030729166666666665 
6 0.4981770833333333 0.52734375 0.05572916666666667 0.034895833333333334 
6 0.55546875 0.48723958333333334 0.0546875 0.028645833333333332 
6 0.5703125 0.5510416666666667 0.058333333333333334 0.030208333333333334 
6 0.7044270833333334 0.4434895833333333 0.016145833333333335 0.0234375 
6 0.5802083333333333 0.5713541666666667 0.0625 0.034375 
6 0.5854166666666667 0.5940104166666667 0.051041666666666666 0.027604166666666666 
6 0.5921875 0.6140625 0.06666666666666667 0.035416666666666666 
6 0.6088541666666667 0.67734375 0.06041666666666667 0.0328125 
6 0.5236979166666667 0.6119791666666666 0.0390625 0.025 
6 0.6942708333333333 0.5359375 0.03125 0.017708333333333333 
6 0.66328125 0.4552083333333333 0.034895833333333334 0.01875 
6 0.72265625 0.4635416666666667 0.0359375 0.021875 
4 0.7239583333333334 0.38515625 0.014583333333333334 0.0234375 
4 0.696875 0.33697916666666666 0.017708333333333333 0.025 
4 0.5075520833333333 0.3888020833333333 0.0171875 0.024479166666666666 
13 -0.00703125 0.52578125 0.10677083333333333 0.0734375 
4 0.48723958333333334 0.39609375 0.018229166666666668 0.0234375 
12 0.8958333333333334 0.5192708333333333 0.12395833333333334 0.20729166666666668 
12 0.725 0.5471354166666667 0.18020833333333333 0.25677083333333334 
12 0.5515625 0.5963541666666666 0.17395833333333333 0.25104166666666666 
12 0.38046875 0.65234375 0.17135416666666667 0.2640625 
12 0.21015625 0.6981770833333333 0.1546875 0.2609375 
12 0.03125 0.7307291666666667 0.175 0.2916666666666667 
4 0.4934895833333333 0.45078125 0.016145833333333335 0.024479166666666666 
4 0.48046875 0.45651041666666664 0.019270833333333334 0.0265625 
4 0.4044270833333333 0.48020833333333335 0.015104166666666667 0.025 
4 0.39166666666666666 0.4825520833333333 0.015625 0.024479166666666666 
4 0.38046875 0.48541666666666666 0.0140625 0.021875 
4 0.40911458333333334 0.41796875 0.018229166666666668 0.024479166666666666 
4 0.34453125 0.43828125 0.015104166666666667 0.022395833333333334 
4 0.33307291666666666 0.44140625 0.016145833333333335 0.0234375 
4 0.37109375 0.4903645833333333 0.0140625 0.022395833333333334 
4 0.3572916666666667 0.4908854166666667 0.015625 0.0203125 
4 0.3265625 0.50390625 0.016666666666666666 0.024479166666666666 
4 0.30364583333333334 0.5080729166666667 0.015625 0.022395833333333334 
4 0.29296875 0.5130208333333334 0.015104166666666667 0.020833333333333332 
6 0.41015625 0.7794270833333333 0.07447916666666667 0.04010416666666667 
6 0.43046875 0.7166666666666667 0.05364583333333333 0.026041666666666668 
6 0.4283854166666667 0.6955729166666667 0.06510416666666667 0.03177083333333333 
4 0.6578125 0.4036458333333333 0.013541666666666667 0.019791666666666666 
6 0.8869791666666667 0.2875 0.023958333333333335 0.014583333333333334 
4 0.8973958333333333 0.3377604166666667 0.023958333333333335 0.015104166666666667 
6 0.6403645833333333 0.8908854166666667 0.0296875 0.019270833333333334 
6 0.4005208333333333 0.6091145833333333 0.05416666666666667 0.033854166666666664 
6 0.23619791666666667 0.6838541666666667 0.044270833333333336 0.029166666666666667 
6 0.3263020833333333 0.5830729166666667 0.05572916666666667 0.0328125 
6 0.3140625 0.5625 0.06145833333333333 0.034375 
6 0.38307291666666665 0.5408854166666667 0.0546875 0.0328125 
6 0.38958333333333334 0.56484375 0.0625 0.033854166666666664 
6 0.39869791666666665 0.58671875 0.06510416666666667 0.034895833333333334 
6 0.33541666666666664 0.6036458333333333 0.06354166666666666 0.03333333333333333 
6 0.3375 0.6263020833333334 0.06145833333333333 0.03697916666666667 
6 0.40963541666666664 0.63046875 0.0609375 0.0328125 
6 0.34270833333333334 0.6502604166666667 0.06875 0.03697916666666667 
6 0.37786458333333334 0.7611979166666667 0.05364583333333333 0.0296875 
6 0.375 0.7354166666666667 0.05416666666666667 0.03229166666666667 
6 0.36302083333333335 0.71328125 0.0625 0.0328125 
6 0.3546875 0.6919270833333333 0.059375 0.03177083333333333 
6 0.3575520833333333 0.6684895833333333 0.049479166666666664 0.0265625 
6 0.4119791666666667 0.6528645833333333 0.05625 0.0296875 
6 0.4197916666666667 0.6744791666666666 0.06354166666666666 0.03333333333333333 
6 0.25390625 0.7440104166666667 0.0546875 0.027604166666666666 
6 0.26640625 0.7645833333333333 0.06197916666666667 0.034375 
6 0.24427083333333333 0.82578125 0.09166666666666666 0.044270833333333336 
6 0.09635416666666667 0.8330729166666667 0.065625 0.0359375 
6 -0.010416666666666666 0.68359375 0.0375 0.022395833333333334 
6 -0.005729166666666666 0.7052083333333333 0.046875 0.03125 
6 0.00625 0.7458333333333333 0.042708333333333334 0.027083333333333334 
6 0.023177083333333334 0.8114583333333333 0.04739583333333333 0.029166666666666667 
6 0.028125 0.83125 0.052083333333333336 0.027083333333333334 
6 0.034375 0.8518229166666667 0.046875 0.0265625 
6 0.08776041666666666 0.8130208333333333 0.05572916666666667 0.028125 
6 0.07682291666666667 0.7942708333333334 0.043229166666666666 0.023958333333333335 
6 0.0734375 0.7744791666666667 0.052083333333333336 0.03333333333333333 
6 0.06640625 0.7528645833333333 0.04739583333333333 0.027604166666666666 
6 0.06614583333333333 0.7302083333333333 0.06145833333333333 0.035416666666666666 
6 0.05026041666666667 0.7109375 0.0515625 0.028125 
6 0.048177083333333336 0.6903645833333333 0.05677083333333333 0.030729166666666665 
6 0.04114583333333333 0.6713541666666667 0.05520833333333333 0.028125 
6 0.026302083333333334 0.6067708333333334 0.05364583333333333 0.03125 
6 0.1765625 0.6916666666666667 0.04583333333333333 0.030208333333333334 
6 0.08932291666666667 0.8658854166666666 0.07552083333333333 0.03802083333333333 
