4 0.5197916666666667 0.65703125 0.022916666666666665 0.015104166666666667 
4 0.53828125 0.6388020833333333 0.0203125 0.015104166666666667 
4 0.4734375 0.565625 0.01875 0.01875 
4 0.35442708333333334 0.5325520833333334 0.021354166666666667 0.019270833333333334 
4 0.5380208333333333 0.4557291666666667 0.009375 0.020833333333333332 
6 0.40677083333333336 0.09817708333333333 0.025 0.034895833333333334 
6 0.29270833333333335 0.12135416666666667 0.023958333333333335 0.03229166666666667 
4 0.20130208333333333 0.6778645833333333 0.0234375 0.024479166666666666 
4 0.20833333333333334 0.9575520833333333 0.017708333333333333 0.019270833333333334 
12 0.8161458333333333 0.025260416666666667 0.103125 0.1453125 
12 0.6830729166666667 -0.0046875 0.14010416666666667 0.25416666666666665 
12 0.54140625 -0.008072916666666667 0.16927083333333334 0.3567708333333333 
12 0.4473958333333333 0.15390625 0.12395833333333334 0.18697916666666667 
12 0.18854166666666666 0.1671875 0.146875 0.3 
12 0.3489583333333333 0.18515625 0.11145833333333334 0.1953125 
12 0.05572916666666667 0.22109375 0.20416666666666666 0.29635416666666664 
4 0.5424479166666667 0.6513020833333333 0.022395833333333334 0.016145833333333335 
4 0.4265625 0.7755208333333333 0.023958333333333335 0.015625 
13 0.1890625 0.48046875 0.05 0.04635416666666667 
4 0.5 0.825 0.021875 0.015625 
13 0.0010416666666666667 0.84921875 0.0625 0.06822916666666666 
4 0.44088541666666664 0.8171875 0.028645833333333332 0.016666666666666666 
6 0.25286458333333334 0.9692708333333333 0.019270833333333334 0.022916666666666665 
4 1.0036458333333333 0.8768229166666667 0.019791666666666666 0.013020833333333334 
4 0.9989583333333333 0.8481770833333333 0.022916666666666665 0.022395833333333334 
6 0.82265625 -0.005989583333333334 0.024479166666666666 0.033854166666666664 
4 0.9002604166666667 0.2950520833333333 0.016145833333333335 0.0203125 
4 0.7828125 0.40911458333333334 0.016666666666666666 0.0234375 
4 0.775 0.384375 0.015625 0.021875 
4 0.7880208333333333 0.38255208333333335 0.01875 0.028645833333333332 
4 0.78984375 0.3502604166666667 0.0171875 0.0234375 
