6 0.15755208333333334 0.18255208333333334 0.0067708333333333336 0.0171875 
12 0.7604166666666666 0.7473958333333334 0.10416666666666667 0.18125 
12 0.8458333333333333 0.19401041666666666 0.20729166666666668 0.1546875 
12 0.78203125 0.12708333333333333 0.1796875 0.13541666666666666 
12 0.7268229166666667 0.04791666666666667 0.1953125 0.15833333333333333 
12 0.01484375 0.36822916666666666 0.38177083333333334 0.10104166666666667 
12 0.29635416666666664 0.225 0.08958333333333333 0.11145833333333334 
6 0.61953125 -0.003125 0.015104166666666667 0.0125 
6 0.7684895833333333 0.6705729166666666 0.013020833333333334 0.022395833333333334 
6 0.8942708333333333 0.042708333333333334 0.01875 0.017708333333333333 
6 0.62421875 0.00234375 0.022395833333333334 0.018229166666666668 
6 0.19322916666666667 0.34765625 0.01875 0.025520833333333333 
