4 0.35442708333333334 0.99296875 0.021354166666666667 0.019270833333333334 
4 0.5380208333333333 0.9161458333333333 0.009375 0.020833333333333332 
6 0.40677083333333336 0.55859375 0.025 0.034895833333333334 
6 0.6669270833333333 0.34322916666666664 0.022395833333333334 0.028125 
6 0.49557291666666664 0.3015625 0.0265625 0.041666666666666664 
6 0.29270833333333335 0.5817708333333333 0.023958333333333335 0.03229166666666667 
12 0.8161458333333333 0.4856770833333333 0.103125 0.1453125 
12 0.6830729166666667 0.4557291666666667 0.14010416666666667 0.25416666666666665 
12 0.54140625 0.45234375 0.16927083333333334 0.3567708333333333 
12 0.4473958333333333 0.6143229166666667 0.12395833333333334 0.18697916666666667 
12 0.18854166666666666 0.6276041666666666 0.146875 0.3 
12 0.3489583333333333 0.6455729166666667 0.11145833333333334 0.1953125 
12 0.05572916666666667 0.6815104166666667 0.20416666666666666 0.29635416666666664 
13 0.1890625 0.9408854166666667 0.05 0.04635416666666667 
6 0.82265625 0.4544270833333333 0.024479166666666666 0.033854166666666664 
4 0.9002604166666667 0.75546875 0.016145833333333335 0.0203125 
4 0.7828125 0.86953125 0.016666666666666666 0.0234375 
4 0.775 0.8447916666666667 0.015625 0.021875 
4 0.7880208333333333 0.84296875 0.01875 0.028645833333333332 
4 0.78984375 0.8106770833333333 0.0171875 0.0234375 
