12 0.8822916666666667 0.36822916666666666 0.10520833333333333 0.057291666666666664 
12 0.8838541666666667 0.47890625 0.14895833333333333 0.0828125 
12 0.8518229166666667 0.6145833333333334 0.1421875 0.046875 
12 0.77578125 0.8541666666666666 0.1234375 0.08229166666666667 
12 0.6143229166666667 1.0013020833333333 0.16302083333333334 0.0984375 
12 0.7778645833333333 0.7309895833333333 0.0828125 0.021354166666666667 
4 0.415625 0.14921875 0.015625 0.021354166666666667 
4 0.42526041666666664 0.14583333333333334 0.015104166666666667 0.019791666666666666 
4 0.5567708333333333 0.34296875 0.023958333333333335 0.019270833333333334 
4 0.5770833333333333 0.3502604166666667 0.01875 0.015104166666666667 
4 0.4276041666666667 0.7466145833333333 0.015625 0.018229166666666668 
4 0.7473958333333334 0.1109375 0.021875 0.017708333333333333 
6 0.8986979166666667 0.3497395833333333 0.03697916666666667 0.022395833333333334 
6 0.8877604166666667 0.37916666666666665 0.019270833333333334 0.030208333333333334 
12 0.8901041666666667 0.26875 0.146875 0.090625 
