4 0.05364583333333333 0.9161458333333333 0.009375 0.020833333333333332 
6 0.18255208333333334 0.34322916666666664 0.022395833333333334 0.028125 
6 0.011197916666666667 0.3015625 0.0265625 0.041666666666666664 
12 0.8190104166666666 0.33880208333333334 0.1140625 0.2734375 
12 0.6885416666666667 0.37447916666666664 0.10208333333333333 0.23645833333333333 
12 0.33177083333333335 0.4856770833333333 0.103125 0.1453125 
12 0.19869791666666667 0.4557291666666667 0.14010416666666667 0.25416666666666665 
12 0.05703125 0.45234375 0.16927083333333334 0.3567708333333333 
12 -0.03697916666666667 0.6143229166666667 0.12395833333333334 0.18697916666666667 
4 0.78125 0.9481770833333333 0.015625 0.021354166666666667 
4 0.76953125 0.9598958333333333 0.022395833333333334 0.03125 
4 0.85390625 0.6869791666666667 0.0203125 0.0125 
4 0.7971354166666667 0.67734375 0.0171875 0.021354166666666667 
4 0.8158854166666667 0.6684895833333333 0.016145833333333335 0.021354166666666667 
6 0.67265625 0.28463541666666664 0.0171875 0.027604166666666666 
6 0.33828125 0.4544270833333333 0.024479166666666666 0.033854166666666664 
4 0.4158854166666667 0.75546875 0.016145833333333335 0.0203125 
4 0.2984375 0.86953125 0.016666666666666666 0.0234375 
4 0.290625 0.8447916666666667 0.015625 0.021875 
4 0.30364583333333334 0.84296875 0.01875 0.028645833333333332 
4 0.30546875 0.8106770833333333 0.0171875 0.0234375 
