6 0.29348958333333336 0.51015625 0.016145833333333335 0.030729166666666665 
13 0.95390625 0.033854166666666664 0.0578125 0.04375 
12 0.46875 0.39479166666666665 0.030208333333333334 0.03854166666666667 
12 0.5864583333333333 0.3458333333333333 0.06979166666666667 0.08645833333333333 
12 0.7041666666666667 0.30364583333333334 0.03333333333333333 0.04791666666666667 
12 0.8338541666666667 0.26614583333333336 0.01875 0.08229166666666667 
12 0.6169270833333333 0.8481770833333333 0.08072916666666667 0.0265625 
12 0.21848958333333332 0.92265625 0.1328125 0.0609375 
12 0.28984375 0.69921875 0.1484375 0.1046875 
12 0.9705729166666667 0.17552083333333332 0.05572916666666667 0.10520833333333333 
13 0.21822916666666667 0.3026041666666667 0.052083333333333336 0.04375 
6 0.9848958333333333 0.23541666666666666 0.019791666666666666 0.030208333333333334 
6 0.34322916666666664 0.6885416666666667 0.0375 0.021875 
6 0.5986979166666667 0.8291666666666667 0.044270833333333336 0.016666666666666666 
6 0.5895833333333333 0.8604166666666667 0.027083333333333334 0.0125 
6 0.56796875 0.37526041666666665 0.022395833333333334 0.028645833333333332 
6 0.69140625 0.31588541666666664 0.0234375 0.0328125 
4 0.43723958333333335 0.11848958333333333 0.022395833333333334 0.0203125 
4 0.84921875 0.025520833333333333 0.0234375 0.019791666666666666 
4 0.8466145833333333 0.044270833333333336 0.019270833333333334 0.022916666666666665 
12 0.27005208333333336 0.475 0.07135416666666666 0.10833333333333334 
