12 0.8458333333333333 1.02734375 0.20729166666666668 0.1546875 
12 0.78203125 0.9604166666666667 0.1796875 0.13541666666666666 
12 0.7268229166666667 0.88125 0.1953125 0.15833333333333333 
12 0.68671875 0.7497395833333333 0.2203125 0.16510416666666666 
12 0.66484375 0.6481770833333333 0.21302083333333333 0.16510416666666666 
12 0.5424479166666667 0.57421875 0.27239583333333334 0.20885416666666667 
6 0.6169270833333333 0.8247395833333333 0.0140625 0.0140625 
6 0.61953125 0.8302083333333333 0.015104166666666667 0.0125 
6 0.8942708333333333 0.8760416666666667 0.01875 0.017708333333333333 
6 0.8393229166666667 0.30494791666666665 0.028645833333333332 0.0265625 
6 0.9861979166666667 0.5046875 0.022395833333333334 0.020833333333333332 
6 0.9736979166666667 0.51484375 0.025520833333333333 0.021354166666666667 
4 0.95390625 0.2669270833333333 0.022395833333333334 0.024479166666666666 
4 0.9276041666666667 0.24453125 0.025 0.021354166666666667 
6 0.5794270833333334 0.6958333333333333 0.0265625 0.022916666666666665 
6 0.62421875 0.8356770833333333 0.022395833333333334 0.018229166666666668 
6 0.42890625 0.6356770833333333 0.0296875 0.0265625 
