4 0.9568281938325991 0.09316427783902977 0.038766519823788544 0.029768467475192944 
4 0.7449339207048458 0.15380374862183022 0.039647577092511016 0.05181918412348401 
4 0.8378854625550661 0.029768467475192944 0.04052863436123348 0.05292171995589857 
7 0.5731277533039647 0.818632855567806 0.09779735682819383 0.22381477398015434 
7 0.4647577092511013 0.8291069459757442 0.09427312775330396 0.2249173098125689 
7 0.36123348017621143 0.8395810363836824 0.09515418502202644 0.22381477398015434 
7 0.25859030837004404 0.8478500551267916 0.09427312775330396 0.2227122381477398 
7 0.8202643171806168 0.43439911797133407 0.10396475770925111 0.2249173098125689 
7 0.713215859030837 0.44652701212789414 0.09955947136563877 0.2249173098125689 
7 0.6057268722466961 0.4570011025358324 0.0960352422907489 0.22601984564498345 
7 0.5008810572687225 0.46747519294377066 0.09251101321585903 0.22712238147739802 
7 0.394273127753304 0.4785005512679162 0.09427312775330396 0.2249173098125689 
7 0.2907488986784141 0.48676957001102533 0.09515418502202644 0.22381477398015434 
