4 0.976 0.7874859075535513 0.045714285714285714 0.048478015783540024 
4 0.5817142857142857 0.8962795941375423 0.052571428571428575 0.036076662908680945 
7 0.5034285714285714 0.32638105975197296 0.21828571428571428 0.23111612175873733 
7 0.6074285714285714 0.24126268320180383 0.21828571428571428 0.2277339346110485 
7 0.7188571428571429 0.5772266065388951 0.21714285714285714 0.2322435174746336 
7 0.82 0.4932356257046223 0.21828571428571428 0.23111612175873733 
4 0.021714285714285714 0.2125140924464487 0.038857142857142854 0.043968432919954906 
4 0.11885714285714286 0.2891770011273957 0.04114285714285714 0.046223224351747465 
4 0.088 0.3038331454340473 0.04114285714285714 0.043968432919954906 
4 0.14285714285714285 0.3804960541149944 0.04114285714285714 0.046223224351747465 
4 0.5148571428571429 0.8726042841037204 0.053714285714285714 0.0496054114994363 
4 0.8074285714285714 0.9182638105975197 0.044571428571428574 0.05749718151071026 
4 0.888 0.7226606538895152 0.045714285714285714 0.04284103720405862 
4 0.832 0.9058624577226606 0.048 0.0552423900789177 
4 0.8531428571428571 0.8906426155580609 0.046857142857142854 0.058624577226606536 
4 0.876 0.8821871476888388 0.046857142857142854 0.05749718151071026 
4 0.8937142857142857 0.8658399098083427 0.045714285714285714 0.05411499436302142 
4 0.9148571428571428 0.8568207440811725 0.04228571428571429 0.0496054114994363 
4 0.9325714285714286 0.842728297632469 0.04114285714285714 0.048478015783540024 
4 0.952 0.8286358511837655 0.045714285714285714 0.05186020293122886 
4 0.8005714285714286 0.7869222096956031 0.044571428571428574 0.038331454340473504 
4 0.8445714285714285 0.7570462232243518 0.045714285714285714 0.04171364148816235 
7 0.4005714285714286 0.41037204058624577 0.22057142857142858 0.2277339346110485 
