5 0.6061285500747384 0.9423076923076923 0.06726457399103139 0.09866220735785954 
4 0.043348281016442454 0.7031772575250836 0.0687593423019432 0.048494983277591976 
4 0.5343796711509716 0.9147157190635451 0.03736920777279522 0.07023411371237458 
4 0.4491778774289985 0.919732441471572 0.043348281016442454 0.06688963210702341 
4 0.24663677130044842 0.8745819397993311 0.05082212257100149 0.08695652173913043 
4 0.16517189835575485 0.794314381270903 0.08221225710014948 0.05016722408026756 
4 0.7840059790732437 0.17725752508361203 0.052316890881913304 0.07023411371237458 
4 0.6188340807174888 0.11036789297658862 0.04783258594917788 0.06020066889632107 
4 0.6360239162929746 0.15217391304347827 0.04932735426008968 0.07357859531772576 
4 0.15246636771300448 0.0451505016722408 0.07174887892376682 0.043478260869565216 
7 0.8841554559043349 0.7048494983277592 0.19282511210762332 0.34615384615384615 
7 0.6920777279521674 0.6563545150501672 0.19431988041853512 0.3528428093645485 
7 0.4880418535127055 0.6070234113712375 0.19581464872944693 0.3511705685618729 
7 0.29895366218236175 0.5576923076923077 0.19730941704035873 0.3494983277591973 
