4 0.1452581032412965 0.17782909930715934 0.024009603841536616 0.04003079291762895 
5 0.5945378151260504 0.5658198614318707 0.034213685474189674 0.06004618937644342 
5 0.375750300120048 0.21593533487297922 0.058823529411764705 0.1147036181678214 
5 0.28211284513805523 0.14742109314857582 0.058823529411764705 0.11932255581216321 
5 0.3631452581032413 0.5985373364126251 0.03601440576230492 0.06543494996150885 
5 0.38055222088835533 0.5892994611239415 0.03361344537815126 0.06389530408006158 
5 0.4009603841536615 0.573518090839107 0.03481392557022809 0.07390300230946882 
5 0.5663265306122449 0.5 0.04141656662665066 0.0731331793687452 
5 0.553421368547419 0.6193225558121632 0.03601440576230492 0.06697459584295612 
5 0.6209483793517407 0.5481139337952271 0.034213685474189674 0.06466512702078522 
4 0.1293517406962785 0.09969207082371055 0.02581032412965186 0.042340261739799843 
5 0.6422569027611045 0.537721324095458 0.03721488595438175 0.07159353348729793 
5 0.6608643457382953 0.4869130100076982 0.03481392557022809 0.06081601231716705 
5 0.709483793517407 0.3163972286374134 0.062424969987995196 0.12009237875288684 
5 0.7842136854741897 0.26828329484218627 0.045018007202881155 0.07159353348729793 
5 0.33913565426170467 0.5873749037721324 0.03481392557022809 0.06774441878367975 
5 0.452280912364946 0.527328714395689 0.033013205282112844 0.06312548113933796 
5 0.39735894357743096 0.1739799846035412 0.03601440576230492 0.06620477290223249 
5 0.4561824729891957 0.1720554272517321 0.058823529411764705 0.12548113933795227 
