5 0.841743119266055 0.12878787878787878 0.0779816513761468 0.02861952861952862 
5 0.5636467889908257 0.476010101010101 0.09977064220183486 0.05134680134680135 
5 0.5172018348623854 0.48653198653198654 0.09174311926605505 0.04713804713804714 
5 0.2505733944954128 0.5829124579124579 0.09518348623853211 0.047979797979797977 
5 0.49655963302752293 0.6132154882154882 0.07568807339449542 0.06818181818181818 
5 0.7115825688073395 0.30934343434343436 0.10206422018348624 0.04461279461279461 
5 0.6938073394495413 0.3253367003367003 0.09403669724770643 0.03956228956228956 
5 0.6588302752293578 0.36742424242424243 0.09518348623853211 0.04292929292929293 
5 0.6255733944954128 0.4095117845117845 0.09288990825688073 0.049663299663299666 
5 0.6032110091743119 0.4356060606060606 0.09862385321100918 0.049663299663299666 
5 0.5860091743119266 0.45791245791245794 0.0963302752293578 0.05218855218855219 
5 0.6743119266055045 0.3451178451178451 0.10321100917431193 0.04377104377104377 
4 0.6553899082568807 0.02861952861952862 0.033256880733944956 0.037037037037037035 
5 0.4111238532110092 0.7335858585858586 0.09518348623853211 0.047979797979797977 
5 0.5653669724770642 0.6603535353535354 0.07110091743119266 0.07154882154882154 
5 0.5986238532110092 0.6708754208754208 0.07110091743119266 0.06902356902356903 
5 0.6611238532110092 0.6982323232323232 0.0676605504587156 0.06986531986531987 
5 0.8394495412844036 0.7811447811447811 0.07110091743119266 0.06228956228956229 
5 0.22018348623853212 0.041245791245791245 0.06880733944954129 0.02861952861952862 
5 0.21330275229357798 0.018518518518518517 0.07339449541284404 0.02861952861952862 
5 0.4610091743119266 0.10143097643097643 0.11238532110091744 0.03956228956228956 
5 0.6381880733944955 0.3888888888888889 0.09977064220183486 0.04208754208754209 
5 0.455848623853211 0.5231481481481481 0.06307339449541284 0.06986531986531987 
