4 0.9783653846153846 0.20087719298245615 0.04567307692307692 0.043859649122807015 
4 0.6502403846153846 0.03333333333333333 0.04807692307692308 0.028070175438596492 
8 0.6213942307692307 0.40131578947368424 0.28365384615384615 0.1763157894736842 
7 0.43930288461538464 0.5385964912280702 0.1935096153846154 0.17719298245614035 
7 0.5715144230769231 0.5903508771929824 0.19591346153846154 0.17894736842105263 
7 0.28365384615384615 0.7482456140350877 0.1971153846153846 0.18070175438596492 
7 0.41646634615384615 0.8004385964912281 0.19591346153846154 0.1780701754385965 
4 0.59375 0.017982456140350878 0.057692307692307696 0.02894736842105263 
4 0.6598557692307693 0.016228070175438595 0.052884615384615384 0.02894736842105263 
4 0.6454326923076923 0.05 0.052884615384615384 0.028070175438596492 
4 0.7962740384615384 0.02456140350877193 0.039663461538461536 0.02456140350877193 
4 0.6364182692307693 0.06885964912280702 0.056490384615384616 0.03070175438596491 
4 0.6850961538461539 0.09824561403508772 0.02403846153846154 0.031578947368421054 
4 0.7475961538461539 0.10833333333333334 0.04567307692307692 0.02543859649122807 
4 0.7518028846153846 0.08947368421052632 0.051682692307692304 0.02982456140350877 
4 0.7650240384615384 0.07192982456140351 0.04927884615384615 0.028070175438596492 
4 0.7740384615384616 0.056140350877192984 0.05048076923076923 0.028070175438596492 
4 0.7818509615384616 0.03859649122807018 0.046875 0.028070175438596492 
8 0.6959134615384616 0.30043859649122806 0.28365384615384615 0.1763157894736842 
