4 0.8027156549520766 0.6598599766627772 0.05591054313099041 0.03150525087514586 
4 0.9744408945686901 0.764294049008168 0.03514376996805112 0.044340723453908985 
7 0.6805111821086262 0.3856476079346558 0.28434504792332266 0.2322053675612602 
7 0.26916932907348246 0.5647607934655776 0.28913738019169327 0.23337222870478413 
7 0.40654952076677314 0.6441073512252042 0.28913738019169327 0.23337222870478413 
4 0.034345047923322686 0.4043173862310385 0.06230031948881789 0.050175029171528586 
4 0.49201277955271566 0.8687281213535589 0.0670926517571885 0.03617269544924154 
4 0.6621405750798722 0.8856476079346558 0.04313099041533546 0.06534422403733955 
4 0.6461661341853036 0.956242707117853 0.039936102236421724 0.05484247374562427 
4 0.8738019169329073 0.9544924154025671 0.07028753993610223 0.03733955659276546 
4 0.9616613418530351 0.9072345390898483 0.07348242811501597 0.038506417736289385 
4 0.8210862619808307 0.8459743290548425 0.03194888178913738 0.049008168028004666 
4 0.8522364217252396 0.8313885647607935 0.036741214057507986 0.047841306884480746 
4 0.8809904153354633 0.8214702450408401 0.03354632587859425 0.039673278879813305 
4 0.9129392971246006 0.8063010501750292 0.036741214057507986 0.044340723453908985 
4 0.9408945686900958 0.7864644107351225 0.03194888178913738 0.049008168028004666 
4 0.9105431309904153 0.7561260210035006 0.02875399361022364 0.039673278879813305 
4 0.9384984025559105 0.73512252042007 0.03354632587859425 0.046674445740956826 
4 0.9712460063897763 0.719369894982497 0.03514376996805112 0.043173862310385065 
7 0.5383386581469649 0.3063010501750292 0.29073482428115016 0.2322053675612602 
