4 0.6255707762557078 0.9684329199549042 0.03881278538812785 0.0496054114994363 
4 0.58675799086758 0.9487034949267192 0.0365296803652968 0.048478015783540024 
7 0.4041095890410959 0.4317925591882751 0.1917808219178082 0.23675310033821872 
7 0.5199771689497716 0.49379932356257045 0.1952054794520548 0.23900789177001128 
7 0.6364155251141552 0.556369785794814 0.19292237442922375 0.237880496054115 
7 0.7534246575342466 0.6206313416009019 0.1917808219178082 0.24013528748590757 
7 0.8715753424657534 0.6826381059751973 0.19292237442922375 0.237880496054115 
7 0.3801369863013699 0.7158962795941376 0.23972602739726026 0.19165727170236754 
7 0.672945205479452 0.8731679819616686 0.2408675799086758 0.1927846674182638 
4 0.057648401826484015 0.673055242390079 0.04223744292237443 0.0496054114994363 
4 0.08333333333333333 0.6809470124013529 0.0365296803652968 0.04509582863585118 
4 0.10273972602739725 0.6933483652762119 0.03424657534246575 0.04509582863585118 
4 0.1232876712328767 0.7040586245772266 0.03424657534246575 0.046223224351747465 
4 0.1415525114155251 0.7215332581736189 0.0410958904109589 0.058624577226606536 
4 0.20490867579908675 0.7514092446448704 0.04452054794520548 0.05749718151071026 
4 0.2745433789954338 0.7784667418263811 0.03767123287671233 0.046223224351747465 
4 0.3184931506849315 0.8043968432919955 0.03881278538812785 0.05298759864712514 
4 0.3527397260273973 0.8241262683201804 0.03881278538812785 0.05186020293122886 
4 0.5622146118721462 0.9374295377677565 0.03995433789954338 0.05298759864712514 
7 0.2876712328767123 0.3686583990980834 0.19406392694063926 0.23675310033821872 
