5 0.47863247863247865 0.341687552213868 0.03418803418803419 0.05513784461152882 
5 0.48034188034188036 0.8504594820384294 0.03076923076923077 0.06850459482038429 
5 0.5405982905982906 0.6637426900584795 0.023076923076923078 0.05263157894736842 
5 0.5175213675213676 0.6599832915622389 0.026495726495726495 0.06349206349206349 
5 0.03675213675213675 0.3433583959899749 0.02735042735042735 0.05513784461152882 
5 0.2551282051282051 0.6537176274018379 0.0452991452991453 0.025898078529657476 
5 0.5846153846153846 0.8751044277360067 0.03418803418803419 0.07101086048454469 
5 0.5021367521367521 0.8554720133667502 0.029914529914529916 0.07017543859649122 
5 0.29743589743589743 0.8070175438596491 0.02564102564102564 0.06683375104427736 
5 0.4465811965811966 0.7017543859649122 0.023076923076923078 0.07017543859649122 
5 0.27735042735042736 0.8003341687552213 0.028205128205128206 0.06850459482038429 
5 0.2512820512820513 0.7907268170426065 0.02735042735042735 0.06599832915622389 
5 0.23076923076923078 0.7844611528822055 0.023931623931623933 0.07351712614870509 
5 0.20854700854700856 0.7677527151211362 0.020512820512820513 0.06850459482038429 
5 0.297008547008547 0.6169590643274854 0.021367521367521368 0.050960735171261484 
5 0.5542735042735043 0.7247284878863827 0.028205128205128206 0.07101086048454469 
5 0.5833333333333334 0.670843776106934 0.024786324786324785 0.07017543859649122 
5 0.5683760683760684 0.7965747702589808 0.07692307692307693 0.029239766081871343 
5 0.6055555555555555 0.6658312447786132 0.026495726495726495 0.061821219715956555 
5 0.47435897435897434 0.6478696741854637 0.02735042735042735 0.06599832915622389 
5 0.3423076923076923 0.6307435254803676 0.023076923076923078 0.04845446950710108 
5 0.49401709401709404 0.6574770258980785 0.02735042735042735 0.07184628237259816 
5 0.5670940170940171 0.47619047619047616 0.03162393162393162 0.04678362573099415 
5 0.5991452991452991 0.5593149540517962 0.02735042735042735 0.042606516290726815 
5 0.5816239316239317 0.5476190476190477 0.026495726495726495 0.03926482873851295 
5 0.40341880341880343 0.7138680033416875 0.022222222222222223 0.05263157894736842 
5 0.1363247863247863 0.27652464494569756 0.05042735042735043 0.03341687552213868 
5 0.6474358974358975 0.8412698412698413 0.07094017094017094 0.03508771929824561 
5 0.5632478632478632 0.8646616541353384 0.023931623931623933 0.07184628237259816 
5 0.5230769230769231 0.858813700918964 0.02735042735042735 0.05179615705931495 
5 0.39871794871794874 0.8400167084377611 0.026495726495726495 0.04928989139515455 
5 0.4200854700854701 0.8404344193817878 0.023076923076923078 0.04845446950710108 
5 0.594017094017094 0.7368421052631579 0.02735042735042735 0.06683375104427736 
5 0.5076923076923077 0.7364243943191312 0.02564102564102564 0.06934001670843776 
5 0.33547008547008544 0.6938178780284043 0.023076923076923078 0.047619047619047616 
5 0.5662393162393162 0.5898078529657477 0.04871794871794872 0.028404344193817876 
5 0.03418803418803419 0.6499582289055973 0.02735042735042735 0.05680868838763575 
5 0.620940170940171 0.36967418546365916 0.0452991452991453 0.07435254803675856 
5 0.5444444444444444 0.341687552213868 0.035897435897435895 0.07351712614870509 
5 0.5042735042735043 0.32999164578111945 0.042735042735042736 0.08020050125313283 
5 0.27564102564102566 0.47076023391812866 0.07264957264957266 0.030910609857978277 
5 0.28547008547008546 0.4227234753550543 0.0735042735042735 0.02506265664160401 
5 0.2863247863247863 0.4452798663324979 0.07863247863247863 0.026733500417710943 
5 0.026923076923076925 0.720969089390142 0.023076923076923078 0.06349206349206349 
5 0.31196581196581197 0.6934001670843776 0.020512820512820513 0.05012531328320802 
5 0.09957264957264957 0.6766917293233082 0.023076923076923078 0.05179615705931495 
5 0.05726495726495726 0.6654135338345865 0.02905982905982906 0.07101086048454469 
5 0.15854700854700854 0.3893065998329156 0.0641025641025641 0.023391812865497075 
5 0.1606837606837607 0.3654970760233918 0.06495726495726496 0.02422723475355054 
5 0.1641025641025641 0.34502923976608185 0.07179487179487179 0.026733500417710943 
5 0.23205128205128206 0.30952380952380953 0.07948717948717948 0.047619047619047616 
5 0.6743589743589744 0.39557226399331663 0.042735042735042736 0.07602339181286549 
5 0.7196581196581197 0.42063492063492064 0.039316239316239315 0.07268170426065163 
5 0.7632478632478632 0.4444444444444444 0.042735042735042736 0.07351712614870509 
5 0.805982905982906 0.4590643274853801 0.037606837606837605 0.06766917293233082 
5 0.794017094017094 0.5355054302422724 0.07179487179487179 0.045112781954887216 
5 0.6901709401709402 0.545530492898914 0.04188034188034188 0.07184628237259816 
5 0.41452991452991456 0.449874686716792 0.03418803418803419 0.059314954051796154 
5 0.4423076923076923 0.4502923976608187 0.028205128205128206 0.045112781954887216 
5 0.5051282051282051 0.4674185463659148 0.02735042735042735 0.04427736006683375 
5 0.5995726495726496 0.5008354218880535 0.029914529914529916 0.04427736006683375 
5 0.6175213675213675 0.5100250626566416 0.029914529914529916 0.04594820384294068 
5 0.49273504273504276 0.5793650793650794 0.07435897435897436 0.025898078529657476 
5 0.620940170940171 0.6123642439431913 0.05555555555555555 0.04177109440267335 
5 0.48717948717948717 0.5233918128654971 0.03418803418803419 0.06766917293233082 
5 0.5448717948717948 0.5367585630743525 0.03675213675213675 0.07101086048454469 
5 0.5623931623931624 0.5446950710108605 0.02735042735042735 0.04177109440267335 
5 0.28974358974358977 0.6850459482038429 0.02735042735042735 0.07184628237259816 
5 0.38632478632478634 0.6349206349206349 0.020512820512820513 0.061821219715956555 
5 0.6196581196581197 0.5626566416040101 0.02735042735042735 0.04427736006683375 
5 0.4461538461538462 0.3007518796992481 0.03418803418803419 0.07351712614870509 
4 0.714957264957265 0.06307435254803676 0.04188034188034188 0.030910609857978277 
5 0.48504273504273504 0.7280701754385965 0.028205128205128206 0.06265664160401002 
5 0.561965811965812 0.6574770258980785 0.024786324786324785 0.04845446950710108 
5 0.7294871794871794 0.6424394319131161 0.07606837606837606 0.03341687552213868 
4 0.7200854700854701 0.030910609857978277 0.05213675213675214 0.031746031746031744 
4 0.6961538461538461 0.11319966583124477 0.04358974358974359 0.025898078529657476 
4 0.6978632478632478 0.09565580618212197 0.04358974358974359 0.02756892230576441 
4 0.7726495726495727 0.47076023391812866 0.03076923076923077 0.042606516290726815 
4 0.3799145299145299 0.8295739348370927 0.026495726495726495 0.04678362573099415 
4 0.7867521367521367 0.4323308270676692 0.029914529914529916 0.03926482873851295 
4 0.7995726495726496 0.5075187969924813 0.040170940170940174 0.02756892230576441 
4 0.6918803418803419 0.7218045112781954 0.04700854700854701 0.03007518796992481 
4 0.7786324786324786 0.5735171261487051 0.035897435897435895 0.034252297410192145 
4 0.25213675213675213 0.6720969089390142 0.035897435897435895 0.014202172096908938 
4 0.4623931623931624 0.7247284878863827 0.023931623931623933 0.05263157894736842 
5 0.6162393162393163 0.7305764411027569 0.03418803418803419 0.07101086048454469 
5 0.7380341880341881 0.4348370927318296 0.038461538461538464 0.06432748538011696 
5 0.3175213675213675 0.8153717627401837 0.03162393162393162 0.05680868838763575 
5 0.3811965811965812 0.7088554720133667 0.02735042735042735 0.06265664160401002 
5 0.7106837606837607 0.7994987468671679 0.07606837606837606 0.018379281537176273 
5 0.705982905982906 0.779030910609858 0.0735042735042735 0.017543859649122806 
5 0.6329059829059829 0.38763575605680867 0.03504273504273504 0.061821219715956555 
5 0.5965811965811966 0.37009189640768586 0.037606837606837605 0.07184628237259816 
5 0.28974358974358977 0.40267335004177107 0.0547008547008547 0.02172096908939014 
5 0.29572649572649573 0.38262322472848787 0.0547008547008547 0.028404344193817876 
4 0.25555555555555554 0.633249791144528 0.039316239316239315 0.018379281537176273 
5 0.08461538461538462 0.5969089390142022 0.04957264957264957 0.03258145363408521 
5 0.03418803418803419 0.5772765246449457 0.05128205128205128 0.031746031746031744 
5 0.07179487179487179 0.7297410192147035 0.02905982905982906 0.05263157894736842 
5 0.12222222222222222 0.6562238930659984 0.02564102564102564 0.04928989139515455 
4 0.44358974358974357 0.8128654970760234 0.017094017094017096 0.031746031746031744 
5 0.7662393162393163 0.19005847953216373 0.07435897435897436 0.042606516290726815 
4 0.48333333333333334 0.7986633249791144 0.04358974358974359 0.026733500417710943 
4 0.3594017094017094 0.8253968253968254 0.03162393162393162 0.053467000835421885 
5 0.6055555555555555 0.4477861319966583 0.07264957264957266 0.036758563074352546 
5 0.4641025641025641 0.5288220551378446 0.023931623931623933 0.04344193817878028 
5 0.11452991452991453 0.7368421052631579 0.02564102564102564 0.07017543859649122 
5 0.2743589743589744 0.8517126148705096 0.05811965811965812 0.029239766081871343 
5 0.3388888888888889 0.8195488721804511 0.03333333333333333 0.07017543859649122 
5 0.4269230769230769 0.7059314954051796 0.024786324786324785 0.07351712614870509 
5 0.41239316239316237 0.6382623224728488 0.024786324786324785 0.07017543859649122 
5 0.3628205128205128 0.6357560568086884 0.019658119658119658 0.06850459482038429 
5 0.4217948717948718 0.5162907268170426 0.03162393162393162 0.06683375104427736 
4 0.4235042735042735 0.5676691729323309 0.04188034188034188 0.01921470342522974 
5 0.3995726495726496 0.5238095238095238 0.024786324786324785 0.04177109440267335 
5 0.27008547008547007 0.4924812030075188 0.0735042735042735 0.030910609857978277 
5 0.05897435897435897 0.33709273182957394 0.022222222222222223 0.06265664160401002 
5 0.16153846153846155 0.41311612364243944 0.05982905982905983 0.01921470342522974 
5 0.4653846153846154 0.3216374269005848 0.038461538461538464 0.07518796992481203 
5 0.5247863247863248 0.5350877192982456 0.02905982905982906 0.050960735171261484 
4 0.25726495726495724 0.03634085213032581 0.03076923076923077 0.03926482873851295 
4 0.29786324786324786 0.10944026733500417 0.03333333333333333 0.04845446950710108 
4 0.12735042735042734 0.3208020050125313 0.042735042735042736 0.020050125313283207 
4 0.34444444444444444 0.42606516290726815 0.03418803418803419 0.01670843776106934 
4 0.33376068376068374 0.4803675856307435 0.03675213675213675 0.018379281537176273 
4 0.3457264957264957 0.4448621553884712 0.04358974358974359 0.020885547201336674 
4 0.46025641025641023 0.4553049289891395 0.03162393162393162 0.05012531328320802 
4 0.4777777777777778 0.46867167919799496 0.02905982905982906 0.045112781954887216 
4 0.5192307692307693 0.47619047619047616 0.028205128205128206 0.040100250626566414 
4 0.5038461538461538 0.5275689223057645 0.028205128205128206 0.03926482873851295 
4 0.32905982905982906 0.49624060150375937 0.039316239316239315 0.020050125313283207 
4 0.33205128205128204 0.5137844611528822 0.04188034188034188 0.020050125313283207 
4 0.26153846153846155 0.614452798663325 0.042735042735042736 0.017543859649122806 
4 0.2602564102564103 0.5964912280701754 0.03504273504273504 0.01670843776106934 
4 0.21623931623931625 0.6148705096073517 0.03247863247863248 0.013366750208855471 
4 0.2205128205128205 0.5772765246449457 0.02905982905982906 0.015037593984962405 
4 0.22008547008547008 0.5923141186299081 0.029914529914529916 0.015037593984962405 
5 0.046153846153846156 0.18128654970760233 0.037606837606837605 0.07518796992481203 
