7 0.16916299559471365 0.40604395604395604 0.10044052863436123 0.06703296703296703 
4 0.4973568281938326 0.036813186813186814 0.03788546255506608 0.027472527472527472 
4 0.9700440528634361 0.984065934065934 0.03700440528634361 0.025274725274725275 
4 0.9546255506607929 0.9258241758241759 0.02555066079295154 0.023076923076923078 
4 0.9665198237885463 0.37967032967032965 0.04052863436123348 0.02967032967032967 
4 0.8916299559471366 0.01098901098901099 0.033480176211453744 0.02197802197802198 
4 0.8096916299559471 0.03296703296703297 0.02290748898678414 0.046153846153846156 
4 0.6951541850220264 0.013736263736263736 0.04052863436123348 0.025274725274725275 
4 0.6110132158590308 0.024725274725274724 0.039647577092511016 0.023076923076923078 
4 0.5709251101321586 0.02912087912087912 0.038766519823788544 0.027472527472527472 
4 0.2911894273127753 0.05714285714285714 0.03788546255506608 0.02197802197802198 
4 0.8740088105726872 0.25274725274725274 0.021145374449339206 0.04835164835164835 
4 0.17312775330396477 0.06923076923076923 0.03612334801762115 0.01978021978021978 
4 0.25242290748898677 0.06208791208791209 0.03612334801762115 0.023076923076923078 
4 0.1277533039647577 0.07252747252747253 0.03700440528634361 0.02197802197802198 
8 0.22290748898678414 0.5543956043956044 0.18854625550660792 0.15714285714285714 
7 0.707488986784141 0.2587912087912088 0.09691629955947137 0.22527472527472528 
7 0.6013215859030837 0.2703296703296703 0.0960352422907489 0.22197802197802197 
7 0.4960352422907489 0.2796703296703297 0.0933920704845815 0.2230769230769231 
7 0.39118942731277534 0.28846153846153844 0.09691629955947137 0.2230769230769231 
4 0.8577092511013216 0.07747252747252747 0.02378854625550661 0.056043956043956046 
4 0.8859030837004406 0.4554945054945055 0.018502202643171806 0.045054945054945054 
7 0.16740088105726872 0.3401098901098901 0.0986784140969163 0.06483516483516484 
4 0.07312775330396476 0.528021978021978 0.021145374449339206 0.04945054945054945 
7 0.15991189427312774 0.27912087912087913 0.09779735682819383 0.06153846153846154 
7 0.1568281938325991 0.21593406593406594 0.10044052863436123 0.06263736263736264 
4 0.05814977973568282 0.3065934065934066 0.01762114537444934 0.04395604395604396 
4 0.052422907488986786 0.22087912087912087 0.02026431718061674 0.041758241758241756 
4 0.055506607929515416 0.26263736263736265 0.021145374449339206 0.03956043956043956 
4 0.06167400881057269 0.3631868131868132 0.019383259911894272 0.04945054945054945 
4 0.06607929515418502 0.42637362637362636 0.01762114537444934 0.046153846153846156 
4 0.06960352422907488 0.4736263736263736 0.019383259911894272 0.046153846153846156 
4 0.07841409691629955 0.5802197802197803 0.01762114537444934 0.04835164835164835 
4 0.8885462555066079 0.5131868131868131 0.018502202643171806 0.041758241758241756 
4 0.08149779735682819 0.6318681318681318 0.014977973568281937 0.05054945054945055 
4 0.08590308370044053 0.6851648351648352 0.02026431718061674 0.04285714285714286 
4 0.086784140969163 0.7489010989010989 0.02026431718061674 0.051648351648351645 
4 0.0907488986784141 0.8087912087912088 0.021145374449339206 0.04835164835164835 
4 0.09427312775330396 0.8571428571428571 0.02290748898678414 0.046153846153846156 
4 0.10088105726872247 0.9054945054945055 0.02378854625550661 0.046153846153846156 
4 0.10308370044052863 0.9626373626373627 0.02290748898678414 0.05714285714285714 
4 0.8916299559471366 0.5659340659340659 0.019383259911894272 0.046153846153846156 
7 0.28502202643171803 0.3 0.0960352422907489 0.22417582417582418 
