4 0.4030120481927711 0.15247844827586207 0.02530120481927711 0.04418103448275862 
4 0.3933734939759036 0.13469827586206898 0.027710843373493974 0.04741379310344827 
7 0.19728915662650603 0.7629310344827587 0.11987951807228915 0.2413793103448276 
7 0.2575301204819277 0.6831896551724138 0.11987951807228915 0.23922413793103448 
7 0.3180722891566265 0.6039870689655172 0.1216867469879518 0.24030172413793102 
7 0.3966867469879518 0.5016163793103449 0.11987951807228915 0.24245689655172414 
7 0.4575301204819277 0.4213362068965517 0.1210843373493976 0.23922413793103448 
7 0.5171686746987951 0.3410560344827586 0.1210843373493976 0.24245689655172414 
7 0.5780120481927711 0.26185344827586204 0.11987951807228915 0.23922413793103448 
4 0.3650602409638554 0.08081896551724138 0.02530120481927711 0.04525862068965517 
4 0.0819277108433735 0.27101293103448276 0.02530120481927711 0.04633620689655173 
4 0.3746987951807229 0.10021551724137931 0.02650602409638554 0.04741379310344827 
4 0.3228915662650602 0.2510775862068966 0.02530120481927711 0.028017241379310345 
4 0.3737951807228916 0.2672413793103448 0.023493975903614458 0.04956896551724138 
4 0.38283132530120484 0.24676724137931033 0.02469879518072289 0.05172413793103448 
4 0.3593373493975904 0.28448275862068967 0.022289156626506025 0.04525862068965517 
4 0.33704819277108433 0.3114224137931034 0.025903614457831327 0.05387931034482758 
4 0.30271084337349397 0.3545258620689655 0.025903614457831327 0.05172413793103448 
4 0.058734939759036146 0.3135775862068966 0.028313253012048192 0.04956896551724138 
7 0.13734939759036144 0.8421336206896551 0.1180722891566265 0.23814655172413793 
