4 0.3973568281938326 0.9774229074889867 0.03171806167400881 0.042951541850220265 
4 0.16343612334801763 0.9570484581497798 0.03436123348017621 0.04405286343612335 
4 0.15947136563876652 0.8716960352422908 0.03700440528634361 0.04515418502202643 
4 0.186784140969163 0.7411894273127754 0.029955947136563875 0.04405286343612335 
4 0.13083700440528634 0.7841409691629956 0.02907488986784141 0.046255506607929514 
4 0.113215859030837 0.7709251101321586 0.03259911894273128 0.04405286343612335 
4 0.06872246696035242 0.5082599118942731 0.03171806167400881 0.0473568281938326 
4 0.2251101321585903 0.10958149779735683 0.03788546255506608 0.040748898678414094 
4 0.2488986784140969 0.042400881057268726 0.04140969162995595 0.03634361233480176 
4 0.2488986784140969 0.015969162995594713 0.030837004405286344 0.02753303964757709 
7 0.6555066079295154 0.8149779735682819 0.1726872246696035 0.23348017621145375 
7 0.5762114537444933 0.7334801762114538 0.17092511013215858 0.23127753303964757 
7 0.4977973568281938 0.6552863436123348 0.1726872246696035 0.23348017621145375 
7 0.4198237885462555 0.573237885462555 0.173568281938326 0.23458149779735682 
7 0.3405286343612335 0.4944933920704846 0.173568281938326 0.23348017621145375 
8 0.2422907488986784 0.3827092511013216 0.19911894273127753 0.2610132158590308 
