4 0.9179954441913439 0.983127109111361 0.029612756264236904 0.031496062992125984 
4 0.8917995444191344 0.7829021372328459 0.04783599088838269 0.04274465691788527 
7 0.26822323462414577 0.5399325084364455 0.11503416856492027 0.2204724409448819 
7 0.4527334851936219 0.4398200224971879 0.11275626423690205 0.21822272215973004 
7 0.5848519362186788 0.4296962879640045 0.11731207289293849 0.2204724409448819 
7 0.7181093394077449 0.4229471316085489 0.11503416856492027 0.2204724409448819 
7 0.8496583143507973 0.4156355455568054 0.11389521640091116 0.2215973003374578 
4 0.6953302961275627 0.6501687289088864 0.04669703872437358 0.05174353205849269 
4 0.6623006833712984 0.8858267716535433 0.04669703872437358 0.043869516310461196 
4 0.744874715261959 0.8942632170978627 0.05011389521640091 0.049493813273340834 
4 0.8160592255125285 0.9026996625421823 0.0489749430523918 0.048368953880764905 
4 0.8513667425968109 0.9111361079865017 0.04669703872437358 0.047244094488188976 
4 0.7477220956719818 0.8042744656917885 0.04214123006833713 0.049493813273340834 
4 0.837129840546697 0.7581552305961755 0.05466970387243736 0.05174353205849269 
4 0.8980637813211845 0.829021372328459 0.04441913439635535 0.05399325084364454 
4 0.9054669703872438 0.6749156355455568 0.04555808656036447 0.049493813273340834 
4 0.8599088838268792 0.8205849268841395 0.04100227790432802 0.048368953880764905 
4 0.826879271070615 0.8177727784026997 0.04328018223234624 0.05174353205849269 
4 0.929384965831435 0.8307086614173228 0.04328018223234624 0.048368953880764905 
4 0.9595671981776766 0.829021372328459 0.03986332574031891 0.049493813273340834 
4 0.7659453302961275 0.9493813273340832 0.04441913439635535 0.047244094488188976 
4 0.8701594533029613 0.9611923509561305 0.04328018223234624 0.048368953880764905 
4 0.8832574031890661 0.9145106861642295 0.04214123006833713 0.0359955005624297 
4 0.9157175398633257 0.9195725534308211 0.05011389521640091 0.05061867266591676 
4 0.9493166287015945 0.9291338582677166 0.04669703872437358 0.047244094488188976 
4 0.9550113895216401 0.9791901012373453 0.04441913439635535 0.043869516310461196 
4 0.7932801822323462 0.65748031496063 0.04669703872437358 0.048368953880764905 
4 0.8342824601366743 0.6676040494938132 0.04214123006833713 0.04611923509561305 
7 0.1366742596810934 0.547806524184477 0.11389521640091116 0.2204724409448819 
