7 0.6382521489971347 0.8324265505984766 0.14326647564469913 0.23939064200217627 
7 0.5716332378223495 0.7546245919477693 0.14326647564469913 0.2383025027203482 
7 0.5050143266475645 0.6779107725788901 0.14183381088825214 0.23939064200217627 
7 0.7725644699140402 0.5680087051142546 0.14255014326647564 0.23939064200217627 
7 0.704512893982808 0.49020674646354734 0.14111747851002865 0.23612622415669204 
7 0.6386103151862464 0.4134929270946681 0.14255014326647564 0.23721436343852012 
7 0.47277936962750716 0.3944504896626768 0.14183381088825214 0.23612622415669204 
7 0.4032951289398281 0.3133841131664853 0.14183381088825214 0.23721436343852012 
7 0.3327363896848137 0.2312295973884657 0.14255014326647564 0.2383025027203482 
7 0.26432664756446994 0.14907508161044614 0.14326647564469913 0.23721436343852012 
