5 0.5331937799043063 0.0405727923627685 0.010167464114832535 0.028639618138424822 
4 0.19946172248803828 0.02028639618138425 0.016148325358851676 0.031026252983293555 
12 0.2090311004784689 0.33890214797136037 0.07117224880382775 0.15274463007159905 
13 0.2452153110047847 0.19451073985680192 0.025119617224880382 0.03579952267303103 
12 0.30771531100478466 0.4236276849642005 0.06758373205741627 0.21241050119331742 
12 0.4123803827751196 0.46241050119331745 0.026913875598086126 0.1324582338902148 
12 0.6680622009569378 0.5560859188544153 0.0430622009569378 0.1431980906921241 
12 0.7811004784688995 0.4630071599045346 0.019138755980861243 0.20047732696897375 
12 0.8803827751196173 0.5602625298329356 0.04904306220095694 0.19451073985680192 
4 0.22876794258373206 0.021479713603818614 0.01375598086124402 0.028639618138424822 
4 0.5956937799043063 0.11933174224343675 0.013157894736842105 0.031026252983293555 
4 0.6698564593301436 0.2052505966587112 0.008373205741626795 0.02386634844868735 
4 0.4105861244019139 0.17541766109785203 0.008971291866028708 0.028639618138424822 
4 0.40370813397129185 0.1724343675417661 0.007177033492822967 0.022673031026252982 
6 0.8761961722488039 0.5906921241050119 0.023923444976076555 0.028639618138424822 
6 0.6764354066985646 0.5918854415274463 0.022727272727272728 0.021479713603818614 
6 0.11931818181818182 0.029832935560859187 0.02452153110047847 0.02386634844868735 
6 0.12081339712918661 0.05250596658711217 0.02033492822966507 0.028639618138424822 
6 0.12529904306220097 0.07398568019093078 0.020933014354066987 0.028639618138424822 
4 0.29336124401913877 0.07935560859188544 0.020933014354066987 0.0441527446300716 
6 0.02332535885167464 0.6014319809069213 0.014354066985645933 0.03818615751789976 
12 0.03110047846889952 0.551909307875895 0.03110047846889952 0.12291169451073986 
