6 0.4164705882352941 0.9779005524861878 0.018823529411764704 0.020257826887661142 
6 0.6976470588235294 0.8890423572744015 0.01411764705882353 0.02117863720073665 
6 0.7764705882352941 0.7334254143646409 0.03764705882352941 0.02302025782688766 
6 0.1988235294117647 0.8121546961325967 0.047058823529411764 0.022099447513812154 
6 0.20411764705882354 0.9166666666666666 0.03882352941176471 0.01565377532228361 
6 0.22764705882352942 0.8885819521178637 0.03411764705882353 0.01841620626151013 
6 0.24294117647058824 0.8669429097605893 0.03411764705882353 0.017495395948434623 
6 0.27588235294117647 0.8651012891344383 0.029411764705882353 0.017495395948434623 
6 0.5505882352941176 0.08011049723756906 0.04941176470588235 0.01841620626151013 
6 0.2988235294117647 0.8738489871086557 0.02588235294117647 0.011049723756906077 
13 0.26235294117647057 0.5046040515653776 0.04470588235294118 0.03314917127071823 
13 0.04058823529411765 0.2569060773480663 0.04823529411764706 0.049723756906077346 
12 0.7182352941176471 0.7674953959484346 0.20588235294117646 0.08011049723756906 
12 0.6070588235294118 0.5119705340699816 0.26823529411764707 0.10865561694290976 
12 0.5447058823529412 0.37062615101289137 0.24235294117647058 0.03406998158379374 
12 0.5417647058823529 0.2716390423572744 0.26705882352941174 0.08103130755064457 
6 0.42058823529411765 0.7283609576427256 0.03882352941176471 0.01841620626151013 
4 0.12117647058823529 0.9083793738489871 0.03294117647058824 0.017495395948434623 
4 0.16588235294117648 0.817219152854512 0.018823529411764704 0.02117863720073665 
4 0.15176470588235294 0.8195211786372008 0.018823529411764704 0.020257826887661142 
4 0.10647058823529412 0.9240331491712708 0.024705882352941175 0.011970534069981584 
4 0.17058823529411765 0.9249539594843462 0.02823529411764706 0.013812154696132596 
4 0.24411764705882352 0.6137200736648251 0.02 0.02302025782688766 
4 0.23 0.6151012891344383 0.01764705882352941 0.022099447513812154 
4 0.1511764705882353 0.4843462246777164 0.01764705882352941 0.02394106813996317 
4 0.14 0.4544198895027624 0.02588235294117647 0.02302025782688766 
4 0.17058823529411765 0.3692449355432781 0.02823529411764706 0.014732965009208104 
4 0.1323529411764706 0.9166666666666666 0.02235294117647059 0.011970534069981584 
4 0.2111764705882353 0.9277163904235728 0.027058823529411764 0.01565377532228361 
6 0.5458823529411765 0.6850828729281768 0.023529411764705882 0.027624309392265192 
6 0.1635294117647059 0.35865561694290976 0.04470588235294118 0.02302025782688766 
4 0.12411764705882353 0.8199815837937385 0.015294117647058824 0.019337016574585635 
4 0.14 0.8255064456721916 0.01647058823529412 0.017495395948434623 
12 0.4958823529411765 0.10220994475138122 0.20823529411764705 0.10128913443830571 
