4 0.5718061674008811 0.1256890848952591 0.038766519823788544 0.050716648291069456 
4 0.1590308370044053 0.3302094818081588 0.03612334801762115 0.04961411245865491 
4 0.28370044052863436 0.1990077177508269 0.03524229074889868 0.04961411245865491 
4 0.26607929515418505 0.21499448732083792 0.038766519823788544 0.04851157662624035 
4 0.2511013215859031 0.23153252480705622 0.03524229074889868 0.04630650496141125 
4 0.2330396475770925 0.24531422271223816 0.03436123348017621 0.047409040793825796 
4 0.2211453744493392 0.26350606394707826 0.03700440528634361 0.04851157662624035 
4 0.2066079295154185 0.2794928335170893 0.03436123348017621 0.04961411245865491 
4 0.19339207048458149 0.29492833517089306 0.03436123348017621 0.04961411245865491 
4 0.17400881057268722 0.31146637265711136 0.03612334801762115 0.04961411245865491 
4 0.14273127753303966 0.3428886438809261 0.03171806167400881 0.044101433296582136 
4 0.3290748898678414 0.15545755237045203 0.03612334801762115 0.050716648291069456 
4 0.018061674008810574 0.4592061742006615 0.03436123348017621 0.04961411245865491 
5 0.07709251101321586 0.4007717750826902 0.09427312775330396 0.10033076074972437 
7 0.754625550660793 0.2249173098125689 0.16299559471365638 0.23594266813671444 
7 0.6660792951541851 0.2982359426681367 0.16387665198237886 0.2392502756339581 
7 0.5392070484581498 0.4051819184123484 0.16387665198237886 0.237045203969129 
7 0.45638766519823787 0.47464167585446526 0.16387665198237886 0.237045203969129 
7 0.373568281938326 0.5441014332965821 0.16387665198237886 0.237045203969129 
7 0.2907488986784141 0.613561190738699 0.16387665198237886 0.237045203969129 
4 0.3136563876651982 0.16979051819184124 0.03700440528634361 0.04851157662624035 
4 0.5374449339207048 0.15711135611907387 0.033480176211453744 0.047409040793825796 
4 0.29911894273127754 0.18467475192943772 0.03788546255506608 0.04961411245865491 
5 0.23524229074889869 0.39250275633958104 0.04052863436123348 0.05292171995589857 
4 0.6687224669603524 0.040793825799338476 0.03524229074889868 0.05292171995589857 
4 0.652863436123348 0.056780595369349506 0.03524229074889868 0.05181918412348401 
4 0.6387665198237885 0.07662624035281147 0.029955947136563875 0.04299889746416759 
4 0.6202643171806167 0.08434399117971333 0.033480176211453744 0.04961411245865491 
4 0.6022026431718062 0.09812568908489526 0.039647577092511016 0.05292171995589857 
4 0.17533039647577092 0.4520396912899669 0.03700440528634361 0.04851157662624035 
5 0.1960352422907489 0.43770672546857775 0.03788546255506608 0.05512679162072767 
5 0.2118942731277533 0.41620727673649394 0.039647577092511016 0.05402425578831312 
5 0.25198237885462554 0.37320837927232636 0.04052863436123348 0.05622932745314223 
4 0.5533039647577093 0.13891951488423374 0.03524229074889868 0.05292171995589857 
5 0.320704845814978 0.31477398015435504 0.04229074889867841 0.05402425578831312 
5 0.3392070484581498 0.2921719955898567 0.04405286343612335 0.05292171995589857 
5 0.36431718061674007 0.27398015435501655 0.04140969162995595 0.05402425578831312 
5 0.3841409691629956 0.2541345093715546 0.04052863436123348 0.05402425578831312 
5 0.40308370044052866 0.2342888643880926 0.03788546255506608 0.05402425578831312 
5 0.42026431718061674 0.21719955898566704 0.04229074889867841 0.05733186328555678 
5 0.4409691629955947 0.1968026460859978 0.044933920704845816 0.06063947078280044 
4 0.46519823788546255 0.17861080485115766 0.03524229074889868 0.050716648291069456 
7 0.09515418502202644 0.7888643880926131 0.16387665198237886 0.237045203969129 
