4 0.9751203852327448 0.477136431784108 0.03691813804173355 0.012743628185907047 
4 0.9743178170144462 0.48800599700149927 0.03531300160513644 0.01199400299850075 
12 0.6380417335473515 0.7106446776611695 0.33226324237560195 0.06746626686656672 
6 0.4695024077046549 0.2593703148425787 0.02086677367576244 0.013493253373313344 
6 0.39646869983948635 0.40592203898050977 0.03531300160513644 0.006746626686656672 
6 0.4117174959871589 0.3804347826086957 0.04975922953451043 0.009745127436281859 
6 0.5874799357945425 0.10869565217391304 0.05778491171749599 0.01649175412293853 
12 0.7303370786516854 0.9430284857571214 0.2857142857142857 0.047976011994003 
12 0.5240770465489567 0.5652173913043478 0.27768860353130015 0.049475262368815595 
12 0.46629213483146065 0.39655172413793105 0.17174959871589085 0.020989505247376312 
12 0.4695024077046549 0.2646176911544228 0.1653290529695024 0.06146926536731634 
12 0.6468699839486356 0.10344827586206896 0.17014446227929375 0.034482758620689655 
