4 0.47161572052401746 0.7350574712643678 0.020378457059679767 0.03103448275862069 
5 0.8020378457059679 0.8471264367816091 0.09024745269286755 0.041379310344827586 
5 0.7409024745269287 0.6350574712643678 0.06986899563318777 0.10689655172413794 
5 0.653566229985444 0.8235632183908046 0.055312954876273655 0.0839080459770115 
5 0.3922852983988355 0.35804597701149427 0.11208151382823872 0.047126436781609195 
5 0.7132459970887919 0.414367816091954 0.12518195050946143 0.04482758620689655 
5 0.5560407569141194 0.45804597701149424 0.049490538573508006 0.1 
5 0.4512372634643377 0.5626436781609195 0.0611353711790393 0.09310344827586207 
5 0.35152838427947597 0.47413793103448276 0.11499272197962154 0.040229885057471264 
5 0.6135371179039302 0.21551724137931033 0.053857350800582245 0.06091954022988506 
4 0.2336244541484716 0.41839080459770117 0.042212518195050945 0.04597701149425287 
5 0.3042212518195051 0.614367816091954 0.06986899563318777 0.021839080459770115 
5 0.450509461426492 0.6454022988505748 0.042212518195050945 0.05632183908045977 
5 0.6011644832605532 0.6488505747126436 0.12809315866084425 0.05172413793103448 
4 0.3406113537117904 0.18275862068965518 0.043668122270742356 0.04827586206896552 
4 0.28602620087336245 0.30919540229885056 0.04512372634643377 0.052873563218390804 
4 0.2838427947598253 0.38333333333333336 0.034934497816593885 0.04482758620689655 
4 0.25327510917030566 0.37298850574712644 0.03784570596797671 0.04942528735632184 
5 0.5713245997088792 0.6701149425287356 0.0858806404657933 0.04367816091954023 
5 0.6302765647743813 0.6264367816091954 0.12518195050946143 0.04827586206896552 
5 0.6426491994177583 0.5988505747126437 0.11499272197962154 0.04367816091954023 
5 0.5291120815138283 0.6103448275862069 0.053857350800582245 0.08735632183908046 
5 0.4497816593886463 0.28390804597701147 0.12809315866084425 0.04827586206896552 
5 0.433042212518195 0.30919540229885056 0.12663755458515283 0.052873563218390804 
5 0.42139737991266374 0.3339080459770115 0.11499272197962154 0.05172413793103448 
5 0.38500727802037843 0.38908045977011496 0.11790393013100436 0.05862068965517241 
5 0.38209606986899564 0.4166666666666667 0.1091703056768559 0.05632183908045977 
5 0.3726346433770015 0.4454022988505747 0.09315866084425037 0.04942528735632184 
5 0.33624454148471616 0.5074712643678161 0.11935953420669577 0.03793103448275862 
5 0.3049490538573508 0.5695402298850575 0.11790393013100436 0.03793103448275862 
5 0.40829694323144106 0.5683908045977012 0.056768558951965066 0.0839080459770115 
5 0.5735080058224163 0.2982758620689655 0.055312954876273655 0.09080459770114943 
5 0.7751091703056768 0.34195402298850575 0.09461426491994178 0.03333333333333333 
5 0.7358078602620087 0.385632183908046 0.12081513828238719 0.04942528735632184 
5 0.6950509461426492 0.43735632183908046 0.11499272197962154 0.04482758620689655 
5 0.6994177583697234 0.4724137931034483 0.12372634643377002 0.04827586206896552 
5 0.6550218340611353 0.5735632183908046 0.12518195050946143 0.0367816091954023 
4 0.17612809315866085 0.3264367816091954 0.043668122270742356 0.05057471264367816 
4 0.23580786026200873 0.4793103448275862 0.049490538573508006 0.059770114942528735 
4 0.4410480349344978 0.7770114942528735 0.043668122270742356 0.03218390804597701 
4 0.8114992721979621 0.20977011494252873 0.07132459970887918 0.040229885057471264 
4 0.8100436681222707 0.4574712643678161 0.042212518195050945 0.05057471264367816 
4 0.8777292576419214 0.31896551724137934 0.046579330422125184 0.04942528735632184 
4 0.8544395924308588 0.7316091954022989 0.06404657933042213 0.035632183908045977 
4 0.8784570596797671 0.6827586206896552 0.04512372634643377 0.02528735632183908 
4 0.740174672489083 0.9540229885057471 0.07132459970887918 0.03908045977011494 
4 0.7590975254730713 0.9327586206896552 0.06841339155749636 0.03793103448275862 
4 0.735080058224163 0.978735632183908 0.08733624454148471 0.04252873563218391 
5 0.6215429403202329 0.9051724137931034 0.07860262008733625 0.08620689655172414 
4 0.1943231441048035 0.5097701149425288 0.042212518195050945 0.04942528735632184 
5 0.7954876273653566 0.5281609195402299 0.07132459970887918 0.0839080459770115 
5 0.4417758369723435 0.24482758620689654 0.06841339155749636 0.03218390804597701 
4 0.7489082969432315 0.2545977011494253 0.050946142649199416 0.026436781609195402 
4 0.8187772925764192 0.28735632183908044 0.056768558951965066 0.02528735632183908 
4 0.7409024745269287 0.3 0.055312954876273655 0.01839080459770115 
4 0.025473071324599708 0.43103448275862066 0.039301310043668124 0.04597701149425287 
5 0.03566229985443959 0.664367816091954 0.06841339155749636 0.09655172413793103 
4 0.8071324599708879 0.3063218390804598 0.06259097525473072 0.028735632183908046 
4 0.7394468704512372 0.27873563218390807 0.049490538573508006 0.017241379310344827 
4 0.6819505094614265 0.3 0.056768558951965066 0.02528735632183908 
5 0.6382823871906841 0.22816091954022988 0.048034934497816595 0.05172413793103448 
4 0.10262008733624454 0.4850574712643678 0.039301310043668124 0.05517241379310345 
4 0.12518195050946143 0.42931034482758623 0.046579330422125184 0.047126436781609195 
4 0.15065502183406113 0.3758620689655172 0.048034934497816595 0.05057471264367816 
4 0.07787481804949054 0.3775862068965517 0.053857350800582245 0.026436781609195402 
4 0.19868995633187772 0.5712643678160919 0.036390101892285295 0.04367816091954023 
4 0.1703056768558952 0.6339080459770114 0.03784570596797671 0.047126436781609195 
4 0.5232896652110626 0.022413793103448276 0.056768558951965066 0.03333333333333333 
4 0.7510917030567685 0.09942528735632183 0.0611353711790393 0.03333333333333333 
4 0.8129548762736536 0.11724137931034483 0.056768558951965066 0.03218390804597701 
4 0.8726346433770015 0.1367816091954023 0.056768558951965066 0.03218390804597701 
4 0.9308588064046579 0.15689655172413794 0.06259097525473072 0.03333333333333333 
4 0.6593886462882096 0.16206896551724137 0.06404657933042213 0.0367816091954023 
4 0.7328966521106259 0.18563218390804598 0.06259097525473072 0.03333333333333333 
4 0.7954876273653566 0.2649425287356322 0.05967976710334789 0.035632183908045977 
5 0.6855895196506551 0.2689655172413793 0.07860262008733625 0.034482758620689655 
5 0.45778748180494905 0.22011494252873562 0.11208151382823872 0.05172413793103448 
