6 0.22371850564726325 0.20763723150357996 0.014769765421372719 0.028639618138424822 
6 0.22284969591659426 0.13961813842482101 0.016507384882710686 0.028639618138424822 
12 0.28801042571676805 0.45584725536992843 0.11207645525629888 0.1957040572792363 
12 0.4456993918331885 0.46241050119331745 0.10425716768027801 0.20883054892601433 
12 0.8462206776715899 0.256563245823389 0.10773240660295395 0.03579952267303103 
12 0.7193744569939183 0.10441527446300716 0.029539530842745437 0.05608591885441527 
12 0.8253692441355344 0.5871121718377088 0.11468288444830582 0.0405727923627685 
12 0.8132059079061685 0.44331742243436756 0.11815812337098175 0.060859188544152745 
12 0.8184187662901824 0.7947494033412887 0.15117289313640314 0.07398568019093078 
4 0.13770634231103387 0.10501193317422435 0.02519548218940052 0.01909307875894988 
4 0.13987836663770634 0.09009546539379475 0.020851433536055605 0.013126491646778043 
4 0.1359687228496959 0.14140811455847255 0.01998262380538662 0.013126491646778043 
4 0.3040834057341442 0.08472553699284009 0.010425716768027803 0.02386634844868735 
4 0.2793223284100782 0.07458233890214797 0.01998262380538662 0.015513126491646777 
4 0.40747176368375326 0.1276849642004773 0.01737619461337967 0.031026252983293555 
4 0.2953953084274544 0.13484486873508353 0.013900955690703735 0.031026252983293555 
6 0.9304952215464813 0.081145584725537 0.029539530842745437 0.02386634844868735 
6 0.7046046915725456 0.09904534606205251 0.020851433536055605 0.03818615751789976 
6 0.8040834057341443 0.2732696897374702 0.02519548218940052 0.01909307875894988 
6 0.3049522154648132 0.5143198090692124 0.019113814074717638 0.05250596658711217 
6 0.3049522154648132 0.12171837708830549 0.015638575152041704 0.03341288782816229 
12 0.06689834926151172 0.5417661097852029 0.05386620330147698 0.23389021479713604 
