6 0.17326732673267325 0.9751173708920188 0.0297029702970297 0.010328638497652582 
6 0.27805280528052806 0.7751173708920188 0.03135313531353135 0.012206572769953052 
6 0.12953795379537955 0.6342723004694836 0.028052805280528052 0.023474178403755867 
6 0.264026402640264 0.6056338028169014 0.0297029702970297 0.022535211267605635 
6 0.22194719471947194 0.7248826291079812 0.01485148514851485 0.013145539906103286 
6 0.2367986798679868 0.7206572769953051 0.01485148514851485 0.014084507042253521 
6 0.24834983498349836 0.7183098591549296 0.018151815181518153 0.016901408450704224 
6 0.26897689768976896 0.7380281690140845 0.033003300330033 0.009389671361502348 
6 0.2698019801980198 0.7460093896713615 0.028052805280528052 0.008450704225352112 
6 0.2731023102310231 0.7591549295774648 0.034653465346534656 0.012206572769953052 
6 0.28052805280528054 0.7896713615023474 0.026402640264026403 0.009389671361502348 
6 0.1608910891089109 0.9502347417840376 0.024752475247524754 0.009389671361502348 
6 0.2838283828382838 0.8028169014084507 0.026402640264026403 0.009389671361502348 
6 0.2863036303630363 0.8098591549295775 0.03135313531353135 0.008450704225352112 
6 0.2854785478547855 0.8154929577464789 0.019801980198019802 0.006572769953051643 
6 0.05115511551155116 0.7816901408450704 0.036303630363036306 0.012206572769953052 
6 0.04785478547854786 0.7732394366197183 0.039603960396039604 0.014084507042253521 
6 0.1716171617161716 0.7680751173708921 0.0297029702970297 0.013145539906103286 
4 0.2466996699669967 0.7723004694835681 0.018151815181518153 0.014084507042253521 
4 0.2566006600660066 0.8286384976525821 0.01485148514851485 0.014084507042253521 
6 0.31518151815181517 0.5929577464788732 0.0297029702970297 0.0215962441314554 
6 0.25 0.6084507042253521 0.028052805280528052 0.022535211267605635 
6 0.2367986798679868 0.636150234741784 0.024752475247524754 0.01784037558685446 
6 0.11386138613861387 0.6380281690140845 0.033003300330033 0.023474178403755867 
12 0.3110561056105611 0.2605633802816901 0.054455445544554455 0.06103286384976526 
12 0.4381188118811881 0.26103286384976526 0.07095709570957096 0.0863849765258216 
12 0.5437293729372937 0.2784037558685446 0.07095709570957096 0.08732394366197183 
12 0.6922442244224423 0.355868544600939 0.07095709570957096 0.07511737089201878 
12 0.9504950495049505 0.3295774647887324 0.0429042904290429 0.11267605633802817 
12 0.5767326732673267 0.7643192488262911 0.08085808580858085 0.13708920187793427 
12 0.4438943894389439 0.8262910798122066 0.06930693069306931 0.12206572769953052 
12 0.3811881188118812 0.8220657276995306 0.06930693069306931 0.0835680751173709 
12 0.20874587458745875 0.631924882629108 0.334983498349835 0.11455399061032864 
6 0.32425742574257427 0.2647887323943662 0.028052805280528052 0.022535211267605635 
6 0.37293729372937295 0.5985915492957746 0.04950495049504951 0.038497652582159626 
6 0.15676567656765678 0.6276995305164319 0.036303630363036306 0.030985915492957747 
6 0.07508250825082509 0.6492957746478873 0.054455445544554455 0.0215962441314554 
6 0.08828382838283828 0.6582159624413145 0.05115511551155116 0.020657276995305163 
6 0.09488448844884488 0.6694835680751173 0.04785478547854786 0.018779342723004695 
6 0.1551155115511551 0.6741784037558686 0.036303630363036306 0.015023474178403756 
6 0.14521452145214522 0.7286384976525822 0.0429042904290429 0.018779342723004695 
4 0.23844884488448845 0.8370892018779342 0.02145214521452145 0.01596244131455399 
4 0.2301980198019802 0.8492957746478873 0.02145214521452145 0.01596244131455399 
4 0.2070957095709571 0.7671361502347418 0.01485148514851485 0.015023474178403756 
6 0.20957095709570958 0.9136150234741784 0.026402640264026403 0.013145539906103286 
6 0.4183168316831683 0.7915492957746478 0.01485148514851485 0.011267605633802818 
6 0.21534653465346534 0.9197183098591549 0.024752475247524754 0.014084507042253521 
6 0.2433993399339934 0.9802816901408451 0.028052805280528052 0.009389671361502348 
6 0.24587458745874588 0.9887323943661972 0.0297029702970297 0.011267605633802818 
6 0.16914191419141913 0.9699530516431925 0.03135313531353135 0.009389671361502348 
6 0.16501650165016502 0.9591549295774648 0.0297029702970297 0.008450704225352112 
6 0.16584158415841585 0.9629107981220657 0.028052805280528052 0.010328638497652582 
13 0.36386138613861385 0.9784037558685446 0.03135313531353135 0.013145539906103286 
6 0.27887788778877887 0.6018779342723005 0.019801980198019802 0.015023474178403756 
6 0.3292079207920792 0.5887323943661972 0.02145214521452145 0.016901408450704224 
6 0.2103960396039604 0.6417840375586854 0.02145214521452145 0.01596244131455399 
6 0.264026402640264 0.6286384976525822 0.019801980198019802 0.014084507042253521 
6 0.2533003300330033 0.6338028169014085 0.024752475247524754 0.016901408450704224 
6 0.1773927392739274 0.6262910798122066 0.028052805280528052 0.018779342723004695 
6 0.13036303630363036 0.6619718309859155 0.026402640264026403 0.020657276995305163 
6 0.15016501650165018 0.6572769953051644 0.0231023102310231 0.018779342723004695 
4 0.8853135313531353 0.9291079812206573 0.018151815181518153 0.014084507042253521 
6 0.15676567656765678 0.9446009389671362 0.026402640264026403 0.009389671361502348 
6 0.2037953795379538 0.9028169014084507 0.024752475247524754 0.014084507042253521 
4 0.21287128712871287 0.7774647887323943 0.0165016501650165 0.013145539906103286 
6 0.20214521452145215 0.8953051643192488 0.028052805280528052 0.012206572769953052 
4 0.22937293729372937 0.7737089201877935 0.0165016501650165 0.013145539906103286 
4 0.22277227722772278 0.7619718309859155 0.009900990099009901 0.012206572769953052 
4 0.2334983498349835 0.7605633802816901 0.01155115511551155 0.013145539906103286 
4 0.183993399339934 0.8075117370892019 0.02145214521452145 0.015023474178403756 
4 0.1905940594059406 0.8215962441314554 0.024752475247524754 0.015023474178403756 
4 0.1971947194719472 0.8333333333333334 0.024752475247524754 0.01596244131455399 
4 0.19801980198019803 0.8446009389671362 0.026402640264026403 0.014084507042253521 
4 0.2070957095709571 0.8605633802816901 0.024752475247524754 0.014084507042253521 
4 0.21534653465346534 0.8760563380281691 0.024752475247524754 0.016901408450704224 
6 0.5511551155115512 0.6957746478873239 0.033003300330033 0.011267605633802818 
6 0.13861386138613863 0.9014084507042254 0.033003300330033 0.009389671361502348 
6 0.13861386138613863 0.9089201877934272 0.026402640264026403 0.009389671361502348 
6 0.14356435643564355 0.9192488262910798 0.026402640264026403 0.009389671361502348 
6 0.14933993399339934 0.9244131455399061 0.028052805280528052 0.008450704225352112 
6 0.15099009900990099 0.9295774647887324 0.024752475247524754 0.007511737089201878 
6 0.1542904290429043 0.9338028169014084 0.03135313531353135 0.010328638497652582 
6 0.1542904290429043 0.939906103286385 0.024752475247524754 0.007511737089201878 
12 0.20874587458745875 0.22863849765258215 0.02145214521452145 0.051643192488262914 
