4 0.9882352941176471 0.9097605893186004 0.02588235294117647 0.020257826887661142 
12 0.5294117647058824 0.7541436464088398 0.08235294117647059 0.055248618784530384 
6 0.5147058823529411 0.929097605893186 0.05529411764705883 0.029465930018416207 
6 0.5123529411764706 0.9484346224677717 0.052941176470588235 0.029465930018416207 
6 0.5623529411764706 0.9267955801104972 0.04 0.052486187845303865 
6 0.4264705882352941 0.2596685082872928 0.04823529411764706 0.022099447513812154 
6 0.4288235294117647 0.1358195211786372 0.029411764705882353 0.03222836095764273 
12 0.7 0.8683241252302025 0.4211764705882353 0.18232044198895028 
12 0.46352941176470586 0.68646408839779 0.25882352941176473 0.1869244935543278 
6 0.4511764705882353 0.23388581952117865 0.01764705882352941 0.01841620626151013 
12 0.4447058823529412 0.5787292817679558 0.13411764705882354 0.11141804788213629 
12 0.15470588235294117 0.5317679558011049 0.10705882352941176 0.05432780847145488 
12 0.47941176470588237 0.3738489871086556 0.09058823529411765 0.0423572744014733 
12 0.4758823529411765 0.25920810313075504 0.14941176470588236 0.058011049723756904 
12 0.4111764705882353 0.12062615101289134 0.07176470588235294 0.10128913443830571 
12 0.2223529411764706 0.11049723756906077 0.1011764705882353 0.03314917127071823 
6 0.5158823529411765 0.914364640883978 0.04588235294117647 0.022099447513812154 
6 0.5205882352941177 0.8950276243093923 0.06 0.029465930018416207 
6 0.5123529411764706 0.8793738489871087 0.05529411764705883 0.027624309392265192 
6 0.5794117647058824 0.8692449355432781 0.03176470588235294 0.03683241252302026 
6 0.5617647058823529 0.8743093922651933 0.024705882352941175 0.03038674033149171 
6 0.6376470588235295 0.8503683241252302 0.03058823529411765 0.03591160220994475 
6 0.6205882352941177 0.9051565377532228 0.03411764705882353 0.040515653775322284 
6 0.668235294117647 0.8927255985267035 0.021176470588235293 0.03406998158379374 
6 0.7347058823529412 0.8715469613259669 0.03176470588235294 0.03959484346224678 
6 0.7435294117647059 0.8268876611418048 0.02823529411764706 0.03130755064456722 
6 0.778235294117647 0.8651012891344383 0.02235294117647059 0.03591160220994475 
6 0.8411764705882353 0.8006445672191529 0.02823529411764706 0.026703499079189688 
6 0.9052941176470588 0.7771639042357275 0.02235294117647059 0.02394106813996317 
4 0.9429411764705883 0.8084714548802947 0.015294117647058824 0.022099447513812154 
4 0.9676470588235294 0.7490791896869244 0.015294117647058824 0.019337016574585635 
13 0.9341176470588235 0.1781767955801105 0.07058823529411765 0.04696132596685083 
6 0.8594117647058823 0.27440147329650094 0.029411764705882353 0.022099447513812154 
12 0.2235294117647059 0.03867403314917127 0.07529411764705882 0.040515653775322284 
