5 0.6824500434404865 0.899164677804296 0.01998262380538662 0.015513126491646777 
6 0.10078192875760209 0.5047732696897375 0.008688097306689836 0.01909307875894988 
12 0.2571676802780191 0.38424821002386633 0.02432667245873154 0.07159904534606205 
12 0.37576020851433534 0.3752983293556086 0.030408340573414423 0.09427207637231504 
12 0.42050390964378803 0.37708830548926014 0.03301476976542137 0.09307875894988067 
12 0.6003475238922676 0.26730310262529833 0.02780191138140747 0.1026252983293556 
12 0.6833188531711555 0.26551312649164677 0.01998262380538662 0.06563245823389022 
12 0.8040834057341443 0.7822195704057279 0.013032145960034752 0.08711217183770883 
12 0.8831450912250217 0.6921241050119332 0.05994787141615986 0.05489260143198091 
12 0.604257167680278 0.6933174224343676 0.023457862728062554 0.07159904534606205 
12 0.4860990443092963 0.7332935560859188 0.04083405734144222 0.08472553699284009 
12 0.3006081668114683 0.7082338902147971 0.02780191138140747 0.07040572792362769 
12 0.1894005212858384 0.8120525059665871 0.029539530842745437 0.14200477326968974 
6 0.08297132927888792 0.5047732696897375 0.009556907037358819 0.028639618138424822 
6 0.2784535186794092 0.4081145584725537 0.01998262380538662 0.011933174224343675 
6 0.38922675933970463 0.5465393794749404 0.01737619461337967 0.01909307875894988 
6 0.19548218940052128 0.7350835322195705 0.020851433536055605 0.016706443914081145 
6 0.1898349261511729 0.7798329355608592 0.016507384882710686 0.013126491646778043 
6 0.5347523892267594 0.15930787589498807 0.009556907037358819 0.02028639618138425 
6 0.2801911381407472 0.4194510739856802 0.01998262380538662 0.010739856801909307 
13 0.26976542137271936 0.19272076372315036 0.02519548218940052 0.022673031026252982 
12 0.09730668983492616 0.4821002386634845 0.022589052997393572 0.06682577565632458 
