6 0.6157461809635723 0.12476979742173112 0.0282021151586369 0.017495395948434623 
6 0.1263219741480611 0.4152854511970534 0.01527614571092832 0.022099447513812154 
6 0.03407755581668625 0.47974217311233885 0.04230317273795535 0.014732965009208104 
4 0.11163337250293771 0.4180478821362799 0.01410105757931845 0.022099447513812154 
4 0.11045828437132785 0.4636279926335175 0.0399529964747356 0.01565377532228361 
4 0.20799059929494712 0.214548802946593 0.01880141010575793 0.020257826887661142 
12 0.18566392479435959 0.8931860036832413 0.2444183313748531 0.11602209944751381 
12 0.35135135135135137 0.6362799263351749 0.209165687426557 0.13075506445672191 
13 0.09753231492361927 0.6178637200736649 0.03760282021151586 0.053406998158379376 
12 0.48237367802585196 0.45027624309392267 0.14218566392479437 0.0718232044198895 
13 0.2808460634547591 0.3867403314917127 0.03055229142185664 0.040515653775322284 
12 0.5804935370152762 0.24861878453038674 0.15041128084606345 0.040515653775322284 
12 0.5969447708578144 0.14732965009208104 0.15041128084606345 0.05156537753222836 
12 0.6333725029377203 0.04696132596685083 0.1809635722679201 0.03867403314917127 
