6 0.9288116591928252 0.8162650602409639 0.01905829596412556 0.018072289156626505 
6 0.9646860986547086 0.7650602409638554 0.023542600896860985 0.014457831325301205 
12 0.8464125560538116 0.5144578313253012 0.03587443946188341 0.04096385542168675 
12 0.8621076233183856 0.21445783132530122 0.06053811659192825 0.10120481927710843 
12 0.6401345291479821 0.26385542168674697 0.053811659192825115 0.07951807228915662 
12 0.5795964125560538 0.2765060240963855 0.033632286995515695 0.08313253012048193 
12 0.4792600896860987 0.2469879518072289 0.08183856502242152 0.09156626506024096 
12 0.335762331838565 0.3650602409638554 0.05044843049327354 0.06746987951807229 
12 0.22141255605381166 0.8560240963855422 0.030269058295964126 0.0855421686746988 
12 0.48878923766816146 0.7704819277108433 0.026905829596412557 0.027710843373493974 
12 0.3834080717488789 0.6343373493975903 0.053811659192825115 0.05421686746987952 
12 0.335762331838565 0.4716867469879518 0.052690582959641255 0.04939759036144578 
12 0.23430493273542602 0.6277108433734939 0.04932735426008968 0.08433734939759036 
12 0.1788116591928251 0.09457831325301205 0.04820627802690583 0.030120481927710843 
