5 0.9809004092769441 0.7484309623430963 0.017735334242837655 0.038702928870292884 
4 0.48021828103683495 0.5805439330543933 0.013642564802182811 0.04184100418410042 
5 0.373806275579809 0.3472803347280335 0.045020463847203276 0.02092050209205021 
4 0.05832196452933151 0.26935146443514646 0.032060027285129605 0.028242677824267783 
4 0.18894952251023192 0.4801255230125523 0.02592087312414734 0.02092050209205021 
4 0.21862210095497953 0.48640167364016734 0.02660300136425648 0.02092050209205021 
4 0.4092769440654843 0.4121338912133891 0.03819918144611187 0.027196652719665274 
4 0.4178035470668486 0.5120292887029289 0.030695770804911322 0.021966527196652718 
4 0.38540245566166437 0.5073221757322176 0.03274215552523874 0.02510460251046025 
4 0.3813096862210095 0.5632845188284519 0.030013642564802184 0.021966527196652718 
4 0.3379945429740791 0.399581589958159 0.02660300136425648 0.01882845188284519 
4 0.37517053206002726 0.4074267782426778 0.02592087312414734 0.0198744769874477 
5 0.09106412005457026 0.4618200836820084 0.05252387448840382 0.028242677824267783 
4 0.4242837653478854 0.5836820083682008 0.027285129604365622 0.01882845188284519 
4 0.4218963165075034 0.6061715481171548 0.0252387448840382 0.021966527196652718 
4 0.41678035470668484 0.6297071129707112 0.0286493860845839 0.02510460251046025 
4 0.41439290586630284 0.6537656903765691 0.02660300136425648 0.02301255230125523 
4 0.417462482946794 0.6793933054393305 0.030013642564802184 0.028242677824267783 
4 0.37005457025920874 0.698744769874477 0.015688949522510234 0.0397489539748954 
4 0.2987721691678035 0.6971757322175732 0.027285129604365622 0.04288702928870293 
4 0.4771487039563438 0.6757322175732218 0.015688949522510234 0.043933054393305436 
5 0.37312414733969984 0.3002092050209205 0.04365620736698499 0.027196652719665274 
5 0.9290586630286494 0.75418410041841 0.027285129604365622 0.06903765690376569 
5 0.91268758526603 0.7290794979079498 0.03137789904502047 0.06485355648535565 
5 0.9652114597544338 0.9801255230125523 0.040927694406548434 0.03556485355648536 
5 0.11834924965893588 0.2489539748953975 0.045702592087312414 0.0397489539748954 
5 0.10914051841746249 0.27510460251046026 0.040927694406548434 0.03347280334728033 
5 0.3168485675306958 0.3368200836820084 0.0470668485675307 0.02510460251046025 
5 0.6176671214188267 0.2871338912133891 0.018417462482946793 0.06171548117154812 
5 0.6343792633015006 0.2918410041841004 0.020463847203274217 0.06485355648535565 
5 0.6517735334242838 0.29236401673640167 0.018417462482946793 0.06589958158995816 
5 0.669849931787176 0.2955020920502092 0.023192360163710776 0.06171548117154812 
5 0.8792633015006821 0.6997907949790795 0.04229195088676671 0.058577405857740586 
5 0.8645975443383356 0.6459205020920502 0.04160982264665757 0.06380753138075314 
5 0.17257844474761255 0.3190376569037657 0.04365620736698499 0.02510460251046025 
5 0.8543656207366985 0.6155857740585774 0.042974079126875855 0.05753138075313807 
5 0.8717598908594816 0.6767782426778243 0.040927694406548434 0.056485355648535567 
5 0.8939290586630286 0.7248953974895398 0.032060027285129605 0.06276150627615062 
5 0.5869713506139154 0.28661087866108786 0.018417462482946793 0.06694560669456066 
5 0.6019781718963165 0.28765690376569036 0.018417462482946793 0.06485355648535565 
5 0.6831514324693042 0.3101464435146444 0.017053206002728513 0.049163179916317995 
5 0.10743519781718963 0.3106694560669456 0.04024556616643929 0.027196652719665274 
5 0.17462482946793997 0.29131799163179917 0.04365620736698499 0.034518828451882845 
4 0.49590723055934516 0.6234309623430963 0.015006821282401092 0.043933054393305436 
4 0.4965893587994543 0.5664225941422594 0.01637107776261937 0.04497907949790795 
4 0.5266030013642565 0.4273012552301255 0.03274215552523874 0.021966527196652718 
4 0.626193724420191 0.5465481171548117 0.0286493860845839 0.0198744769874477 
4 0.6497271487039563 0.446652719665272 0.02660300136425648 0.02092050209205021 
4 0.6135743519781719 0.4408995815899582 0.030695770804911322 0.0198744769874477 
4 0.7482946793997272 0.40324267782426776 0.030013642564802184 0.038702928870292884 
4 0.7943383356070941 0.41265690376569036 0.034788540245566164 0.028242677824267783 
4 0.8352660300136425 0.4205020920502092 0.030695770804911322 0.029288702928870293 
4 0.869031377899045 0.4225941422594142 0.03137789904502047 0.029288702928870293 
4 0.7905866302864939 0.3446652719665272 0.03137789904502047 0.028242677824267783 
4 0.830150068212824 0.3457112970711297 0.03274215552523874 0.028242677824267783 
4 0.9041609822646658 0.36035564853556484 0.032060027285129605 0.028242677824267783 
4 0.8802864938608458 0.375 0.02796725784447476 0.028242677824267783 
4 0.9427012278308322 0.3692468619246862 0.0286493860845839 0.02301255230125523 
4 0.977830832196453 0.372907949790795 0.029331514324693043 0.02405857740585774 
4 0.9502046384720327 0.4314853556485356 0.027285129604365622 0.02405857740585774 
4 0.5634379263301501 0.3070083682008368 0.015006821282401092 0.04079497907949791 
4 0.6688267394270123 0.36976987447698745 0.032060027285129605 0.030334728033472803 
4 0.6087994542974079 0.3854602510460251 0.02660300136425648 0.01778242677824268 
5 0.6319918144611187 0.3514644351464435 0.042974079126875855 0.027196652719665274 
5 0.5613915416098226 0.3587866108786611 0.01637107776261937 0.056485355648535567 
4 0.861869031377899 0.34989539748953974 0.030695770804911322 0.0198744769874477 
4 0.6988403819918144 0.4534518828451883 0.029331514324693043 0.02405857740585774 
4 0.730218281036835 0.4581589958158996 0.02660300136425648 0.01882845188284519 
4 0.7714870395634379 0.46548117154811713 0.03137789904502047 0.02510460251046025 
4 0.7605729877216917 0.6814853556485355 0.020463847203274217 0.053347280334728034 
4 0.5886766712141883 0.5381799163179917 0.02592087312414734 0.021966527196652718 
4 0.5586630286493861 0.5324267782426778 0.03137789904502047 0.016736401673640166 
4 0.6589358799454298 0.5507322175732218 0.027285129604365622 0.021966527196652718 
4 0.6940654843110505 0.555439330543933 0.029331514324693043 0.02092050209205021 
4 0.706343792633015 0.6286610878661087 0.02796725784447476 0.03765690376569038 
4 0.7104365620736699 0.6516736401673641 0.022510231923601638 0.03347280334728033 
4 0.7462482946793997 0.6239539748953975 0.013642564802182811 0.04707112970711297 
4 0.7639836289222374 0.6239539748953975 0.015006821282401092 0.04497907949790795 
4 0.803206002728513 0.5549163179916318 0.02660300136425648 0.049163179916317995 
4 0.8083219645293315 0.4707112970711297 0.0286493860845839 0.02301255230125523 
4 0.8141200545702592 0.5643305439330544 0.023874488403819918 0.04707112970711297 
4 0.8263983628922238 0.5768828451882845 0.030695770804911322 0.049163179916317995 
4 0.8209413369713506 0.6841004184100419 0.021145975443383355 0.04811715481171548 
4 0.8052523874488404 0.6281380753138075 0.02660300136425648 0.051255230125523014 
4 0.9502046384720327 0.7615062761506276 0.021828103683492497 0.0502092050209205 
4 0.9280354706684857 0.4895397489539749 0.029331514324693043 0.02301255230125523 
4 0.8758526603001364 0.48169456066945604 0.03137789904502047 0.02615062761506276 
4 0.842087312414734 0.47489539748953974 0.02796725784447476 0.02510460251046025 
5 0.3042291950886767 0.28556485355648537 0.045020463847203276 0.03138075313807531 
