12 0.9707379134860051 0.9549387166546504 0.05343511450381679 0.023792357606344627 
12 0.9675572519083969 0.834534967555876 0.03816793893129771 0.04974765681326604 
12 0.22360050890585242 0.6434751261715934 0.15203562340966922 0.03821196827685652 
12 0.34891857506361323 0.5638067772170151 0.11768447837150127 0.0966113914924297 
12 0.3924936386768448 0.2195385724585436 0.07506361323155217 0.06705118961788031 
12 0.9351145038167938 0.050108147080028836 0.09414758269720101 0.029560201874549386 
12 0.9472010178117048 0.3316510454217736 0.04198473282442748 0.06200432588320115 
12 0.7929389312977099 0.39617880317231435 0.03498727735368957 0.06416726748377793 
12 0.6733460559796438 0.4686373467916366 0.07188295165394402 0.07642393655371305 
13 0.719147582697201 0.6038211968276856 0.02480916030534351 0.03821196827685652 
12 0.6504452926208651 0.5666906993511175 0.08078880407124682 0.03316510454217736 
12 0.6568066157760815 0.7058399423215573 0.06552162849872774 0.023071377072819033 
12 0.38517811704834604 0.7840663302090843 0.041348600508905854 0.04397981254506128 
12 0.8155216284987278 0.8251622206200433 0.0648854961832061 0.03677000720980533 
4 0.17938931297709923 0.8258832011535688 0.013994910941475827 0.006488824801730353 
6 0.7967557251908397 0.3651766402307138 0.014631043256997456 0.02090843547224225 
6 0.6208651399491094 0.5602018745493872 0.019083969465648856 0.012977649603460706 
6 0.7547709923664122 0.524873828406633 0.01717557251908397 0.020187454938716654 
6 0.7932569974554707 0.815068493150685 0.020356234096692113 0.0136986301369863 
6 0.9220737913486005 0.05767844268204758 0.02480916030534351 0.014419610670511895 
4 0.9825063613231552 0.4560201874549387 0.00826972010178117 0.0136986301369863 
4 0.9783715012722646 0.47801009372746933 0.008905852417302799 0.015861571737563085 
4 0.9745547073791349 0.4589041095890411 0.011450381679389313 0.02090843547224225 
4 0.8858142493638677 0.5349675558759913 0.012086513994910942 0.015861571737563085 
4 0.8800890585241731 0.517664023071377 0.010814249363867684 0.017303532804614274 
4 0.8724554707379135 0.5216294160057678 0.012086513994910942 0.01802451333813987 
4 0.8692748091603053 0.6171593366979091 0.009541984732824428 0.020187454938716654 
4 0.9287531806615776 0.6532083633741889 0.013994910941475827 0.017303532804614274 
4 0.8457379134860051 0.6658255227108868 0.006997455470737914 0.01802451333813987 
13 0.12404580152671756 0.4542177361211247 0.01653944020356234 0.03749098774333093 
