4 0.8562322946175638 0.9732142857142857 0.026912181303116147 0.02738095238095238 
4 0.8487960339943342 0.9482142857142857 0.030453257790368272 0.041666666666666664 
4 0.49893767705382436 0.9047619047619048 0.030453257790368272 0.04523809523809524 
6 0.043909348441926344 0.6035714285714285 0.024079320113314446 0.05476190476190476 
4 0.044263456090651555 0.6827380952380953 0.023371104815864022 0.04880952380952381 
4 0.09985835694050992 0.8351190476190476 0.024079320113314446 0.04642857142857143 
12 0.9146600566572238 0.6892857142857143 0.07861189801699717 0.15714285714285714 
12 0.7666430594900849 0.5738095238095238 0.07152974504249292 0.22142857142857142 
12 0.4047450424929179 0.36904761904761907 0.09560906515580736 0.2976190476190476 
12 0.3353399433427762 0.23392857142857143 0.07436260623229461 0.2988095238095238 
12 0.1813031161473088 0.30238095238095236 0.06232294617563739 0.18095238095238095 
