6 0.5585241730279898 0.4041095890410959 0.021628498727735368 0.02090843547224225 
12 0.7983460559796438 0.678082191780822 0.022900763358778626 0.026676279740447006 
12 0.8447837150127226 0.19826964671953856 0.058524173027989825 0.0692141312184571 
12 0.6892493638676844 0.15681326604181686 0.17239185750636132 0.18385003604902667 
12 0.6090966921119593 0.4124008651766402 0.0693384223918575 0.09516943042537851 
12 0.5852417302798982 0.5847152126892574 0.029262086513994912 0.03460706560922855 
13 0.7270992366412213 0.7159336697909157 0.03689567430025445 0.0418168709444845 
12 0.5251272264631043 0.6506849315068494 0.02862595419847328 0.07426099495313626 
12 0.4681933842239186 0.6496034607065609 0.03435114503816794 0.11391492429704397 
13 0.8686386768447837 0.7015140591204038 0.031170483460559797 0.03028118240807498 
6 0.18193384223918574 0.7984859408795962 0.013994910941475827 0.023792357606344627 
4 0.6049618320610687 0.852198990627253 0.01653944020356234 0.011535688536409516 
4 0.6711195928753181 0.8190338860850757 0.010178117048346057 0.018745493871665464 
6 0.45006361323155214 0.6240086517664023 0.014631043256997456 0.022350396539293438 
4 0.7840330788804071 0.8540014419610671 0.015903307888040712 0.01658255227108868 
4 0.7681297709923665 0.8136265320836338 0.009541984732824428 0.01802451333813987 
4 0.7598600508905853 0.8129055515501081 0.00826972010178117 0.01658255227108868 
4 0.9338422391857506 0.7364816149963951 0.01272264631043257 0.0136986301369863 
4 0.9592875318066157 0.772170151405912 0.013994910941475827 0.018745493871665464 
12 0.3463740458015267 0.7217015140591204 0.04643765903307888 0.1528478731074261 
12 0.29389312977099236 0.8013698630136986 0.04198473282442748 0.12040374909877433 
12 0.18893129770992367 0.8561643835616438 0.062340966921119595 0.1506849315068493 
4 0.9821882951653944 0.8085796683489546 0.011450381679389313 0.02090843547224225 
12 0.9039440203562341 0.11968276856524873 0.05597964376590331 0.050468637346791634 
