4 0.9038179148311307 0.9223518850987432 0.027900146842878122 0.027827648114901255 
4 0.7657856093979442 0.9133752244165171 0.014684287812041116 0.02244165170556553 
4 0.7727606461086637 0.9201077199281867 0.013950073421439061 0.02154398563734291 
4 0.8171806167400881 0.755834829443447 0.016152716593245228 0.010771992818671455 
6 0.9386930983847284 0.966786355475763 0.024229074889867842 0.026929982046678635 
6 0.0605726872246696 0.49506283662477557 0.016886930983847283 0.026032315978456014 
12 0.8795888399412628 0.6790843806104129 0.06461086637298091 0.09784560143626571 
13 0.5315712187958884 0.9587073608617595 0.024963289280469897 0.02872531418312388 
12 0.8050660792951542 0.5884201077199281 0.06093979441997063 0.08707360861759425 
13 0.40602055800293685 0.3981149012567325 0.02643171806167401 0.05475763016157989 
12 0.5943465491923642 0.40529622980251345 0.04038179148311307 0.06552962298025135 
12 0.41923641703377384 0.27019748653500897 0.030837004405286344 0.10951526032315978 
12 0.18979441997063143 0.4115798922800718 0.037444933920704845 0.04937163375224417 
12 0.09140969162995595 0.5219928186714542 0.05066079295154185 0.05116696588868941 
13 0.15969162995594713 0.6342010771992819 0.03450807635829662 0.04578096947935368 
