4 0.4851138353765324 0.033218785796105384 0.03677758318739054 0.043528064146620846 
4 0.04159369527145359 0.5274914089347079 0.03940455341506129 0.049255441008018326 
7 0.32180385288966723 0.715922107674685 0.17075306479859895 0.23367697594501718 
8 0.43782837127845886 0.5687285223367697 0.2031523642732049 0.27835051546391754 
8 0.5350262697022767 0.46105383734249716 0.2031523642732049 0.27376861397479957 
8 0.660245183887916 0.30698739977090495 0.19089316987740806 0.2565864833906071 
8 0.7587565674255692 0.19931271477663232 0.18826619964973731 0.2565864833906071 
4 0.20577933450087565 0.029782359679266894 0.03327495621716287 0.048109965635738834 
4 0.20928196147110334 0.12313860252004583 0.03152364273204904 0.046964490263459335 
4 0.24080560420315236 0.17411225658648338 0.03152364273204904 0.048109965635738834 
4 0.19658493870402802 0.35223367697594504 0.03590192644483362 0.044673539518900345 
4 0.07092819614711034 0.4925544100801833 0.03502626970227671 0.048109965635738834 
4 0.019702276707530646 0.8894616265750286 0.03415061295971979 0.05154639175257732 
4 0.45183887915936954 0.06987399770904926 0.04203152364273205 0.052691867124856816 
4 0.021015761821366025 0.8442153493699885 0.03327495621716287 0.050400916380297825 
4 0.1138353765323993 0.5801832760595648 0.03852889667250438 0.046964490263459335 
4 0.15411558669001751 0.5372279495990836 0.040280210157618214 0.048109965635738834 
4 0.19220665499124343 0.497709049255441 0.03940455341506129 0.05154639175257732 
4 0.3204903677758319 0.34536082474226804 0.03677758318739054 0.049255441008018326 
4 0.37434325744308233 0.28923253150057276 0.03940455341506129 0.049255441008018326 
4 0.4067425569176883 0.2508591065292096 0.042907180385288964 0.052691867124856816 
4 0.44614711033274956 0.21076746849942726 0.04115586690017513 0.050400916380297825 
4 0.478984238178634 0.17583046964490265 0.040280210157618214 0.049255441008018326 
4 0.4041155866900175 0.12084765177548683 0.03765323992994746 0.049255441008018326 
7 0.24387040280210157 0.8018327605956472 0.17075306479859895 0.23596792668957617 
