4 0.9421364985163204 0.6597222222222222 0.05637982195845697 0.07291666666666667 
4 0.9213649851632048 0.8723958333333334 0.06231454005934718 0.06770833333333333 
7 0.40578635014836795 0.3897569444444444 0.25667655786350146 0.3628472222222222 
7 0.5467359050445104 0.2934027777777778 0.2596439169139466 0.3680555555555556 
4 0.8827893175074184 0.2144097222222222 0.05637982195845697 0.03298611111111111 
4 0.7351632047477745 0.5685763888888888 0.04302670623145401 0.07465277777777778 
4 0.7040059347181009 0.5868055555555556 0.04896142433234421 0.07291666666666667 
4 0.6795252225519288 0.6085069444444444 0.05637982195845697 0.08159722222222222 
4 0.5029673590504451 0.7065972222222222 0.05637982195845697 0.0798611111111111 
4 0.8286350148367952 0.671875 0.06973293768545995 0.06597222222222222 
4 0.8672106824925816 0.7317708333333334 0.057863501483679525 0.050347222222222224 
4 0.8902077151335311 0.8012152777777778 0.06824925816023739 0.0642361111111111 
4 0.905786350148368 0.8359375 0.06379821958456973 0.06076388888888889 
4 0.7359050445103857 0.8628472222222222 0.050445103857566766 0.06597222222222222 
4 0.956973293768546 0.7135416666666666 0.05934718100890208 0.0798611111111111 
4 0.6750741839762612 0.8081597222222222 0.05341246290801187 0.08159722222222222 
4 0.7032640949554896 0.8758680555555556 0.05341246290801187 0.07465277777777778 
4 0.5890207715133531 0.8489583333333334 0.04747774480712166 0.07291666666666667 
4 0.672106824925816 0.8932291666666666 0.04747774480712166 0.07465277777777778 
4 0.6446587537091988 0.9036458333333334 0.05489614243323442 0.078125 
4 0.6186943620178041 0.921875 0.050445103857566766 0.06944444444444445 
4 0.5905044510385756 0.9418402777777778 0.050445103857566766 0.07465277777777778 
4 0.5318991097922848 0.8880208333333334 0.04896142433234421 0.07465277777777778 
4 0.4992581602373887 0.9097222222222222 0.05192878338278932 0.0763888888888889 
4 0.5571216617210683 0.9522569444444444 0.05192878338278932 0.078125 
4 0.9762611275964391 0.7465277777777778 0.050445103857566766 0.0763888888888889 
7 0.26409495548961426 0.4869791666666667 0.258160237388724 0.3697916666666667 
