13 0.375 0.7861635220125787 0.06818181818181818 0.039532794249775384 
4 0.4395933014354067 0.33737646001796945 0.022727272727272728 0.020664869721473494 
13 0.298444976076555 0.30143755615453727 0.04425837320574163 0.04941599281221923 
13 0.5239234449760766 0.2416891284815813 0.06698564593301436 0.039532794249775384 
13 0.2900717703349282 0.6675651392632524 0.06339712918660287 0.039532794249775384 
13 0.5980861244019139 0.788858939802336 0.07177033492822966 0.03593890386343217 
13 0.8133971291866029 0.8122192273135669 0.05741626794258373 0.026954177897574125 
13 0.8002392344497608 0.6711590296495957 0.03349282296650718 0.04132973944294699 
13 0.6782296650717703 0.5287511230907457 0.0645933014354067 0.04043126684636118 
13 0.8552631578947368 0.11545372866127583 0.06220095693779904 0.03863432165318958 
13 0.6955741626794258 0.16082659478885894 0.07057416267942583 0.04132973944294699 
4 0.6357655502392344 0.24663072776280323 0.022727272727272728 0.022461814914645103 
4 0.9228468899521531 0.25112309074573225 0.03229665071770335 0.018867924528301886 
4 0.625 0.2529200359389039 0.02033492822966507 0.018867924528301886 
4 0.6471291866028708 0.35714285714285715 0.02631578947368421 0.015274034141958671 
4 0.4180622009569378 0.44788858939802334 0.029904306220095694 0.018867924528301886 
5 0.2577751196172249 0.5345911949685535 0.05861244019138756 0.030548068283917342 
4 0.13516746411483255 0.582659478885894 0.03349282296650718 0.020664869721473494 
4 0.23803827751196172 0.6347708894878706 0.02631578947368421 0.02425876010781671 
4 0.22727272727272727 0.6415094339622641 0.0215311004784689 0.0215633423180593 
4 0.5239234449760766 0.8463611859838275 0.01674641148325359 0.02336028751123091 
4 0.9533492822966507 0.9640610961365679 0.028708133971291867 0.01078167115902965 
13 0.14354066985645933 0.40341419586702604 0.07177033492822966 0.044923629829290206 
