5 0.08768177929854576 0.6163179916317991 0.06073567151411463 0.022594142259414227 
5 0.7852865697177075 0.5171548117154812 0.08212147134302823 0.03682008368200837 
5 0.08511548331907613 0.7857740585774059 0.06244653550042772 0.023430962343096235 
5 0.32506415739948674 0.48368200836820086 0.08383233532934131 0.02510460251046025 
5 0.3118049615055603 0.5560669456066946 0.05731394354148845 0.022594142259414227 
5 0.5585970915312233 0.5242677824267783 0.0872540633019675 0.024267782426778243 
5 0.6283147989734816 0.5548117154811716 0.07784431137724551 0.018410041841004185 
5 0.5795551753635586 0.5845188284518829 0.06928999144568007 0.019246861924686193 
5 0.5025662959794697 0.5815899581589958 0.08126603934987169 0.018410041841004185 
5 0.5449101796407185 0.5543933054393305 0.0855431993156544 0.019246861924686193 
5 0.6809238665526091 0.7058577405857741 0.08212147134302823 0.017573221757322177 
5 0.08810949529512403 0.7142259414225941 0.06501283147989735 0.019246861924686193 
5 0.2763045337895637 0.8569037656903765 0.058169375534645 0.016736401673640166 
5 0.26390076988879385 0.899163179916318 0.05218135158254919 0.017573221757322177 
5 0.6869118905047049 0.7606694560669456 0.08212147134302823 0.035146443514644354 
5 0.6783575705731394 0.80836820083682 0.058169375534645 0.021757322175732216 
5 0.6475620188195038 0.8343096234309624 0.046193327630453376 0.0200836820083682 
5 0.8798118049615056 0.8330543933054393 0.08639863130881095 0.03765690376569038 
4 0.08639863130881095 0.06276150627615062 0.015397775876817793 0.03347280334728033 
4 0.11548331907613345 0.06192468619246862 0.020530367835757058 0.035146443514644354 
4 0.07228400342172797 0.06317991631799164 0.01454234388366125 0.032635983263598324 
4 0.045337895637296836 0.06150627615062761 0.018819503849443968 0.03430962343096234 
4 0.09409751924721985 0.13472803347280335 0.018819503849443968 0.031799163179916316 
4 0.04662104362703165 0.1309623430962343 0.019674935842600515 0.03430962343096234 
4 0.0658682634730539 0.1305439330543933 0.01710863986313088 0.031799163179916316 
5 0.08511548331907613 0.7606694560669456 0.05731394354148845 0.018410041841004185 
5 0.29726261762189904 0.37489539748953976 0.02480752780153978 0.055230125523012555 
5 0.4923011120615911 0.07196652719665272 0.033361847733105215 0.05690376569037657 
5 0.27587681779298545 0.702510460251046 0.07442258340461934 0.022594142259414227 
5 0.7733105218135158 0.4694560669456067 0.07698887938408897 0.03682008368200837 
5 0.7840034217279727 0.49414225941422596 0.08126603934987169 0.03430962343096234 
5 0.7985457656116339 0.6359832635983264 0.055603079555175364 0.0301255230125523 
5 0.8520102651839179 0.69581589958159 0.08212147134302823 0.03430962343096234 
5 0.8682634730538922 0.7627615062761506 0.07527801539777587 0.03096234309623431 
5 0.8686911890504705 0.8117154811715481 0.08639863130881095 0.03682008368200837 
5 0.888366124893071 0.8543933054393306 0.07442258340461934 0.031799163179916316 
5 0.8404619332763046 0.894979079497908 0.04020530367835757 0.07280334728033473 
5 0.9050470487596236 0.9255230125523013 0.08041060735671514 0.03347280334728033 
5 0.913601368691189 0.9732217573221758 0.0872540633019675 0.038493723849372385 
5 0.6822070145423439 0.8585774058577406 0.08297690333618478 0.016736401673640166 
5 0.6890504704875963 0.7845188284518828 0.0641573994867408 0.02594142259414226 
5 0.6937553464499572 0.7351464435146443 0.09067579127459367 0.032635983263598324 
5 0.49615055603079555 0.4769874476987448 0.12147134302822926 0.02510460251046025 
5 0.3361847733105218 0.507949790794979 0.08041060735671514 0.021757322175732216 
5 0.4328485885372113 0.502928870292887 0.08212147134302823 0.023430962343096235 
5 0.5166809238665526 0.502092050209205 0.07698887938408897 0.0200836820083682 
5 0.5953806672369547 0.49665271966527197 0.0718562874251497 0.03096234309623431 
5 0.34046193327630453 0.5301255230125523 0.08212147134302823 0.022594142259414227 
5 0.42429426860564584 0.5288702928870292 0.05645851154833191 0.0200836820083682 
5 0.6411462788708298 0.9728033472803347 0.08297690333618478 0.019246861924686193 
5 0.08426005132591959 0.8518828451882845 0.0641573994867408 0.023430962343096235 
5 0.09067579127459367 0.6422594142259415 0.06672369546621043 0.02092050209205021 
4 0.5479041916167665 0.0803347280334728 0.023096663815226688 0.04351464435146443 
4 0.27758768177929855 0.9221757322175732 0.04020530367835757 0.0200836820083682 
4 0.27416595380667236 0.9602510460251046 0.04362703165098375 0.019246861924686193 
4 0.2694610778443114 0.9414225941422594 0.0427715996578272 0.01506276150627615 
5 0.46834901625320785 0.26610878661087867 0.02480752780153978 0.05690376569037657 
5 0.4931565440547476 0.26569037656903766 0.026518391787852865 0.05439330543933055 
5 0.4863130881094953 0.3410041841004184 0.03165098374679213 0.08117154811715481 
5 0.6347305389221557 0.3234309623430962 0.03934987168520103 0.07112970711297072 
5 0.5410607356715141 0.3292887029288703 0.0213857998289136 0.05606694560669456 
5 0.5641573994867408 0.3158995815899582 0.02480752780153978 0.0694560669456067 
5 0.5902480752780154 0.31715481171548116 0.0290846877673225 0.058577405857740586 
4 0.6035072711719418 0.3188284518828452 0.01283147989734816 0.0301255230125523 
5 0.518819503849444 0.30627615062761504 0.028229255774165955 0.1589958158995816 
5 0.2523524379811805 0.3682008368200837 0.02737382378100941 0.05188284518828452 
5 0.3229255774165954 0.3372384937238494 0.02480752780153978 0.06192468619246862 
5 0.34644995722840033 0.3393305439330544 0.02737382378100941 0.0694560669456067 
5 0.3943541488451668 0.3447698744769874 0.02737382378100941 0.07029288702928871 
5 0.1775021385799829 0.32803347280334727 0.03165098374679213 0.07531380753138076 
5 0.20059880239520958 0.32803347280334727 0.028229255774165955 0.06192468619246862 
5 0.22412318220701455 0.3317991631799163 0.02737382378100941 0.06778242677824267 
5 0.46065012831479896 0.36652719665271966 0.03507271171941831 0.07698744769874477 
5 0.1514114627887083 0.2506276150627615 0.03421727972626176 0.06778242677824267 
5 0.3220701454234388 0.25271966527196654 0.029940119760479042 0.06192468619246862 
5 0.24978614200171087 0.3083682008368201 0.02566295979469632 0.052719665271966525 
5 0.4204448246364414 0.3497907949790795 0.0213857998289136 0.06527196652719665 
5 0.39349871685201027 0.2606694560669456 0.0290846877673225 0.06276150627615062 
5 0.4187339606501283 0.2560669456066946 0.029940119760479042 0.07029288702928871 
5 0.272027373823781 0.9774058577405857 0.05303678357570573 0.018410041841004185 
5 0.13515825491873396 0.8702928870292888 0.046193327630453376 0.11380753138075314 
5 0.5209580838323353 0.9564853556485355 0.05474764756201882 0.021757322175732216 
4 0.8130881094952951 0.6556485355648536 0.05218135158254919 0.02594142259414226 
4 0.713857998289136 0.9058577405857741 0.045337895637296836 0.017573221757322177 
4 0.6518391787852865 0.9292887029288703 0.05132591958939264 0.02092050209205021 
4 0.7117194183062446 0.9301255230125522 0.0427715996578272 0.019246861924686193 
4 0.7309666381522669 0.8820083682008368 0.04875962360992301 0.021757322175732216 
4 0.7112917023096664 0.9535564853556485 0.05389221556886228 0.019246861924686193 
4 0.646278870829769 0.9510460251046026 0.05389221556886228 0.017573221757322177 
4 0.6616766467065869 0.8811715481171548 0.04020530367835757 0.018410041841004185 
4 0.6578272027373824 0.905020920502092 0.0427715996578272 0.019246861924686193 
4 0.8378956372968349 0.796652719665272 0.05389221556886228 0.026778242677824266 
4 0.8524379811804962 0.7179916317991631 0.055603079555175364 0.026778242677824266 
4 0.6278870829769033 0.5234309623430963 0.04790419161676647 0.02092050209205021 
5 0.39692044482463645 0.4811715481171548 0.06159110350727117 0.021757322175732216 
4 0.6732249786142002 0.30167364016736403 0.01710863986313088 0.03096234309623431 
4 0.6484174508126604 0.30167364016736403 0.01710863986313088 0.032635983263598324 
4 0.5786997433704021 0.0794979079497908 0.023096663815226688 0.04184100418410042 
5 0.7241231822070145 0.9794979079497907 0.08126603934987169 0.02092050209205021 
5 0.7656116338751069 0.59581589958159 0.0855431993156544 0.04184100418410042 
5 0.6518391787852865 0.5903765690376569 0.0855431993156544 0.024267782426778243 
5 0.5384944396920445 0.2518828451882845 0.026518391787852865 0.05188284518828452 
5 0.38922155688622756 0.5527196652719665 0.0872540633019675 0.02092050209205021 
5 0.4294268605645851 0.5757322175732218 0.06159110350727117 0.0200836820083682 
5 0.36313088109495295 0.5782426778242677 0.05731394354148845 0.018410041841004185 
5 0.7544910179640718 0.42552301255230124 0.08041060735671514 0.03933054393305439 
