4 0.5780089153046062 0.9709705372616985 0.03268945022288262 0.030329289428076257 
4 0.4944279346210996 0.9575389948006933 0.03194650817236255 0.02772963604852686 
4 0.4888558692421991 0.7049393414211439 0.031203566121842496 0.026863084922010397 
4 0.49665676077265974 0.7218370883882149 0.033432392273402674 0.03119584055459272 
4 0.45728083209509657 0.7053726169844021 0.030460624071322436 0.029462738301559793 
4 0.4635958395245171 0.7218370883882149 0.03268945022288262 0.02772963604852686 
4 0.46916790490341753 0.7396013864818024 0.03194650817236255 0.030329289428076257 
4 0.5048291233283804 0.7378682842287695 0.034918276374442794 0.02859618717504333 
4 0.5115156017830609 0.7560658578856152 0.030460624071322436 0.030329289428076257 
4 0.49294205052005946 0.7885615251299827 0.034918276374442794 0.029462738301559793 
4 0.5014858841010401 0.8063258232235702 0.031203566121842496 0.02859618717504333 
4 0.5074294205052006 0.8223570190641247 0.02823179791976226 0.025996533795493933 
4 0.5211738484398217 0.7716637781629117 0.030460624071322436 0.026863084922010397 
4 0.37444279346210996 0.6919410745233969 0.031203566121842496 0.030329289428076257 
4 0.3826151560178306 0.7075389948006933 0.02823179791976226 0.030329289428076257 
4 0.399702823179792 0.7391681109185442 0.029717682020802376 0.029462738301559793 
4 0.350297176820208 0.7707972270363952 0.03194650817236255 0.030329289428076257 
4 0.3588410104011887 0.7859618717504333 0.031203566121842496 0.025996533795493933 
4 0.3666419019316493 0.8024263431542461 0.03194650817236255 0.02772963604852686 
4 0.37332838038632987 0.8184575389948007 0.03194650817236255 0.02859618717504333 
4 0.4439078751857355 0.8388214904679376 0.02897473997028232 0.02772963604852686 
5 0.4561664190193165 0.8522530329289428 0.029717682020802376 0.026863084922010397 
4 0.43053491827637447 0.8058925476603119 0.033432392273402674 0.029462738301559793 
4 0.3844725111441308 0.8539861351819757 0.030460624071322436 0.026863084922010397 
4 0.4026745913818722 0.8834488734835355 0.03566121842496285 0.02859618717504333 
4 0.4208766716196137 0.9163778162911612 0.034918276374442794 0.030329289428076257 
4 0.4290490341753343 0.9337088388214905 0.03194650817236255 0.030329289428076257 
4 0.4713967310549777 0.9046793760831889 0.036404160475482915 0.03119584055459272 
4 0.47771173848439824 0.9246100519930676 0.03268945022288262 0.029462738301559793 
4 0.48328380386329867 0.6871750433275563 0.03194650817236255 0.02772963604852686 
4 0.44093610698365526 0.67157712305026 0.030460624071322436 0.02772963604852686 
4 0.44799405646359586 0.6876083188908145 0.03268945022288262 0.032062391681109186 
4 0.35661218424962854 0.5 0.03417533432392273 0.03119584055459272 
7 0.11664190193164933 0.3574523396880416 0.08766716196136701 0.07538994800693241 
7 0.14301634472511143 0.43197573656845756 0.08841010401188708 0.07712305025996534 
7 0.16827637444279347 0.505632582322357 0.08841010401188708 0.07712305025996534 
7 0.8068350668647846 0.6637781629116117 0.1188707280832095 0.18370883882149047 
7 0.7095096582466568 0.41074523396880414 0.1188707280832095 0.18197573656845753 
7 0.7904903417533432 0.36915077989601386 0.1188707280832095 0.18370883882149047 
7 0.6140416047548292 0.15771230502599654 0.11812778603268945 0.18024263431542462 
7 0.6935364041604755 0.1195840554592721 0.11961367013372957 0.18197573656845753 
7 0.4212481426448737 0.14558058925476602 0.11738484398216939 0.18197573656845753 
7 0.29160475482912335 0.21143847487001732 0.11664190193164933 0.18370883882149047 
4 0.22176820208023773 0.5775563258232236 0.034918276374442794 0.03726169844020797 
4 0.25705794947994054 0.5563258232235702 0.03566121842496285 0.036395147313691506 
4 0.3699851411589896 0.48570190641247835 0.029717682020802376 0.032062391681109186 
4 0.4773402674591382 0.6685441941074524 0.033432392273402674 0.032062391681109186 
4 0.38818722139673106 0.4796360485268631 0.034918276374442794 0.03726169844020797 
4 0.4086181277860327 0.4614384748700173 0.0237741456166419 0.032062391681109186 
4 0.42570579494799404 0.45363951473136915 0.02674591381872214 0.03726169844020797 
4 0.46545319465081725 0.48353552859618715 0.034918276374442794 0.036395147313691506 
4 0.13707280832095098 0.6260831889081456 0.033432392273402674 0.03552859618717504 
4 0.16158989598811294 0.7019064124783362 0.0274888558692422 0.03986135181975736 
4 0.39301634472511143 0.5498266897746967 0.03714710252600297 0.033795493934142114 
4 0.487741456166419 0.5337954939341422 0.03194650817236255 0.03119584055459272 
4 0.4156760772659733 0.6221837088388215 0.03194650817236255 0.029462738301559793 
4 0.4238484398216939 0.6390814558058926 0.030460624071322436 0.026863084922010397 
4 0.462481426448737 0.6364818024263431 0.034918276374442794 0.033795493934142114 
4 0.43053491827637447 0.6564124783362218 0.033432392273402674 0.030329289428076257 
4 0.487741456166419 0.9397746967071057 0.034918276374442794 0.032062391681109186 
4 0.5026002971768202 0.9748700173310225 0.03194650817236255 0.03119584055459272 
5 0.5668647845468053 0.957105719237435 0.03566121842496285 0.033795493934142114 
4 0.4361069836552749 0.9501733102253033 0.03566121842496285 0.032062391681109186 
4 0.5583209509658247 0.6876083188908145 0.03194650817236255 0.030329289428076257 
4 0.562035661218425 0.7053726169844021 0.033432392273402674 0.03292894280762565 
4 0.5720653789004457 0.7196707105719238 0.031203566121842496 0.032062391681109186 
4 0.5768945022288261 0.7365684575389948 0.030460624071322436 0.029462738301559793 
4 0.586924219910847 0.7512998266897747 0.03268945022288262 0.03292894280762565 
4 0.5962109955423477 0.7677642980935875 0.034918276374442794 0.03292894280762565 
4 0.6017830609212481 0.7833622183708839 0.029717682020802376 0.02772963604852686 
4 0.6073551263001485 0.8032928942807626 0.03789004457652303 0.03466204506065858 
4 0.5286032689450223 0.7885615251299827 0.033432392273402674 0.03292894280762565 
4 0.5408618127786032 0.8227902946273831 0.029717682020802376 0.032062391681109186 
5 0.5471768202080238 0.8396880415944541 0.030460624071322436 0.029462738301559793 
4 0.5163447251114414 0.8379549393414212 0.031203566121842496 0.029462738301559793 
4 0.6166419019316494 0.8188908145580589 0.03566121842496285 0.03292894280762565 
4 0.6236998514115899 0.8370883882149047 0.030460624071322436 0.025996533795493933 
4 0.6329866270430906 0.8518197573656846 0.03417533432392273 0.03119584055459272 
4 0.6582466567607727 0.9220103986135182 0.03417533432392273 0.03292894280762565 
4 0.6645616641901931 0.9380415944540728 0.034918276374442794 0.032062391681109186 
4 0.6054977711738484 0.9536395147313691 0.03714710252600297 0.032062391681109186 
4 0.5884101040118871 0.9220103986135182 0.03566121842496285 0.03119584055459272 
4 0.5802377414561665 0.9059792027729636 0.03268945022288262 0.02859618717504333 
4 0.5728083209509658 0.8882149046793761 0.03566121842496285 0.03119584055459272 
4 0.5653789004457652 0.8726169844020797 0.03417533432392273 0.03119584055459272 
4 0.5579494799405647 0.8552859618717504 0.03566121842496285 0.03119584055459272 
4 0.5282317979197623 0.8730502599653379 0.03268945022288262 0.030329289428076257 
4 0.5430906389301634 0.9072790294627383 0.03268945022288262 0.03292894280762565 
4 0.5512630014858841 0.9237435008665511 0.03268945022288262 0.03119584055459272 
4 0.5594353640416048 0.9397746967071057 0.031203566121842496 0.032062391681109186 
4 0.5508915304606241 0.6694107452339688 0.0274888558692422 0.02859618717504333 
4 0.5438335809806835 0.6516464471403813 0.03268945022288262 0.03292894280762565 
4 0.5319465081723626 0.6373483535528596 0.03566121842496285 0.033795493934142114 
4 0.2912332838038633 0.8934142114384749 0.031203566121842496 0.02772963604852686 
4 0.4450222882615156 0.9653379549393414 0.03566121842496285 0.03466204506065858 
4 0.449851411589896 0.9826689774696707 0.03789004457652303 0.03292894280762565 
4 0.23885586924219912 0.7725303292894281 0.033432392273402674 0.030329289428076257 
4 0.2425705794947994 0.7924610051993067 0.034918276374442794 0.033795493934142114 
4 0.25222882615156017 0.8080589254766031 0.03194650817236255 0.030329289428076257 
4 0.287518573551263 0.8084922010398613 0.03417533432392273 0.03119584055459272 
4 0.28194650817236255 0.7907279029462738 0.033432392273402674 0.032062391681109186 
4 0.2730312035661218 0.8383882149046794 0.030460624071322436 0.02859618717504333 
4 0.3060921248142645 0.8383882149046794 0.029717682020802376 0.026863084922010397 
4 0.27934621099554235 0.8539861351819757 0.031203566121842496 0.030329289428076257 
4 0.2849182763744428 0.8739168110918544 0.02897473997028232 0.02859618717504333 
4 0.31203566121842496 0.8561525129982669 0.03268945022288262 0.03292894280762565 
4 0.3164933135215453 0.8765164644714039 0.02823179791976226 0.02859618717504333 
4 0.524145616641902 0.6217504332755632 0.034918276374442794 0.032062391681109186 
4 0.32280832095096584 0.8929809358752167 0.030460624071322436 0.02859618717504333 
4 0.33098068350668647 0.908578856152513 0.03194650817236255 0.032062391681109186 
4 0.3384101040118871 0.9224436741767764 0.034918276374442794 0.032062391681109186 
4 0.3476968796433878 0.9397746967071057 0.03268945022288262 0.030329289428076257 
4 0.35289747399702825 0.957105719237435 0.03417533432392273 0.032062391681109186 
4 0.3614413075780089 0.9735701906412478 0.033432392273402674 0.030329289428076257 
4 0.325037147102526 0.9770363951473137 0.036404160475482915 0.033795493934142114 
4 0.3205794947994057 0.9575389948006933 0.033432392273402674 0.03119584055459272 
4 0.312407132243685 0.9415077989601387 0.034918276374442794 0.033795493934142114 
4 0.30349182763744426 0.9263431542461005 0.03194650817236255 0.02772963604852686 
4 0.29680534918276374 0.9103119584055459 0.02897473997028232 0.026863084922010397 
4 0.5204309063893017 0.6000866551126517 0.034918276374442794 0.03552859618717504 
7 0.08952451708766716 0.28162911611785096 0.08841010401188708 0.07625649913344887 
