4 0.9899122807017544 0.8461538461538461 0.018421052631578946 0.02525832376578645 
4 0.017105263157894738 0.8737083811710677 0.016666666666666666 0.022962112514351322 
1 0.17280701754385966 0.5332950631458094 0.12631578947368421 0.1618828932261768 
1 0.5043859649122807 0.5091848450057406 0.12631578947368421 0.15958668197474168 
1 0.45526315789473687 0.8920780711825488 0.1280701754385965 0.16073478760045926 
1 0.8714912280701754 0.20551090700344432 0.1587719298245614 0.21125143513203215 
4 0.0868421052631579 0.9225028702640643 0.021052631578947368 0.02640642939150402 
4 0.02587719298245614 0.8628013777267508 0.016666666666666666 0.02640642939150402 
4 0.009210526315789473 0.8800229621125144 0.014912280701754385 0.021814006888633754 
4 0.12324561403508771 0.9845005740528129 0.016666666666666666 0.021814006888633754 
4 0.014912280701754385 0.9632606199770379 0.01929824561403509 0.02525832376578645 
4 0.09385964912280702 0.93398392652124 0.01929824561403509 0.02640642939150402 
4 0.1 0.9437428243398392 0.017543859649122806 0.022962112514351322 
4 0.10657894736842105 0.9535017221584385 0.016666666666666666 0.021814006888633754 
4 0.11008771929824561 0.9638346727898967 0.016666666666666666 0.01951779563719862 
4 0.11666666666666667 0.9770378874856487 0.01929824561403509 0.022962112514351322 
1 0.31140350877192985 0.23019517795637198 0.16140350877192983 0.20551090700344432 
