4 0.7350835322195705 0.24506283662477557 0.057279236276849645 0.04308797127468582 
4 0.6097852028639618 0.16606822262118492 0.05250596658711217 0.03590664272890485 
0 0.2392601431980907 0.5646319569120287 0.12052505966587113 0.08617594254937164 
0 0.31443914081145585 0.5686714542190305 0.1324582338902148 0.09245960502692999 
0 0.3269689737470167 0.6297127468581688 0.11455847255369929 0.07809694793536805 
0 0.41109785202863963 0.63016157989228 0.1276849642004773 0.08976660682226212 
0 0.5883054892601431 0.7387791741472173 0.12410501193317422 0.08797127468581688 
0 0.5041766109785203 0.6808797127468582 0.11813842482100238 0.08527827648114901 
0 0.6825775656324582 0.5287253141831239 0.1431980906921241 0.10412926391382406 
0 0.6873508353221957 0.45601436265709155 0.11455847255369929 0.07899461400359066 
0 0.5041766109785203 0.40529622980251345 0.11336515513126491 0.07989228007181329 
0 0.5214797136038186 0.3123877917414722 0.11694510739856802 0.0843806104129264 
0 0.4128878281622912 0.2594254937163375 0.10739856801909307 0.07719928186714542 
