4 0.9818081587651599 0.800822561692127 0.03858875413450937 0.024676850763807285 
4 0.03197353914002205 0.8777908343125734 0.022050716648291068 0.04935370152761457 
7 0.4696802646085998 0.19036427732079905 0.11025358324145534 0.22326674500587543 
7 0.5926130099228225 0.18037602820211515 0.10694597574421169 0.2244418331374853 
7 0.21334068357221608 0.5387779083431258 0.10915104740904079 0.22209165687426558 
7 0.3472987872105843 0.5299647473560517 0.11025358324145534 0.2209165687426557 
7 0.48897464167585447 0.5205640423031728 0.10694597574421169 0.22326674500587543 
7 0.6306504961411246 0.5099882491186839 0.10804851157662625 0.2209165687426557 
7 0.7646085997794928 0.5017626321974148 0.10915104740904079 0.22326674500587543 
4 0.08103638368246968 0.9576968272620446 0.04520396912899669 0.023501762632197415 
4 0.525909592061742 0.982373678025852 0.03969128996692393 0.03760282021151586 
4 0.6157662624035282 0.9236192714453584 0.04299889746416759 0.03760282021151586 
4 0.7023153252480706 0.8742655699177438 0.03969128996692393 0.03055229142185664 
4 0.6626240352811467 0.8954171562867215 0.044101433296582136 0.03525264394829612 
4 0.5628445424476296 0.9600470035252644 0.04520396912899669 0.03760282021151586 
4 0.9195148842337376 0.8113983548766157 0.044101433296582136 0.024676850763807285 
4 0.7717750826901875 0.8431257344300822 0.04189636163175303 0.02937720329024677 
4 0.7932745314222712 0.6886016451233843 0.04961411245865491 0.023501762632197415 
7 0.3461962513781698 0.1991774383078731 0.10804851157662625 0.2244418331374853 
