7 0.8257575757575758 0.7331560283687943 0.11140819964349376 0.17553191489361702 
7 0.716131907308378 0.7566489361702128 0.11319073083778966 0.17464539007092197 
7 0.60650623885918 0.7810283687943262 0.11140819964349376 0.17553191489361702 
7 0.49732620320855614 0.8040780141843972 0.11051693404634581 0.17553191489361702 
7 0.7562388591800356 0.44858156028368795 0.11140819964349376 0.17553191489361702 
7 0.7000891265597148 0.1622340425531915 0.11140819964349376 0.17553191489361702 
7 0.5900178253119429 0.18528368794326242 0.11229946524064172 0.1773049645390071 
7 0.48128342245989303 0.20966312056737588 0.11229946524064172 0.17819148936170212 
7 0.44786096256684493 0.5177304964539007 0.11140819964349376 0.17375886524822695 
7 0.34001782531194297 0.5407801418439716 0.11140819964349376 0.17375886524822695 
7 0.3716577540106952 0.23315602836879432 0.11051693404634581 0.17553191489361702 
7 0.19607843137254902 0.2717198581560284 0.11051693404634581 0.17464539007092197 
7 0.09313725490196079 0.29388297872340424 0.10962566844919786 0.17641843971631205 
