4 0.029217199558985666 0.22919179734620024 0.023153252480705624 0.033775633293124246 
4 0.7706725468577729 0.96562123039807 0.017640573318632856 0.025331724969843185 
4 0.8732083792723263 0.4149577804583836 0.04189636163175303 0.04342581423401689 
4 0.9691289966923925 0.4951749095295537 0.03969128996692393 0.04221954161640531 
5 0.834619625137817 0.48009650180940894 0.05953693495038589 0.05307599517490953 
4 0.13009922822491732 0.05006031363088058 0.05292171995589857 0.032569360675512665 
4 0.8263506063947078 0.5036188178528347 0.03858875413450937 0.03739445114595899 
4 0.9520396912899669 0.5156815440289505 0.040793825799338476 0.039806996381182146 
4 0.9691289966923925 0.24849215922798554 0.04189636163175303 0.04101326899879373 
7 0.7326350606394708 0.2677925211097708 0.12458654906284454 0.2316043425814234 
7 0.6108048511576626 0.24969843184559712 0.12127894156560089 0.2316043425814234 
7 0.34178610804851156 0.7762364294330518 0.12127894156560089 0.23039806996381182 
7 0.2205071664829107 0.758745476477684 0.12348401323042998 0.2316043425814234 
7 0.3914002205071665 0.390832328106152 0.12348401323042998 0.2316043425814234 
7 0.27122381477398017 0.3721351025331725 0.12127894156560089 0.23039806996381182 
