4 0.98671875 0.9080729166666667 0.019270833333333334 0.0203125 
4 0.975 0.8973958333333333 0.017708333333333333 0.01875 
4 0.13723958333333333 0.036458333333333336 0.0234375 0.016666666666666666 
13 0.8203125 0.86953125 0.03333333333333333 0.05364583333333333 
13 0.43411458333333336 0.7895833333333333 0.0578125 0.06041666666666667 
13 0.5458333333333333 0.6955729166666667 0.059375 0.0515625 
13 0.7338541666666667 0.4296875 0.059375 0.05625 
13 0.8145833333333333 0.32708333333333334 0.03958333333333333 0.052083333333333336 
13 0.6174479166666667 0.020572916666666666 0.04635416666666667 0.028645833333333332 
13 0.06979166666666667 0.2630208333333333 0.04791666666666667 0.04791666666666667 
13 0.27369791666666665 0.3411458333333333 0.06197916666666667 0.0375 
13 0.27109375 0.8583333333333333 0.049479166666666664 0.04895833333333333 
4 0.15182291666666667 0.6791666666666667 0.0234375 0.020833333333333332 
4 0.5700520833333333 0.2838541666666667 0.0296875 0.030208333333333334 
4 0.6213541666666667 0.1765625 0.020833333333333332 0.025 
4 0.13307291666666668 0.88828125 0.0265625 0.027604166666666666 
4 0.4078125 0.6166666666666667 0.022916666666666665 0.021875 
4 0.3875 0.5955729166666667 0.021875 0.0296875 
4 0.3502604166666667 0.6591145833333333 0.0234375 0.0234375 
4 0.08359375 0.7684895833333333 0.0265625 0.024479166666666666 
4 0.49140625 0.32526041666666666 0.0234375 0.022395833333333334 
4 0.39479166666666665 0.5265625 0.019791666666666666 0.020833333333333332 
4 0.44375 0.42578125 0.022916666666666665 0.0234375 
4 0.3575520833333333 0.42916666666666664 0.024479166666666666 0.021875 
4 0.28151041666666665 0.5283854166666667 0.025520833333333333 0.0234375 
4 0.22057291666666667 0.625 0.025520833333333333 0.022916666666666665 
4 0.19765625 0.61171875 0.0234375 0.021354166666666667 
4 0.17109375 0.6966145833333334 0.0234375 0.022395833333333334 
