4 0.11432291666666666 0.5005208333333333 0.024479166666666666 0.015625 
4 0.11354166666666667 0.48984375 0.023958333333333335 0.015104166666666667 
7 0.28072916666666664 0.5041666666666667 0.075 0.115625 
7 0.34427083333333336 0.48723958333333334 0.07708333333333334 0.11614583333333334 
7 0.4075520833333333 0.47109375 0.07760416666666667 0.11614583333333334 
7 0.18125 0.7020833333333333 0.07708333333333334 0.115625 
7 0.26067708333333334 0.68046875 0.07552083333333333 0.11614583333333334 
7 0.32369791666666664 0.6640625 0.0765625 0.115625 
7 0.38671875 0.6463541666666667 0.0765625 0.11666666666666667 
7 0.45 0.63046875 0.07604166666666666 0.11614583333333334 
10 0.6877604166666667 0.875 0.14739583333333334 0.190625 
10 0.5776041666666667 0.84296875 0.14270833333333333 0.18802083333333333 
1 0.8049479166666667 0.47578125 0.17447916666666666 0.16614583333333333 
4 0.037760416666666664 0.30755208333333334 0.011979166666666667 0.022395833333333334 
4 0.07526041666666666 0.35130208333333335 0.021354166666666667 0.0140625 
4 0.013020833333333334 0.39010416666666664 0.015625 0.021875 
4 0.08932291666666667 0.38958333333333334 0.022395833333333334 0.015625 
4 0.08958333333333333 0.40208333333333335 0.022916666666666665 0.016666666666666666 
4 0.1015625 0.43515625 0.022916666666666665 0.016145833333333335 
4 0.10729166666666666 0.45729166666666665 0.01875 0.0125 
4 0.050520833333333334 0.5510416666666667 0.0125 0.019791666666666666 
4 0.0640625 0.5575520833333333 0.011458333333333333 0.018229166666666668 
4 0.4122395833333333 0.24088541666666666 0.0140625 0.022395833333333334 
7 0.21796875 0.5213541666666667 0.07552083333333333 0.115625 
