4 0.5824135393671818 0.13595706618962433 0.01839587932303164 0.012522361359570662 
6 0.7398822663723326 0.17933810375670842 0.022810890360559236 0.024150268336314847 
12 0.45106696100073584 0.28577817531305905 0.07947019867549669 0.10822898032200358 
12 0.20382634289919058 0.5322003577817531 0.03237674760853569 0.07155635062611806 
12 0.1254598969830758 0.7531305903398927 0.03016924208977189 0.06440071556350627 
12 0.16188373804267844 0.7790697674418605 0.03384841795437822 0.057245080500894455 
12 0.23841059602649006 0.8202146690518783 0.016188373804267846 0.0518783542039356 
12 0.33774834437086093 0.8103756708407871 0.01177336276674025 0.04293381037567084 
12 0.579102281089036 0.6923076923076923 0.02207505518763797 0.1001788908765653 
12 0.6317144959529065 0.6923076923076923 0.02869757174392936 0.11091234347048301 
12 0.7089771891096395 0.6878354203935599 0.019867549668874173 0.11270125223613596 
12 0.760485651214128 0.7365831842576028 0.008094186902133923 0.07602862254025045 
12 0.8436350257542311 0.5402504472271914 0.049300956585724795 0.12164579606440072 
6 0.3899926416482708 0.27772808586762077 0.026490066225165563 0.01520572450805009 
4 0.11037527593818984 0.1972271914132379 0.016188373804267846 0.01699463327370304 
4 0.5724797645327446 0.10957066189624329 0.016188373804267846 0.01520572450805009 
6 0.7454010301692421 0.17128801431127014 0.017660044150110375 0.020572450805008944 
12 0.7358351729212657 0.2003577817531306 0.04562178072111847 0.046511627906976744 
