6 0.64340239912759 0.616079105760963 0.05888767720828789 0.04729148753224419 
4 0.623773173391494 0.47420464316423044 0.03925845147219193 0.03353396388650043 
4 0.5027262813522355 0.4178847807394669 0.04143947655398037 0.034393809114359415 
4 0.4547437295528899 0.44067067927773 0.04798255179934569 0.03697334479793637 
4 0.6526717557251909 0.4183147033533964 0.04907306434023991 0.04213241616509028 
4 0.6870229007633588 0.4178847807394669 0.04362050163576881 0.034393809114359415 
4 0.6428571428571429 0.4402407566638005 0.04034896401308615 0.034393809114359415 
4 0.5932388222464559 0.45055889939810834 0.03925845147219193 0.03267411865864144 
4 0.5834242093784079 0.472914875322442 0.04362050163576881 0.034393809114359415 
4 0.6090512540894221 0.43852106620808257 0.04034896401308615 0.03267411865864144 
4 0.5256270447110142 0.5090283748925194 0.04362050163576881 0.03611349957007739 
4 0.46728462377317337 0.48022355975924336 0.04471101417666303 0.03869303525365434 
4 0.5223555070883316 0.5361134995700774 0.04143947655398037 0.03181427343078246 
4 0.47110141766630315 0.5464316423043852 0.04798255179934569 0.03697334479793637 
4 0.5054525627044711 0.5752364574376613 0.03816793893129771 0.029234737747205503 
4 0.33042529989094876 0.5253654342218401 0.03707742639040349 0.029234737747205503 
4 0.5294438386041439 0.3869303525365434 0.03380588876772083 0.027515047291487533 
4 0.5561613958560524 0.411006018916595 0.04143947655398037 0.03267411865864144 
4 0.5812431842966194 0.3993981083404987 0.03707742639040349 0.028374892519346516 
4 0.5528898582333697 0.3757523645743766 0.03707742639040349 0.029234737747205503 
4 0.5823336968375137 0.36672398968185727 0.05016357688113413 0.03869303525365434 
4 0.6035986913849509 0.351676698194325 0.05343511450381679 0.04299226139294927 
4 0.6494002181025081 0.3456577815993121 0.04907306434023991 0.0412725709372313 
4 0.6886586695747001 0.31513327601031815 0.05561613958560523 0.040412725709372314 
4 0.7071973827699018 0.2815993121238177 0.04034896401308615 0.03181427343078246 
5 0.3925845147219193 0.5128976784178848 0.07197382769901854 0.05588993981083405 
5 0.4149400218102508 0.49871023215821153 0.07742639040348964 0.058469475494411005 
5 0.8097055616139586 0.3207222699914015 0.07960741548527808 0.05331040412725709 
5 0.7742639040348964 0.32932072226999143 0.0806979280261723 0.058469475494411005 
5 0.42639040348964014 0.7596732588134136 0.0697928026172301 0.05760963026655202 
5 0.44983642311886585 0.7411865864144453 0.07306434023991276 0.06018916595012898 
5 0.5888767720828789 0.6543422184006878 0.05234460196292257 0.03955288048151333 
5 0.7137404580152672 0.5520206362854686 0.07088331515812432 0.05674978503869303 
4 0.3544165757906216 0.5030094582975064 0.03925845147219193 0.03267411865864144 
4 0.4154852780806979 0.6199484092863284 0.04798255179934569 0.0412725709372313 
4 0.3075245365321701 0.6233877901977644 0.03489640130861505 0.027515047291487533 
4 0.509814612868048 0.70335339638865 0.04907306434023991 0.03955288048151333 
5 0.5474372955288986 0.680567497850387 0.06324972737186478 0.04557179707652623 
5 0.5272628135223555 0.6913155631986242 0.05779716466739367 0.04471195184866724 
5 0.6575790621592148 0.5988822012037833 0.06761177753544166 0.052450558899398106 
5 0.440567066521265 0.5825451418744626 0.06761177753544166 0.052450558899398106 
5 0.35605234460196294 0.5756663800515908 0.06870229007633588 0.05417024935511608 
5 0.38549618320610685 0.5352536543422184 0.05343511450381679 0.043852106620808254 
4 0.8380588876772083 0.3619948409286328 0.04907306434023991 0.025795356835769563 
4 0.7366412213740458 0.3993981083404987 0.04252998909487459 0.03353396388650043 
4 0.7164667393675027 0.41487532244196046 0.04362050163576881 0.0352536543422184 
4 0.757360959651036 0.47334479793637146 0.04034896401308615 0.03353396388650043 
4 0.7219193020719739 0.6517626827171109 0.04580152671755725 0.03611349957007739 
4 0.6815703380588877 0.9647463456577816 0.05016357688113413 0.03955288048151333 
4 0.7022900763358778 0.6375752364574376 0.04798255179934569 0.0352536543422184 
4 0.6068702290076335 0.6405846947549441 0.04689203925845147 0.03955288048151333 
4 0.4825517993456925 0.7424763542562339 0.03816793893129771 0.03353396388650043 
4 0.31842966194111233 0.6758383490971626 0.05452562704471101 0.029234737747205503 
4 0.4525627044711014 0.7149613069647464 0.03925845147219193 0.03009458297506449 
4 0.549618320610687 0.7708512467755804 0.04580152671755725 0.03353396388650043 
4 0.5316248636859324 0.7566638005159071 0.04471101417666303 0.037833190025795355 
4 0.48582333696837515 0.7876182287188306 0.04689203925845147 0.034393809114359415 
4 0.5005452562704471 0.8030954428202923 0.04580152671755725 0.03611349957007739 
4 0.5158124318429662 0.8181427343078246 0.04798255179934569 0.03697334479793637 
4 0.6030534351145038 0.8942390369733448 0.05016357688113413 0.03611349957007739 
4 0.5812431842966194 0.8740326741186586 0.05016357688113413 0.03869303525365434 
4 0.4830970556161396 0.8890799656061908 0.03925845147219193 0.030954428202923472 
4 0.4291166848418757 0.8469475494411006 0.04689203925845147 0.037833190025795355 
4 0.2257360959651036 0.9548581255374032 0.04143947655398037 0.03353396388650043 
4 0.5381679389312977 0.49097162510748066 0.04034896401308615 0.030954428202923472 
4 0.27208287895310795 0.5954428202923474 0.04471101417666303 0.03181427343078246 
4 0.23446019629225737 0.6220980223559759 0.03925845147219193 0.03181427343078246 
5 0.6902944383860414 0.5674978503869303 0.0697928026172301 0.055030094582975066 
