5 0.15269461077844312 0.6645021645021645 0.12574850299401197 0.032034632034632034 
4 0.17440119760479042 0.5411255411255411 0.05538922155688623 0.01904761904761905 
4 0.8495508982035929 0.3047619047619048 0.06437125748502993 0.0380952380952381 
4 0.8181137724550899 0.3216450216450216 0.06437125748502993 0.03722943722943723 
5 0.6526946107784432 0.38311688311688313 0.19461077844311378 0.1012987012987013 
5 0.5830838323353293 0.3329004329004329 0.20209580838323354 0.09956709956709957 
5 0.7110778443113772 0.7043290043290044 0.10778443113772455 0.05800865800865801 
5 0.6856287425149701 0.6887445887445888 0.11077844311377245 0.05800865800865801 
5 0.6519461077844312 0.6748917748917749 0.11526946107784432 0.04935064935064935 
5 0.6205089820359282 0.6393939393939394 0.08532934131736528 0.04242424242424243 
5 0.592814371257485 0.6264069264069264 0.11077844311377245 0.05454545454545454 
5 0.5561377245508982 0.6025974025974026 0.1122754491017964 0.05714285714285714 
5 0.3727544910179641 0.5216450216450217 0.1347305389221557 0.030303030303030304 
5 0.35254491017964074 0.49567099567099565 0.13622754491017963 0.02857142857142857 
5 0.31511976047904194 0.454978354978355 0.13323353293413173 0.032034632034632034 
5 0.30538922155688625 0.4142857142857143 0.1347305389221557 0.030303030303030304 
5 0.25523952095808383 0.3974025974025974 0.08532934131736528 0.024242424242424242 
5 0.2836826347305389 0.37532467532467534 0.13323353293413173 0.030303030303030304 
5 0.2717065868263473 0.3567099567099567 0.13323353293413173 0.025974025974025976 
4 0.1781437125748503 0.5246753246753246 0.05389221556886228 0.01904761904761905 
4 0.1504491017964072 0.6233766233766234 0.07035928143712575 0.025974025974025976 
4 0.4535928143712575 0.7311688311688311 0.0718562874251497 0.023376623376623377 
4 0.40494011976047906 0.6090909090909091 0.058383233532934134 0.021645021645021644 
4 0.844311377245509 0.7727272727272727 0.059880239520958084 0.030303030303030304 
4 0.5329341317365269 0.9008658008658008 0.059880239520958084 0.032034632034632034 
4 0.5022455089820359 0.8329004329004329 0.07335329341317365 0.024242424242424242 
5 0.47679640718562877 0.7783549783549784 0.07035928143712575 0.022510822510822513 
5 0.4708083832335329 0.7463203463203463 0.07335329341317365 0.02077922077922078 
5 0.47305389221556887 0.7636363636363637 0.0718562874251497 0.02077922077922078 
5 0.4962574850299401 0.7956709956709956 0.06736526946107785 0.024242424242424242 
5 0.49700598802395207 0.8142857142857143 0.08383233532934131 0.025108225108225107 
5 0.5179640718562875 0.8679653679653679 0.08383233532934131 0.030303030303030304 
5 0.7896706586826348 0.7437229437229437 0.08532934131736528 0.04329004329004329 
5 0.7844311377245509 0.7705627705627706 0.11976047904191617 0.05367965367965368 
5 0.31511976047904194 0.43333333333333335 0.10329341317365269 0.025108225108225107 
4 0.4491017964071856 0.7112554112554113 0.0718562874251497 0.023376623376623377 
4 0.8502994011976048 0.6476190476190476 0.0688622754491018 0.0380952380952381 
4 0.8211077844311377 0.6372294372294373 0.061377245508982034 0.0329004329004329 
4 0.7702095808383234 0.603030303030303 0.05538922155688623 0.030303030303030304 
4 0.4199101796407186 0.6489177489177489 0.06437125748502993 0.025108225108225107 
5 0.26497005988023953 0.3329004329004329 0.1347305389221557 0.02857142857142857 
