4 0.9561011904761905 0.25536672629695883 0.03720238095238095 0.04025044722719141 
4 0.22544642857142858 0.3805903398926655 0.05803571428571429 0.018783542039355994 
4 0.5751488095238095 0.2714669051878354 0.06696428571428571 0.020572450805008944 
4 0.7373511904761905 0.26699463327370304 0.03720238095238095 0.04203935599284436 
4 0.7127976190476191 0.3555456171735242 0.03869047619047619 0.038461538461538464 
4 0.5558035714285714 0.3206618962432916 0.08779761904761904 0.020572450805008944 
4 0.21651785714285715 0.360912343470483 0.05505952380952381 0.013416815742397137 
4 0.21577380952380953 0.3363148479427549 0.050595238095238096 0.014311270125223614 
4 0.22247023809523808 0.39847942754919496 0.05803571428571429 0.01520572450805009 
4 0.28422619047619047 0.6779964221824687 0.050595238095238096 0.01967799642218247 
4 0.22767857142857142 0.4186046511627907 0.050595238095238096 0.014311270125223614 
4 0.23883928571428573 0.5062611806797853 0.05505952380952381 0.01967799642218247 
4 0.24627976190476192 0.526386404293381 0.046130952380952384 0.01520572450805009 
4 0.2552083333333333 0.5456171735241503 0.05803571428571429 0.017889087656529516 
4 0.2700892857142857 0.6091234347048301 0.049107142857142856 0.014311270125223614 
4 0.27306547619047616 0.6274597495527728 0.05505952380952381 0.018783542039355994 
4 0.5617559523809523 0.22808586762075134 0.06994047619047619 0.02146690518783542 
4 0.5595238095238095 0.20214669051878353 0.07142857142857142 0.01967799642218247 
4 0.28125 0.25402504472271914 0.0625 0.01967799642218247 
4 0.28125 0.23658318425760286 0.0625 0.020572450805008944 
4 0.26785714285714285 0.13864042933810375 0.06845238095238096 0.017889087656529516 
4 0.2760416666666667 0.1556350626118068 0.06696428571428571 0.017889087656529516 
4 0.27529761904761907 0.1735241502683363 0.05654761904761905 0.01967799642218247 
4 0.2775297619047619 0.19767441860465115 0.05803571428571429 0.016100178890876567 
4 0.4568452380952381 0.17039355992844366 0.0744047619047619 0.018783542039355994 
5 0.36755952380952384 0.8094812164579607 0.03869047619047619 0.06797853309481217 
5 0.35119047619047616 0.7271914132379249 0.041666666666666664 0.06976744186046512 
5 0.31398809523809523 0.528175313059034 0.041666666666666664 0.06708407871198568 
5 0.33482142857142855 0.6372987477638641 0.03869047619047619 0.06708407871198568 
5 0.7894345238095238 0.6270125223613596 0.04017857142857143 0.07155635062611806 
5 0.38392857142857145 0.9552772808586762 0.07738095238095238 0.025044722719141325 
5 0.4107142857142857 0.4821109123434705 0.10714285714285714 0.01967799642218247 
5 0.4538690476190476 0.8349731663685152 0.0744047619047619 0.06529516994633273 
4 0.2760416666666667 0.6453488372093024 0.05505952380952381 0.018783542039355994 
4 0.2805059523809524 0.6618962432915921 0.052083333333333336 0.016100178890876567 
6 0.27976190476190477 0.21779964221824688 0.06845238095238096 0.018783542039355994 
4 0.5252976190476191 0.6435599284436494 0.05654761904761905 0.020572450805008944 
4 0.7857142857142857 0.9141323792486583 0.03273809523809524 0.03577817531305903 
4 0.8311011904761905 0.9351520572450805 0.03125 0.038461538461538464 
4 0.8169642857142857 0.8376565295169947 0.026785714285714284 0.03130590339892665 
4 0.6339285714285714 0.7298747763864043 0.05357142857142857 0.014311270125223614 
4 0.6436011904761905 0.7822003577817531 0.06398809523809523 0.01699463327370304 
4 0.5342261904761905 0.667262969588551 0.05952380952380952 0.028622540250447227 
4 0.42931547619047616 0.6328264758497316 0.025297619047619048 0.03130590339892665 
4 0.14508928571428573 0.6462432915921288 0.028273809523809524 0.03309481216457961 
4 0.23511904761904762 0.4490161001788909 0.05654761904761905 0.017889087656529516 
4 0.5342261904761905 0.4731663685152057 0.09821428571428571 0.026833631484794274 
4 0.5431547619047619 0.3483899821109123 0.10119047619047619 0.024150268336314847 
4 0.3117559523809524 0.39177101967799643 0.0818452380952381 0.025044722719141325 
4 0.5453869047619048 0.30008944543828264 0.06994047619047619 0.018783542039355994 
6 0.3072916666666667 0.35330948121645794 0.07886904761904762 0.01967799642218247 
4 0.18526785714285715 0.7938282647584973 0.05505952380952381 0.01699463327370304 
4 0.08556547619047619 0.9521466905187835 0.05505952380952381 0.018783542039355994 
4 0.31547619047619047 0.8989266547406082 0.050595238095238096 0.016100178890876567 
4 0.19642857142857142 0.9011627906976745 0.050595238095238096 0.01699463327370304 
4 0.30505952380952384 0.868515205724508 0.05952380952380952 0.017889087656529516 
4 0.30357142857142855 0.8300536672629696 0.05654761904761905 0.017889087656529516 
4 0.19419642857142858 0.8783542039355993 0.046130952380952384 0.017889087656529516 
4 0.18229166666666666 0.8376565295169947 0.046130952380952384 0.01520572450805009 
4 0.29389880952380953 0.7696779964221825 0.05505952380952381 0.020572450805008944 
4 0.30357142857142855 0.8130590339892666 0.05654761904761905 0.016100178890876567 
4 0.18229166666666666 0.8206618962432916 0.046130952380952384 0.01699463327370304 
4 0.17782738095238096 0.7750447227191414 0.052083333333333336 0.020572450805008944 
4 0.28348214285714285 0.7151162790697675 0.06101190476190476 0.020572450805008944 
4 0.2864583333333333 0.7379248658318426 0.049107142857142856 0.016100178890876567 
4 0.16815476190476192 0.7276386404293381 0.05654761904761905 0.018783542039355994 
4 0.1644345238095238 0.7101967799642218 0.06101190476190476 0.01967799642218247 
4 0.1800595238095238 0.6525044722719141 0.02976190476190476 0.03130590339892665 
5 0.49776785714285715 0.8206618962432916 0.0818452380952381 0.06350626118067978 
