6 0.949685534591195 0.4577205882352941 0.050314465408805034 0.030637254901960783 
6 0.25943396226415094 0.11825980392156862 0.0660377358490566 0.025735294117647058 
6 0.03380503144654088 0.08394607843137254 0.055031446540880505 0.03553921568627451 
6 0.2727987421383648 0.8719362745098039 0.05817610062893082 0.030637254901960783 
6 0.3388364779874214 0.8927696078431373 0.08333333333333333 0.04044117647058824 
6 0.8191823899371069 0.6176470588235294 0.0880503144654088 0.04411764705882353 
12 0.3278301886792453 0.8400735294117647 0.17452830188679244 0.09926470588235294 
12 0.8537735849056604 0.6495098039215687 0.1289308176100629 0.07598039215686274 
12 0.8482704402515723 0.44362745098039214 0.12735849056603774 0.04411764705882353 
12 0.6572327044025157 0.2653186274509804 0.1540880503144654 0.12377450980392157 
12 0.22327044025157233 0.0625 0.1792452830188679 0.0857843137254902 
