6 0.7054648687012065 0.5320284697508897 0.015613910574875798 0.02965599051008304 
4 0.43718949609652236 0.9134045077105575 0.014194464158977998 0.02609727164887307 
4 0.0099361249112846 0.9009489916963227 0.018452803406671398 0.027283511269276393 
6 0.22746628814762243 0.6797153024911032 0.014904187366926898 0.033214709371293 
4 0.170333569907736 0.5765124555160143 0.017033356990773598 0.033214709371293 
6 0.34279630943931866 0.6512455516014235 0.017033356990773598 0.03084223013048636 
6 0.34953867991483323 0.6595492289442467 0.0205819730305181 0.03795966785290629 
6 0.2608232789212207 0.5848161328588375 0.016323633782824698 0.03558718861209965 
12 0.7253371185237757 0.7740213523131673 0.16181689141234917 0.2858837485172005 
12 0.6600425833924769 0.5889679715302492 0.12349183818310859 0.27402135231316727 
12 0.5010645848119234 0.36773428232502964 0.11639460610361958 0.2609727164887307 
12 0.2913413768630234 0.23606168446026096 0.058907026259758695 0.1494661921708185 
12 0.22746628814762243 0.15895610913404506 0.10149041873669269 0.232502965599051 
12 0.15755855216465578 0.10498220640569395 0.1022001419446416 0.20521945432977462 
