6 0.9581218274111675 0.9193446754883428 0.015228426395939087 0.015122873345935728 
12 0.27411167512690354 0.9262759924385633 0.13959390862944163 0.055450535601764335 
12 0.7607868020304569 0.34057971014492755 0.17893401015228427 0.018273471959672338 
12 0.7899746192893401 0.43005671077504726 0.1916243654822335 0.020793950850661626 
12 0.7823604060913706 0.5699432892249527 0.2753807106598985 0.048519218651543794 
12 0.633248730964467 0.7331442974165091 0.15736040609137056 0.06868304977945809 
12 0.4936548223350254 0.8260869565217391 0.10913705583756345 0.055450535601764335 
12 0.39213197969543145 0.8777567737870196 0.1446700507614213 0.0516698172652804 
12 0.11548223350253807 0.981411468178954 0.06852791878172589 0.03465658475110271 
6 0.924492385786802 0.9530560806553245 0.013959390862944163 0.014492753623188406 
6 0.6973350253807107 0.3475110270951481 0.03680203045685279 0.008191556395715185 
6 0.7436548223350253 0.5759294265910523 0.03299492385786802 0.011342155009451797 
6 0.9251269035532995 0.7145557655954632 0.03299492385786802 0.01638311279143037 
6 0.08121827411167512 0.9801512287334594 0.03299492385786802 0.020793950850661626 
4 0.8483502538071066 0.7586641461877757 0.01903553299492386 0.017643352236925015 
4 0.8572335025380711 0.7425960932577189 0.02918781725888325 0.017013232514177693 
12 0.6967005076142132 0.13705103969754254 0.1700507614213198 0.048519218651543794 
