4 0.9432661717921527 0.6487831858407079 0.041357370095440084 0.049778761061946904 
4 0.9236479321314952 0.6316371681415929 0.036055143160127257 0.05088495575221239 
4 0.06945917285259809 0.1532079646017699 0.051961823966065745 0.049778761061946904 
4 0.28366914103923646 0.10785398230088496 0.03923647932131495 0.049778761061946904 
4 0.3022269353128314 0.12278761061946902 0.042417815482502653 0.05088495575221239 
4 0.5482502651113468 0.11836283185840708 0.04029692470837752 0.0420353982300885 
4 0.5763520678685048 0.08738938053097345 0.041357370095440084 0.05530973451327434 
4 0.5572640509013785 0.06858407079646017 0.03711558854718982 0.04424778761061947 
4 0.5238600212089077 0.03595132743362832 0.03817603393425239 0.04535398230088496 
4 0.49946977730646874 0.029867256637168143 0.03817603393425239 0.0420353982300885 
5 0.5874867444326617 0.48451327433628316 0.06574761399787911 0.061946902654867256 
5 0.6129374337221634 0.4668141592920354 0.06574761399787911 0.059734513274336286 
5 0.5927889713679746 0.3573008849557522 0.06362672322375397 0.05530973451327434 
5 0.36267232237539765 0.4319690265486726 0.07635206786850478 0.08738938053097345 
5 0.33351007423117707 0.40707964601769914 0.06256627783669141 0.07300884955752213 
5 0.2741251325556734 0.3694690265486726 0.07317073170731707 0.07964601769911504 
5 0.2523860021208908 0.351216814159292 0.06786850477200425 0.07632743362831858 
5 0.23223753976670203 0.33351769911504425 0.06574761399787911 0.07411504424778761 
5 0.6542948038176034 0.40376106194690264 0.061505832449628844 0.05309734513274336 
5 0.898727465535525 0.3163716814159292 0.05832449628844114 0.04424778761061947 
5 0.6839872746553552 0.2676991150442478 0.05090137857900318 0.059734513274336286 
5 0.7502651113467657 0.31360619469026546 0.04984093319194061 0.05641592920353982 
5 0.5201484623541888 0.5564159292035398 0.07741251325556733 0.06858407079646017 
4 0.05249204665959703 0.17035398230088494 0.04772004241781548 0.046460176991150445 
4 0.39236479321314954 0.21017699115044247 0.044538706256627786 0.05088495575221239 
4 0.4093319194061506 0.23285398230088494 0.06362672322375397 0.06969026548672566 
4 0.9724284199363733 0.31360619469026546 0.036055143160127257 0.049778761061946904 
4 0.9034994697773064 0.6211283185840708 0.03817603393425239 0.049778761061946904 
4 0.8860021208907741 0.6028761061946902 0.041357370095440084 0.048672566371681415 
4 0.7094379639448568 0.2704646017699115 0.036055143160127257 0.04314159292035398 
4 0.7248144220572641 0.28761061946902655 0.041357370095440084 0.048672566371681415 
4 0.6420996818663839 0.21902654867256638 0.041357370095440084 0.04424778761061947 
4 0.6585365853658537 0.23506637168141592 0.03817603393425239 0.04756637168141593 
4 0.689289501590668 0.08794247787610619 0.042417815482502653 0.04535398230088496 
4 0.7295864262990456 0.12334070796460177 0.04029692470837752 0.04535398230088496 
4 0.9448568398727466 0.34900442477876104 0.04029692470837752 0.04535398230088496 
4 0.9443266171792153 0.2571902654867257 0.04984093319194061 0.04314159292035398 
4 0.4247083775185578 0.25331858407079644 0.05620360551431601 0.061946902654867256 
4 0.9321314952279958 0.2809734513274336 0.05090137857900318 0.046460176991150445 
4 0.9183457051961824 0.3014380530973451 0.04878048780487805 0.04756637168141593 
4 0.827677624602333 0.4032079646017699 0.030752916224814422 0.04756637168141593 
4 0.8488865323435844 0.5768805309734514 0.04559915164369035 0.05420353982300885 
5 0.5360551431601273 0.5359513274336283 0.06680805938494168 0.06084070796460177 
4 0.22163308589607636 0.7721238938053098 0.06362672322375397 0.06637168141592921 
4 0.5334040296924708 0.23949115044247787 0.042417815482502653 0.04092920353982301 
5 0.46553552492046657 0.28650442477876104 0.06998939554612937 0.08185840707964602 
4 0.44485683987274655 0.26935840707964603 0.05408271474019088 0.06084070796460177 
5 0.5005302226935313 0.577433628318584 0.08271474019088017 0.07300884955752213 
