6 0.9333333333333333 0.58359375 0.03854166666666667 0.0234375 
12 0.6 0.8776041666666666 0.09583333333333334 0.05625 
12 0.6125 0.7736979166666667 0.10208333333333333 0.05677083333333333 
12 0.6302083333333334 0.7049479166666667 0.10625 0.0546875 
12 0.6450520833333333 0.6125 0.14010416666666667 0.07604166666666666 
12 0.68046875 0.5630208333333333 0.1484375 0.07604166666666666 
12 0.70390625 0.5111979166666667 0.14739583333333334 0.09010416666666667 
12 0.73828125 0.45338541666666665 0.1265625 0.08489583333333334 
12 0.7546875 0.3893229166666667 0.12916666666666668 0.09010416666666667 
12 0.7950520833333333 0.30911458333333336 0.13177083333333334 0.0890625 
12 0.8119791666666667 0.178125 0.159375 0.09375 
12 0.85546875 0.12083333333333333 0.12552083333333333 0.075 
12 0.8841145833333334 0.07864583333333333 0.11302083333333333 0.06875 
