4 0.86640625 0.534375 0.016145833333333335 0.021875 
4 0.8716145833333333 0.5598958333333334 0.022395833333333334 0.023958333333333335 
4 0.8955729166666667 0.578125 0.022395833333333334 0.015625 
6 0.4192708333333333 0.82734375 0.030208333333333334 0.0578125 
6 0.4171875 0.7401041666666667 0.022916666666666665 0.035416666666666666 
12 0.8208333333333333 0.8643229166666667 0.10416666666666667 0.11822916666666666 
12 0.5638020833333334 0.7770833333333333 0.1734375 0.25104166666666666 
12 0.434375 0.73046875 0.12604166666666666 0.2546875 
12 0.26796875 0.6830729166666667 0.13072916666666667 0.23489583333333333 
12 0.12994791666666666 0.6390625 0.07135416666666666 0.22395833333333334 
12 0.049479166666666664 0.5984375 0.03229166666666667 0.15833333333333333 
