4 0.9473958333333333 0.6497395833333334 0.025 0.015104166666666667 
4 0.9026041666666667 0.6328125 0.015625 0.022916666666666665 
4 0.8869791666666667 0.6302083333333334 0.01875 0.030208333333333334 
4 0.8143229166666667 0.58828125 0.015104166666666667 0.0265625 
6 0.31302083333333336 0.7166666666666667 0.017708333333333333 0.028125 
12 0.8526041666666667 0.8619791666666666 0.06458333333333334 0.08541666666666667 
12 0.7091145833333333 0.83125 0.07447916666666667 0.11145833333333334 
12 0.6338541666666667 0.81328125 0.04375 0.07864583333333333 
12 0.5546875 0.7890625 0.03958333333333333 0.07083333333333333 
12 0.49713541666666666 0.7627604166666667 0.04010416666666667 0.07864583333333333 
12 0.4049479166666667 0.7247395833333333 0.059895833333333336 0.0859375 
12 0.3078125 0.6791666666666667 0.065625 0.090625 
12 0.1078125 0.64921875 0.05416666666666667 0.1265625 
