4 0.8747395833333333 0.70546875 0.0234375 0.009895833333333333 
6 0.465625 0.2565104166666667 0.028125 0.019270833333333334 
12 0.05416666666666667 0.6713541666666667 0.1 0.16770833333333332 
12 0.14713541666666666 0.6716145833333333 0.0640625 0.13177083333333334 
12 0.2513020833333333 0.5385416666666667 0.10572916666666667 0.2552083333333333 
12 0.35182291666666665 0.52578125 0.08697916666666666 0.20260416666666667 
12 0.4388020833333333 0.4895833333333333 0.08385416666666666 0.19583333333333333 
12 0.46484375 0.34661458333333334 0.1921875 0.40260416666666665 
12 0.6622395833333333 0.4783854166666667 0.059895833333333336 0.1390625 
12 0.7942708333333334 0.46067708333333335 0.03333333333333333 0.17239583333333333 
12 0.9145833333333333 0.47734375 0.030208333333333334 0.13489583333333333 
12 0.9479166666666666 0.5049479166666667 0.022916666666666665 0.06614583333333333 
6 0.4158854166666667 0.18333333333333332 0.024479166666666666 0.040625 
6 0.7713541666666667 0.39296875 0.015625 0.0328125 
6 0.14427083333333332 0.61484375 0.019791666666666666 0.0265625 
6 0.80234375 0.7765625 0.016145833333333335 0.028125 
6 0.7041666666666667 0.84453125 0.014583333333333334 0.0234375 
6 0.23880208333333333 0.4270833333333333 0.019270833333333334 0.029166666666666667 
6 0.815625 0.7708333333333334 0.008333333333333333 0.014583333333333334 
6 0.8104166666666667 0.7747395833333334 0.008333333333333333 0.015104166666666667 
6 0.06302083333333333 0.63125 0.010416666666666666 0.015625 
6 0.48541666666666666 0.43307291666666664 0.014583333333333334 0.021354166666666667 
6 0.5052083333333334 0.41848958333333336 0.027083333333333334 0.019270833333333334 
