4 0.8540339702760085 0.03591160220994475 0.049893842887473464 0.03425414364640884 
5 0.43736730360934184 0.19281767955801105 0.07006369426751592 0.06298342541436464 
5 0.2749469214437367 0.7154696132596685 0.08492569002123142 0.05856353591160221 
5 0.28821656050955413 0.6906077348066298 0.09023354564755838 0.05966850828729282 
5 0.3030785562632696 0.6602209944751382 0.10084925690021232 0.06298342541436464 
5 0.31369426751592355 0.6353591160220995 0.09872611464968153 0.06408839779005525 
5 0.19055201698513802 0.638121546961326 0.09023354564755838 0.06077348066298342 
5 0.3535031847133758 0.5530386740331492 0.09554140127388536 0.06519337016574586 
5 0.3651804670912951 0.5248618784530387 0.09766454352441614 0.05966850828729282 
5 0.43471337579617836 0.8696132596685083 0.08386411889596602 0.05082872928176796 
5 0.45116772823779194 0.8441988950276244 0.08492569002123142 0.055248618784530384 
5 0.21496815286624205 0.5828729281767956 0.0881104033970276 0.06077348066298342 
5 0.20276008492569003 0.6104972375690608 0.08492569002123142 0.056353591160221 
5 0.4708067940552017 0.11823204419889503 0.0732484076433121 0.04640883977900553 
5 0.4856687898089172 0.09392265193370165 0.06687898089171974 0.04640883977900553 
5 0.18683651804670912 0.6696132596685083 0.08492569002123142 0.057458563535911604 
5 0.22770700636942676 0.5569060773480663 0.0881104033970276 0.05303867403314917 
5 0.24522292993630573 0.5243093922651934 0.0870488322717622 0.056353591160221 
5 0.529723991507431 0.3607734806629834 0.06794055201698514 0.0430939226519337 
5 0.2521231422505308 0.49392265193370166 0.10084925690021232 0.06408839779005525 
5 0.6183651804670913 0.4856353591160221 0.11358811040339703 0.06077348066298342 
5 0.6050955414012739 0.5171270718232044 0.10615711252653928 0.06629834254143646 
5 0.559447983014862 0.6303867403314917 0.09554140127388536 0.06961325966850829 
5 0.4888535031847134 0.7922651933701658 0.08174097664543524 0.05966850828729282 
5 0.4718683651804671 0.8138121546961326 0.08174097664543524 0.05856353591160221 
5 0.4294055201698514 0.9027624309392265 0.0881104033970276 0.055248618784530384 
5 0.40976645435244163 0.9331491712707183 0.09129511677282377 0.05856353591160221 
5 0.5026539278131635 0.7690607734806629 0.08174097664543524 0.06408839779005525 
5 0.16507430997876857 0.8602209944751381 0.0732484076433121 0.045303867403314914 
5 0.6008492569002123 0.3475138121546961 0.055201698513800426 0.03425414364640884 
4 0.6141188959660298 0.412707182320442 0.024416135881104035 0.0430939226519337 
4 0.9734607218683652 0.5121546961325967 0.036093418259023353 0.056353591160221 
4 0.24575371549893843 0.9204419889502763 0.032908704883227176 0.04640883977900553 
4 0.10562632696390659 0.8552486187845304 0.0435244161358811 0.03314917127071823 
4 0.14065817409766454 0.8911602209944751 0.03503184713375796 0.0430939226519337 
4 0.19798301486199577 0.7220994475138122 0.020169851380042462 0.04751381215469613 
4 0.17781316348195328 0.7187845303867403 0.02653927813163482 0.049723756906077346 
4 0.14437367303609341 0.7204419889502762 0.05307855626326964 0.03756906077348066 
4 0.28821656050955413 0.7657458563535912 0.03503184713375796 0.04419889502762431 
4 0.4134819532908705 0.469060773480663 0.03927813163481953 0.02541436464088398 
4 0.5212314225053079 0.43867403314917125 0.036093418259023353 0.05303867403314917 
4 0.6390658174097664 0.40276243093922653 0.029723991507430998 0.04751381215469613 
4 0.5939490445859873 0.4154696132596685 0.028662420382165606 0.041988950276243095 
5 0.6762208067940552 0.43370165745856354 0.06794055201698514 0.04751381215469613 
4 0.5732484076433121 0.4022099447513812 0.040339702760084924 0.039779005524861875 
4 0.4686836518046709 0.35359116022099446 0.045647558386411886 0.03314917127071823 
4 0.4745222929936306 0.3364640883977901 0.04670912951167728 0.036464088397790057 
4 0.5334394904458599 0.041988950276243095 0.03503184713375796 0.04861878453038674 
4 0.552547770700637 0.05359116022099448 0.03927813163481953 0.049723756906077346 
4 0.5711252653927813 0.06685082872928177 0.03397027600849257 0.04751381215469613 
4 0.5477707006369427 0.1464088397790055 0.029723991507430998 0.045303867403314914 
4 0.5026539278131635 0.07955801104972375 0.0435244161358811 0.028729281767955802 
5 0.5276008492569002 0.7077348066298342 0.08917197452229299 0.06077348066298342 
5 0.5424628450106157 0.6861878453038674 0.08492569002123142 0.06408839779005525 
5 0.46125265392781317 0.1453038674033149 0.07749469214437367 0.05414364640883978 
5 0.32696390658174096 0.6099447513812155 0.08917197452229299 0.057458563535911604 
