6 0.4829149232914923 0.08540723981900453 0.00906555090655509 0.032805429864253395 
4 0.19700139470013947 0.08653846153846154 0.0048814504881450485 0.023755656108597284 
4 0.8019525801952581 0.49321266968325794 0.011157601115760111 0.027149321266968326 
4 0.4735006973500697 0.08484162895927602 0.009762900976290097 0.024886877828054297 
12 0.946652719665272 0.9191176470588235 0.08298465829846582 0.13687782805429866 
12 0.8594839609483961 0.8184389140271493 0.05090655509065551 0.10294117647058823 
12 0.7409344490934449 0.7070135746606335 0.05369595536959554 0.09502262443438914 
12 0.6387726638772664 0.5599547511312217 0.06276150627615062 0.10180995475113122 
12 0.543584379358438 0.4496606334841629 0.05230125523012552 0.11199095022624435 
12 0.453626220362622 0.38065610859728505 0.06624825662482567 0.13009049773755657 
12 0.350418410041841 0.33653846153846156 0.06485355648535565 0.15271493212669685 
12 0.22942817294281728 0.3229638009049774 0.040446304044630406 0.12330316742081449 
12 0.060669456066945605 0.372737556561086 0.040446304044630406 0.12782805429864252 
