6 0.8004866180048662 0.7936593229446535 0.038929440389294405 0.013970983342289092 
6 0.22992700729927007 0.684846856528748 0.021897810218978103 0.005910800644814616 
12 0.8029197080291971 0.13433637829124126 0.15085158150851583 0.06985491671144546 
12 0.6581508515815085 0.18699623858140785 0.17518248175182483 0.07737775389575496 
12 0.6192214111922141 0.21117678667383127 0.1678832116788321 0.06663084363245567 
12 0.572992700729927 0.24288017195056422 0.19951338199513383 0.06555615260612574 
12 0.504257907542579 0.27189682966147233 0.15693430656934307 0.06340677055346589 
12 0.3266423357664234 0.4274583557227297 0.15693430656934307 0.026329930145083287 
12 0.3029197080291971 0.46856528747984955 0.1630170316301703 0.03331542181622783 
12 0.2767639902676399 0.5102095647501343 0.16423357664233576 0.04030091348737238 
12 0.2591240875912409 0.6931757119828049 0.10462287104622871 0.012896292315959162 
12 0.2396593673965937 0.746641590542719 0.15815085158150852 0.02418054809242343 
12 0.27007299270072993 0.7756582482536271 0.17518248175182483 0.03707684040838259 
12 0.354014598540146 0.846856528747985 0.24817518248175183 0.047286405158516925 
12 0.3819951338199513 0.876947877485223 0.20681265206812652 0.042987641053197204 
12 0.4233576642335766 0.9032778076303063 0.2944038929440389 0.05373455131649651 
6 0.920316301703163 0.025792584631918324 0.025547445255474453 0.012896292315959162 
4 0.8169099756690997 0.44707146695325095 0.025547445255474453 0.011821601289629231 
4 0.7439172749391727 0.7485222998387964 0.025547445255474453 0.007522837184309511 
6 0.2591240875912409 0.4540569586243955 0.031630170316301706 0.008597528210639442 
4 0.7937956204379562 0.6354110693175712 0.025547445255474453 0.006985491671144546 
12 0.9549878345498783 0.039763567974207416 0.09002433090024331 0.07200429876410532 
