5 0.8630573248407644 0.11546961325966851 0.04883227176220807 0.051933701657458566 
5 0.30042462845010615 0.43425414364640885 0.09554140127388536 0.09723756906077348 
5 0.37898089171974525 0.2972375690607735 0.08492569002123142 0.07734806629834254 
5 0.39065817409766457 0.2696132596685083 0.0870488322717622 0.08397790055248619 
5 0.45116772823779194 0.2110497237569061 0.07218683651804671 0.07513812154696133 
5 0.47664543524416136 0.7607734806629834 0.09341825902335456 0.09613259668508287 
5 0.4835456475583864 0.7220994475138122 0.09023354564755838 0.09613259668508287 
5 0.505307855626327 0.7022099447513812 0.08917197452229299 0.09171270718232044 
5 0.5238853503184714 0.6812154696132596 0.09235668789808917 0.09171270718232044 
5 0.2653927813163482 0.6259668508287293 0.09766454352441614 0.07624309392265194 
5 0.24363057324840764 0.5994475138121547 0.09023354564755838 0.07845303867403315 
5 0.21921443736730362 0.5767955801104973 0.1029723991507431 0.0861878453038674 
5 0.1937367303609342 0.554696132596685 0.09872611464968153 0.09281767955801105 
5 0.17250530785562632 0.5314917127071823 0.08598726114649681 0.08176795580110498 
5 0.5605095541401274 0.5624309392265193 0.09766454352441614 0.09502762430939227 
5 0.4692144373673036 0.4685082872928177 0.09978768577494693 0.09060773480662983 
5 0.48991507430997877 0.44419889502762433 0.08598726114649681 0.08397790055248619 
5 0.32537154989384287 0.4143646408839779 0.09235668789808917 0.09723756906077348 
5 0.39118895966029726 0.34806629834254144 0.09447983014861996 0.09060773480662983 
5 0.46125265392781317 0.3751381215469613 0.0732484076433121 0.07403314917127071 
5 0.6804670912951167 0.3596685082872928 0.05732484076433121 0.05856353591160221 
5 0.6565817409766455 0.33480662983425413 0.05626326963906582 0.05966850828729282 
5 0.4718683651804671 0.3082872928176796 0.06900212314225053 0.07292817679558011 
5 0.49575371549893843 0.29337016574585634 0.06794055201698514 0.07403314917127071 
5 0.40711252653927815 0.24530386740331492 0.06900212314225053 0.06629834254143646 
5 0.42303609341825904 0.22430939226519336 0.07537154989384288 0.07292817679558011 
5 0.4697452229299363 0.18895027624309393 0.07112526539278131 0.07292817679558011 
5 0.3646496815286624 0.3674033149171271 0.09235668789808917 0.09834254143646409 
5 0.5329087048832272 0.4480662983425414 0.06794055201698514 0.07403314917127071 
5 0.7940552016985138 0.19668508287292819 0.06581740976645435 0.06850828729281767 
5 0.5233545647558386 0.13038674033149172 0.07643312101910828 0.07513812154696133 
5 0.535031847133758 0.856353591160221 0.07430997876857749 0.06408839779005525 
5 0.3747346072186836 0.7342541436464088 0.06794055201698514 0.0718232044198895 
4 0.6576433121019108 0.4889502762430939 0.045647558386411886 0.04751381215469613 
4 0.9426751592356688 0.41049723756906076 0.044585987261146494 0.0430939226519337 
4 0.916135881104034 0.18011049723756906 0.04670912951167728 0.05082872928176796 
4 0.8922505307855626 0.16629834254143647 0.049893842887473464 0.056353591160221 
4 0.7404458598726115 0.23701657458563535 0.05626326963906582 0.05856353591160221 
4 0.9320594479830149 0.33370165745856356 0.040339702760084924 0.04640883977900553 
4 0.910828025477707 0.35303867403314915 0.04883227176220807 0.04751381215469613 
4 0.8949044585987261 0.3679558011049724 0.044585987261146494 0.04861878453038674 
4 0.9522292993630573 0.587292817679558 0.036093418259023353 0.04088397790055249 
4 0.9692144373673036 0.6016574585635359 0.03821656050955414 0.0430939226519337 
4 0.9347133757961783 0.5718232044198895 0.03927813163481953 0.045303867403314914 
4 0.9033970276008493 0.5408839779005525 0.03821656050955414 0.0430939226519337 
4 0.6995753715498938 0.585635359116022 0.040339702760084924 0.039779005524861875 
4 0.8083864118895966 0.7215469613259669 0.03927813163481953 0.041988950276243095 
4 0.7898089171974523 0.7044198895027625 0.036093418259023353 0.04088397790055249 
4 0.7229299363057324 0.661878453038674 0.03821656050955414 0.04640883977900553 
4 0.685244161358811 0.8359116022099448 0.045647558386411886 0.04751381215469613 
4 0.7170912951167728 0.8707182320441988 0.0435244161358811 0.04640883977900553 
4 0.7070063694267515 0.8469613259668508 0.040339702760084924 0.0430939226519337 
4 0.611995753715499 0.9088397790055248 0.049893842887473464 0.0430939226519337 
4 0.339171974522293 0.6812154696132596 0.045647558386411886 0.05414364640883978 
4 0.31422505307855625 0.5646408839779006 0.05732484076433121 0.05966850828729282 
4 0.685244161358811 0.5701657458563536 0.03927813163481953 0.041988950276243095 
5 0.4846072186836518 0.16629834254143647 0.0732484076433121 0.07845303867403315 
