4 0.9828496042216359 0.046093064091308165 0.023746701846965697 0.016681299385425813 
6 0.9665787159190853 0.019754170324846356 0.022867194371152155 0.0324846356453029 
6 0.18425681618293754 0.12686567164179105 0.03781882145998241 0.016681299385425813 
6 0.17546174142480211 0.10228270412642669 0.03605980650835532 0.014925373134328358 
12 0.7264731750219877 0.3147497805092186 0.051011433597185574 0.02897278314310799 
12 0.7700087950747582 0.38849868305531166 0.07475813544415127 0.06233538191395961 
12 0.8421284080914688 0.5258999122036875 0.0870712401055409 0.04741000877963126 
12 0.8614775725593667 0.7651448639157156 0.06244503078276165 0.06409130816505706 
12 0.1772207563764292 0.8099209833187007 0.12576956904133685 0.1044776119402985 
12 0.14995602462620933 0.6584723441615452 0.09938434476693052 0.08077260755048288 
12 0.20360598065083554 0.266900790166813 0.15743183817062445 0.06672519754170325 
12 0.16886543535620052 0.11676909569798069 0.056288478452066845 0.014047410008779631 
