4 0.9307048984468339 0.09733415995040298 0.026284348864994027 0.011159330440173589 
4 0.6971326164874552 0.03874767513949163 0.022700119474313024 0.01425914445133292 
12 0.23357228195937874 0.15034097954122752 0.1039426523297491 0.03781773093614383 
12 0.35722819593787336 0.30440173589584624 0.16726403823178015 0.0657160570365778 
12 0.35424133811230585 0.3716676999380037 0.1923536439665472 0.05889646621202728 
12 0.3984468339307049 0.4246745195288283 0.19474313022700118 0.07191568505889646 
12 0.483273596176822 0.4894606323620583 0.21385902031063322 0.07873527588344699 
12 0.6045400238948626 0.6447613143211407 0.21027479091995221 0.07191568505889646 
12 0.8626045400238949 0.7941723496590205 0.1959378733572282 0.09423434593924365 
6 0.4068100358422939 0.04742715437073776 0.025089605734767026 0.017978921264724116 
4 0.6744324970131422 0.13732176069435834 0.03225806451612903 0.011779293242405457 
4 0.9384707287933094 0.3794172349659021 0.025089605734767026 0.014879107253564786 
4 0.983273596176822 0.4680719156850589 0.021505376344086023 0.011159330440173589 
4 0.548984468339307 0.1735895846249225 0.025089605734767026 0.014879107253564786 
6 0.19474313022700118 0.15220086794792312 0.04540023894862605 0.017978921264724116 
6 0.3010752688172043 0.328580285182889 0.02867383512544803 0.018598884066955982 
6 0.2897252090800478 0.37817730936143834 0.04420549581839905 0.01735895846249225 
4 0.6152927120669056 0.14321140731556106 0.023894862604540025 0.011159330440173589 
4 0.6027479091995221 0.1370117792932424 0.02031063321385902 0.009919404835709857 
4 0.8841099163679809 0.28580285182889026 0.023894862604540025 0.0049597024178549285 
4 0.972520908004779 0.25294482331060136 0.019115890083632018 0.012399256044637322 
4 0.9498207885304659 0.3766274023558587 0.019115890083632018 0.011779293242405457 
12 0.13142174432497014 0.07098574085554867 0.15531660692951016 0.05145691258524489 
