12 0.8397328881469115 0.9353518821603928 0.1636060100166945 0.02564102564102564 
12 0.7637729549248747 0.8769776322967813 0.24540901502504173 0.03764320785597381 
12 0.7612687813021702 0.8267866884888162 0.17362270450751252 0.03000545553737043 
12 0.6018363939899833 0.7059465357337698 0.1686143572621035 0.022913256955810146 
12 0.5868113522537562 0.5900163666121113 0.22537562604340566 0.02673213311511184 
12 0.4958263772954925 0.3933442444080742 0.19031719532554256 0.027277686852154936 
12 0.4699499165275459 0.2883251500272777 0.1986644407345576 0.008183306055646482 
12 0.5208681135225376 0.2043098745226405 0.2604340567612688 0.013638843426077468 
12 0.4782971619365609 0.12902345881069285 0.17195325542570952 0.011456628477905073 
12 0.5417362270450752 0.024004364429896344 0.09849749582637729 0.010911074740861976 
