12 0.3203125 0.93828125 0.084375 0.08385416666666666 
12 0.9325520833333333 0.8627604166666667 0.07760416666666667 0.059895833333333336 
12 0.8825520833333333 0.6489583333333333 0.0359375 0.05625 
12 0.7494791666666667 0.6880208333333333 0.052083333333333336 0.07291666666666667 
12 0.55625 0.6809895833333334 0.03958333333333333 0.0765625 
6 0.30520833333333336 0.88984375 0.036458333333333336 0.015104166666666667 
6 0.7427083333333333 0.7229166666666667 0.014583333333333334 0.03333333333333333 
6 0.7200520833333334 0.7072916666666667 0.015104166666666667 0.035416666666666666 
6 0.890625 0.6828125 0.026041666666666668 0.016666666666666666 
6 0.06953125 0.6848958333333334 0.0203125 0.029166666666666667 
6 0.10859375 0.6755208333333333 0.022395833333333334 0.036458333333333336 
12 0.09973958333333334 0.64609375 0.0515625 0.10364583333333334 
