6 0.6591145833333333 0.5838541666666667 0.0109375 0.017708333333333333 
13 0.05572916666666667 0.48046875 0.020833333333333332 0.013020833333333334 
6 0.05260416666666667 0.6703125 0.013541666666666667 0.027083333333333334 
6 0.03697916666666667 0.4791666666666667 0.010416666666666666 0.011458333333333333 
12 0.8416666666666667 0.7114583333333333 0.04895833333333333 0.22291666666666668 
12 0.66953125 0.5635416666666667 0.0265625 0.065625 
12 0.3182291666666667 0.5833333333333334 0.019791666666666666 0.18229166666666666 
12 0.26848958333333334 0.5770833333333333 0.03177083333333333 0.18229166666666666 
12 0.2109375 0.5734375 0.025 0.17395833333333333 
12 0.034375 0.5986979166666667 0.03229166666666667 0.18697916666666667 
