13 0.4942708333333333 0.4903645833333333 0.029166666666666667 0.0546875 
13 0.21614583333333334 0.946875 0.05520833333333333 0.03229166666666667 
12 0.09921875 0.8627604166666667 0.07760416666666667 0.059895833333333336 
12 0.384375 0.7916666666666666 0.052083333333333336 0.07083333333333333 
12 0.55078125 0.8315104166666667 0.033854166666666664 0.05677083333333333 
12 0.8138020833333334 0.6986979166666667 0.06197916666666667 0.04635416666666667 
12 0.6669270833333333 0.6546875 0.08697916666666666 0.103125 
12 0.4864583333333333 0.5924479166666666 0.03854166666666667 0.1109375 
12 0.36302083333333335 0.6286458333333333 0.040625 0.065625 
12 0.18723958333333332 0.6416666666666667 0.034895833333333334 0.07916666666666666 
12 0.04921875 0.6489583333333333 0.0359375 0.05625 
6 0.057291666666666664 0.6828125 0.026041666666666668 0.016666666666666666 
6 0.51015625 0.63046875 0.0171875 0.033854166666666664 
6 0.6380208333333334 0.7015625 0.028125 0.015625 
6 0.5557291666666667 0.79765625 0.03229166666666667 0.024479166666666666 
