6 0.30520833333333336 0.6791666666666667 0.008333333333333333 0.014583333333333334 
6 0.5338541666666666 0.728125 0.007291666666666667 0.013541666666666667 
4 0.6151041666666667 0.5713541666666667 0.005208333333333333 0.011458333333333333 
4 0.56328125 0.5104166666666666 0.013020833333333334 0.00625 
4 0.29296875 0.5229166666666667 0.0067708333333333336 0.0125 
4 0.29921875 0.5221354166666666 0.0078125 0.016145833333333335 
12 0.9703125 0.7481770833333333 0.013541666666666667 0.1609375 
12 0.81328125 0.8239583333333333 0.07135416666666666 0.2833333333333333 
12 0.5440104166666667 0.678125 0.04114583333333333 0.14583333333333334 
12 0.32005208333333335 0.6502604166666667 0.028645833333333332 0.0890625 
12 0.24791666666666667 0.69453125 0.036458333333333336 0.14947916666666666 
12 -0.021354166666666667 0.7723958333333333 0.06458333333333334 0.30833333333333335 
