4 0.6961805555555556 0.9522321428571429 0.04282407407407408 0.027678571428571427 
4 0.3894675925925926 0.8611607142857143 0.03356481481481482 0.038392857142857145 
4 0.32349537037037035 0.8379464285714285 0.03125 0.03482142857142857 
4 0.7928240740740741 0.984375 0.05092592592592592 0.033035714285714286 
4 0.7337962962962963 0.953125 0.034722222222222224 0.038392857142857145 
4 0.6053240740740741 0.9272321428571428 0.03935185185185185 0.024107142857142858 
7 0.8663194444444444 0.22098214285714285 0.1701388888888889 0.17767857142857144 
7 0.7372685185185185 0.26026785714285716 0.16898148148148148 0.17589285714285716 
7 0.6087962962962963 0.29910714285714285 0.16666666666666666 0.17857142857142858 
7 0.4820601851851852 0.33839285714285716 0.16782407407407407 0.1767857142857143 
7 0.5353009259259259 0.690625 0.16782407407407407 0.17410714285714285 
7 0.41782407407407407 0.6540178571428571 0.1712962962962963 0.17767857142857144 
7 0.30092592592592593 0.6178571428571429 0.16898148148148148 0.17857142857142858 
