4 0.11687306501547988 0.9738095238095238 0.05417956656346749 0.0380952380952381 
4 0.24690402476780185 0.8672619047619048 0.05108359133126935 0.04880952380952381 
4 0.26393188854489164 0.7982142857142858 0.047987616099071206 0.04642857142857143 
4 0.30340557275541796 0.08035714285714286 0.04953560371517028 0.04404761904761905 
4 0.2786377708978328 0.0994047619047619 0.04953560371517028 0.041666666666666664 
4 0.2453560371517028 0.1125 0.047987616099071206 0.041666666666666664 
4 0.19117647058823528 0.12976190476190477 0.05108359133126935 0.047619047619047616 
4 0.163312693498452 0.14642857142857144 0.04179566563467492 0.04047619047619048 
7 0.8374613003095975 0.7672619047619048 0.3065015479876161 0.19642857142857142 
7 0.75 0.6571428571428571 0.30495356037151705 0.19523809523809524 
7 0.6648606811145511 0.5446428571428571 0.30495356037151705 0.1988095238095238 
7 0.5789473684210527 0.43333333333333335 0.3065015479876161 0.19523809523809524 
7 0.48993808049535603 0.32083333333333336 0.3080495356037152 0.19404761904761905 
7 0.4055727554179567 0.20833333333333334 0.30340557275541796 0.19285714285714287 
