4 0.8918918918918919 0.11970979443772672 0.0945945945945946 0.041112454655380895 
5 0.22635135135135134 0.5562273276904474 0.08783783783783784 0.06529625151148731 
4 0.21846846846846846 0.13845223700120918 0.0990990990990991 0.020556227327690448 
4 0.23648648648648649 0.19044740024183796 0.07657657657657657 0.0592503022974607 
4 0.5912162162162162 0.23881499395405079 0.08333333333333333 0.05441354292623942 
4 0.8524774774774775 0.1414752116082225 0.08333333333333333 0.03143893591293833 
4 0.6970720720720721 0.1656590084643289 0.08333333333333333 0.03143893591293833 
4 0.26914414414414417 0.07557436517533253 0.10135135135135136 0.030229746070133012 
5 0.4222972972972973 0.6324062877871826 0.11936936936936937 0.05078597339782346 
5 0.46959459459459457 0.6082224909310762 0.15990990990990991 0.06287787182587666 
4 0.3885135135135135 0.20435308343409916 0.06531531531531531 0.04353083434099154 
5 0.49211711711711714 0.5792019347037485 0.15990990990990991 0.07013301088270858 
5 0.5259009009009009 0.5399032648125756 0.16441441441441443 0.06408706166868199 
5 0.5585585585585585 0.5145102781136639 0.17117117117117117 0.056831922611850064 
5 0.6114864864864865 0.49274486094316805 0.16891891891891891 0.05441354292623942 
5 0.6497747747747747 0.4655380894800484 0.20045045045045046 0.06529625151148731 
5 0.6734234234234234 0.4371221281741233 0.1981981981981982 0.06408706166868199 
5 0.7015765765765766 0.4111245465538089 0.21846846846846846 0.07013301088270858 
4 0.2376126126126126 0.1154776299879081 0.07882882882882883 0.018137847642079808 
4 0.19932432432432431 0.2351874244256348 0.0518018018018018 0.044740024183796856 
4 0.18693693693693694 0.5405078597339782 0.05855855855855856 0.045949214026602174 
4 0.19144144144144143 0.7593712212817413 0.08558558558558559 0.060459492140266025 
4 0.2533783783783784 0.31197097944377267 0.08333333333333333 0.03385731559854897 
6 0.18243243243243243 0.27448609431680776 0.08558558558558559 0.03143893591293833 
5 0.6981981981981982 0.3022974607013301 0.17567567567567569 0.06529625151148731 
4 0.6599099099099099 0.5707376058041113 0.11261261261261261 0.05078597339782346 
4 0.6396396396396397 0.601571946795647 0.10810810810810811 0.049576783555018135 
4 0.6216216216216216 0.660217654171705 0.0990990990990991 0.045949214026602174 
4 0.23423423423423423 0.8065296251511487 0.10810810810810811 0.03869407496977025 
4 0.3063063063063063 0.7563482466747279 0.10810810810810811 0.03990326481257558 
4 0.15427927927927929 0.3295042321644498 0.09234234234234234 0.032648125755743655 
4 0.09684684684684684 0.6070133010882709 0.0990990990990991 0.036275695284159616 
4 0.10698198198198199 0.5187424425634825 0.06981981981981981 0.05078597339782346 
4 0.1463963963963964 0.5308343409915357 0.06306306306306306 0.045949214026602174 
4 0.3738738738738739 0.250906892382104 0.04954954954954955 0.044740024183796856 
4 0.30180180180180183 0.25574365175332525 0.08558558558558559 0.030229746070133012 
4 0.2894144144144144 0.279322853688029 0.09684684684684684 0.03143893591293833 
4 0.12837837837837837 0.3573155985489722 0.09009009009009009 0.030229746070133012 
5 0.7240990990990991 0.3827085852478839 0.21846846846846846 0.07376058041112454 
