4 0.3002832861189802 0.8729508196721312 0.028328611898016998 0.05009107468123861 
4 0.44086402266288954 0.8574681238615665 0.023371104815864022 0.01912568306010929 
4 0.4040368271954674 0.7950819672131147 0.02903682719546742 0.023679417122040074 
5 0.370042492917847 0.7800546448087432 0.02903682719546742 0.022768670309653915 
5 0.3452549575070821 0.8219489981785064 0.03328611898016997 0.02459016393442623 
4 0.2609773371104816 0.7928051001821493 0.024787535410764873 0.01912568306010929 
5 0.3385269121813031 0.76775956284153 0.031161473087818695 0.02185792349726776 
4 0.3013456090651558 0.755464480874317 0.026203966005665724 0.020947176684881604 
4 0.27124645892351273 0.7436247723132969 0.026912181303116147 0.020947176684881604 
4 0.03151558073654391 0.75591985428051 0.017705382436260624 0.03278688524590164 
7 0.36791784702549574 0.27140255009107467 0.11685552407932011 0.18032786885245902 
7 0.45042492917847027 0.33697632058287796 0.11614730878186968 0.18032786885245902 
7 0.5648016997167139 0.4612932604735883 0.13810198300283286 0.15209471766848817 
7 0.6157932011331445 0.3533697632058288 0.1395184135977337 0.151183970856102 
7 0.7496458923512748 0.5532786885245902 0.1395184135977337 0.15209471766848817 
7 0.9068696883852692 0.6211293260473588 0.12110481586402266 0.13114754098360656 
7 0.8289660056657224 0.7454462659380692 0.11685552407932011 0.17941712204007285 
7 0.714943342776204 0.7477231329690346 0.11827195467422097 0.18032786885245902 
7 0.6186260623229461 0.7067395264116576 0.11827195467422097 0.18214936247723132 
7 0.5269121813031161 0.6584699453551912 0.11756373937677053 0.18214936247723132 
7 0.4440509915014164 0.5938069216757741 0.11756373937677053 0.18214936247723132 
7 0.3487960339943343 0.5510018214936248 0.11685552407932011 0.18032786885245902 
7 0.2659348441926346 0.4849726775956284 0.11827195467422097 0.17941712204007285 
4 0.4660056657223796 0.8674863387978142 0.025495750708215296 0.020947176684881604 
4 0.5729461756373938 0.854735883424408 0.024079320113314446 0.01912568306010929 
4 0.17669971671388102 0.7622950819672131 0.02762039660056657 0.020036429872495445 
4 0.6002124645892352 0.8633879781420765 0.026203966005665724 0.02185792349726776 
4 0.23477337110481586 0.7832422586520947 0.024787535410764873 0.02185792349726776 
4 0.1529745042492918 0.6420765027322405 0.018413597733711047 0.03642987249544627 
4 0.9858356940509915 0.4558287795992714 0.025495750708215296 0.020947176684881604 
4 0.8604815864022662 0.424408014571949 0.028328611898016998 0.030965391621129327 
4 0.7071529745042493 0.2818761384335155 0.02762039660056657 0.039162112932604735 
13 0.1986543909348442 0.28506375227686703 0.026203966005665724 0.0273224043715847 
4 0.8080736543909348 0.9030054644808743 0.025495750708215296 0.015482695810564663 
4 0.5361189801699717 0.8397085610200364 0.028328611898016998 0.02185792349726776 
4 0.6494334277620396 0.8793260473588342 0.025495750708215296 0.020947176684881604 
4 0.016643059490084985 0.8602003642987249 0.030453257790368272 0.02459016393442623 
4 0.4737960339943343 0.8173952641165756 0.028328611898016998 0.02459016393442623 
4 0.43555240793201133 0.8028233151183971 0.028328611898016998 0.02459016393442623 
4 0.37393767705382436 0.8333333333333334 0.028328611898016998 0.025500910746812388 
4 0.037181303116147306 0.8242258652094717 0.02903682719546742 0.025500910746812388 
4 0.9412181303116147 0.9116575591985429 0.024079320113314446 0.01639344262295082 
4 0.896600566572238 0.9426229508196722 0.024079320113314446 0.014571948998178506 
4 0.8817280453257791 0.9034608378870674 0.025495750708215296 0.01639344262295082 
4 0.8385269121813032 0.9253187613843351 0.024079320113314446 0.014571948998178506 
4 0.7779745042492918 0.9030054644808743 0.026203966005665724 0.015482695810564663 
4 0.6827195467422096 0.9080145719489982 0.026912181303116147 0.020036429872495445 
4 0.6805949008498584 0.8879781420765027 0.025495750708215296 0.018214936247723135 
13 0.15191218130311615 0.3825136612021858 0.11118980169971672 0.17122040072859745 
