4 0.08088737201365187 0.7136886102403344 0.017064846416382253 0.0438871473354232 
5 0.6071672354948805 0.3463949843260188 0.0552901023890785 0.09090909090909091 
5 0.41911262798634813 0.6734587251828631 0.04641638225255973 0.06792058516196448 
5 0.39556313993174064 0.6792058516196448 0.03890784982935153 0.06269592476489028 
5 0.6849829351535837 0.6577847439916406 0.05392491467576792 0.07628004179728318 
5 0.7969283276450512 0.6405433646812957 0.05255972696245734 0.07523510971786834 
5 0.7655290102389078 0.6374085684430512 0.051194539249146756 0.0794148380355277 
5 0.7563139931740614 0.42528735632183906 0.05733788395904437 0.09404388714733543 
5 0.6686006825938566 0.5036572622779519 0.07167235494880546 0.03134796238244514 
5 0.6392491467576792 0.4399164054336468 0.05802047781569966 0.08986415882967608 
5 0.8351535836177474 0.4059561128526646 0.014334470989761093 0.06165099268547544 
5 0.7194539249146757 0.34796238244514105 0.034129692832764506 0.054336468129571575 
5 0.551877133105802 0.3563218390804598 0.05665529010238908 0.09404388714733543 
5 0.6174061433447099 0.6489028213166145 0.04709897610921502 0.07314524555903866 
5 0.9215017064846417 0.39237199582027166 0.042320819112627986 0.07001044932079414 
5 0.9245733788395905 0.3375130616509927 0.04436860068259386 0.07314524555903866 
5 0.9129692832764505 0.17398119122257052 0.051194539249146756 0.08463949843260188 
5 0.6839590443686007 0.12591431556948798 0.05597269624573379 0.08045977011494253 
5 0.42627986348122865 0.14681295715778475 0.05392491467576792 0.07836990595611286 
5 0.40580204778157 0.1593521421107628 0.0552901023890785 0.08045977011494253 
5 0.34266211604095564 0.15569487983281086 0.05460750853242321 0.07732497387669801 
5 0.29215017064846416 0.16927899686520376 0.060068259385665526 0.08568443051201671 
5 0.2546075085324232 0.1619644723092999 0.05460750853242321 0.0794148380355277 
5 0.17679180887372015 0.17920585161964472 0.05597269624573379 0.0741901776384535 
5 0.5935153583617747 0.6588296760710554 0.04573378839590444 0.06792058516196448 
5 0.5982935153583617 0.5919540229885057 0.06075085324232082 0.02821316614420063 
4 0.4662116040955631 0.3019853709508882 0.03549488054607509 0.018808777429467086 
5 0.6351535836177474 0.14158829676071055 0.0552901023890785 0.07628004179728318 
4 0.4662116040955631 0.2800417972831766 0.032764505119453925 0.02089864158829676 
4 0.017064846416382253 0.9587251828631139 0.031399317406143344 0.019853709508881923 
4 0.23959044368600682 0.5867293625914316 0.031399317406143344 0.0219435736677116 
4 0.2392491467576792 0.31504702194357365 0.014334470989761093 0.042842215256008356 
4 0.31774744027303753 0.31452455590386624 0.012969283276450512 0.0438871473354232 
4 0.3027303754266212 0.3181818181818182 0.012969283276450512 0.042842215256008356 
4 0.2720136518771331 0.3213166144200627 0.014334470989761093 0.04075235109717868 
4 0.2566552901023891 0.3160919540229885 0.016382252559726963 0.04493207941483804 
5 0.7266211604095563 0.29153605015673983 0.03617747440273038 0.05851619644723093 
5 0.6880546075085324 0.3557993730407524 0.04641638225255973 0.07628004179728318 
5 0.6546075085324232 0.12957157784743992 0.05460750853242321 0.07732497387669801 
5 0.22320819112627988 0.6985370950888192 0.034129692832764506 0.055381400208986416 
5 0.8324232081911263 0.34117032392894464 0.017064846416382253 0.05747126436781609 
5 0.7477815699658703 0.30094043887147337 0.033447098976109216 0.054336468129571575 
5 0.6109215017064846 0.438871473354232 0.05597269624573379 0.09195402298850575 
5 0.810580204778157 0.5799373040752351 0.041638225255972695 0.029258098223615466 
5 0.7409556313993174 0.648380355276907 0.0552901023890785 0.07836990595611286 
5 0.5368600682593857 0.6650992685475444 0.04709897610921502 0.07210031347962383 
5 0.31092150170648464 0.6875653082549634 0.03754266211604096 0.05851619644723093 
5 0.29044368600682596 0.6990595611285266 0.0348122866894198 0.054336468129571575 
5 0.2720136518771331 0.7042842215256009 0.03617747440273038 0.05642633228840126 
5 0.24334470989761092 0.6964472309299895 0.03617747440273038 0.05747126436781609 
5 0.14641638225255973 0.1812957157784744 0.05665529010238908 0.08045977011494253 
