5 0.05359116022099448 0.7669902912621359 0.05414364640883978 0.07766990291262135 
5 0.13756906077348066 0.5661407766990292 0.05856353591160221 0.08616504854368932 
4 0.07292817679558011 0.21601941747572814 0.03314917127071823 0.050970873786407765 
4 0.10165745856353592 0.22269417475728157 0.03314917127071823 0.05218446601941747 
0 0.7955801104972375 0.5133495145631068 0.10607734806629834 0.1262135922330097 
0 0.6961325966850829 0.7348300970873787 0.11049723756906077 0.13470873786407767 
0 0.3707182320441989 0.8276699029126213 0.17569060773480663 0.1966019417475728 
0 0.41325966850828727 0.6620145631067961 0.11049723756906077 0.13713592233009708 
0 0.4552486187845304 0.5442961165048543 0.10828729281767956 0.12742718446601942 
0 0.5574585635359116 0.32281553398058255 0.10276243093922652 0.12864077669902912 
0 0.16187845303867404 0.2845873786407767 0.07403314917127071 0.11529126213592233 
0 0.34861878453038675 0.041868932038834954 0.08508287292817679 0.08131067961165049 
