4 0.03511705685618729 0.7623026926648097 0.021181716833890748 0.03899721448467967 
7 0.23968784838350055 0.6527390900649953 0.10033444816053512 0.16341689879294335 
7 0.38851727982162765 0.6564531104921077 0.09698996655518395 0.16341689879294335 
7 0.5373467112597548 0.6620241411327762 0.09810479375696766 0.16341689879294335 
7 0.7809364548494984 0.6680594243268339 0.09698996655518395 0.16248839368616527 
7 0.9292084726867336 0.6727019498607242 0.09921962095875139 0.16248839368616527 
7 0.939799331103679 0.39275766016713093 0.09810479375696766 0.16341689879294335 
7 0.7920847268673356 0.38857938718662954 0.09698996655518395 0.16434540389972144 
7 0.5479375696767002 0.38207985143918294 0.09921962095875139 0.16248839368616527 
7 0.40022296544035674 0.37697307335190344 0.09810479375696766 0.16341689879294335 
7 0.25139353400222963 0.37279480037140206 0.09921962095875139 0.16248839368616527 
