4 0.017412935323383085 0.8739763421292084 0.013503909026297086 0.01910828025477707 
6 0.732409381663113 0.3616924476797088 0.03482587064676617 0.022747952684258416 
6 0.7181947405828003 0.2383985441310282 0.037668798862828715 0.023657870791628753 
6 0.7203269367448472 0.25796178343949044 0.03624733475479744 0.01910828025477707 
6 0.7242359630419332 0.27934485896269334 0.03980099502487562 0.02183803457688808 
6 0.7238805970149254 0.29981801637852595 0.03482587064676617 0.022747952684258416 
6 0.7277896233120114 0.32120109190172885 0.032693674484719264 0.02183803457688808 
6 0.7299218194740583 0.3421292083712466 0.032693674484719264 0.02183803457688808 
6 0.7352523098791756 0.3821656050955414 0.033404406538734895 0.02183803457688808 
6 0.6677327647476902 0.19745222929936307 0.026297085998578537 0.014558689717925387 
6 0.7434257285003554 0.40172884440400364 0.028429282160625444 0.017288444040036398 
6 0.7960199004975125 0.3093721565059145 0.017057569296375266 0.03821656050955414 
6 0.8187633262260128 0.29572338489535943 0.011371712864250177 0.030937215650591446 
6 0.8422174840085288 0.2902638762511374 0.017057569296375266 0.034576888080072796 
6 0.8542999289267946 0.28798908098271153 0.014214641080312722 0.03184713375796178 
6 0.8297796730632552 0.34076433121019106 0.014925373134328358 0.0373066424021838 
6 0.7128642501776831 0.2183803457688808 0.03553660270078181 0.023657870791628753 
6 0.6691542288557214 0.21292083712465878 0.030561478322672354 0.01637852593266606 
6 0.38272921108742003 0.21474067333939945 0.02203269367448472 0.014558689717925387 
6 0.6883439943141436 0.36032757051865333 0.030561478322672354 0.018198362147406732 
6 0.6154939587775409 0.37852593266606005 0.028429282160625444 0.01637852593266606 
6 0.6176261549395877 0.3962693357597816 0.028429282160625444 0.01910828025477707 
6 0.6222459132906895 0.41264786169244766 0.02771855010660981 0.01910828025477707 
6 0.6250888415067519 0.43039126478616924 0.02771855010660981 0.01637852593266606 
6 0.6954513148542999 0.3935395814376706 0.033404406538734895 0.020928116469517744 
6 0.6947405828002843 0.37670609645131936 0.033404406538734895 0.020018198362147407 
6 0.6879886282871357 0.34394904458598724 0.03127221037668799 0.018198362147406732 
6 0.6744847192608386 0.22884440400363967 0.02700781805259417 0.017288444040036398 
6 0.6872778962331201 0.3262056414922657 0.02700781805259417 0.017288444040036398 
6 0.6837242359630419 0.3116469517743403 0.029850746268656716 0.017288444040036398 
6 0.6840796019900498 0.2948134667879891 0.02771855010660981 0.020018198362147407 
6 0.6808813077469794 0.278434940855323 0.02700781805259417 0.018198362147406732 
6 0.6751954513148543 0.26160145586897177 0.028429282160625444 0.01910828025477707 
6 0.6734186211798152 0.24522292993630573 0.031982942430703626 0.01910828025477707 
6 0.8454157782515992 0.33575978161965425 0.013503909026297086 0.036396724294813464 
6 0.8592750533049041 0.3330300272975432 0.017057569296375266 0.04185623293903549 
6 0.8702914001421465 0.4176524112829845 0.02203269367448472 0.056414922656960874 
6 0.6300639658848614 0.6929026387625113 0.019189765458422176 0.022747952684258416 
6 0.7366737739872068 0.6237488626023658 0.016346837242359632 0.017288444040036398 
6 0.7341862117981521 0.6164695177434031 0.015636105188343994 0.015468607825295723 
6 0.6037668798862829 0.6451319381255687 0.024875621890547265 0.0272975432211101 
6 0.6083866382373845 0.6587807097361238 0.021321961620469083 0.025477707006369428 
6 0.6165600568585643 0.6696997270245678 0.019189765458422176 0.02183803457688808 
6 0.6240227434257285 0.6801637852593266 0.024164889836531627 0.028207461328480437 
6 0.6382373845060412 0.7029117379435851 0.021321961620469083 0.02456778889899909 
6 0.7938877043354655 0.45177434030937214 0.014214641080312722 0.03184713375796178 
6 0.6460554371002132 0.7147406733393995 0.022743425728500355 0.026387625113739762 
6 0.6517412935323383 0.7265696087352138 0.01990049751243781 0.026387625113739762 
6 0.6584932480454868 0.7370336669699727 0.019189765458422176 0.023657870791628753 
6 0.6663113006396588 0.7484076433121019 0.02061122956645345 0.02456778889899909 
6 0.6734186211798152 0.7611464968152867 0.019189765458422176 0.022747952684258416 
6 0.6812366737739872 0.7707006369426752 0.02061122956645345 0.023657870791628753 
6 0.7430703624733476 0.6492265696087353 0.019189765458422176 0.01910828025477707 
6 0.7551528073916134 0.6555959963603276 0.016346837242359632 0.017288444040036398 
6 0.7587064676616916 0.6615104640582348 0.016346837242359632 0.01637852593266606 
6 0.7622601279317697 0.6724294813466788 0.014925373134328358 0.01637852593266606 
6 0.7412935323383084 0.6733393994540491 0.01279317697228145 0.009099181073703366 
6 0.7654584221748401 0.6942675159235668 0.017057569296375266 0.018198362147406732 
6 0.779317697228145 0.6819836214740673 0.014925373134328358 0.017288444040036398 
6 0.7860696517412935 0.6505914467697907 0.017057569296375266 0.018198362147406732 
6 0.7899786780383795 0.6555959963603276 0.014925373134328358 0.017288444040036398 
6 0.7935323383084577 0.6615104640582348 0.014925373134328358 0.01637852593266606 
6 0.7963752665245203 0.6678798908098271 0.014925373134328358 0.01637852593266606 
6 0.8276474769012082 0.6373976342129208 0.031982942430703626 0.03002729754322111 
6 0.847547974413646 0.5923566878980892 0.047619047619047616 0.029117379435850774 
6 0.8873489694385217 0.578252957233849 0.02914001421464108 0.01910828025477707 
6 0.8933901918976546 0.5454959053685169 0.011371712864250177 0.03002729754322111 
6 0.8205401563610519 0.4854413102820746 0.07746979388770434 0.042766151046405826 
6 0.8486140724946695 0.4335759781619654 0.014214641080312722 0.03548680618744313 
6 0.6137171286425018 0.362147406733394 0.02771855010660981 0.020018198362147407 
6 0.6115849324804549 0.34440400363967244 0.023454157782515993 0.015468607825295723 
6 0.6094527363184079 0.32984531392174704 0.02771855010660981 0.01910828025477707 
6 0.4545131485429993 0.3039126478616925 0.023454157782515993 0.014558689717925387 
6 0.43958777540867094 0.20382165605095542 0.023454157782515993 0.01637852593266606 
6 0.44136460554371004 0.21747042766151045 0.024164889836531627 0.014558689717925387 
6 0.44385216773276476 0.23202911737943585 0.023454157782515993 0.014558689717925387 
6 0.44953802416488986 0.25978161965423113 0.023454157782515993 0.01364877161055505 
6 0.4509594882729211 0.2752502274795268 0.024875621890547265 0.01364877161055505 
6 0.4520255863539446 0.2898089171974522 0.024164889836531627 0.01364877161055505 
6 0.4580668088130775 0.3166515013648772 0.017768301350390904 0.012738853503184714 
6 0.48542999289267946 0.2898089171974522 0.02700781805259417 0.011828935395814377 
6 0.4616204690831556 0.34622383985441313 0.023454157782515993 0.015468607825295723 
6 0.4641080312722104 0.3612374886260237 0.024164889836531627 0.014558689717925387 
6 0.464818763326226 0.37579617834394907 0.022743425728500355 0.014558689717925387 
6 0.47690120824449184 0.21929026387625114 0.03127221037668799 0.018198362147406732 
6 0.48152096659559346 0.23612374886260237 0.033404406538734895 0.01910828025477707 
6 0.4822316986496091 0.25477707006369427 0.02771855010660981 0.012738853503184714 
6 0.39481165600568585 0.48498635122838946 0.026297085998578537 0.018198362147406732 
6 0.4235963041933191 0.47634212920837127 0.021321961620469083 0.011828935395814377 
6 0.4182658137882018 0.4608735213830755 0.02203269367448472 0.01364877161055505 
6 0.4154228855721393 0.4454049135577798 0.02061122956645345 0.01364877161055505 
6 0.414001421464108 0.43084622383985444 0.02061122956645345 0.01364877161055505 
6 0.41044776119402987 0.402638762511374 0.024875621890547265 0.01364877161055505 
6 0.4097370291400142 0.3889899909008189 0.023454157782515993 0.01364877161055505 
6 0.40653873489694387 0.3735213830755232 0.024164889836531627 0.015468607825295723 
6 0.4036958066808813 0.359417652411283 0.01990049751243781 0.012738853503184714 
6 0.40227434257285005 0.3448589626933576 0.021321961620469083 0.01091901728844404 
6 0.40014214641080315 0.33166515013648773 0.021321961620469083 0.01364877161055505 
6 0.39694385216773276 0.31574158325750684 0.02203269367448472 0.014558689717925387 
6 0.39481165600568585 0.30254777070063693 0.02203269367448472 0.011828935395814377 
6 0.39339019189765456 0.28798908098271153 0.02061122956645345 0.011828935395814377 
6 0.39090262970859985 0.27434030937215653 0.021321961620469083 0.01364877161055505 
6 0.39019189765458423 0.2588717015468608 0.01847903340440654 0.011828935395814377 
6 0.38663823738450603 0.24476797088262056 0.01990049751243781 0.014558689717925387 
6 0.484363894811656 0.27252047315741584 0.030561478322672354 0.017288444040036398 
6 0.48933901918976547 0.30846223839854414 0.026297085998578537 0.01637852593266606 
6 0.6069651741293532 0.313466787989081 0.028429282160625444 0.017288444040036398 
6 0.5501066098081023 0.1924476797088262 0.0255863539445629 0.017288444040036398 
6 0.5650319829424307 0.2893539581437671 0.028429282160625444 0.018198362147406732 
6 0.5636105188343994 0.2734303912647862 0.02700781805259417 0.020928116469517744 
6 0.5604122245913291 0.2556869881710646 0.02771855010660981 0.01637852593266606 
6 0.5582800284292821 0.23930846223839855 0.02914001421464108 0.018198362147406732 
6 0.5565031982942431 0.2229299363057325 0.02700781805259417 0.01637852593266606 
6 0.5536602700781805 0.2070063694267516 0.028429282160625444 0.01910828025477707 
6 0.5902629708599858 0.20018198362147407 0.024875621890547265 0.01637852593266606 
6 0.4896943852167733 0.32393084622383983 0.0255863539445629 0.01637852593266606 
6 0.591684434968017 0.21428571428571427 0.02771855010660981 0.01910828025477707 
6 0.5966595593461265 0.23066424021838033 0.02771855010660981 0.01910828025477707 
6 0.5984363894811656 0.2470427661510464 0.028429282160625444 0.017288444040036398 
6 0.6009239516702203 0.26342129208371245 0.030561478322672354 0.01910828025477707 
6 0.6019900497512438 0.27934485896269334 0.02700781805259417 0.01637852593266606 
6 0.603411513859275 0.29572338489535943 0.0255863539445629 0.01637852593266606 
6 0.5682302771855011 0.3057324840764331 0.030561478322672354 0.01637852593266606 
6 0.5696517412935324 0.32256596906278434 0.033404406538734895 0.01910828025477707 
6 0.5732054015636106 0.3380345768880801 0.031982942430703626 0.020928116469517744 
6 0.5746268656716418 0.35532302092811646 0.031982942430703626 0.017288444040036398 
6 0.5785358919687278 0.38762511373976344 0.03127221037668799 0.020018198362147407 
6 0.5810234541577826 0.40400363967242947 0.031982942430703626 0.020018198362147407 
6 0.583866382373845 0.4226569608735214 0.030561478322672354 0.01910828025477707 
6 0.5099502487562189 0.4390354868061874 0.024875621890547265 0.017288444040036398 
6 0.47583511016346836 0.44722474977252047 0.023454157782515993 0.01364877161055505 
6 0.5046197583511016 0.4226569608735214 0.028429282160625444 0.01910828025477707 
6 0.503909026297086 0.40536851683348496 0.029850746268656716 0.01910828025477707 
6 0.47370291400142145 0.43312101910828027 0.023454157782515993 0.01637852593266606 
6 0.4722814498933902 0.41856232939035487 0.024875621890547265 0.01637852593266606 
6 0.5014214641080312 0.3889899909008189 0.026297085998578537 0.017288444040036398 
6 0.46943852167732764 0.40445859872611467 0.026297085998578537 0.015468607825295723 
6 0.4982231698649609 0.35532302092811646 0.03127221037668799 0.017288444040036398 
6 0.4939587775408671 0.33894449499545043 0.03127221037668799 0.017288444040036398 
6 0.6872778962331201 0.781164695177434 0.01990049751243781 0.022747952684258416 
6 0.5842217484008528 0.6228389444949954 0.021321961620469083 0.02456778889899909 
6 0.5621890547263682 0.6455868971792539 0.022743425728500355 0.026387625113739762 
6 0.16204690831556504 0.6551410373066424 0.03553660270078181 0.04185623293903549 
6 0.22530206112295664 0.7543221110100091 0.032693674484719264 0.040036396724294813 
6 0.21641791044776118 0.7352138307552321 0.033404406538734895 0.040036396724294813 
6 0.2085998578535892 0.7179253867151957 0.04193319118692253 0.04913557779799818 
6 0.19545131485429992 0.7029117379435851 0.03980099502487562 0.044585987261146494 
6 0.18407960199004975 0.6856232939035487 0.03695806680881308 0.042766151046405826 
6 0.17093105899076047 0.672884440400364 0.031982942430703626 0.0373066424021838 
6 0.15103056147832267 0.6396724294813467 0.033404406538734895 0.040036396724294813 
6 0.1631130063965885 0.27616014558689717 0.02061122956645345 0.01364877161055505 
6 0.1396588486140725 0.6237488626023658 0.031982942430703626 0.039126478616924476 
6 0.1297085998578536 0.6105550500454959 0.033404406538734895 0.040036396724294813 
6 0.11798152096659559 0.5928116469517744 0.03127221037668799 0.0373066424021838 
6 0.11158493248045487 0.5737033666969973 0.03411513859275053 0.04094631483166515 
6 0.09808102345415778 0.5609645131938126 0.0412224591329069 0.048225659690627844 
6 0.19509594882729211 0.28389444949954507 0.02203269367448472 0.014558689717925387 
6 0.23525230987917556 0.77024567788899 0.03127221037668799 0.0373066424021838 
6 0.3699360341151386 0.9804367606915377 0.030561478322672354 0.03548680618744313 
6 0.36069651741293535 0.9617834394904459 0.03624733475479744 0.040036396724294813 
6 0.34968017057569295 0.948589626933576 0.029850746268656716 0.0373066424021838 
6 0.34186211798152094 0.9290263876251137 0.03695806680881308 0.04367606915377616 
6 0.3294243070362473 0.916287534121929 0.031982942430703626 0.036396724294813464 
6 0.3208955223880597 0.8971792538671519 0.030561478322672354 0.036396724294813464 
6 0.30845771144278605 0.8817106460418562 0.03127221037668799 0.036396724294813464 
6 0.29815209665955933 0.8666969972702456 0.03482587064676617 0.042766151046405826 
6 0.2874911158493248 0.8503184713375797 0.031982942430703626 0.0373066424021838 
6 0.27647476901208246 0.8343949044585988 0.032693674484719264 0.03821656050955414 
6 0.26794598436389483 0.8184713375796179 0.028429282160625444 0.03366696997270246 
6 0.255863539445629 0.8016378525932666 0.032693674484719264 0.036396724294813464 
6 0.24520255863539445 0.7857142857142857 0.03553660270078181 0.04094631483166515 
6 0.5167022032693674 0.9185623293903549 0.024164889836531627 0.03002729754322111 
6 0.5120824449182658 0.9040036396724295 0.02914001421464108 0.03184713375796178 
6 0.502132196162047 0.8926296633303002 0.02771855010660981 0.03275705186533212 
6 0.19154228855721392 0.26888080072793447 0.02203269367448472 0.015468607825295723 
6 0.1911869225302061 0.2538671519563239 0.024164889836531627 0.014558689717925387 
6 0.48578535891968727 0.8666969972702456 0.02914001421464108 0.03366696997270246 
12 0.8315565031982942 0.318926296633303 0.06823027718550106 0.09008189262966333 
12 0.6257995735607675 0.7156505914467698 0.14285714285714285 0.19745222929936307 
12 0.5309168443496801 0.7525022747952684 0.17484008528784648 0.25477707006369427 
12 0.4271499644633973 0.8225659690627843 0.21321961620469082 0.3020928116469518 
12 0.8688699360341151 0.5104640582347588 0.0433546552949538 0.020018198362147407 
12 0.8603411513859275 0.5759781619654231 0.07604832977967306 0.03275705186533212 
12 0.8336886993603412 0.4463148316651501 0.09665955934612651 0.07370336669699727 
12 0.8176972281449894 0.22247497725204732 0.06325515280739161 0.05368516833484986 
6 0.18834399431414356 0.24067333939945404 0.021321961620469083 0.01364877161055505 
12 0.7046908315565032 0.29754322111010006 0.10021321961620469 0.22747952684258416 
12 0.5888415067519545 0.3166515013648772 0.09879175550817342 0.25477707006369427 
12 0.47583511016346836 0.31710646041856233 0.09737029140014215 0.29208371246587805 
12 0.3862828713574982 0.3416742493175614 0.09310589907604833 0.30846223839854414 
12 0.29637526652452023 0.35577797998180166 0.09950248756218906 0.3075523202911738 
12 0.18336886993603413 0.2898089171974522 0.05685856432125089 0.1264786169244768 
12 0.7807391613361763 0.6437670609645132 0.15280739161336176 0.19927206551410373 
13 0.14427860696517414 0.8321201091901729 0.04548685145700071 0.04640582347588717 
6 0.015636105188343994 0.028662420382165606 0.01990049751243781 0.02456778889899909 
6 0.022388059701492536 0.04049135577797998 0.023454157782515993 0.026387625113739762 
6 0.029495380241648897 0.05232029117379436 0.024875621890547265 0.028207461328480437 
6 0.03873489694385217 0.06187443130118289 0.02061122956645345 0.029117379435850774 
6 0.04548685145700071 0.0746132848043676 0.021321961620469083 0.025477707006369428 
6 0.05152807391613362 0.08644222020018198 0.023454157782515993 0.0272975432211101 
6 0.05828002842928216 0.10145586897179254 0.029850746268656716 0.03548680618744313 
6 0.06609808102345416 0.11419472247497725 0.028429282160625444 0.03548680618744313 
6 0.07320540156361052 0.12875341219290265 0.032693674484719264 0.039126478616924476 
6 0.09097370291400142 0.15241128298453138 0.03127221037668799 0.03548680618744313 
6 0.09914712153518124 0.16606005459508644 0.02771855010660981 0.03366696997270246 
6 0.10803127221037669 0.17834394904458598 0.028429282160625444 0.034576888080072796 
6 0.11691542288557213 0.19062784349408554 0.02914001421464108 0.03548680618744313 
6 0.12651030561478321 0.20336669699727025 0.0255863539445629 0.03184713375796178 
6 0.15920398009950248 0.24795268425841674 0.021321961620469083 0.01364877161055505 
6 0.4953802416488984 0.8794358507734303 0.024164889836531627 0.03184713375796178 
6 0.47796730632551526 0.8535031847133758 0.02914001421464108 0.034576888080072796 
6 0.570362473347548 0.6601455868971793 0.023454157782515993 0.028207461328480437 
6 0.5593461265103056 0.8262056414922657 0.0255863539445629 0.02183803457688808 
6 0.5238095238095238 0.7734303912647862 0.028429282160625444 0.03275705186533212 
6 0.5600568585643213 0.7606915377616015 0.01990049751243781 0.02183803457688808 
6 0.5668088130774698 0.7720655141037307 0.02203269367448472 0.02456778889899909 
6 0.5341151385927505 0.7861692447679709 0.024875621890547265 0.0272975432211101 
6 0.5426439232409381 0.7989080982711556 0.02914001421464108 0.034576888080072796 
6 0.550817341862118 0.8139217470427661 0.028429282160625444 0.03184713375796178 
6 0.5689410092395167 0.8421292083712466 0.023454157782515993 0.028207461328480437 
6 0.5145700071073206 0.6906278434940856 0.017057569296375266 0.020018198362147407 
6 0.576048329779673 0.856687898089172 0.024875621890547265 0.03002729754322111 
6 0.5870646766169154 0.873066424021838 0.015636105188343994 0.01910828025477707 
6 0.4914712153518124 0.6565059144676979 0.019189765458422176 0.017288444040036398 
6 0.453091684434968 0.6719745222929936 0.024875621890547265 0.026387625113739762 
6 0.4644633972992182 0.6569608735213831 0.010660980810234541 0.01637852593266606 
6 0.48045486851457003 0.643312101910828 0.029850746268656716 0.036396724294813464 
6 0.5152807391613362 0.7611464968152867 0.029850746268656716 0.03184713375796178 
6 0.5067519545131486 0.7488626023657871 0.029850746268656716 0.036396724294813464 
6 0.4989339019189765 0.7361237488626023 0.028429282160625444 0.036396724294813464 
6 0.4914712153518124 0.7206551410373067 0.026297085998578537 0.029117379435850774 
6 0.48258706467661694 0.7101910828025477 0.022743425728500355 0.026387625113739762 
6 0.47405828002842926 0.6969972702456779 0.022743425728500355 0.025477707006369428 
6 0.46588486140724944 0.6833484986351228 0.02914001421464108 0.03275705186533212 
6 0.6606254442075338 0.7984531392174704 0.019189765458422176 0.01910828025477707 
6 0.6535181236673774 0.7870791628753412 0.019189765458422176 0.02183803457688808 
6 0.6449893390191898 0.7770700636942676 0.02061122956645345 0.025477707006369428 
6 0.6375266524520256 0.7647861692447679 0.021321961620469083 0.02456778889899909 
6 0.6318407960199005 0.7525022747952684 0.021321961620469083 0.025477707006369428 
6 0.6133617626154939 0.7311191992720655 0.01990049751243781 0.02456778889899909 
6 0.5980810234541578 0.707916287534122 0.024875621890547265 0.0272975432211101 
6 0.593816631130064 0.6942675159235668 0.02203269367448472 0.0272975432211101 
6 0.585998578535892 0.6828935395814377 0.02203269367448472 0.028207461328480437 
6 0.5774697938877044 0.6719745222929936 0.02203269367448472 0.026387625113739762 
6 0.5067519545131486 0.6801637852593266 0.021321961620469083 0.02456778889899909 
6 0.5227434257285004 0.7047315741583258 0.02203269367448472 0.02456778889899909 
6 0.4598436389481166 0.8284804367606915 0.0255863539445629 0.03002729754322111 
6 0.3898365316275764 0.7206551410373067 0.02771855010660981 0.03275705186533212 
6 0.44527363184079605 0.8912647861692448 0.03624733475479744 0.04094631483166515 
6 0.4562899786780384 0.9044585987261147 0.029850746268656716 0.034576888080072796 
6 0.46766169154228854 0.9212920837124658 0.029850746268656716 0.03548680618744313 
6 0.48898365316275766 0.9535941765241128 0.03411513859275053 0.04185623293903549 
6 0.34754797441364604 0.6910828025477707 0.06112295664534471 0.07006369426751592 
6 0.3813077469793888 0.7065514103730665 0.02914001421464108 0.03366696997270246 
6 0.40049751243781095 0.7333939945404914 0.02771855010660981 0.034576888080072796 
6 0.5309168443496801 0.7156505914467698 0.024164889836531627 0.028207461328480437 
6 0.4111584932480455 0.7465878070973613 0.033404406538734895 0.03548680618744313 
6 0.4186211798152097 0.7602365787079163 0.02700781805259417 0.03002729754322111 
6 0.4250177683013504 0.7766151046405824 0.028429282160625444 0.03366696997270246 
6 0.43461265103056146 0.7902638762511374 0.02771855010660981 0.03184713375796178 
6 0.4431414356787491 0.8016378525932666 0.023454157782515993 0.0272975432211101 
6 0.4545131485429993 0.813466787989081 0.031982942430703626 0.034576888080072796 
6 0.43745557924662404 0.8744313011828936 0.031982942430703626 0.040036396724294813 
6 0.4275053304904051 0.8575978161965423 0.033404406538734895 0.039126478616924476 
6 0.4161336176261549 0.8434940855323021 0.03624733475479744 0.04367606915377616 
6 0.4058280028429282 0.8234758871701547 0.032693674484719264 0.03821656050955414 
6 0.39587775408670933 0.8084622383985441 0.03411513859275053 0.044585987261146494 
6 0.3862828713574982 0.792083712465878 0.030561478322672354 0.039126478616924476 
6 0.373134328358209 0.7761601455868972 0.03553660270078181 0.04185623293903549 
6 0.36496090973702916 0.759326660600546 0.031982942430703626 0.039126478616924476 
6 0.34363894811656004 0.7261146496815286 0.03482587064676617 0.029117379435850774 
6 0.6098081023454158 0.8384895359417652 0.01847903340440654 0.01910828025477707 
6 0.605543710021322 0.8275705186533212 0.024164889836531627 0.028207461328480437 
6 0.5970149253731343 0.8171064604185623 0.021321961620469083 0.025477707006369428 
6 0.589907604832978 0.8066424021838035 0.01990049751243781 0.02456778889899909 
6 0.582089552238806 0.7939035486806187 0.022743425728500355 0.020928116469517744 
6 0.5529495380241649 0.7502274795268425 0.021321961620469083 0.02456778889899909 
6 0.5451314854299929 0.7397634212920837 0.01990049751243781 0.025477707006369428 
6 0.5376687988628287 0.7288444040036397 0.02061122956645345 0.025477707006369428 
6 0.3855721393034826 0.22975432211101002 0.019189765458422176 0.01364877161055505 
6 0.38877043354655294 0.46633303002729753 0.021321961620469083 0.01364877161055505 
6 0.1282871357498223 0.1592356687898089 0.017768301350390904 0.023657870791628753 
4 0.7643923240938166 0.9167424931756142 0.014925373134328358 0.015468607825295723 
4 0.5408670931058991 0.9931756141947224 0.015636105188343994 0.015468607825295723 
4 0.6300639658848614 0.916287534121929 0.014925373134328358 0.014558689717925387 
4 0.6382373845060412 0.9112829845313922 0.015636105188343994 0.017288444040036398 
4 0.7434257285003554 0.9372156505914467 0.015636105188343994 0.01637852593266606 
4 0.749822316986496 0.9299363057324841 0.014214641080312722 0.01637852593266606 
4 0.7565742714996446 0.924476797088262 0.016346837242359632 0.01637852593266606 
4 0.7292110874200426 0.8298453139217471 0.01279317697228145 0.020018198362147407 
4 0.7135749822316987 0.8444040036396724 0.017057569296375266 0.01637852593266606 
4 0.7949538024164889 0.8858052775250227 0.019189765458422176 0.020928116469517744 
4 0.8244491826581379 0.8808007279344859 0.008528784648187633 0.018198362147406732 
4 0.8336886993603412 0.8726114649681529 0.008528784648187633 0.020018198362147407 
4 0.8464818763326226 0.8616924476797089 0.008528784648187633 0.020018198362147407 
4 0.8560767590618337 0.8521383075523203 0.007818052594171997 0.01910828025477707 
4 0.8731343283582089 0.8362147406733395 0.007818052594171997 0.020018198362147407 
4 0.6801705756929638 0.8744313011828936 0.015636105188343994 0.01637852593266606 
4 0.7181947405828003 0.8903548680618745 0.007818052594171997 0.020928116469517744 
6 0.38699360341151384 0.45222929936305734 0.02203269367448472 0.012738853503184714 
4 0.6741293532338308 0.9572338489535942 0.007818052594171997 0.020018198362147407 
4 0.6936744847192609 0.8630573248407644 0.01847903340440654 0.017288444040036398 
4 0.8155650319829424 0.8867151956323931 0.010660980810234541 0.022747952684258416 
4 0.8073916133617626 0.892174704276615 0.009950248756218905 0.020928116469517744 
4 0.6439232409381663 0.9818016378525932 0.007107320540156361 0.020018198362147407 
4 0.6517412935323383 0.9772520473157416 0.008528784648187633 0.018198362147406732 
4 0.664179104477612 0.964968152866242 0.010660980810234541 0.022747952684258416 
4 0.6823027718550106 0.9513193812556869 0.007107320540156361 0.020928116469517744 
4 0.7039800995024875 0.902638762511374 0.007818052594171997 0.02183803457688808 
4 0.6890547263681592 0.9454049135577798 0.007818052594171997 0.020018198362147407 
4 0.6954513148542999 0.9394904458598726 0.006396588486140725 0.020928116469517744 
4 0.6467661691542289 0.9522292993630573 0.007107320540156361 0.020928116469517744 
4 0.6190476190476191 0.978161965423112 0.007107320540156361 0.018198362147406732 
4 0.6535181236673774 0.9472247497725205 0.007818052594171997 0.023657870791628753 
4 0.6709310589907604 0.9317561419472248 0.007107320540156361 0.02183803457688808 
4 0.8656716417910447 0.845768880800728 0.007107320540156361 0.017288444040036398 
4 0.8813077469793887 0.8316651501364877 0.007107320540156361 0.020018198362147407 
4 0.8955223880597015 0.8175614194722475 0.009950248756218905 0.017288444040036398 
4 0.906183368869936 0.2888989990900819 0.01279317697228145 0.01910828025477707 
4 0.9410092395167022 0.521838034576888 0.015636105188343994 0.01910828025477707 
4 0.9395877754086709 0.5100090991810737 0.015636105188343994 0.017288444040036398 
4 0.9360341151385928 0.5004549590536852 0.015636105188343994 0.01637852593266606 
4 0.9360341151385928 0.4886260236578708 0.015636105188343994 0.018198362147406732 
4 0.9012082444918266 0.24476797088262056 0.01847903340440654 0.023657870791628753 
4 0.9008528784648188 0.2556869881710646 0.016346837242359632 0.02183803457688808 
4 0.9363894811656006 0.2843494085532302 0.016346837242359632 0.01364877161055505 
4 0.9040511727078892 0.8093721565059144 0.008528784648187633 0.01910828025477707 
4 0.9331911869225302 0.26160145586897177 0.015636105188343994 0.01364877161055505 
4 0.9314143567874911 0.25068243858052774 0.014925373134328358 0.01364877161055505 
4 0.9207533759772566 0.18016378525932666 0.016346837242359632 0.01637852593266606 
4 0.9203980099502488 0.17015468607825296 0.014214641080312722 0.014558689717925387 
4 0.9424307036247335 0.18607825295723385 0.009950248756218905 0.020928116469517744 
4 0.8909026297085999 0.1737943585077343 0.014925373134328358 0.02183803457688808 
4 0.9424307036247335 0.5304822565969063 0.015636105188343994 0.023657870791628753 
4 0.9438521677327647 0.5418562329390355 0.015636105188343994 0.020928116469517744 
4 0.9463397299218195 0.5550500454959054 0.016346837242359632 0.02183803457688808 
4 0.9466950959488273 0.5632393084622384 0.015636105188343994 0.02183803457688808 
4 0.9484719260838664 0.5741583257506825 0.016346837242359632 0.023657870791628753 
4 0.9516702203269367 0.5850773430391265 0.01847903340440654 0.023657870791628753 
4 0.9676616915422885 0.48771610555050043 0.017768301350390904 0.014558689717925387 
4 0.9697938877043355 0.49909008189262966 0.014925373134328358 0.01364877161055505 
4 0.972636815920398 0.5113739763421292 0.014925373134328358 0.012738853503184714 
4 0.972636815920398 0.521383075523203 0.014925373134328358 0.014558689717925387 
4 0.9744136460554371 0.5332120109190173 0.014214641080312722 0.014558689717925387 
4 0.9779673063255153 0.5450409463148317 0.017057569296375266 0.01637852593266606 
4 0.9530916844349681 0.7661510464058234 0.009950248756218905 0.018198362147406732 
4 0.945273631840796 0.7734303912647862 0.007107320540156361 0.018198362147406732 
4 0.9367448471926084 0.781164695177434 0.008528784648187633 0.020928116469517744 
4 0.9289267945984364 0.7875341219290264 0.007107320540156361 0.01910828025477707 
4 0.9211087420042644 0.7957233848953594 0.007107320540156361 0.017288444040036398 
4 0.654228855721393 0.051865332120109194 0.012082444918265814 0.020018198362147407 
4 0.5501066098081023 0.0545950864422202 0.014214641080312722 0.02183803457688808 
4 0.5923951670220327 0.07597816196542312 0.014925373134328358 0.020928116469517744 
6 0.3805970149253731 0.19563239308462238 0.019189765458422176 0.012738853503184714 
4 0.7025586353944563 0.9313011828935396 0.006396588486140725 0.01910828025477707 
4 0.7263681592039801 0.9531392174704276 0.017057569296375266 0.017288444040036398 
4 0.7100213219616205 0.9640582347588716 0.015636105188343994 0.017288444040036398 
4 0.6570717839374556 0.9913557779799818 0.014925373134328358 0.017288444040036398 
4 0.6364605543710021 0.9899909008189263 0.007818052594171997 0.018198362147406732 
6 0.43710021321961623 0.19199272065514103 0.022743425728500355 0.018198362147406732 
4 0.34577114427860695 0.014558689717925387 0.013503909026297086 0.01637852593266606 
6 0.08848614072494669 0.6014558689717925 0.019189765458422176 0.023657870791628753 
4 0.30952380952380953 0.05595996360327571 0.013503909026297086 0.022747952684258416 
6 0.11869225302061123 0.6455868971792539 0.009950248756218905 0.01364877161055505 
6 0.11158493248045487 0.6360327570518653 0.011371712864250177 0.014558689717925387 
6 0.10305614783226724 0.6246587807097361 0.009950248756218905 0.015468607825295723 
6 0.48933901918976547 0.7552320291173794 0.00923951670220327 0.01637852593266606 
6 0.48116560056858565 0.7383985441310282 0.008528784648187633 0.01364877161055505 
4 0.7093105899076049 0.9262966333030027 0.008528784648187633 0.020018198362147407 
4 0.8255152807391614 0.8434940855323021 0.017768301350390904 0.02183803457688808 
4 0.8901918976545842 0.8198362147406734 0.00923951670220327 0.020018198362147407 
4 0.9136460554371002 0.7993630573248408 0.010660980810234541 0.020928116469517744 
6 0.7267235252309879 0.6464968152866242 0.013503909026297086 0.010009099181073703 
6 0.742359630419332 0.6355777979981801 0.017768301350390904 0.01910828025477707 
6 0.751954513148543 0.6956323930846224 0.014214641080312722 0.01910828025477707 
6 0.5948827292110874 0.635122838944495 0.02700781805259417 0.034576888080072796 
6 0.82409381663113 0.44358507734303915 0.013503909026297086 0.03548680618744313 
6 0.8592750533049041 0.44040036396724297 0.007107320540156361 0.01637852593266606 
6 0.5870646766169154 0.36715195632393083 0.011371712864250177 0.011828935395814377 
6 0.5614783226723525 0.3935395814376706 0.007107320540156361 0.01364877161055505 
6 0.6705756929637526 0.34986351228389445 0.006396588486140725 0.01364877161055505 
4 0.9356787491115849 0.2734303912647862 0.016346837242359632 0.01364877161055505 
4 0.8322672352523098 0.04913557779799818 0.014214641080312722 0.02183803457688808 
4 0.7192608386638237 0.009554140127388535 0.01279317697228145 0.01910828025477707 
5 0.4545131485429993 0.013193812556869881 0.023454157782515993 0.020928116469517744 
6 0.40262970859985786 0.8630573248407644 0.013503909026297086 0.015468607825295723 
4 0.07960199004975124 0.8826205641492265 0.015636105188343994 0.018198362147406732 
4 0.6769722814498934 0.050955414012738856 0.014925373134328358 0.02183803457688808 
4 0.7782515991471215 0.07370336669699727 0.015636105188343994 0.023657870791628753 
4 0.8919687277896233 0.18380345768880801 0.015636105188343994 0.020018198362147407 
4 0.6051883439943141 0.1191992720655141 0.016346837242359632 0.020018198362147407 
4 0.574271499644634 0.11965423111919928 0.015636105188343994 0.020928116469517744 
4 0.55863539445629 0.1205641492265696 0.01279317697228145 0.01910828025477707 
4 0.5529495380241649 0.11828935395814377 0.01279317697228145 0.018198362147406732 
4 0.9171997157071784 0.14877161055505003 0.014925373134328358 0.017288444040036398 
4 0.8152096659559346 0.04868061874431301 0.01279317697228145 0.01910828025477707 
4 0.012082444918265814 0.7797998180163785 0.01279317697228145 0.018198362147406732 
4 0.8073916133617626 0.04913557779799818 0.014214641080312722 0.02183803457688808 
4 0.7992181947405828 0.050500454959053684 0.012082444918265814 0.01910828025477707 
4 0.7906894100923951 0.04913557779799818 0.013503909026297086 0.018198362147406732 
4 0.783226723525231 0.050500454959053684 0.011371712864250177 0.01910828025477707 
4 0.7604832977967306 0.05141037306642402 0.014214641080312722 0.01910828025477707 
4 0.7523098791755508 0.050955414012738856 0.013503909026297086 0.018198362147406732 
4 0.8937455579246624 0.19472247497725204 0.014925373134328358 0.018198362147406732 
4 0.8941009239516702 0.20609645131938126 0.017057569296375266 0.020928116469517744 
4 0.8969438521677328 0.22611464968152867 0.015636105188343994 0.020928116469517744 
4 0.8994314143567875 0.23430391264786168 0.012082444918265814 0.015468607825295723 
4 0.9246624022743426 0.20063694267515925 0.014214641080312722 0.011828935395814377 
4 0.9307036247334755 0.23202911737943585 0.014925373134328358 0.012738853503184714 
4 0.9047619047619048 0.27434030937215653 0.015636105188343994 0.01910828025477707 
4 0.7043354655294953 0.8503184713375797 0.014214641080312722 0.01364877161055505 
4 0.6990049751243781 0.8553230209281165 0.016346837242359632 0.014558689717925387 
4 0.6734186211798152 0.8803457688808007 0.017768301350390904 0.01364877161055505 
4 0.6663113006396588 0.8858052775250227 0.013503909026297086 0.01364877161055505 
4 0.660270078180526 0.8930846223839854 0.015636105188343994 0.01364877161055505 
4 0.6968727789623312 0.9076433121019108 0.007818052594171997 0.022747952684258416 
4 0.7100213219616205 0.8962693357597816 0.009950248756218905 0.023657870791628753 
4 0.6837242359630419 0.989080982711556 0.014214641080312722 0.01637852593266606 
4 0.5959488272921108 0.050500454959053684 0.013503909026297086 0.020928116469517744 
4 0.5828002842928216 0.05368516833484986 0.01279317697228145 0.02183803457688808 
4 0.8688699360341151 0.1164695177434031 0.012082444918265814 0.018198362147406732 
4 0.8415067519545132 0.05004549590536852 0.01279317697228145 0.02183803457688808 
4 0.8237384506041222 0.04868061874431301 0.014214641080312722 0.022747952684258416 
6 0.27896233120113717 0.35987261146496813 0.024875621890547265 0.017288444040036398 
6 0.26510305614783225 0.25477707006369427 0.029850746268656716 0.01637852593266606 
6 0.26794598436389483 0.272975432211101 0.03127221037668799 0.018198362147406732 
6 0.27114427860696516 0.2898089171974522 0.02771855010660981 0.017288444040036398 
6 0.27327647476901207 0.30664240218380345 0.030561478322672354 0.020018198362147407 
6 0.2771855010660981 0.32666060054595086 0.02700781805259417 0.01637852593266606 
6 0.27825159914712155 0.3448589626933576 0.02914001421464108 0.01637852593266606 
6 0.28216062544420756 0.37989080982711554 0.029850746268656716 0.01910828025477707 
6 0.2995735607675906 0.2515923566878981 0.024875621890547265 0.015468607825295723 
6 0.2853589196872779 0.39854413102820746 0.030561478322672354 0.018198362147406732 
6 0.2878464818763326 0.41492265696087355 0.03127221037668799 0.018198362147406732 
6 0.291044776119403 0.43266606005459507 0.02914001421464108 0.01910828025477707 
6 0.2928216062544421 0.45222929936305734 0.032693674484719264 0.020018198362147407 
6 0.2960199004975124 0.46860782529572337 0.02914001421464108 0.01637852593266606 
6 0.2935323383084577 0.22383985441310283 0.021321961620469083 0.012738853503184714 
6 0.2601279317697228 0.23794358507734303 0.0255863539445629 0.017288444040036398 
6 0.2594171997157072 0.22156505914467697 0.03127221037668799 0.01910828025477707 
6 0.19758351101634683 0.29754322111010006 0.0255863539445629 0.018198362147406732 
6 0.16631130063965885 0.30527752502274796 0.0255863539445629 0.015468607825295723 
6 0.39125799573560766 0.15059144676979072 0.02061122956645345 0.022747952684258416 
6 0.4058280028429282 0.15013648771610555 0.022743425728500355 0.023657870791628753 
6 0.4267945984363895 0.15059144676979072 0.02203269367448472 0.022747952684258416 
6 0.189410092395167 0.33121019108280253 0.057569296375266525 0.04549590536851683 
6 0.2942430703624733 0.20200181983621474 0.029850746268656716 0.0272975432211101 
6 0.472636815920398 0.19472247497725204 0.032693674484719264 0.029117379435850774 
6 0.5920398009950248 0.4467697907188353 0.042643923240938165 0.034576888080072796 
6 0.7107320540156361 0.19472247497725204 0.03127221037668799 0.0272975432211101 
6 0.7132196162046909 0.6624203821656051 0.03909026297085998 0.06005459508644222 
6 0.744136460554371 0.716105550500455 0.03411513859275053 0.050955414012738856 
6 0.8134328358208955 0.1969972702456779 0.03909026297085998 0.022747952684258416 
6 0.8454157782515992 0.22338489535941766 0.013503909026297086 0.03366696997270246 
6 0.7078891257995735 0.4167424931756142 0.048329779673063254 0.034576888080072796 
6 0.2974413646055437 0.23612374886260237 0.02061122956645345 0.010009099181073703 
6 0.3013503909026297 0.2656960873521383 0.022743425728500355 0.01637852593266606 
4 0.1929637526652452 0.017743403093721567 0.012082444918265814 0.01910828025477707 
6 0.3695806680881308 0.33894449499545043 0.022743425728500355 0.01364877161055505 
6 0.35536602700781805 0.23657870791628755 0.022743425728500355 0.014558689717925387 
6 0.35785358919687277 0.2515923566878981 0.024875621890547265 0.011828935395814377 
6 0.35963041933191187 0.26524112829845314 0.022743425728500355 0.011828935395814377 
6 0.3621179815209666 0.2807097361237489 0.023454157782515993 0.015468607825295723 
6 0.36531627576403697 0.2948134667879891 0.021321961620469083 0.014558689717925387 
6 0.36886993603411516 0.32438580527752503 0.021321961620469083 0.015468607825295723 
6 0.3734896943852168 0.35304822565969063 0.02203269367448472 0.01091901728844404 
6 0.30383795309168443 0.27979981801637854 0.023454157782515993 0.01364877161055505 
6 0.374911158493248 0.36578707916287534 0.02203269367448472 0.01637852593266606 
6 0.3766879886282871 0.38034576888080074 0.01847903340440654 0.012738853503184714 
6 0.38095238095238093 0.39444949954504094 0.01990049751243781 0.015468607825295723 
6 0.3781094527363184 0.4094631483166515 0.02700781805259417 0.01637852593266606 
6 0.38272921108742003 0.4240218380345769 0.02203269367448472 0.012738853503184714 
6 0.38486140724946694 0.4381255686988171 0.023454157782515993 0.017288444040036398 
6 0.35287846481876334 0.22383985441310283 0.02203269367448472 0.012738853503184714 
6 0.35216773276474767 0.2083712465878071 0.026297085998578537 0.01637852593266606 
6 0.31734186211798154 0.5095541401273885 0.05614783226723525 0.03275705186533212 
6 0.3326226012793177 0.4827115559599636 0.022743425728500355 0.015468607825295723 
6 0.29850746268656714 0.4872611464968153 0.03411513859275053 0.020928116469517744 
6 0.330135039090263 0.46678798908098273 0.024875621890547265 0.01637852593266606 
6 0.3283582089552239 0.4531392174704277 0.022743425728500355 0.01637852593266606 
6 0.32587064676616917 0.43767060964513194 0.023454157782515993 0.01637852593266606 
6 0.3226723525230988 0.42311191992720654 0.021321961620469083 0.012738853503184714 
6 0.32160625444207536 0.4103730664240218 0.02061122956645345 0.012738853503184714 
6 0.31947405828002845 0.39490445859872614 0.023454157782515993 0.018198362147406732 
6 0.3187633262260128 0.3812556869881711 0.02203269367448472 0.014558689717925387 
6 0.31556503198294245 0.36715195632393083 0.021321961620469083 0.015468607825295723 
6 0.31236673773987206 0.35168334849863514 0.019189765458422176 0.01364877161055505 
6 0.31165600568585644 0.3375796178343949 0.02061122956645345 0.012738853503184714 
6 0.30810234541577824 0.32393084622383983 0.023454157782515993 0.01637852593266606 
6 0.3052594171997157 0.29572338489535943 0.023454157782515993 0.014558689717925387 
4 0.12757640369580667 0.017288444040036398 0.019189765458422176 0.01637852593266606 
4 0.20184790334044064 0.0186533212010919 0.011371712864250177 0.017288444040036398 
4 0.6393034825870647 0.11737943585077343 0.014925373134328358 0.02183803457688808 
4 0.6140724946695096 0.014103730664240218 0.015636105188343994 0.020928116469517744 
4 0.7821606254442075 0.011828935395814377 0.017768301350390904 0.020018198362147407 
4 0.7665245202558635 0.013193812556869881 0.012082444918265814 0.022747952684258416 
4 0.7590618336886994 0.012283894449499545 0.014214641080312722 0.022747952684258416 
4 0.7494669509594882 0.011828935395814377 0.013503909026297086 0.02183803457688808 
4 0.7359630419331912 0.012283894449499545 0.013503909026297086 0.022747952684258416 
4 0.7032693674484719 0.011373976342129208 0.014925373134328358 0.020928116469517744 
4 0.5497512437810945 0.015468607825295723 0.014925373134328358 0.02183803457688808 
4 0.31982942430703626 0.12010919017288443 0.014214641080312722 0.02183803457688808 
4 0.5262970859985785 0.055505004549590536 0.012082444918265814 0.02183803457688808 
4 0.5671641791044776 0.07734303912647862 0.01279317697228145 0.020018198362147407 
4 0.5515280739161336 0.07870791628753412 0.011371712864250177 0.020928116469517744 
4 0.5429992892679459 0.07688808007279345 0.011371712864250177 0.01910828025477707 
4 0.5341151385927505 0.07779799818016378 0.013503909026297086 0.01910828025477707 
4 0.28642501776830137 0.12602365787079162 0.014214641080312722 0.01910828025477707 
4 0.6158493248045487 0.07734303912647862 0.013503909026297086 0.02183803457688808 
4 0.6257995735607675 0.07643312101910828 0.014925373134328358 0.023657870791628753 
4 0.7014925373134329 0.05232029117379436 0.014214641080312722 0.01910828025477707 
4 0.7103766879886283 0.05004549590536852 0.013503909026297086 0.020018198362147407 
4 0.7249466950959488 0.050955414012738856 0.014214641080312722 0.020018198362147407 
4 0.7352523098791756 0.05141037306642402 0.012082444918265814 0.01910828025477707 
4 0.7434257285003554 0.052775250227479524 0.011371712864250177 0.01637852593266606 
4 0.767590618336887 0.050500454959053684 0.011371712864250177 0.01910828025477707 
4 0.746268656716418 0.07643312101910828 0.015636105188343994 0.02183803457688808 
4 0.810589907604833 0.0732484076433121 0.013503909026297086 0.022747952684258416 
4 0.8265813788201848 0.07370336669699727 0.01279317697228145 0.02183803457688808 
4 0.8407960199004975 0.11282984531392175 0.015636105188343994 0.02183803457688808 
4 0.8063255152807391 0.11419472247497725 0.014925373134328358 0.02456778889899909 
4 0.7185501066098081 0.11282984531392175 0.015636105188343994 0.023657870791628753 
4 0.6947405828002843 0.11555959963603275 0.014925373134328358 0.02183803457688808 
4 0.6794598436389481 0.1164695177434031 0.017057569296375266 0.023657870791628753 
4 0.6616915422885572 0.1164695177434031 0.014214641080312722 0.02183803457688808 
4 0.31272210376687987 0.12374886260236578 0.01279317697228145 0.018198362147406732 
4 0.34506041222459133 0.12329390354868063 0.012082444918265814 0.020928116469517744 
4 0.2260127931769723 0.0186533212010919 0.011371712864250177 0.017288444040036398 
4 0.3361762615493959 0.01637852593266606 0.01279317697228145 0.020018198362147407 
4 0.30987917555081734 0.08143767060964513 0.01279317697228145 0.020928116469517744 
4 0.3251599147121535 0.05686988171064604 0.013503909026297086 0.020928116469517744 
4 0.3169864960909737 0.05686988171064604 0.01279317697228145 0.022747952684258416 
4 0.2953091684434968 0.05368516833484986 0.013503909026297086 0.023657870791628753 
4 0.30845771144278605 0.03958143767060965 0.015636105188343994 0.01910828025477707 
4 0.3781094527363184 0.01592356687898089 0.014214641080312722 0.01910828025477707 
4 0.31414356787491116 0.014103730664240218 0.014214641080312722 0.020928116469517744 
4 0.3603411513859275 0.12420382165605096 0.014214641080312722 0.01910828025477707 
4 0.3052594171997157 0.014558689717925387 0.013503909026297086 0.020018198362147407 
4 0.28073916133617627 0.01910828025477707 0.01279317697228145 0.018198362147406732 
4 0.26332622601279315 0.01683348498635123 0.012082444918265814 0.01910828025477707 
4 0.2562189054726368 0.017743403093721567 0.012082444918265814 0.01910828025477707 
4 0.24733475479744135 0.015013648771610554 0.01279317697228145 0.01910828025477707 
4 0.23951670220326937 0.01683348498635123 0.014214641080312722 0.020928116469517744 
4 0.31840796019900497 0.08098271155595996 0.011371712864250177 0.02183803457688808 
4 0.32587064676616917 0.08143767060964513 0.013503909026297086 0.01910828025477707 
4 0.3411513859275053 0.0818926296633303 0.011371712864250177 0.018198362147406732 
4 0.34896943852167733 0.08098271155595996 0.01279317697228145 0.018198362147406732 
4 0.3720682302771855 0.05505004549590537 0.014925373134328358 0.020928116469517744 
4 0.38095238095238093 0.08371246587807098 0.01279317697228145 0.02183803457688808 
4 0.39836531627576405 0.0818926296633303 0.014925373134328358 0.02183803457688808 
4 0.42821606254442074 0.08007279344858963 0.013503909026297086 0.018198362147406732 
4 0.4211087420042644 0.054140127388535034 0.014925373134328358 0.022747952684258416 
4 0.4445628997867804 0.055505004549590536 0.014925373134328358 0.02183803457688808 
4 0.4605543710021322 0.05368516833484986 0.015636105188343994 0.023657870791628753 
4 0.44598436389481166 0.08007279344858963 0.013503909026297086 0.02183803457688808 
4 0.43745557924662404 0.07779799818016378 0.012082444918265814 0.022747952684258416 
4 0.4616204690831556 0.0818926296633303 0.014925373134328358 0.020018198362147407 
4 0.4246624022743426 0.12238398544131028 0.012082444918265814 0.017288444040036398 
4 0.4072494669509595 0.12147406733393995 0.01279317697228145 0.020928116469517744 
4 0.3766879886282871 0.12147406733393995 0.014214641080312722 0.020928116469517744 
12 0.07356076759061833 0.11146496815286625 0.1457000710732054 0.21929026387625114 
