5 0.40041666666666664 0.8554603854389722 0.12583333333333332 0.13062098501070663 
5 0.28708333333333336 0.2746252676659529 0.0475 0.19164882226980728 
5 0.71 0.31905781584582443 0.08833333333333333 0.1777301927194861 
5 0.7245833333333334 0.3538543897216274 0.0875 0.1745182012847966 
5 0.76375 0.5187366167023555 0.0875 0.1702355460385439 
5 0.7620833333333333 0.6450749464668094 0.0875 0.1702355460385439 
5 0.8125 0.8581370449678801 0.08833333333333333 0.1745182012847966 
5 0.39166666666666666 0.23822269807280513 0.06 0.19164882226980728 
5 0.32166666666666666 0.25856531049250536 0.04833333333333333 0.19164882226980728 
5 0.21791666666666668 0.2955032119914347 0.04583333333333333 0.18201284796573874 
5 0.1975 0.3078158458244111 0.051666666666666666 0.18950749464668093 
5 0.5258333333333334 0.6755888650963597 0.13333333333333333 0.12419700214132762 
5 0.5170833333333333 0.7478586723768736 0.12416666666666666 0.11884368308351177 
5 0.5341666666666667 0.7997858672376874 0.13333333333333333 0.12205567451820129 
5 0.5479166666666667 0.8897216274089935 0.13083333333333333 0.11991434689507495 
5 0.24125 0.28051391862955033 0.0475 0.19271948608137046 
5 0.37166666666666665 0.2580299785867238 0.05333333333333334 0.18843683083511778 
5 0.7004166666666667 0.1076017130620985 0.08583333333333333 0.056745182012847964 
5 0.10333333333333333 0.5438972162740899 0.14666666666666667 0.06209850107066381 
5 0.72875 0.4057815845824411 0.0925 0.17558886509635974 
5 0.7445833333333334 0.4336188436830835 0.0875 0.17558886509635974 
5 0.7516666666666667 0.4796573875802998 0.08666666666666667 0.17558886509635974 
5 0.7491666666666666 0.6134903640256959 0.09333333333333334 0.17130620985010706 
5 0.78125 0.6680942184154176 0.09083333333333334 0.17558886509635974 
5 0.78375 0.7896145610278372 0.09083333333333334 0.17237687366167023 
5 0.8125 0.7869379014989293 0.09166666666666666 0.17987152034261242 
5 0.8233333333333334 0.8913276231263383 0.08666666666666667 0.1766595289079229 
5 0.7795833333333333 0.7366167023554604 0.08916666666666667 0.1734475374732334 
5 0.555 0.8559957173447538 0.13 0.1252676659528908 
5 0.39708333333333334 0.7794432548179872 0.1325 0.11991434689507495 
5 0.40375 0.8211991434689507 0.13583333333333333 0.12633832976445397 
5 0.4066666666666667 0.9047109207708779 0.13333333333333333 0.12419700214132762 
5 0.7079166666666666 0.25374732334047106 0.0925 0.17558886509635974 
