4 0.9107005388760585 0.6804096638655462 0.04311008468052348 0.017331932773109245 
6 0.37952270977675134 0.8571428571428571 0.023094688221709007 0.025210084033613446 
6 0.2936874518860662 0.7132352941176471 0.059276366435719784 0.023109243697478993 
6 0.2998460354118553 0.728203781512605 0.057736720554272515 0.023634453781512604 
6 0.30792917628945343 0.7439600840336135 0.05542725173210162 0.023634453781512604 
6 0.24749807544264818 0.7618172268907563 0.03002309468822171 0.03308823529411765 
6 0.21208622016936104 0.7570903361344538 0.02386451116243264 0.025735294117647058 
6 0.23094688221709006 0.7946428571428571 0.03387220939183987 0.03466386554621849 
6 0.20785219399538107 0.7886029411764706 0.023094688221709007 0.023634453781512604 
6 0.22170900692840648 0.813813025210084 0.024634334103156273 0.023634453781512604 
6 0.2702078521939954 0.8004201680672269 0.02617397998460354 0.026260504201680673 
6 0.27367205542725176 0.8274684873949579 0.042340261739799843 0.04149159663865546 
6 0.2363356428021555 0.8426995798319328 0.03387220939183987 0.030987394957983194 
6 0.2498075442648191 0.8734243697478992 0.01770592763664357 0.02100840336134454 
6 0.24749807544264818 0.8962710084033614 0.042340261739799843 0.017331932773109245 
6 0.2567359507313318 0.9073004201680672 0.03926096997690531 0.01838235294117647 
6 0.2590454195535027 0.9220063025210085 0.033102386451116246 0.014180672268907563 
6 0.26096997690531176 0.9332983193277311 0.029253271747498075 0.009453781512605041 
6 0.34526558891454967 0.8700105042016807 0.016166281755196306 0.020483193277310924 
6 0.2844495765973826 0.695640756302521 0.059276366435719784 0.022584033613445378 
6 0.275211701308699 0.6796218487394958 0.05157813702848345 0.023109243697478993 
6 0.26212471131639725 0.6483718487394958 0.059276366435719784 0.02468487394957983 
6 0.19784449576597382 0.5207457983193278 0.049268668206312545 0.020483193277310924 
6 0.1558891454965358 0.4375 0.04387990762124711 0.017857142857142856 
6 0.16435719784449576 0.45141806722689076 0.053117782909930716 0.02153361344537815 
6 0.17051578137028484 0.4645483193277311 0.053117782909930716 0.022584033613445378 
6 0.17821401077752116 0.4810924369747899 0.056197074672825253 0.023109243697478993 
6 0.18475750577367206 0.49238445378151263 0.05234795996920708 0.019432773109243698 
6 0.19168591224018475 0.5070903361344538 0.050808314087759814 0.019432773109243698 
6 0.08968437259430331 0.509453781512605 0.020785219399538105 0.022058823529411766 
6 0.2086220169361047 0.5475315126050421 0.049268668206312545 0.020483193277310924 
6 0.1535796766743649 0.6515231092436975 0.01770592763664357 0.01838235294117647 
6 0.21747498075442648 0.5625 0.05157813702848345 0.01995798319327731 
6 0.22594303310238645 0.5748424369747899 0.057736720554272515 0.022584033613445378 
6 0.2363356428021555 0.5898109243697479 0.050808314087759814 0.02100840336134454 
6 0.2455735180908391 0.603203781512605 0.06928406466512702 0.02888655462184874 
6 0.14511162432640493 0.6244747899159664 0.026943802925327175 0.0273109243697479 
6 0.24749807544264818 0.6205357142857143 0.054657428791377985 0.020483193277310924 
6 0.2525019245573518 0.6328781512605042 0.05388760585065435 0.022058823529411766 
6 0.36605080831408776 0.8684348739495799 0.042340261739799843 0.04569327731092437 
6 0.3968437259430331 0.8529411764705882 0.03156274056966898 0.0273109243697479 
6 0.14318706697459585 0.4112394957983193 0.049268668206312545 0.02100840336134454 
6 0.35758275596612776 0.8298319327731093 0.07467282525019246 0.03046218487394958 
6 0.6062355658198614 0.6407563025210085 0.025404157043879907 0.0273109243697479 
6 0.6385681293302541 0.634453781512605 0.025404157043879907 0.025210084033613446 
6 0.6562740569668977 0.6299894957983193 0.022324865280985373 0.02153361344537815 
6 0.6678214010777521 0.6599264705882353 0.025404157043879907 0.02468487394957983 
6 0.6531947652040031 0.664390756302521 0.022324865280985373 0.022058823529411766 
6 0.640877598152425 0.6693802521008403 0.02848344880677444 0.025735294117647058 
6 0.6243264049268669 0.6720063025210085 0.02617397998460354 0.027836134453781514 
6 0.7051578137028484 0.8001575630252101 0.049268668206312545 0.020483193277310924 
6 0.6377983063895304 0.8167016806722689 0.056197074672825253 0.02415966386554622 
6 0.5842956120092379 0.8272058823529411 0.046189376443418015 0.01995798319327731 
6 0.5269438029253272 0.8421743697478992 0.06081601231716705 0.025735294117647058 
6 0.5100076982294073 0.8067226890756303 0.042340261739799843 0.046218487394957986 
6 0.5346420323325635 0.8014705882352942 0.036181678214010776 0.04411764705882353 
6 0.16936104695919937 0.23503151260504201 0.02155504234026174 0.02153361344537815 
6 0.18437259430331024 0.23056722689075632 0.020785219399538105 0.023109243697478993 
6 0.20207852193995382 0.22741596638655462 0.020785219399538105 0.022058823529411766 
6 0.21632024634334104 0.22452731092436976 0.020015396458814474 0.02153361344537815 
6 0.588144726712856 0.6433823529411765 0.029253271747498075 0.03046218487394958 
6 0.5685142417244033 0.6470588235294118 0.025404157043879907 0.03046218487394958 
6 0.5519630484988453 0.6512605042016807 0.029253271747498075 0.03361344537815126 
6 0.42994611239414937 0.7208508403361344 0.03156274056966898 0.03308823529411765 
6 0.3491147036181678 0.8135504201680672 0.0731331793687452 0.028361344537815126 
6 0.3367975365665897 0.7943802521008403 0.06697459584295612 0.02888655462184874 
6 0.3333333333333333 0.7773109243697479 0.07236335642802155 0.028361344537815126 
6 0.321401077752117 0.7589285714285714 0.07005388760585066 0.029411764705882353 
6 0.4133949191685912 0.6853991596638656 0.030792917628945343 0.029411764705882353 
6 0.4330254041570439 0.6801470588235294 0.026943802925327175 0.029411764705882353 
6 0.4926866820631255 0.665703781512605 0.02771362586605081 0.02888655462184874 
6 0.46997690531177827 0.7129726890756303 0.033102386451116246 0.0351890756302521 
6 0.5323325635103926 0.6554621848739496 0.026943802925327175 0.031512605042016806 
6 0.5115473441108545 0.7032563025210085 0.03156274056966898 0.03466386554621849 
6 0.5319476520400308 0.6974789915966386 0.029253271747498075 0.028361344537815126 
6 0.5538876058506543 0.6953781512605042 0.026943802925327175 0.028361344537815126 
6 0.5723633564280216 0.6906512605042017 0.03156274056966898 0.03466386554621849 
6 0.5916089299461124 0.6846113445378151 0.03156274056966898 0.03413865546218487 
6 0.6104695919938414 0.6783088235294118 0.02617397998460354 0.027836134453781514 
6 0.5115473441108545 0.6607142857142857 0.026943802925327175 0.026260504201680673 
6 0.15204003079291764 0.4259453781512605 0.05157813702848345 0.01995798319327731 
6 0.13856812933025403 0.39837184873949577 0.050808314087759814 0.020483193277310924 
6 0.5592763664357198 0.42358193277310924 0.02386451116243264 0.022584033613445378 
6 0.42186297151655117 0.17515756302521007 0.023094688221709007 0.023634453781512604 
6 0.22979214780600463 0.16123949579831934 0.020785219399538105 0.02100840336134454 
6 0.2571208622016936 0.15782563025210083 0.023094688221709007 0.02153361344537815 
6 0.26982294072363355 0.15362394957983194 0.01770592763664357 0.01838235294117647 
6 0.2821401077752117 0.15178571428571427 0.01924557351809084 0.018907563025210083 
6 0.294072363356428 0.14915966386554622 0.018475750577367205 0.02100840336134454 
6 0.3052347959969207 0.14679621848739496 0.01924557351809084 0.020483193277310924 
6 0.27675134719014627 0.12578781512605042 0.01770592763664357 0.01838235294117647 
6 0.31947652040030794 0.14495798319327732 0.023094688221709007 0.022058823529411766 
6 0.3317936874518861 0.14154411764705882 0.024634334103156273 0.022584033613445378 
6 0.3441108545034642 0.13786764705882354 0.015396458814472672 0.017331932773109245 
6 0.3552732871439569 0.13734243697478993 0.01924557351809084 0.022584033613445378 
6 0.3672055427251732 0.1326155462184874 0.020015396458814474 0.01838235294117647 
6 0.37798306389530406 0.13103991596638656 0.018475750577367205 0.019432773109243698 
6 0.4010777521170131 0.12683823529411764 0.018475750577367205 0.02153361344537815 
6 0.413779830638953 0.12211134453781512 0.014626635873749037 0.016281512605042018 
6 0.34757505773672054 0.11160714285714286 0.01770592763664357 0.01838235294117647 
6 0.36066204772902233 0.10766806722689076 0.016166281755196306 0.017857142857142856 
6 0.2501924557351809 0.13156512605042017 0.015396458814472672 0.016281512605042018 
6 0.2066974595842956 0.13996848739495799 0.020785219399538105 0.019432773109243698 
6 0.21593533487297922 0.16570378151260504 0.020785219399538105 0.020483193277310924 
12 0.6989992301770592 0.9030987394957983 0.23710546574287913 0.09086134453781512 
12 0.3113933795227098 0.21796218487394958 0.3056197074672825 0.11449579831932773 
12 0.3468052347959969 0.3009453781512605 0.29946112394149343 0.11239495798319328 
12 0.38953040800615857 0.3855042016806723 0.30638953040800615 0.11554621848739496 
12 0.48922247882986913 0.5582983193277311 0.2825250192455735 0.11764705882352941 
12 0.4326404926866821 0.46717436974789917 0.2956120092378753 0.11292016806722689 
12 0.5400307929176289 0.6754201680672269 0.279445727482679 0.13025210084033614 
12 0.6062355658198614 0.7909663865546218 0.2548113933795227 0.10399159663865547 
12 0.22093918398768284 0.5651260504201681 0.37259430331023863 0.625 
6 0.20284834488067743 0.16938025210084034 0.016166281755196306 0.019432773109243698 
6 0.08468052347959969 0.17016806722689076 0.050808314087759814 0.01995798319327731 
6 0.14049268668206313 0.16045168067226892 0.03002309468822171 0.013130252100840336 
6 0.13933795227097767 0.18356092436974789 0.023094688221709007 0.02153361344537815 
6 0.15280985373364125 0.1790966386554622 0.01770592763664357 0.01995798319327731 
6 0.16551193225558122 0.17857142857142858 0.02155504234026174 0.022058823529411766 
6 0.17975365665896845 0.17331932773109243 0.020785219399538105 0.01995798319327731 
6 0.18976135488837567 0.17095588235294118 0.016166281755196306 0.017331932773109245 
6 0.37490377213240955 0.10582983193277311 0.016936104695919937 0.016281512605042018 
6 0.4534257120862202 0.20141806722689076 0.023094688221709007 0.023634453781512604 
6 0.13279445727482678 0.38366596638655465 0.05157813702848345 0.020483193277310924 
6 0.4384141647421093 0.20561974789915966 0.022324865280985373 0.02153361344537815 
6 0.21439568899153194 0.2536764705882353 0.01770592763664357 0.018907563025210083 
6 0.1993841416474211 0.2599789915966387 0.02617397998460354 0.029411764705882353 
6 0.18283294842186298 0.26313025210084034 0.022324865280985373 0.023109243697478993 
6 0.24788298691301 0.21638655462184875 0.02155504234026174 0.02415966386554622 
6 0.08583525789068515 0.24448529411764705 0.020785219399538105 0.02153361344537815 
6 0.07390300230946882 0.24789915966386555 0.020015396458814474 0.02100840336134454 
6 0.06312548113933796 0.2510504201680672 0.018475750577367205 0.01995798319327731 
6 0.05196304849884527 0.2557773109243697 0.014626635873749037 0.015756302521008403 
6 0.041185527328714396 0.25735294117647056 0.016166281755196306 0.01680672268907563 
6 0.028868360277136258 0.2602415966386555 0.01924557351809084 0.01838235294117647 
6 0.073518090839107 0.27258403361344535 0.03926096997690531 0.017857142857142856 
6 0.09045419553502694 0.30646008403361347 0.04695919938414165 0.02153361344537815 
6 0.10662047729022325 0.3332457983193277 0.04849884526558892 0.019432773109243698 
6 0.02424942263279446 0.3584558823529412 0.020785219399538105 0.026785714285714284 
6 0.11046959199384142 0.3474264705882353 0.042340261739799843 0.019432773109243698 
6 0.11662817551963048 0.3605567226890756 0.04541955350269438 0.01838235294117647 
6 0.12663587374903773 0.37368697478991597 0.04387990762124711 0.017331932773109245 
6 0.23094688221709006 0.25 0.023094688221709007 0.022058823529411766 
6 0.2455735180908391 0.24816176470588236 0.024634334103156273 0.023634453781512604 
6 0.26212471131639725 0.24553571428571427 0.016166281755196306 0.02153361344537815 
6 0.3595073133179369 0.19327731092436976 0.016936104695919937 0.01995798319327731 
6 0.4064665127020785 0.18224789915966386 0.018475750577367205 0.018907563025210083 
6 0.41916859122401845 0.20719537815126052 0.01924557351809084 0.02153361344537815 
6 0.39145496535796764 0.18566176470588236 0.01770592763664357 0.019432773109243698 
6 0.40454195535026943 0.21244747899159663 0.02386451116243264 0.023634453781512604 
6 0.3887605850654349 0.21533613445378152 0.02155504234026174 0.022058823529411766 
6 0.37490377213240955 0.18434873949579833 0.016936104695919937 0.02100840336134454 
6 0.3421862971516551 0.226890756302521 0.01924557351809084 0.01995798319327731 
6 0.3437259430331024 0.1959033613445378 0.01924557351809084 0.022058823529411766 
6 0.27867590454195534 0.23870798319327732 0.020015396458814474 0.019432773109243698 
6 0.32678983833718245 0.23082983193277312 0.025404157043879907 0.026785714285714284 
6 0.3102386451116243 0.23319327731092437 0.02155504234026174 0.022058823529411766 
6 0.32640492686682065 0.19747899159663865 0.024634334103156273 0.0273109243697479 
6 0.3125481139337952 0.20168067226890757 0.023094688221709007 0.02415966386554622 
6 0.29869130100076985 0.20614495798319327 0.013856812933025405 0.019432773109243698 
6 0.2913779830638953 0.23660714285714285 0.014626635873749037 0.017331932773109245 
6 0.2640492686682063 0.2113970588235294 0.024634334103156273 0.02468487394957983 
6 0.23364126250962278 0.22032563025210083 0.01924557351809084 0.020483193277310924 
6 0.20746728252501925 0.3167016806722689 0.022324865280985373 0.02415966386554622 
6 0.2228637413394919 0.31433823529411764 0.020785219399538105 0.023634453781512604 
6 0.6755196304849884 0.7775735294117647 0.020785219399538105 0.025735294117647058 
6 0.4907621247113164 0.573266806722689 0.02386451116243264 0.02468487394957983 
6 0.5092378752886836 0.5716911764705882 0.01924557351809084 0.025735294117647058 
6 0.5265588914549654 0.5672268907563025 0.03233256351039261 0.031512605042016806 
6 0.546189376443418 0.561186974789916 0.022324865280985373 0.02468487394957983 
6 0.5646651270207852 0.5593487394957983 0.03002309468822171 0.032563025210084036 
6 0.4426481909160893 0.551733193277311 0.020015396458814474 0.023634453781512604 
6 0.45573518090839105 0.5467436974789915 0.02617397998460354 0.029411764705882353 
6 0.47344110854503463 0.5451680672268907 0.02155504234026174 0.022058823529411766 
6 0.4884526558891455 0.5409663865546218 0.022324865280985373 0.02415966386554622 
6 0.506158583525789 0.5367647058823529 0.02386451116243264 0.025210084033613446 
6 0.5200153964588144 0.532563025210084 0.020785219399538105 0.02415966386554622 
6 0.5369515011547344 0.5291491596638656 0.020785219399538105 0.020483193277310924 
6 0.5669745958429562 0.5189075630252101 0.02386451116243264 0.025210084033613446 
6 0.5850654349499615 0.5157563025210085 0.029253271747498075 0.028361344537815126 
6 0.5839107005388761 0.5551470588235294 0.025404157043879907 0.025210084033613446 
6 0.6016166281755196 0.5506827731092437 0.02386451116243264 0.02468487394957983 
6 0.6204772902232486 0.5446428571428571 0.02155504234026174 0.023109243697478993 
6 0.4749807544264819 0.5814075630252101 0.030792917628945343 0.032563025210084036 
6 0.45535026943802925 0.5837710084033614 0.02386451116243264 0.027836134453781514 
6 0.4361046959199384 0.5871848739495799 0.02386451116243264 0.0273109243697479 
6 0.4676674364896074 0.44380252100840334 0.02386451116243264 0.023109243697478993 
6 0.5265588914549654 0.46271008403361347 0.023094688221709007 0.022058823529411766 
6 0.5434949961508853 0.4579831932773109 0.020015396458814474 0.022058823529411766 
6 0.5592763664357198 0.4569327731092437 0.02386451116243264 0.0273109243697479 
6 0.5438799076212472 0.4262079831932773 0.020785219399538105 0.023634453781512604 
6 0.5153964588144727 0.4338235294117647 0.022324865280985373 0.022058823529411766 
6 0.4976905311778291 0.43618697478991597 0.025404157043879907 0.026785714285714284 
6 0.4822940723633564 0.43986344537815125 0.02386451116243264 0.02468487394957983 
6 0.06774441878367975 0.4692752100840336 0.023094688221709007 0.027836134453781514 
6 0.4168591224018476 0.5911239495798319 0.025404157043879907 0.025735294117647058 
6 0.36143187066974597 0.5688025210084033 0.026943802925327175 0.028361344537815126 
6 0.3783679753656659 0.5632878151260504 0.025404157043879907 0.027836134453781514 
6 0.3945342571208622 0.5630252100840336 0.020785219399538105 0.023109243697478993 
6 0.4110854503464203 0.5588235294117647 0.02155504234026174 0.023109243697478993 
6 0.42494226327944573 0.5548844537815126 0.023094688221709007 0.025735294117647058 
6 0.380292532717475 0.6000525210084033 0.02771362586605081 0.030987394957983194 
6 0.3987682832948422 0.5958508403361344 0.02771362586605081 0.027836134453781514 
6 0.7143956889915319 0.7694327731092437 0.023094688221709007 0.026260504201680673 
6 0.6585835257890685 0.7841386554621849 0.022324865280985373 0.02415966386554622 
6 0.2409545804464973 0.3085609243697479 0.020015396458814474 0.022584033613445378 
6 0.6404926866820632 0.7836134453781513 0.02617397998460354 0.029411764705882353 
4 0.8560431100846805 0.04805672268907563 0.02617397998460354 0.022584033613445378 
4 0.3306389530408006 0.06066176470588235 0.02848344880677444 0.014180672268907563 
4 0.34526558891454967 0.017857142857142856 0.03002309468822171 0.01365546218487395 
4 0.3163972286374134 0.025472689075630252 0.02617397998460354 0.014180672268907563 
4 0.28752886836027713 0.030724789915966385 0.026943802925327175 0.014180672268907563 
4 0.2617397998460354 0.03702731092436975 0.02771362586605081 0.014180672268907563 
4 0.23441108545034642 0.043592436974789914 0.025404157043879907 0.014705882352941176 
4 0.29715165511932257 0.051995798319327734 0.02771362586605081 0.012605042016806723 
4 0.413779830638953 0.04096638655462185 0.025404157043879907 0.012605042016806723 
4 0.021939953810623556 0.13051470588235295 0.03156274056966898 0.01523109243697479 
4 0.03464203233256351 0.7628676470588235 0.03541185527328714 0.016281512605042018 
4 0.22324865280985373 0.7148109243697479 0.03233256351039261 0.014705882352941176 
6 0.03964588144726713 0.40887605042016806 0.026943802925327175 0.02468487394957983 
6 0.1739799846035412 0.6869747899159664 0.02617397998460354 0.022058823529411766 
6 0.39107005388760585 0.10346638655462184 0.013856812933025405 0.014705882352941176 
6 0.38837567359507313 0.12762605042016806 0.01770592763664357 0.017857142857142856 
6 0.35411855273287146 0.22190126050420167 0.015396458814472672 0.01838235294117647 
4 0.08275596612779061 0.7544642857142857 0.025404157043879907 0.014180672268907563 
4 0.15165511932255582 0.7471113445378151 0.020015396458814474 0.019432773109243698 
4 0.13356428021555042 0.7008928571428571 0.01924557351809084 0.016281512605042018 
4 0.11431870669745958 0.1095063025210084 0.026943802925327175 0.014180672268907563 
6 0.6212471131639723 0.7896533613445378 0.02771362586605081 0.030987394957983194 
6 0.6035411855273287 0.792016806722689 0.02771362586605081 0.03046218487394958 
6 0.6770592763664357 0.8988970588235294 0.033102386451116246 0.014180672268907563 
6 0.7201693610469592 0.9015231092436975 0.02386451116243264 0.02468487394957983 
6 0.7386451116243264 0.8983718487394958 0.026943802925327175 0.02888655462184874 
6 0.7890685142417244 0.885766806722689 0.029253271747498075 0.03203781512605042 
4 0.08622016936104696 0.11528361344537816 0.03387220939183987 0.016281512605042018 
4 0.13933795227097767 0.10346638655462184 0.02617397998460354 0.01365546218487395 
4 0.12779060816012316 0.7192752100840336 0.029253271747498075 0.01523109243697479 
4 0.16589684372594304 0.0974264705882353 0.026943802925327175 0.014180672268907563 
4 0.19130100076982295 0.09164915966386554 0.02848344880677444 0.01523109243697479 
4 0.21901462663587376 0.0861344537815126 0.03156274056966898 0.015756302521008403 
4 0.057736720554272515 0.12211134453781512 0.030792917628945343 0.016281512605042018 
4 0.016936104695919937 0.46192226890756305 0.030792917628945343 0.016281512605042018 
4 0.012317167051578136 0.45089285714285715 0.023094688221709007 0.013130252100840336 
4 0.08352578906851424 0.7318802521008403 0.03002309468822171 0.01523109243697479 
6 0.5115473441108545 0.4648109243697479 0.020785219399538105 0.018907563025210083 
6 0.4973056197074673 0.4692752100840336 0.02155504234026174 0.02153361344537815 
6 0.4815242494226328 0.47163865546218486 0.022324865280985373 0.022058823529411766 
6 0.4665127020785219 0.47662815126050423 0.024634334103156273 0.026785714285714284 
6 0.4314857582755966 0.2668067226890756 0.01308698999230177 0.018907563025210083 
6 0.46420323325635104 0.25919117647058826 0.020015396458814474 0.022584033613445378 
6 0.4780600461893764 0.2552521008403361 0.018475750577367205 0.02100840336134454 
6 0.476905311778291 0.28728991596638653 0.020785219399538105 0.02100840336134454 
6 0.46150885296381833 0.2930672268907563 0.016166281755196306 0.02100840336134454 
6 0.4449576597382602 0.2959558823529412 0.024634334103156273 0.02468487394957983 
6 0.42802155504234024 0.2980567226890756 0.016936104695919937 0.020483193277310924 
6 0.41301000769822943 0.3025210084033613 0.020785219399538105 0.023109243697478993 
6 0.26212471131639725 0.39784663865546216 0.020785219399538105 0.022584033613445378 
6 0.2802155504234026 0.39364495798319327 0.02155504234026174 0.023634453781512604 
6 0.2952270977675135 0.3902310924369748 0.022324865280985373 0.02415966386554622 
6 0.26250962278675904 0.43067226890756305 0.024634334103156273 0.025210084033613446 
6 0.279445727482679 0.4259453781512605 0.02155504234026174 0.023109243697478993 
6 0.29445727482678985 0.4220063025210084 0.020785219399538105 0.020483193277310924 
6 0.3086989992301771 0.4183298319327731 0.018475750577367205 0.020483193277310924 
6 0.325635103926097 0.41544117647058826 0.023094688221709007 0.023109243697478993 
6 0.3406466512702079 0.4120273109243697 0.01924557351809084 0.022584033613445378 
6 0.4149345650500385 0.27205882352941174 0.02155504234026174 0.02100840336134454 
6 0.3987682832948422 0.2754726890756303 0.020015396458814474 0.020483193277310924 
6 0.3826020015396459 0.27862394957983194 0.023094688221709007 0.020483193277310924 
6 0.3029253271747498 0.3293067226890756 0.020785219399538105 0.025210084033613446 
6 0.25635103926096997 0.3069852941176471 0.02155504234026174 0.025735294117647058 
6 0.27136258660508084 0.3017331932773109 0.022324865280985373 0.025735294117647058 
6 0.22170900692840648 0.34611344537815125 0.02617397998460354 0.0273109243697479 
6 0.23672055427251731 0.34138655462184875 0.01770592763664357 0.01995798319327731 
6 0.2540415704387991 0.3400735294117647 0.024634334103156273 0.026785714285714284 
6 0.27174749807544263 0.33534663865546216 0.020015396458814474 0.022584033613445378 
6 0.2863741339491917 0.3316701680672269 0.02155504234026174 0.023634453781512604 
6 0.317167051578137 0.3230042016806723 0.020015396458814474 0.01995798319327731 
6 0.3652809853733641 0.2804621848739496 0.026943802925327175 0.0273109243697479 
6 0.28714395688991534 0.3004201680672269 0.02155504234026174 0.01995798319327731 
6 0.30331023864511164 0.29543067226890757 0.02155504234026174 0.023634453781512604 
6 0.31793687451886066 0.2928046218487395 0.02155504234026174 0.022584033613445378 
6 0.3325635103926097 0.31985294117647056 0.020015396458814474 0.01995798319327731 
6 0.3483448806774442 0.31906512605042014 0.02848344880677444 0.029936974789915968 
6 0.36643571978444955 0.3135504201680672 0.02617397998460354 0.026260504201680673 
6 0.3814472671285604 0.30987394957983194 0.020785219399538105 0.022058823529411766 
6 0.35873749037721325 0.4096638655462185 0.024634334103156273 0.0273109243697479 
6 0.32640492686682065 0.38235294117647056 0.023094688221709007 0.025210084033613446 
6 0.34257120862201695 0.3797268907563025 0.024634334103156273 0.02415966386554622 
6 0.36066204772902233 0.5021008403361344 0.02386451116243264 0.025210084033613446 
6 0.33102386451116245 0.47584033613445376 0.023094688221709007 0.02415966386554622 
6 0.34526558891454967 0.4737394957983193 0.01770592763664357 0.01995798319327731 
6 0.36027713625866054 0.4682247899159664 0.024634334103156273 0.025735294117647058 
6 0.39260969976905313 0.46060924369747897 0.020015396458814474 0.02100840336134454 
6 0.37759815242494227 0.46691176470588236 0.022324865280985373 0.01995798319327731 
6 0.3306389530408006 0.5070903361344538 0.022324865280985373 0.023634453781512604 
6 0.34565050038491146 0.5055147058823529 0.024634334103156273 0.02468487394957983 
6 0.39068514241724406 0.4947478991596639 0.02386451116243264 0.025210084033613446 
6 0.29715165511932257 0.48188025210084034 0.024634334103156273 0.025735294117647058 
6 0.40685142417244036 0.49054621848739494 0.02386451116243264 0.023109243697478993 
6 0.40685142417244036 0.4569327731092437 0.025404157043879907 0.026260504201680673 
6 0.42301770592763666 0.45535714285714285 0.01770592763664357 0.01995798319327731 
6 0.4380292532717475 0.45010504201680673 0.024634334103156273 0.02415966386554622 
6 0.45381062355658197 0.44721638655462187 0.01770592763664357 0.020483193277310924 
6 0.43648960739030024 0.483718487394958 0.023094688221709007 0.025210084033613446 
6 0.45073133179368746 0.4797794117647059 0.020785219399538105 0.022584033613445378 
6 0.31370284834488066 0.4789915966386555 0.020785219399538105 0.025210084033613446 
6 0.5323325635103926 0.36869747899159666 0.022324865280985373 0.022058823529411766 
6 0.35873749037721325 0.37736344537815125 0.02155504234026174 0.02153361344537815 
6 0.45381062355658197 0.3860294117647059 0.026943802925327175 0.026260504201680673 
6 0.376058506543495 0.3710609243697479 0.02386451116243264 0.02468487394957983 
6 0.39260969976905313 0.36764705882352944 0.023094688221709007 0.02415966386554622 
6 0.40569668976135487 0.3639705882352941 0.023094688221709007 0.025210084033613446 
6 0.39068514241724406 0.4023109243697479 0.020785219399538105 0.02415966386554622 
6 0.4060816012317167 0.39679621848739494 0.020785219399538105 0.023634453781512604 
6 0.4210931485758276 0.3944327731092437 0.02155504234026174 0.02415966386554622 
6 0.43687451886066203 0.3904936974789916 0.022324865280985373 0.02468487394957983 
6 0.46689761354888376 0.3807773109243697 0.01924557351809084 0.01995798319327731 
6 0.5169361046959199 0.37211134453781514 0.022324865280985373 0.019432773109243698 
6 0.4380292532717475 0.35661764705882354 0.023094688221709007 0.02415966386554622 
6 0.4703618167821401 0.35110294117647056 0.023094688221709007 0.023634453781512604 
6 0.48614318706697457 0.3471638655462185 0.020785219399538105 0.02100840336134454 
6 0.5030792917628946 0.34164915966386555 0.022324865280985373 0.02468487394957983 
6 0.5180908391070054 0.3400735294117647 0.02155504234026174 0.020483193277310924 
6 0.48460354118552734 0.37710084033613445 0.022324865280985373 0.01995798319327731 
6 0.49884526558891457 0.3760504201680672 0.015396458814472672 0.01995798319327731 
12 0.2675134719014627 0.14417016806722688 0.29022324865280985 0.09926470588235294 
