9 0.6847411444141689 0.021314387211367674 0.016893732970027248 0.016577856719952634 
6 0.6076294277929155 0.1625222024866785 0.011989100817438692 0.0076968620485494375 
6 0.6095367847411444 0.17554766133806987 0.013623978201634877 0.006512729425695678 
6 0.6084468664850137 0.1817643576080521 0.011444141689373298 0.007104795737122558 
6 0.6100817438692098 0.18798105387803435 0.014713896457765668 0.0053285968028419185 
6 0.6103542234332425 0.19449378330373002 0.014168937329700272 0.006512729425695678 
6 0.6095367847411444 0.20159857904085257 0.013623978201634877 0.0053285968028419185 
6 0.6103542234332425 0.20840734162226168 0.014168937329700272 0.007104795737122558 
6 0.6095367847411444 0.21551213735938426 0.013623978201634877 0.007104795737122558 
6 0.6119891008174387 0.22232089994079338 0.015258855585831062 0.006512729425695678 
6 0.6095367847411444 0.2353463587921847 0.013623978201634877 0.0076968620485494375 
6 0.6084468664850137 0.24215512137359385 0.012534059945504087 0.004736530491415038 
6 0.6125340599455041 0.24896388395500296 0.017438692098092644 0.006512729425695678 
6 0.6108991825613079 0.2557726465364121 0.015258855585831062 0.005920663114268798 
6 0.6125340599455041 0.2619893428063943 0.017438692098092644 0.006512729425695678 
6 0.6087193460490463 0.2682060390763766 0.011989100817438692 0.004736530491415038 
6 0.591825613079019 0.2764949674363529 0.010899182561307902 0.004736530491415038 
6 0.6119891008174387 0.2756068679692126 0.01634877384196185 0.006512729425695678 
6 0.588283378746594 0.2830076968620486 0.016893732970027248 0.007104795737122558 
6 0.6158038147138964 0.2841918294849023 0.023978201634877384 0.009473060982830076 
6 0.526158038147139 0.09443457667258733 0.011444141689373298 0.0041444641799881585 
6 0.5253405994550409 0.10894020130254589 0.010899182561307902 0.005920663114268798 
6 0.526158038147139 0.14061574896388396 0.011444141689373298 0.0053285968028419185 
6 0.5256130790190736 0.14594434576672588 0.012534059945504087 0.0053285968028419185 
6 0.5253405994550409 0.15186500888099466 0.011989100817438692 0.0053285968028419185 
6 0.5258855585831063 0.15748963883955003 0.010899182561307902 0.005920663114268798 
6 0.5237057220708446 0.16341030195381884 0.013079019073569483 0.005920663114268798 
6 0.5239782016348774 0.16903493191237418 0.013623978201634877 0.0053285968028419185 
6 0.52425068119891 0.17465956187092954 0.013079019073569483 0.004736530491415038 
6 0.5217983651226158 0.1802841918294849 0.01907356948228883 0.0053285968028419185 
6 0.5253405994550409 0.18590882178804027 0.011989100817438692 0.004736530491415038 
6 0.6087193460490463 0.16873889875666073 0.010899182561307902 0.005920663114268798 
6 0.6122615803814714 0.15600947306098284 0.01580381471389646 0.006512729425695678 
6 0.52425068119891 0.19834221432800472 0.014168937329700272 0.005920663114268798 
6 0.6098092643051771 0.1497927767910006 0.013079019073569483 0.005920663114268798 
6 0.5923705722070844 0.123149792776791 0.009809264305177113 0.004736530491415038 
6 0.5920980926430518 0.13232682060390763 0.010354223433242507 0.0053285968028419185 
6 0.5923705722070844 0.137951450562463 0.010899182561307902 0.004736530491415038 
6 0.5934604904632153 0.14209591474245115 0.008719346049046322 0.003552397868561279 
6 0.5926430517711172 0.15156897572528122 0.009264305177111716 0.003552397868561279 
6 0.5929155313351498 0.1654825340438129 0.008719346049046322 0.0041444641799881585 
6 0.5923705722070844 0.1699230313795145 0.010899182561307902 0.004736530491415038 
6 0.591825613079019 0.17554766133806987 0.011989100817438692 0.0053285968028419185 
6 0.5915531335149864 0.18502072232089994 0.011444141689373298 0.0041444641799881585 
6 0.5926430517711172 0.1956779159265838 0.010354223433242507 0.0053285968028419185 
6 0.591825613079019 0.21195973949082297 0.011989100817438692 0.005920663114268798 
6 0.5904632152588556 0.21788040260509178 0.012534059945504087 0.005920663114268798 
6 0.5920980926430518 0.23386619301361752 0.011444141689373298 0.004736530491415038 
6 0.5926430517711172 0.23860272350503256 0.009264305177111716 0.004736530491415038 
6 0.5923705722070844 0.24955595026642985 0.010899182561307902 0.0053285968028419185 
6 0.591825613079019 0.2551805802249852 0.010899182561307902 0.004736530491415038 
6 0.5915531335149864 0.2608052101835406 0.011444141689373298 0.0053285968028419185 
6 0.5929155313351498 0.26583777383066903 0.008719346049046322 0.003552397868561279 
6 0.5915531335149864 0.27057430432208407 0.010354223433242507 0.004736530491415038 
6 0.5920980926430518 0.09680284191829484 0.010354223433242507 0.0041444641799881585 
6 0.6076294277929155 0.09650680876258141 0.009809264305177113 0.004736530491415038 
6 0.6087193460490463 0.10213143872113677 0.010899182561307902 0.0053285968028419185 
6 0.6079019073569483 0.1068679692125518 0.010354223433242507 0.0053285968028419185 
6 0.6092643051771117 0.1127886323268206 0.013079019073569483 0.006512729425695678 
6 0.6098092643051771 0.11870929544108941 0.013079019073569483 0.0053285968028419185 
6 0.6095367847411444 0.12492599171107165 0.013623978201634877 0.005920663114268798 
6 0.6100817438692098 0.13143872113676733 0.013623978201634877 0.005920663114268798 
6 0.6089918256130791 0.13706335109532267 0.012534059945504087 0.0053285968028419185 
6 0.6106267029972752 0.1438721136767318 0.014713896457765668 0.005920663114268798 
6 0.5253405994550409 0.1915334517465956 0.014168937329700272 0.0053285968028419185 
6 0.52425068119891 0.20455891059798698 0.014168937329700272 0.0053285968028419185 
6 0.591825613079019 0.11042036708111308 0.011989100817438692 0.0053285968028419185 
6 0.5460490463215258 0.2767910005920663 0.019618528610354225 0.0076968620485494375 
6 0.4594005449591281 0.10894020130254589 0.010899182561307902 0.004736530491415038 
6 0.4591280653950954 0.1246299585553582 0.011444141689373298 0.0053285968028419185 
6 0.45858310626702997 0.130550621669627 0.012534059945504087 0.0053285968028419185 
6 0.45858310626702997 0.13617525162818236 0.011444141689373298 0.005920663114268798 
6 0.45858310626702997 0.14653641207815277 0.013623978201634877 0.006512729425695678 
6 0.4588555858310627 0.15186500888099466 0.010899182561307902 0.0041444641799881585 
6 0.4588555858310627 0.15837773830669036 0.011989100817438692 0.0053285968028419185 
6 0.4588555858310627 0.17021906453522795 0.011989100817438692 0.0053285968028419185 
6 0.4588555858310627 0.17613972764949673 0.011989100817438692 0.006512729425695678 
6 0.4566757493188011 0.18265245707519243 0.014168937329700272 0.006512729425695678 
6 0.45831062670299727 0.1891651865008881 0.013079019073569483 0.006512729425695678 
6 0.45694822888283376 0.1959739490822972 0.01580381471389646 0.007104795737122558 
6 0.45803814713896457 0.2098875074008289 0.014713896457765668 0.0076968620485494375 
6 0.4564032697547684 0.2172883362936649 0.01580381471389646 0.007104795737122558 
6 0.45122615803814714 0.22587329780935464 0.025068119891008173 0.010065127294256957 
6 0.45177111716621254 0.23771462403789223 0.026158038147138966 0.010065127294256957 
6 0.47493188010899184 0.11160449970396684 0.009264305177111716 0.0053285968028419185 
6 0.47438692098092644 0.11604499703966845 0.009264305177111716 0.005920663114268798 
6 0.4760217983651226 0.12107756068679693 0.011444141689373298 0.0053285968028419185 
6 0.4771117166212534 0.1267021906453523 0.012534059945504087 0.005920663114268798 
6 0.476566757493188 0.13262285375962107 0.011444141689373298 0.005920663114268798 
6 0.4771117166212534 0.14446417998815866 0.012534059945504087 0.005920663114268798 
6 0.4757493188010899 0.1497927767910006 0.011989100817438692 0.005920663114268798 
6 0.4771117166212534 0.167554766133807 0.013623978201634877 0.007104795737122558 
6 0.4768392370572207 0.17406749555950266 0.015258855585831062 0.005920663114268798 
6 0.4776566757493188 0.1808762581409118 0.013623978201634877 0.006512729425695678 
6 0.4773841961852861 0.18679692125518058 0.013079019073569483 0.006512729425695678 
6 0.4776566757493188 0.1936056838365897 0.013623978201634877 0.007104795737122558 
6 0.4779291553133515 0.19982238010657194 0.013079019073569483 0.0053285968028419185 
6 0.5193460490463215 0.2761989342806394 0.021798365122615803 0.008880994671403197 
6 0.5455040871934604 0.2522202486678508 0.01634877384196185 0.007104795737122558 
6 0.5253405994550409 0.21107164002368264 0.011989100817438692 0.0053285968028419185 
6 0.5223433242506812 0.25606867969212554 0.01580381471389646 0.0076968620485494375 
6 0.52425068119891 0.2172883362936649 0.015258855585831062 0.005920663114268798 
6 0.5258855585831063 0.22291296625222023 0.011989100817438692 0.0053285968028419185 
6 0.5411444141689373 0.09502664298401421 0.008719346049046322 0.0041444641799881585 
6 0.54141689373297 0.09857904085257549 0.009264305177111716 0.0041444641799881585 
6 0.54141689373297 0.10301953818827708 0.010354223433242507 0.004736530491415038 
6 0.5427792915531335 0.10805210183540556 0.013079019073569483 0.006512729425695678 
6 0.54141689373297 0.11367673179396093 0.009264305177111716 0.004736530491415038 
6 0.5416893732970027 0.12048549437537004 0.009809264305177113 0.0053285968028419185 
6 0.5433242506811989 0.12551805802249852 0.011989100817438692 0.004736530491415038 
6 0.5435967302452316 0.13173475429248077 0.011444141689373298 0.0053285968028419185 
6 0.5425068119891008 0.13676731793960922 0.011444141689373298 0.004736530491415038 
6 0.5427792915531335 0.14298401420959148 0.011989100817438692 0.0053285968028419185 
6 0.5435967302452316 0.14949674363528714 0.013623978201634877 0.006512729425695678 
6 0.5427792915531335 0.1551213735938425 0.011989100817438692 0.005920663114268798 
6 0.5433242506811989 0.16074600355239788 0.013079019073569483 0.0053285968028419185 
6 0.5430517711171662 0.16637063351095321 0.011444141689373298 0.005920663114268798 
6 0.5446866485013624 0.17317939609236235 0.013623978201634877 0.006512729425695678 
6 0.5425068119891008 0.17998815867377146 0.011444141689373298 0.007104795737122558 
6 0.5433242506811989 0.18590882178804027 0.013079019073569483 0.005920663114268798 
6 0.5427792915531335 0.19242155121373594 0.010899182561307902 0.005920663114268798 
6 0.5419618528610354 0.1980461811722913 0.011444141689373298 0.0053285968028419185 
6 0.5419618528610354 0.20485494375370042 0.012534059945504087 0.005920663114268798 
6 0.5438692098092643 0.2113676731793961 0.015258855585831062 0.005920663114268798 
6 0.5438692098092643 0.2181764357608052 0.015258855585831062 0.006512729425695678 
6 0.5430517711171662 0.224097098875074 0.012534059945504087 0.0053285968028419185 
6 0.5237057220708446 0.2353463587921847 0.015258855585831062 0.006512729425695678 
6 0.5231607629427792 0.2418590882178804 0.014168937329700272 0.006512729425695678 
6 0.5425068119891008 0.23830669034931912 0.014713896457765668 0.0076968620485494375 
6 0.5245231607629428 0.24866785079928952 0.013623978201634877 0.007104795737122558 
6 0.5923705722070844 0.11486086441681469 0.009809264305177113 0.004736530491415038 
6 0.5923705722070844 0.10213143872113677 0.009809264305177113 0.0053285968028419185 
9 0.6667574931880109 0.021314387211367674 0.01580381471389646 0.016577856719952634 
6 0.717983651226158 0.14742451154529307 0.012534059945504087 0.004736530491415038 
6 0.7193460490463215 0.15926583777383066 0.013079019073569483 0.005920663114268798 
6 0.7204359673024523 0.1705150976909414 0.009809264305177113 0.004736530491415038 
6 0.7201634877384196 0.1817643576080521 0.012534059945504087 0.004736530491415038 
6 0.7188010899182561 0.19242155121373594 0.014168937329700272 0.005920663114268798 
6 0.7204359673024523 0.20426287744227353 0.010899182561307902 0.004736530491415038 
6 0.7201634877384196 0.2098875074008289 0.011444141689373298 0.0053285968028419185 
6 0.7198910081743869 0.22084073416222616 0.011989100817438692 0.005920663114268798 
6 0.7201634877384196 0.22676139727649497 0.011444141689373298 0.004736530491415038 
6 0.720708446866485 0.23268206039076378 0.010354223433242507 0.005920663114268798 
6 0.7215258855585831 0.23771462403789223 0.009809264305177113 0.0053285968028419185 
6 0.7204359673024523 0.24363528715216104 0.011989100817438692 0.0053285968028419185 
6 0.720708446866485 0.24955595026642985 0.011444141689373298 0.0053285968028419185 
6 0.720708446866485 0.2551805802249852 0.011444141689373298 0.004736530491415038 
6 0.7185286103542234 0.2605091770278271 0.011444141689373298 0.004736530491415038 
6 0.7193460490463215 0.27205447010065126 0.014168937329700272 0.0076968620485494375 
6 0.71716621253406 0.283303730017762 0.018528610354223433 0.0076968620485494375 
6 0.7367847411444142 0.09769094138543517 0.010899182561307902 0.004736530491415038 
6 0.7376021798365122 0.10361160449970397 0.011444141689373298 0.005920663114268798 
6 0.7370572207084468 0.10894020130254589 0.010354223433242507 0.005920663114268798 
6 0.7376021798365122 0.11456483126110124 0.011444141689373298 0.0053285968028419185 
6 0.7397820163487738 0.12048549437537004 0.01580381471389646 0.0053285968028419185 
6 0.7381471389645776 0.1261101243339254 0.012534059945504087 0.004736530491415038 
6 0.737874659400545 0.13262285375962107 0.013079019073569483 0.005920663114268798 
6 0.7373297002724796 0.13883955002960333 0.010899182561307902 0.0053285968028419185 
6 0.7370572207084468 0.1438721136767318 0.010354223433242507 0.004736530491415038 
6 0.7400544959128066 0.1497927767910006 0.015258855585831062 0.005920663114268798 
6 0.7389645776566758 0.1557134399052694 0.010899182561307902 0.004736530491415038 
6 0.738692098092643 0.16163410301953818 0.013623978201634877 0.005920663114268798 
6 0.737874659400545 0.17317939609236235 0.011989100817438692 0.0053285968028419185 
6 0.7196185286103542 0.15304914150384843 0.012534059945504087 0.0053285968028419185 
6 0.7209809264305177 0.1423919478981646 0.009809264305177113 0.0041444641799881585 
6 0.737874659400545 0.18442865600947306 0.013079019073569483 0.006512729425695678 
6 0.7190735694822888 0.1364712847838958 0.013623978201634877 0.0053285968028419185 
6 0.8079019073569482 0.10746003552397869 0.012534059945504087 0.0053285968028419185 
6 0.8065395095367848 0.1261101243339254 0.010899182561307902 0.007104795737122558 
6 0.8092643051771117 0.13262285375962107 0.014168937329700272 0.005920663114268798 
6 0.8070844686648502 0.14564831261101244 0.013079019073569483 0.005920663114268798 
6 0.808991825613079 0.1521610420367081 0.013623978201634877 0.005920663114268798 
6 0.808174386920981 0.16459443457667258 0.013079019073569483 0.005920663114268798 
6 0.8084468664850136 0.17081113084665484 0.012534059945504087 0.0053285968028419185 
6 0.808174386920981 0.17702782711663706 0.013079019073569483 0.005920663114268798 
6 0.8079019073569482 0.18354055654233273 0.011444141689373298 0.005920663114268798 
6 0.8073569482288828 0.1956779159265838 0.011444141689373298 0.006512729425695678 
6 0.8108991825613079 0.20840734162226168 0.017438692098092644 0.005920663114268798 
6 0.808174386920981 0.21462403789224394 0.013079019073569483 0.0053285968028419185 
6 0.8084468664850136 0.2211367673179396 0.012534059945504087 0.006512729425695678 
6 0.808174386920981 0.2276494967436353 0.013079019073569483 0.006512729425695678 
6 0.8084468664850136 0.23386619301361752 0.012534059945504087 0.005920663114268798 
6 0.8092643051771117 0.24008288928359978 0.014168937329700272 0.006512729425695678 
6 0.8100817438692098 0.2534043812907046 0.016893732970027248 0.005920663114268798 
6 0.8079019073569482 0.2602131438721137 0.013623978201634877 0.006512729425695678 
6 0.8079019073569482 0.2664298401420959 0.013623978201634877 0.005920663114268798 
6 0.8092643051771117 0.2738306690349319 0.017438692098092644 0.006512729425695678 
6 0.7863760217983651 0.28093546477205444 0.017438692098092644 0.0076968620485494375 
6 0.811716621253406 0.2812314979277679 0.020163487738419618 0.007104795737122558 
6 0.7217983651226159 0.09709887507400829 0.009264305177111716 0.004736530491415038 
6 0.7204359673024523 0.10272350503256365 0.010899182561307902 0.0053285968028419185 
6 0.7201634877384196 0.108348134991119 0.012534059945504087 0.005920663114268798 
6 0.720708446866485 0.11397276494967436 0.010354223433242507 0.0053285968028419185 
6 0.7201634877384196 0.11900532859680284 0.011444141689373298 0.004736530491415038 
6 0.7204359673024523 0.12551805802249852 0.013079019073569483 0.005920663114268798 
6 0.7215258855585831 0.13114268798105388 0.008719346049046322 0.0041444641799881585 
6 0.7376021798365122 0.17850799289520428 0.010354223433242507 0.0053285968028419185 
6 0.7389645776566758 0.19005328596802842 0.013079019073569483 0.005920663114268798 
6 0.6779291553133515 0.28152753108348133 0.017438692098092644 0.0076968620485494375 
6 0.6577656675749319 0.22439313203078745 0.011989100817438692 0.004736530491415038 
6 0.6569482288828338 0.24126702190645352 0.013623978201634877 0.0053285968028419185 
6 0.6566757493188011 0.2468916518650089 0.014168937329700272 0.005920663114268798 
6 0.6569482288828338 0.25725281231497926 0.011444141689373298 0.0053285968028419185 
6 0.6572207084468665 0.2625814091178212 0.011989100817438692 0.0053285968028419185 
6 0.6572207084468665 0.2693901716992303 0.013079019073569483 0.005920663114268798 
6 0.6746594005449591 0.09769094138543517 0.010899182561307902 0.005920663114268798 
6 0.6757493188010899 0.10390763765541741 0.011989100817438692 0.0053285968028419185 
6 0.6754768392370573 0.10982830076968621 0.011444141689373298 0.0053285968028419185 
6 0.6752043596730245 0.11604499703966845 0.011989100817438692 0.005920663114268798 
6 0.6749318801089919 0.12226169330965068 0.011444141689373298 0.0053285968028419185 
6 0.6754768392370573 0.12788632326820604 0.011444141689373298 0.004736530491415038 
6 0.6765667574931881 0.1341030195381883 0.014713896457765668 0.006512729425695678 
6 0.6746594005449591 0.14653641207815277 0.010899182561307902 0.0053285968028419185 
6 0.6749318801089919 0.15186500888099466 0.011444141689373298 0.0053285968028419185 
6 0.6752043596730245 0.15837773830669036 0.011989100817438692 0.0053285968028419185 
6 0.6743869209809265 0.16429840142095914 0.011444141689373298 0.0053285968028419185 
6 0.6749318801089919 0.1705150976909414 0.012534059945504087 0.005920663114268798 
6 0.6749318801089919 0.17643576080521017 0.011444141689373298 0.005920663114268798 
6 0.6743869209809265 0.1832445233866193 0.010354223433242507 0.0053285968028419185 
6 0.6743869209809265 0.1885731201894612 0.011444141689373298 0.0053285968028419185 
6 0.6749318801089919 0.20100651272942568 0.011444141689373298 0.0053285968028419185 
6 0.6746594005449591 0.22054470100651272 0.013079019073569483 0.006512729425695678 
6 0.6754768392370573 0.2270574304322084 0.012534059945504087 0.006512729425695678 
6 0.6741144414168937 0.23416222616933097 0.010899182561307902 0.006512729425695678 
6 0.6752043596730245 0.24067495559502664 0.013079019073569483 0.006512729425695678 
6 0.6752043596730245 0.24748371817643577 0.011989100817438692 0.005920663114268798 
6 0.6760217983651227 0.2539964476021314 0.013623978201634877 0.007104795737122558 
6 0.6760217983651227 0.2613972764949674 0.013623978201634877 0.006512729425695678 
6 0.6749318801089919 0.2682060390763766 0.012534059945504087 0.005920663114268798 
6 0.6569482288828338 0.23564239194789816 0.012534059945504087 0.004736530491415038 
6 0.6574931880108992 0.21847246891651864 0.011444141689373298 0.005920663114268798 
6 0.7392370572207084 0.1959739490822972 0.013623978201634877 0.005920663114268798 
6 0.6583106267029972 0.21255180580224986 0.010899182561307902 0.004736530491415038 
6 0.7392370572207084 0.20219064535227946 0.013623978201634877 0.006512729425695678 
6 0.7365122615803815 0.21403197158081705 0.010354223433242507 0.0041444641799881585 
6 0.7395095367847412 0.21995263469508586 0.01634877384196185 0.006512729425695678 
6 0.7370572207084468 0.2255772646536412 0.010354223433242507 0.004736530491415038 
6 0.7370572207084468 0.23060982830076968 0.012534059945504087 0.0053285968028419185 
6 0.7376021798365122 0.23653049141503849 0.011444141689373298 0.006512729425695678 
6 0.7392370572207084 0.2424511545293073 0.013623978201634877 0.0053285968028419185 
6 0.738692098092643 0.24866785079928952 0.014713896457765668 0.005920663114268798 
6 0.7370572207084468 0.25488454706927177 0.012534059945504087 0.006512729425695678 
6 0.737874659400545 0.2682060390763766 0.013079019073569483 0.007104795737122558 
6 0.7373297002724796 0.2756068679692126 0.010899182561307902 0.0053285968028419185 
6 0.7408719346049046 0.2830076968620486 0.017983651226158037 0.008288928359976317 
6 0.6588555858310626 0.09621077560686797 0.009809264305177113 0.0053285968028419185 
6 0.6577656675749319 0.1053878034339846 0.010899182561307902 0.004736530491415038 
6 0.6580381471389646 0.11071640023682652 0.010354223433242507 0.004736530491415038 
6 0.6580381471389646 0.1201894612196566 0.011444141689373298 0.005920663114268798 
6 0.6588555858310626 0.130550621669627 0.009809264305177113 0.0053285968028419185 
6 0.6580381471389646 0.13587921847246892 0.012534059945504087 0.006512729425695678 
6 0.6577656675749319 0.14120781527531084 0.011989100817438692 0.0041444641799881585 
6 0.6752043596730245 0.14031971580817051 0.010899182561307902 0.004736530491415038 
6 0.6583106267029972 0.14594434576672588 0.009809264305177113 0.0053285968028419185 
6 0.65858310626703 0.15630550621669628 0.009264305177111716 0.004736530491415038 
6 0.6588555858310626 0.16104203670811132 0.008719346049046322 0.003552397868561279 
6 0.65858310626703 0.1660746003552398 0.010354223433242507 0.0053285968028419185 
6 0.6583106267029972 0.17110716400236828 0.009809264305177113 0.004736530491415038 
6 0.6577656675749319 0.17613972764949673 0.011989100817438692 0.0053285968028419185 
6 0.6580381471389646 0.18146832445233865 0.011444141689373298 0.0053285968028419185 
6 0.6591280653950954 0.20219064535227946 0.009264305177111716 0.006512729425695678 
6 0.6577656675749319 0.20751924215512138 0.010899182561307902 0.0053285968028419185 
6 0.4771117166212534 0.2069271758436945 0.013623978201634877 0.006512729425695678 
6 0.4779291553133515 0.22084073416222616 0.014168937329700272 0.005920663114268798 
6 0.479291553133515 0.22942569567791593 0.017983651226158037 0.0076968620485494375 
6 0.34986376021798365 0.14653641207815277 0.005449591280653951 0.014801657785671996 
6 0.3700272479564033 0.12522202486678508 0.005449591280653951 0.013617525162818236 
6 0.3640326975476839 0.12551805802249852 0.005449591280653951 0.011841326228537596 
6 0.3583106267029973 0.12729425695677915 0.004904632152588556 0.010657193605683837 
6 0.3534059945504087 0.1269982238010657 0.004904632152588556 0.010065127294256957 
6 0.34386920980926433 0.1267021906453523 0.004359673024523161 0.009473060982830076 
6 0.33923705722070846 0.1269982238010657 0.004904632152588556 0.010065127294256957 
6 0.329700272479564 0.12729425695677915 0.005449591280653951 0.011841326228537596 
6 0.3250681198910082 0.1267021906453523 0.004904632152588556 0.013025458851391355 
6 0.30626702997275207 0.12788632326820604 0.004359673024523161 0.010657193605683837 
6 0.3013623978201635 0.12847838957963292 0.004359673024523161 0.009473060982830076 
6 0.2970027247956403 0.12788632326820604 0.004359673024523161 0.010657193605683837 
6 0.26893732970027245 0.12847838957963292 0.004904632152588556 0.010657193605683837 
6 0.2547683923705722 0.12847838957963292 0.004904632152588556 0.009473060982830076 
6 0.24877384196185287 0.12788632326820604 0.004904632152588556 0.011841326228537596 
6 0.3779291553133515 0.14416814683244522 0.004904632152588556 0.011249259917110717 
6 0.37220708446866485 0.1438721136767318 0.005449591280653951 0.011841326228537596 
6 0.3667574931880109 0.14298401420959148 0.005449591280653951 0.013617525162818236 
6 0.36158038147138966 0.14416814683244522 0.004904632152588556 0.011249259917110717 
6 0.3561307901907357 0.145352279455299 0.004904632152588556 0.014801657785671996 
6 0.3446866485013624 0.14416814683244522 0.0038147138964577656 0.011249259917110717 
6 0.33923705722070846 0.14505624629958555 0.004904632152588556 0.011841326228537596 
6 0.32861035422343327 0.1447602131438721 0.005449591280653951 0.012433392539964476 
6 0.3228882833787466 0.1447602131438721 0.004904632152588556 0.012433392539964476 
6 0.3114441416893733 0.14564831261101244 0.004904632152588556 0.013025458851391355 
6 0.30626702997275207 0.14564831261101244 0.004359673024523161 0.011841326228537596 
6 0.3005449591280654 0.14446417998815866 0.004904632152588556 0.010657193605683837 
6 0.2893732970027248 0.14683244523386618 0.005449591280653951 0.014209591474245116 
6 0.279291553133515 0.14653641207815277 0.005994550408719346 0.012433392539964476 
6 0.2730245231607629 0.14653641207815277 0.005449591280653951 0.012433392539964476 
6 0.3749318801089918 0.12640615748963885 0.005449591280653951 0.011249259917110717 
6 0.3779291553133515 0.1950858496151569 0.005994550408719346 0.015985790408525755 
6 0.262125340599455 0.14653641207815277 0.005449591280653951 0.012433392539964476 
6 0.3337874659400545 0.2172883362936649 0.005994550408719346 0.015393724097098875 
6 0.31498637602179835 0.19863824748371817 0.004359673024523161 0.011249259917110717 
6 0.32125340599455043 0.19538188277087035 0.009264305177111716 0.017761989342806393 
6 0.3125340599455041 0.21699230313795145 0.005994550408719346 0.013617525162818236 
6 0.3346049046321526 0.19715808170515098 0.005449591280653951 0.014209591474245116 
6 0.3411444141689373 0.1959739490822972 0.006539509536784741 0.016577856719952634 
6 0.32588555858310625 0.21876850207223208 0.006539509536784741 0.018354055654233273 
6 0.34005449591280656 0.21906453522794553 0.006539509536784741 0.015393724097098875 
6 0.34822888283378745 0.21699230313795145 0.005449591280653951 0.013617525162818236 
6 0.3536784741144414 0.21758436944937834 0.005449591280653951 0.014801657785671996 
6 0.36076294277929155 0.2181764357608052 0.005449591280653951 0.015985790408525755 
6 0.36648501362397823 0.21788040260509178 0.005994550408719346 0.016577856719952634 
6 0.37247956403269755 0.21758436944937834 0.005994550408719346 0.014801657785671996 
6 0.3790190735694823 0.21758436944937834 0.007084468664850136 0.017169923031379514 
6 0.3474114441416894 0.19686204854943753 0.005994550408719346 0.014801657785671996 
6 0.3534059945504087 0.19626998223801065 0.005994550408719346 0.013617525162818236 
6 0.3653950953678474 0.19626998223801065 0.005994550408719346 0.015985790408525755 
6 0.2130790190735695 0.14624037892243932 0.005449591280653951 0.010657193605683837 
6 0.17493188010899183 0.14890467732386028 0.005449591280653951 0.013617525162818236 
6 0.2242506811989101 0.21906453522794553 0.005994550408719346 0.015393724097098875 
6 0.21716621253405993 0.21936056838365897 0.005994550408719346 0.014801657785671996 
6 0.25149863760217983 0.21699230313795145 0.005994550408719346 0.013617525162818236 
6 0.26021798365122617 0.1965660153937241 0.005994550408719346 0.017761989342806393 
6 0.24795640326975477 0.19775014801657786 0.006539509536784741 0.015393724097098875 
6 0.244141689373297 0.21876850207223208 0.006539509536784741 0.014801657785671996 
6 0.27138964577656677 0.2181764357608052 0.006539509536784741 0.013617525162818236 
6 0.2662125340599455 0.19686204854943753 0.005994550408719346 0.017169923031379514 
6 0.2787465940054496 0.1950858496151569 0.005994550408719346 0.018354055654233273 
6 0.285558583106267 0.21847246891651864 0.006539509536784741 0.016577856719952634 
6 0.3065395095367847 0.21788040260509178 0.005994550408719346 0.015393724097098875 
6 0.2673024523160763 0.14594434576672588 0.004904632152588556 0.011249259917110717 
6 0.25149863760217983 0.14801657785671996 0.005994550408719346 0.015393724097098875 
6 0.48010899182561306 0.23860272350503256 0.019618528610354225 0.008288928359976317 
6 0.2542234332425068 0.09177027827116636 0.005994550408719346 0.011841326228537596 
6 0.22915531335149864 0.09236234458259325 0.0038147138964577656 0.009473060982830076 
6 0.2242506811989101 0.0926583777383067 0.004904632152588556 0.011249259917110717 
6 0.21498637602179838 0.09147424511545293 0.004904632152588556 0.011249259917110717 
6 0.2098092643051771 0.09088217880402605 0.004359673024523161 0.008880994671403197 
6 0.1874659400544959 0.09147424511545293 0.004359673024523161 0.010065127294256957 
6 0.19182561307901907 0.0905861456483126 0.004359673024523161 0.010657193605683837 
6 0.19645776566757492 0.09147424511545293 0.004904632152588556 0.011249259917110717 
6 0.17247956403269754 0.09236234458259325 0.004904632152588556 0.009473060982830076 
6 0.1673024523160763 0.09236234458259325 0.006539509536784741 0.014209591474245116 
6 0.16021798365122616 0.09206631142687981 0.005449591280653951 0.012433392539964476 
12 0.8760217983651226 0.17643576080521017 0.03651226158038147 0.15630550621669628 
12 0.7980926430517711 0.18738898756660746 0.03433242506811989 0.1959739490822972 
12 0.728882833787466 0.18709295441089402 0.03106267029972752 0.20130254588513913 
12 0.6664850136239782 0.18650088809946713 0.0326975476839237 0.2024866785079929 
12 0.6019073569482288 0.18738898756660746 0.03433242506811989 0.20071047957371227 
12 0.5326975476839237 0.1876850207223209 0.03760217983651226 0.19182948490230906 
12 0.4670299727520436 0.1669626998223801 0.037057220708446865 0.1551213735938425 
12 0.7899182561307901 0.8114268798105387 0.09863760217983651 0.33806986382474835 
12 0.6732970027247956 0.8217880402605092 0.07029972752043596 0.30787448194197753 
12 0.544141689373297 0.8170515097690941 0.011444141689373298 0.29484902309058614 
12 0.46920980926430517 0.7978093546477205 0.010899182561307902 0.2551805802249852 
12 0.3997275204359673 0.7830076968620485 0.011444141689373298 0.22202486678507993 
12 0.329700272479564 0.7658377738306691 0.010899182561307902 0.1876850207223209 
12 0.26021798365122617 0.7513321492007105 0.009264305177111716 0.15630550621669628 
12 0.20517711171662126 0.7406749555950266 0.007084468664850136 0.13143872113676733 
12 0.27193460490463217 0.37862640615748966 0.22561307901907357 0.05032563647128478 
12 0.26948228882833786 0.2797513321492007 0.22724795640326975 0.04322084073416223 
12 0.2664850136239782 0.20870337477797513 0.2321525885558583 0.04085257548845471 
12 0.2651226158038147 0.13824748371817644 0.23051771117166212 0.036116044997039666 
6 0.24904632152588557 0.09295441089402014 0.005449591280653951 0.013025458851391355 
6 0.276566757493188 0.09354647720544701 0.005994550408719346 0.013025458851391355 
6 0.24577656675749318 0.14594434576672588 0.005449591280653951 0.011249259917110717 
6 0.28228882833787466 0.09384251036116045 0.005449591280653951 0.013617525162818236 
6 0.24032697547683923 0.14683244523386618 0.005449591280653951 0.011841326228537596 
6 0.235149863760218 0.14683244523386618 0.004904632152588556 0.011841326228537596 
6 0.22970027247956404 0.14742451154529307 0.005994550408719346 0.014209591474245116 
6 0.2242506811989101 0.14801657785671996 0.004904632152588556 0.013025458851391355 
6 0.21880108991825614 0.1477205447010065 0.004904632152588556 0.012433392539964476 
6 0.20762942779291554 0.1477205447010065 0.005449591280653951 0.013617525162818236 
6 0.2019073569482289 0.14653641207815277 0.004904632152588556 0.011249259917110717 
6 0.19645776566757492 0.14712847838957963 0.004904632152588556 0.011249259917110717 
6 0.19100817438692097 0.14742451154529307 0.004904632152588556 0.013025458851391355 
6 0.18555858310626702 0.1477205447010065 0.004904632152588556 0.012433392539964476 
6 0.18010899182561307 0.14801657785671996 0.004904632152588556 0.011841326228537596 
6 0.16321525885558583 0.1477205447010065 0.005994550408719346 0.012433392539964476 
6 0.31525885558583105 0.12788632326820604 0.004904632152588556 0.010657193605683837 
6 0.29237057220708446 0.12818235642391948 0.004904632152588556 0.011249259917110717 
6 0.28719346049046324 0.12818235642391948 0.005449591280653951 0.011249259917110717 
6 0.28256130790190737 0.1269982238010657 0.004904632152588556 0.011249259917110717 
6 0.2779291553133515 0.12788632326820604 0.005449591280653951 0.010657193605683837 
6 0.26403269754768394 0.12847838957963292 0.004904632152588556 0.010657193605683837 
6 0.24005449591280653 0.1290704558910598 0.004904632152588556 0.010657193605683837 
6 0.22615803814713897 0.1290704558910598 0.004359673024523161 0.009473060982830076 
6 0.20735694822888284 0.12877442273534637 0.004904632152588556 0.012433392539964476 
6 0.20299727520435967 0.13025458851391356 0.0038147138964577656 0.009473060982830076 
6 0.1986376021798365 0.12847838957963292 0.0038147138964577656 0.013025458851391355 
6 0.19346049046321526 0.1299585553582001 0.004359673024523161 0.010065127294256957 
6 0.1885558583106267 0.12877442273534637 0.004359673024523161 0.012433392539964476 
6 0.17002724795640328 0.1299585553582001 0.005449591280653951 0.011249259917110717 
6 0.16376021798365123 0.1290704558910598 0.004904632152588556 0.013025458851391355 
6 0.30354223433242505 0.0941385435168739 0.005449591280653951 0.014209591474245116 
6 0.2880108991825613 0.09384251036116045 0.005994550408719346 0.014801657785671996 
6 0.30980926430517713 0.19834221432800472 0.005994550408719346 0.013025458851391355 
6 0.30354223433242505 0.19745411486086442 0.005449591280653951 0.013617525162818236 
6 0.29754768392370573 0.19775014801657786 0.006539509536784741 0.014209591474245116 
6 0.2329700272479564 0.3650088809946714 0.008174386920980926 0.021906453522794554 
6 0.26049046321525887 0.36441681468324455 0.007629427792915531 0.023090586145648313 
6 0.26893732970027245 0.3641207815275311 0.008174386920980926 0.023682652457075192 
6 0.2787465940054496 0.36471284783895797 0.008174386920980926 0.022498519834221433 
6 0.28719346049046324 0.3629366489046773 0.007629427792915531 0.023682652457075192 
6 0.29727520435967303 0.3626406157489639 0.009264305177111716 0.02427471876850207 
6 0.30572207084468667 0.36441681468324455 0.007629427792915531 0.021906453522794554 
6 0.31471389645776565 0.3641207815275311 0.009264305177111716 0.022498519834221433 
6 0.3231607629427793 0.3623445825932504 0.008719346049046322 0.023682652457075192 
6 0.3329700272479564 0.36471284783895797 0.007629427792915531 0.020130254588513915 
6 0.3419618528610354 0.3635287152161042 0.007084468664850136 0.022498519834221433 
6 0.35149863760217986 0.3632326820603908 0.007629427792915531 0.020722320899940794 
6 0.36021798365122615 0.3641207815275311 0.007629427792915531 0.020130254588513915 
6 0.3689373297002725 0.3635287152161042 0.007629427792915531 0.021314387211367674 
6 0.3784741144414169 0.362048549437537 0.008174386920980926 0.023090586145648313 
6 0.16076294277929154 0.3321492007104796 0.007629427792915531 0.004736530491415038 
6 0.15940054495912806 0.3241563055062167 0.008174386920980926 0.0053285968028419185 
6 0.16893732970027248 0.29277679100059206 0.006539509536784741 0.017169923031379514 
6 0.1762942779291553 0.29307282415630553 0.007084468664850136 0.015393724097098875 
6 0.18392370572207084 0.2921847246891652 0.007084468664850136 0.017169923031379514 
6 0.19100817438692097 0.295441089402013 0.007084468664850136 0.018946121965660152 
6 0.1997275204359673 0.29425695677915925 0.007084468664850136 0.020130254588513915 
6 0.20599455040871933 0.29307282415630553 0.006539509536784741 0.018946121965660152 
6 0.21416893732970027 0.2921847246891652 0.006539509536784741 0.017169923031379514 
6 0.2212534059945504 0.2921847246891652 0.006539509536784741 0.017169923031379514 
6 0.22942779291553134 0.29248075784487865 0.007629427792915531 0.018946121965660152 
6 0.23651226158038147 0.29248075784487865 0.006539509536784741 0.017761989342806393 
6 0.2444141689373297 0.2921847246891652 0.005994550408719346 0.020722320899940794 
6 0.25149863760217983 0.2912966252220249 0.007084468664850136 0.016577856719952634 
6 0.25940054495912807 0.29307282415630553 0.006539509536784741 0.021314387211367674 
6 0.24250681198910082 0.36619301361752515 0.007629427792915531 0.020722320899940794 
6 0.2242506811989101 0.36441681468324455 0.007084468664850136 0.02427471876850207 
6 0.2904632152588556 0.19715808170515098 0.005449591280653951 0.014209591474245116 
6 0.21498637602179838 0.3635287152161042 0.008174386920980926 0.02486678507992895 
6 0.4760217983651226 0.10597986974541149 0.011444141689373298 0.004736530491415038 
6 0.47438692098092644 0.09236234458259325 0.009264305177111716 0.004736530491415038 
6 0.47493188010899184 0.08732978093546477 0.009264305177111716 0.0041444641799881585 
6 0.45858310626702997 0.08614564831261101 0.010354223433242507 0.0053285968028419185 
6 0.3782016348773842 0.39402013025458854 0.009809264305177113 0.02664298401420959 
6 0.3681198910081744 0.3969804618117229 0.011444141689373298 0.03137951450562463 
6 0.3564032697547684 0.39490822972172884 0.009809264305177113 0.027235050325636473 
6 0.3446866485013624 0.39372409709887507 0.007084468664850136 0.023682652457075192 
6 0.3250681198910082 0.3931320307874482 0.008174386920980926 0.023682652457075192 
6 0.31498637602179835 0.39461219656601537 0.009809264305177113 0.027827116637063352 
6 0.30599455040871937 0.39461219656601537 0.009264305177111716 0.02545885139135583 
6 0.29509536784741147 0.39461219656601537 0.010354223433242507 0.02545885139135583 
6 0.2768392370572207 0.39490822972172884 0.009809264305177113 0.02605091770278271 
6 0.2678474114441417 0.3960923623445826 0.009264305177111716 0.028419182948490232 
6 0.24904632152588557 0.3960923623445826 0.009809264305177113 0.02486678507992895 
6 0.23814713896457765 0.39668442865600945 0.008719346049046322 0.027235050325636473 
6 0.22942779291553134 0.39520426287744226 0.008719346049046322 0.023090586145648313 
6 0.21880108991825614 0.3960923623445826 0.007084468664850136 0.023682652457075192 
6 0.2098092643051771 0.39638839550029603 0.009809264305177113 0.02545885139135583 
6 0.19782016348773843 0.3981645944345767 0.010899182561307902 0.03019538188277087 
6 0.1888283378746594 0.39579632918886914 0.008174386920980926 0.02427471876850207 
6 0.17956403269754767 0.3925399644760213 0.007084468664850136 0.017761989342806393 
6 0.17138964577656676 0.3975725281231498 0.009264305177111716 0.02427471876850207 
6 0.16239782016348775 0.39342806394316165 0.005449591280653951 0.012433392539964476 
6 0.17193460490463217 0.36678507992895204 0.008174386920980926 0.021906453522794554 
6 0.18038147138964578 0.3664890467732386 0.007629427792915531 0.021314387211367674 
6 0.1893732970027248 0.36619301361752515 0.008174386920980926 0.021906453522794554 
6 0.19700272479564032 0.36767317939609234 0.007084468664850136 0.018946121965660152 
6 0.20653950953678474 0.36560094730609827 0.007629427792915531 0.021906453522794554 
6 0.2667574931880109 0.290704558910598 0.007084468664850136 0.017761989342806393 
6 0.273841961852861 0.29188869153345176 0.007084468664850136 0.020130254588513915 
6 0.28092643051771116 0.29484902309058614 0.007084468664850136 0.022498519834221433 
6 0.2891008174386921 0.2910005920663114 0.005994550408719346 0.019538188277087035 
6 0.20899182561307902 0.2693901716992303 0.005994550408719346 0.015393724097098875 
6 0.20245231607629427 0.2690941385435169 0.005994550408719346 0.017169923031379514 
6 0.19564032697547684 0.2687981053878034 0.006539509536784741 0.017761989342806393 
6 0.1885558583106267 0.2687981053878034 0.006539509536784741 0.017761989342806393 
6 0.1681198910081744 0.27146240378922437 0.005994550408719346 0.015985790408525755 
6 0.16239782016348775 0.27146240378922437 0.006539509536784741 0.015985790408525755 
6 0.16049046321525887 0.20071047957371227 0.005994550408719346 0.014209591474245116 
6 0.16621253405994552 0.19982238010657194 0.006539509536784741 0.014801657785671996 
6 0.16212534059945505 0.21995263469508586 0.007084468664850136 0.014801657785671996 
6 0.16920980926430518 0.2211367673179396 0.005994550408719346 0.015985790408525755 
6 0.17547683923705723 0.21876850207223208 0.005449591280653951 0.013617525162818236 
6 0.18256130790190736 0.22143280047365305 0.006539509536784741 0.017761989342806393 
6 0.1891008174386921 0.2202486678507993 0.005449591280653951 0.015393724097098875 
6 0.18528610354223432 0.19863824748371817 0.006539509536784741 0.017169923031379514 
6 0.19182561307901907 0.19834221432800472 0.006539509536784741 0.020130254588513915 
6 0.19809264305177113 0.1980461811722913 0.005994550408719346 0.014801657785671996 
6 0.20408719346049045 0.20041444641799883 0.005994550408719346 0.013617525162818236 
6 0.19700272479564032 0.22054470100651272 0.005994550408719346 0.015985790408525755 
6 0.2103542234332425 0.19923031379514505 0.005449591280653951 0.014801657785671996 
6 0.21662125340599456 0.1989342806394316 0.005994550408719346 0.014209591474245116 
6 0.22779291553133516 0.19745411486086442 0.005449591280653951 0.015985790408525755 
6 0.2103542234332425 0.22143280047365305 0.006539509536784741 0.015393724097098875 
6 0.235149863760218 0.19775014801657786 0.007084468664850136 0.017761989342806393 
6 0.24141689373297004 0.19863824748371817 0.006539509536784741 0.014801657785671996 
6 0.23760217983651227 0.2211367673179396 0.006539509536784741 0.017169923031379514 
6 0.2574931880108992 0.21936056838365897 0.005994550408719346 0.015985790408525755 
6 0.2727520435967302 0.1980461811722913 0.005994550408719346 0.014801657785671996 
6 0.2651226158038147 0.21936056838365897 0.005994550408719346 0.015985790408525755 
6 0.2850136239782016 0.19775014801657786 0.005449591280653951 0.014209591474245116 
6 0.21662125340599456 0.27057430432208407 0.005994550408719346 0.014209591474245116 
6 0.22343324250681199 0.26850207223209 0.006539509536784741 0.015985790408525755 
6 0.22942779291553134 0.2687981053878034 0.006539509536784741 0.016577856719952634 
6 0.3645776566757493 0.26524570751924215 0.006539509536784741 0.017761989342806393 
6 0.2959128065395095 0.29248075784487865 0.006539509536784741 0.020130254588513915 
6 0.30435967302452316 0.290704558910598 0.007084468664850136 0.018946121965660152 
6 0.3114441416893733 0.290704558910598 0.008174386920980926 0.017761989342806393 
6 0.3198910081743869 0.29040852575488457 0.006539509536784741 0.015985790408525755 
6 0.32615803814713895 0.2910005920663114 0.005994550408719346 0.018354055654233273 
6 0.3348773841961853 0.29277679100059206 0.005994550408719346 0.018354055654233273 
6 0.34141689373297 0.2912966252220249 0.005994550408719346 0.018946121965660152 
6 0.34931880108991825 0.290704558910598 0.006539509536784741 0.016577856719952634 
6 0.3561307901907357 0.2912966252220249 0.007084468664850136 0.020130254588513915 
6 0.3637602179836512 0.2901124925991711 0.005994550408719346 0.017761989342806393 
6 0.37084468664850134 0.2901124925991711 0.007084468664850136 0.018946121965660152 
6 0.3803814713896458 0.2640615748963884 0.007629427792915531 0.020130254588513915 
6 0.37220708446866485 0.26672587329780933 0.006539509536784741 0.015985790408525755 
6 0.3569482288828338 0.2664298401420959 0.006539509536784741 0.017761989342806393 
6 0.23678474114441417 0.2679100059206631 0.007084468664850136 0.017169923031379514 
6 0.3416893732970027 0.2664298401420959 0.006539509536784741 0.015393724097098875 
6 0.3348773841961853 0.26583777383066903 0.007084468664850136 0.017761989342806393 
6 0.32670299727520435 0.26613380698638245 0.007084468664850136 0.018354055654233273 
6 0.3196185286103542 0.2679100059206631 0.005994550408719346 0.015985790408525755 
6 0.311716621253406 0.2655417406749556 0.006539509536784741 0.019538188277087035 
6 0.30408719346049046 0.26850207223209 0.005449591280653951 0.014801657785671996 
6 0.29754768392370573 0.26583777383066903 0.006539509536784741 0.016577856719952634 
6 0.2841961852861035 0.2687981053878034 0.005994550408719346 0.014209591474245116 
6 0.2771117166212534 0.2670219064535228 0.007084468664850136 0.017761989342806393 
6 0.27002724795640326 0.2670219064535228 0.007084468664850136 0.017761989342806393 
6 0.26294277929155313 0.2670219064535228 0.007084468664850136 0.018946121965660152 
6 0.250408719346049 0.2673179396092362 0.007084468664850136 0.018354055654233273 
6 0.2435967302452316 0.2687981053878034 0.005449591280653951 0.016577856719952634 
6 0.806267029972752 0.10094730609828301 0.009264305177111716 0.0053285968028419185 
6 0.8070844686648502 0.09591474245115453 0.008719346049046322 0.004736530491415038 
6 0.7901907356948229 0.2738306690349319 0.011989100817438692 0.0053285968028419185 
4 0.26403269754768394 0.05091770278271166 0.009264305177111716 0.004736530491415038 
9 0.9021798365122616 0.04262877442273535 0.017983651226158037 0.018946121965660152 
9 0.9019073569482289 0.023386619301361752 0.018528610354223433 0.018354055654233273 
9 0.8719346049046321 0.02930728241563055 0.03814713896457766 0.03493191237418591 
6 0.6724795640326976 0.9416814683244523 0.006539509536784741 0.014801657785671996 
6 0.6776566757493188 0.9402013025458852 0.007084468664850136 0.014209591474245116 
6 0.6831062670299728 0.940793368857312 0.007084468664850136 0.014209591474245116 
6 0.688283378746594 0.9416814683244523 0.007629427792915531 0.015985790408525755 
6 0.6931880108991826 0.9399052693901717 0.006539509536784741 0.013617525162818236 
6 0.6980926430517711 0.9413854351687388 0.005449591280653951 0.015393724097098875 
6 0.702724795640327 0.9396092362344582 0.005994550408719346 0.013025458851391355 
6 0.6561307901907357 0.9342806394316163 0.008719346049046322 0.005920663114268798 
6 0.7689373297002725 0.8359976317347543 0.011989100817438692 0.03078744819419775 
6 0.19264305177111718 0.6770278271166371 0.016893732970027248 0.0076968620485494375 
6 0.19318801089918256 0.6835405565423327 0.01580381471389646 0.0053285968028419185 
6 0.19318801089918256 0.6885731201894613 0.013623978201634877 0.005920663114268798 
6 0.19182561307901907 0.69449378330373 0.01634877384196185 0.007104795737122558 
6 0.19182561307901907 0.7001184132622854 0.015258855585831062 0.006512729425695678 
6 0.19264305177111718 0.7057430432208407 0.014713896457765668 0.005920663114268798 
6 0.19373297002724796 0.7125518058022499 0.012534059945504087 0.0053285968028419185 
6 0.19564032697547684 0.7285375962107756 0.013079019073569483 0.0076968620485494375 
6 0.19400544959128066 0.7347542924807579 0.011989100817438692 0.007104795737122558 
6 0.19564032697547684 0.7436352871521611 0.010899182561307902 0.005920663114268798 
6 0.19591280653950954 0.7483718176435761 0.011444141689373298 0.004736530491415038 
6 0.19482288828337874 0.7534043812907045 0.011444141689373298 0.0053285968028419185 
6 0.19509536784741144 0.7584369449378331 0.011989100817438692 0.004736530491415038 
6 0.19509536784741144 0.7667258732978094 0.011989100817438692 0.005920663114268798 
6 0.19346049046321526 0.7717584369449378 0.010899182561307902 0.0053285968028419185 
6 0.18474114441416895 0.7729425695677916 0.005449591280653951 0.010065127294256957 
6 0.19591280653950954 0.7767910005920663 0.011444141689373298 0.004736530491415038 
4 0.12043596730245232 0.05891059798697454 0.006539509536784741 0.012433392539964476 
4 0.2891008174386921 0.05091770278271166 0.010354223433242507 0.004736530491415038 
6 0.21362397820163487 0.7306098283007697 0.010899182561307902 0.005920663114268798 
4 0.30463215258855586 0.05032563647128478 0.010899182561307902 0.004736530491415038 
4 0.10899182561307902 0.1335109532267614 0.005449591280653951 0.011249259917110717 
4 0.09291553133514986 0.20100651272942568 0.010354223433242507 0.0053285968028419185 
4 0.10544959128065395 0.1950858496151569 0.009264305177111716 0.0053285968028419185 
4 0.09509536784741145 0.18442865600947306 0.010354223433242507 0.008880994671403197 
4 0.10599455040871934 0.18975725281231498 0.008174386920980926 0.0041444641799881585 
4 0.12697547683923704 0.16133806986382473 0.010899182561307902 0.0053285968028419185 
4 0.12588555858310627 0.16725873297809354 0.011989100817438692 0.0053285968028419185 
4 0.12643051771117167 0.17317939609236235 0.010899182561307902 0.0053285968028419185 
4 0.12643051771117167 0.1788040260509177 0.010899182561307902 0.005920663114268798 
4 0.12615803814713897 0.1847246891651865 0.010354223433242507 0.004736530491415038 
4 0.12615803814713897 0.1906453522794553 0.011444141689373298 0.007104795737122558 
4 0.12670299727520437 0.1956779159265838 0.010354223433242507 0.006512729425695678 
4 0.12534059945504086 0.20100651272942568 0.009809264305177113 0.0053285968028419185 
4 0.023705722070844686 0.3383658969804618 0.005994550408719346 0.010065127294256957 
4 0.030790190735694823 0.33777383066903494 0.004904632152588556 0.011249259917110717 
4 0.037057220708446865 0.33866193013617524 0.005449591280653951 0.010657193605683837 
4 0.04223433242506812 0.3383658969804618 0.004904632152588556 0.008880994671403197 
4 0.04904632152588556 0.31586737714624036 0.009809264305177113 0.006512729425695678 
4 0.049318801089918256 0.31053878034339844 0.009264305177111716 0.006512729425695678 
4 0.04986376021798365 0.3043220840734162 0.009264305177111716 0.005920663114268798 
4 0.014713896457765668 0.2915926583777383 0.013079019073569483 0.011249259917110717 
4 0.018528610354223433 0.28656009473060984 0.011989100817438692 0.011841326228537596 
4 0.0223433242506812 0.28152753108348133 0.011989100817438692 0.010065127294256957 
4 0.01226158038147139 0.33718176435760805 0.004904632152588556 0.010065127294256957 
4 0.006811989100817439 0.33718176435760805 0.005994550408719346 0.010065127294256957 
4 0.025885558583106268 0.17495559502664298 0.010354223433242507 0.013617525162818236 
4 0.013623978201634877 0.24393132030787448 0.009809264305177113 0.011841326228537596 
4 0.38937329700272477 0.05150976909413854 0.010354223433242507 0.005920663114268798 
4 0.32615803814713895 0.05091770278271166 0.010354223433242507 0.005920663114268798 
6 0.21416893732970027 0.6817643576080521 0.011989100817438692 0.006512729425695678 
6 0.2128065395095368 0.7619893428063943 0.009264305177111716 0.003552397868561279 
6 0.2727520435967302 0.8105387803433984 0.013623978201634877 0.005920663114268798 
6 0.24768392370572206 0.7347542924807579 0.012534059945504087 0.005920663114268798 
6 0.24931880108991825 0.7522202486678508 0.012534059945504087 0.0053285968028419185 
6 0.24877384196185287 0.7643576080521018 0.013623978201634877 0.007104795737122558 
6 0.24904632152588557 0.7989934872705743 0.011989100817438692 0.0053285968028419185 
6 0.27084468664850136 0.7291296625222025 0.011989100817438692 0.0053285968028419185 
6 0.4032697547683924 0.6432800473653049 0.014168937329700272 0.006512729425695678 
6 0.24795640326975477 0.7400828892835998 0.013079019073569483 0.004736530491415038 
6 0.24931880108991825 0.7572528123149793 0.011444141689373298 0.004736530491415038 
6 0.24877384196185287 0.7696862048549438 0.012534059945504087 0.004736530491415038 
6 0.24959128065395095 0.7753108348134992 0.010899182561307902 0.0053285968028419185 
6 0.24986376021798365 0.7815275310834814 0.011444141689373298 0.005920663114268798 
6 0.24877384196185287 0.7874481941977501 0.011444141689373298 0.005920663114268798 
6 0.2727520435967302 0.8208999407933688 0.013623978201634877 0.0053285968028419185 
6 0.27057220708446866 0.6817643576080521 0.013623978201634877 0.006512729425695678 
6 0.2722070844686649 0.6888691533451746 0.012534059945504087 0.006512729425695678 
6 0.27138964577656677 0.6947898164594435 0.014168937329700272 0.006512729425695678 
6 0.27084468664850136 0.7051509769094139 0.014168937329700272 0.007104795737122558 
6 0.27111716621253407 0.7116637063351096 0.011444141689373298 0.005920663114268798 
6 0.27111716621253407 0.7172883362936648 0.012534059945504087 0.0053285968028419185 
6 0.27193460490463217 0.7232089994079337 0.013079019073569483 0.0076968620485494375 
6 0.2724795640326976 0.7350503256364713 0.011989100817438692 0.0053285968028419185 
6 0.2732970027247956 0.7406749555950266 0.014713896457765668 0.004736530491415038 
6 0.2724795640326976 0.746299585553582 0.013079019073569483 0.006512729425695678 
6 0.27166212534059947 0.7569567791592658 0.013623978201634877 0.0053285968028419185 
6 0.2724795640326976 0.7628774422735346 0.013079019073569483 0.0053285968028419185 
6 0.2730245231607629 0.7687981053878035 0.015258855585831062 0.0076968620485494375 
6 0.2730245231607629 0.7806394316163411 0.014168937329700272 0.0076968620485494375 
6 0.2722070844686649 0.7871521610420367 0.012534059945504087 0.0053285968028419185 
6 0.27193460490463217 0.7930728241563055 0.013079019073569483 0.0053285968028419185 
6 0.27193460490463217 0.7992895204262878 0.013079019073569483 0.005920663114268798 
6 0.24931880108991825 0.746299585553582 0.012534059945504087 0.006512729425695678 
6 0.24959128065395095 0.7291296625222025 0.011989100817438692 0.0053285968028419185 
6 0.19673024523160762 0.7815275310834814 0.009809264305177113 0.004736530491415038 
6 0.24931880108991825 0.7229129662522202 0.011444141689373298 0.004736530491415038 
6 0.19618528610354224 0.7874481941977501 0.010899182561307902 0.004736530491415038 
6 0.2501362397820163 0.8046181172291297 0.010899182561307902 0.005920663114268798 
6 0.2130790190735695 0.7125518058022499 0.009809264305177113 0.0053285968028419185 
6 0.2128065395095368 0.7175843694493783 0.009264305177111716 0.004736530491415038 
6 0.21444141689373297 0.7356423919478982 0.010354223433242507 0.0053285968028419185 
6 0.21471389645776567 0.7403789224393132 0.010899182561307902 0.0041444641799881585 
6 0.21416893732970027 0.7442273534635879 0.009809264305177113 0.003552397868561279 
6 0.21444141689373297 0.7480757844878626 0.010354223433242507 0.0041444641799881585 
6 0.21416893732970027 0.7534043812907045 0.010899182561307902 0.0053285968028419185 
6 0.21416893732970027 0.7578448786264061 0.009809264305177113 0.004736530491415038 
6 0.21416893732970027 0.7658377738306691 0.010899182561307902 0.0041444641799881585 
6 0.21498637602179838 0.7699822380106572 0.010354223433242507 0.0053285968028419185 
6 0.21498637602179838 0.7756068679692125 0.010354223433242507 0.004736530491415038 
6 0.21362397820163487 0.7800473653049141 0.008719346049046322 0.0041444641799881585 
6 0.21389645776566757 0.7838957963291888 0.009264305177111716 0.004736530491415038 
6 0.21498637602179838 0.7883362936648904 0.011444141689373298 0.0053285968028419185 
6 0.21498637602179838 0.7933688573120189 0.010354223433242507 0.005920663114268798 
6 0.21389645776566757 0.7001184132622854 0.011444141689373298 0.006512729425695678 
6 0.21335149863760217 0.6947898164594435 0.011444141689373298 0.006512729425695678 
6 0.33978201634877386 0.7051509769094139 0.011444141689373298 0.005920663114268798 
6 0.250408719346049 0.7936648904677324 0.011444141689373298 0.0053285968028419185 
6 0.2438692098092643 0.6773238602723505 0.016893732970027248 0.005920663114268798 
6 0.24659400544959129 0.6829484902309059 0.013623978201634877 0.006512729425695678 
6 0.24659400544959129 0.6885731201894613 0.014713896457765668 0.005920663114268798 
6 0.24877384196185287 0.6947898164594435 0.011444141689373298 0.0053285968028419185 
6 0.24795640326975477 0.7010065127294257 0.013079019073569483 0.005920663114268798 
6 0.24741144414168936 0.7069271758436945 0.011989100817438692 0.005920663114268798 
6 0.24768392370572206 0.7119597394908229 0.012534059945504087 0.0053285968028419185 
6 0.250408719346049 0.7172883362936648 0.011444141689373298 0.0053285968028419185 
4 0.09645776566757493 0.1335109532267614 0.011989100817438692 0.010065127294256957 
4 0.09346049046321526 0.13824748371817644 0.012534059945504087 0.011249259917110717 
4 0.09046321525885559 0.14268798105387803 0.013079019073569483 0.013025458851391355 
4 0.19536784741144414 0.8362936648904677 0.004904632152588556 0.011249259917110717 
4 0.5855585831062671 0.0586145648312611 0.010354223433242507 0.005920663114268798 
4 0.5757493188010899 0.05802249851983422 0.009264305177111716 0.007104795737122558 
4 0.5662125340599455 0.05772646536412078 0.009809264305177113 0.006512729425695678 
4 0.55858310626703 0.057430432208407343 0.009809264305177113 0.007104795737122558 
4 0.5485013623978202 0.056838365896980464 0.009264305177111716 0.005920663114268798 
4 0.5384196185286103 0.0571343990526939 0.011989100817438692 0.0053285968028419185 
4 0.5961852861035423 0.05920663114268798 0.010899182561307902 0.005920663114268798 
4 0.6299727520435967 0.0600947306098283 0.014168937329700272 0.006512729425695678 
4 0.6517711171662125 0.05950266429840142 0.010899182561307902 0.006512729425695678 
4 0.6656675749318801 0.0600947306098283 0.011444141689373298 0.0053285968028419185 
4 0.6806539509536784 0.05950266429840142 0.010899182561307902 0.006512729425695678 
4 0.6904632152588556 0.05950266429840142 0.010899182561307902 0.006512729425695678 
4 0.7337874659400545 0.0586145648312611 0.011444141689373298 0.005920663114268798 
4 0.7490463215258856 0.057430432208407343 0.010354223433242507 0.007104795737122558 
4 0.726158038147139 0.03522794552989935 0.008174386920980926 0.012433392539964476 
4 0.7174386920980926 0.03463587921847247 0.007084468664850136 0.012433392539964476 
4 0.711716621253406 0.037300177619893425 0.008719346049046322 0.013025458851391355 
4 0.6773841961852861 0.041148608644168146 0.005449591280653951 0.012433392539964476 
4 0.667574931880109 0.041740674955595025 0.004359673024523161 0.011249259917110717 
4 0.662125340599455 0.042332741267021905 0.006539509536784741 0.012433392539964476 
4 0.6553133514986376 0.04262877442273535 0.007084468664850136 0.011841326228537596 
4 0.626975476839237 0.04203670811130847 0.004904632152588556 0.009473060982830076 
4 0.6149863760217984 0.04203670811130847 0.005994550408719346 0.011841326228537596 
4 0.5959128065395095 0.03996447602131439 0.005994550408719346 0.010065127294256957 
4 0.5901907356948229 0.03996447602131439 0.005449591280653951 0.011249259917110717 
4 0.5787465940054496 0.040556542332741266 0.005449591280653951 0.010065127294256957 
4 0.5427792915531335 0.03878034339846063 0.005449591280653951 0.011249259917110717 
4 0.5376021798365123 0.03818827708703375 0.005994550408719346 0.010065127294256957 
4 0.5215258855585831 0.03907637655417407 0.006539509536784741 0.011841326228537596 
4 0.155858310626703 0.8176435760805211 0.006539509536784741 0.011841326228537596 
4 0.21471389645776567 0.8469508584961516 0.005449591280653951 0.011249259917110717 
4 0.08719346049046321 0.1483126110124334 0.011989100817438692 0.011249259917110717 
4 0.23024523160762944 0.8513913558318532 0.004904632152588556 0.011841326228537596 
6 0.6743869209809265 0.1950858496151569 0.013623978201634877 0.006512729425695678 
6 0.5920980926430518 0.19005328596802842 0.011444141689373298 0.005920663114268798 
6 0.5923705722070844 0.22794552989934871 0.008719346049046322 0.005920663114268798 
6 0.5275204359673025 0.10301953818827708 0.007629427792915531 0.004736530491415038 
6 0.16948228882833788 0.1492007104795737 0.005449591280653951 0.013025458851391355 
6 0.18283378746594006 0.09354647720544701 0.004904632152588556 0.011841326228537596 
6 0.22070844686648503 0.12847838957963292 0.004359673024523161 0.011841326228537596 
6 0.21689373297002726 0.12877442273534637 0.004359673024523161 0.011249259917110717 
6 0.1782016348773842 0.12966252220248667 0.005449591280653951 0.009473060982830076 
6 0.17438692098092642 0.1299585553582001 0.004359673024523161 0.010065127294256957 
4 0.9501362397820163 0.03137951450562463 0.013623978201634877 0.011841326228537596 
4 0.9629427792915531 0.014505624629958556 0.013079019073569483 0.010065127294256957 
6 0.9384196185286103 0.10657193605683836 0.010899182561307902 0.013025458851391355 
6 0.9773841961852862 0.09976317347542925 0.011444141689373298 0.013617525162818236 
6 0.15749318801089918 0.14712847838957963 0.007629427792915531 0.011249259917110717 
4 0.4095367847411444 0.9396092362344582 0.005994550408719346 0.014209591474245116 
4 0.391008174386921 0.9310242747187685 0.005994550408719346 0.012433392539964476 
4 0.38474114441416896 0.9289520426287744 0.005449591280653951 0.013025458851391355 
4 0.3476839237057221 0.9108940201302546 0.006539509536784741 0.012433392539964476 
4 0.3408719346049046 0.9064535227945529 0.005994550408719346 0.013025458851391355 
4 0.32070844686648503 0.8978685612788633 0.005994550408719346 0.014801657785671996 
4 0.31553133514986376 0.8949082297217288 0.007629427792915531 0.012433392539964476 
4 0.3073569482288828 0.8931320307874482 0.008719346049046322 0.012433392539964476 
4 0.3021798365122616 0.8898756660746003 0.009264305177111716 0.013025458851391355 
4 0.29318801089918256 0.8842510361160449 0.008719346049046322 0.012433392539964476 
4 0.285558583106267 0.8806986382474837 0.007629427792915531 0.014801657785671996 
4 0.28065395095367845 0.8771462403789224 0.006539509536784741 0.013617525162818236 
4 0.2435967302452316 0.8596802841918295 0.006539509536784741 0.013025458851391355 
4 0.23760217983651227 0.8579040852575488 0.005449591280653951 0.011841326228537596 
4 0.5073569482288829 0.03907637655417407 0.006539509536784741 0.010657193605683837 
4 0.5231607629427792 0.05535820011841326 0.010899182561307902 0.006512729425695678 
4 0.5133514986376022 0.055654233274126705 0.007629427792915531 0.007104795737122558 
4 0.6833787465940054 0.041740674955595025 0.005449591280653951 0.012433392539964476 
4 0.43024523160762945 0.05358200118413262 0.010354223433242507 0.0076968620485494375 
4 0.2501362397820163 0.0497335701598579 0.010899182561307902 0.008288928359976317 
4 0.12397820163487738 0.09354647720544701 0.011444141689373298 0.007104795737122558 
4 0.12452316076294279 0.09976317347542925 0.011444141689373298 0.0053285968028419185 
4 0.12452316076294279 0.1053878034339846 0.010354223433242507 0.004736530491415038 
4 0.12506811989100816 0.11130846654825341 0.010354223433242507 0.007104795737122558 
4 0.12479564032697547 0.11663706335109532 0.011989100817438692 0.005920663114268798 
4 0.12615803814713897 0.12285375962107756 0.011444141689373298 0.006512729425695678 
4 0.12615803814713897 0.1551213735938425 0.012534059945504087 0.010657193605683837 
4 0.10408719346049046 0.16193013617525162 0.011989100817438692 0.0076968620485494375 
4 0.10272479564032698 0.1714031971580817 0.011444141689373298 0.0076968620485494375 
4 0.10544959128065395 0.20041444641799883 0.010354223433242507 0.0053285968028419185 
4 0.09346049046321526 0.19478981645944346 0.010354223433242507 0.005920663114268798 
4 0.07493188010899182 0.22054470100651272 0.011444141689373298 0.013617525162818236 
4 0.06839237057220708 0.23060982830076968 0.010354223433242507 0.012433392539964476 
4 0.06212534059945504 0.24067495559502664 0.009809264305177113 0.012433392539964476 
4 0.05722070844686648 0.2492599171107164 0.008719346049046322 0.011841326228537596 
4 0.05286103542234333 0.25784487862640615 0.008719346049046322 0.012433392539964476 
4 0.04741144414168937 0.2693901716992303 0.009809264305177113 0.011841326228537596 
4 0.12534059945504086 0.12966252220248667 0.010899182561307902 0.005920663114268798 
4 0.12643051771117167 0.14031971580817051 0.009809264305177113 0.004736530491415038 
4 0.10408719346049046 0.17850799289520428 0.010899182561307902 0.006512729425695678 
4 0.06566757493188011 0.18709295441089402 0.012534059945504087 0.011841326228537596 
4 0.07084468664850137 0.17939609236234458 0.013079019073569483 0.010657193605683837 
4 0.07438692098092643 0.1728833629366489 0.012534059945504087 0.009473060982830076 
4 0.0771117166212534 0.16814683244523387 0.012534059945504087 0.010657193605683837 
4 0.07956403269754768 0.16341030195381884 0.013079019073569483 0.010657193605683837 
4 0.08201634877384197 0.1586737714624038 0.012534059945504087 0.010657193605683837 
4 0.08365122615803815 0.15304914150384843 0.010354223433242507 0.008880994671403197 
4 0.4425068119891008 0.054470100651272946 0.009809264305177113 0.007104795737122558 
4 0.455858310626703 0.0541740674955595 0.010354223433242507 0.006512729425695678 
4 0.4673024523160763 0.05476613380698638 0.011444141689373298 0.0076968620485494375 
4 0.738692098092643 0.03522794552989935 0.007084468664850136 0.012433392539964476 
4 0.6727520435967302 0.04085257548845471 0.005994550408719346 0.013025458851391355 
4 0.6435967302452316 0.04410894020130254 0.006539509536784741 0.013617525162818236 
4 0.6384196185286104 0.04203670811130847 0.004904632152588556 0.010657193605683837 
4 0.6329700272479564 0.04144464179988159 0.005994550408719346 0.010657193605683837 
4 0.6212534059945504 0.04203670811130847 0.005449591280653951 0.009473060982830076 
4 0.6024523160762942 0.04085257548845471 0.005994550408719346 0.010657193605683837 
4 0.5847411444141689 0.03937240970988751 0.006539509536784741 0.010065127294256957 
4 0.5722070844686649 0.03937240970988751 0.005449591280653951 0.010065127294256957 
4 0.5659400544959128 0.03907637655417407 0.004904632152588556 0.010657193605683837 
4 0.5479564032697548 0.03907637655417407 0.005994550408719346 0.010657193605683837 
4 0.5267029972752043 0.037892243931320305 0.0038147138964577656 0.009473060982830076 
4 0.5313351498637602 0.03878034339846063 0.005449591280653951 0.010065127294256957 
4 0.7329700272479565 0.03433984606275903 0.007629427792915531 0.010657193605683837 
4 0.7463215258855586 0.03404381290704559 0.004904632152588556 0.010065127294256957 
4 0.48010899182561306 0.055062166962699825 0.010899182561307902 0.005920663114268798 
4 0.7523160762942779 0.03700414446417999 0.010354223433242507 0.011249259917110717 
4 0.7534059945504087 0.04706927175843695 0.010354223433242507 0.0076968620485494375 
4 0.7425068119891008 0.052397868561278864 0.010354223433242507 0.0076968620485494375 
4 0.7237057220708447 0.05802249851983422 0.009809264305177113 0.005920663114268798 
4 0.7 0.0586145648312611 0.010354223433242507 0.007104795737122558 
4 0.7125340599455041 0.0586145648312611 0.011444141689373298 0.005920663114268798 
4 0.6411444141689373 0.05920663114268798 0.009264305177111716 0.007104795737122558 
4 0.6174386920980927 0.0586145648312611 0.009809264305177113 0.005920663114268798 
4 0.6068119891008175 0.0586145648312611 0.009264305177111716 0.005920663114268798 
4 0.5040871934604905 0.0541740674955595 0.011989100817438692 0.006512729425695678 
4 0.44550408719346046 0.045589105979869746 0.011444141689373298 0.007104795737122558 
4 0.4209809264305177 0.051213735938425105 0.010354223433242507 0.0076968620485494375 
4 0.49237057220708447 0.055062166962699825 0.011444141689373298 0.007104795737122558 
6 0.2730245231607629 0.8046181172291297 0.013079019073569483 0.004736530491415038 
6 0.2722070844686649 0.8158673771462404 0.013623978201634877 0.004736530491415038 
6 0.7899182561307901 0.26672587329780933 0.012534059945504087 0.0076968620485494375 
6 0.620708446866485 0.6817643576080521 0.029427792915531336 0.008880994671403197 
6 0.6264305177111716 0.6995263469508585 0.0223433242506812 0.0076968620485494375 
6 0.6267029972752044 0.7087033747779752 0.020708446866485014 0.009473060982830076 
6 0.6247956403269754 0.7158081705150977 0.023433242506811988 0.010657193605683837 
6 0.62425068119891 0.7246891651865008 0.02779291553133515 0.009473060982830076 
6 0.623433242506812 0.7338661930136176 0.023978201634877384 0.011249259917110717 
6 0.6256130790190736 0.7436352871521611 0.022888283378746595 0.009473060982830076 
6 0.626975476839237 0.7528123149792777 0.0223433242506812 0.008880994671403197 
6 0.6223433242506812 0.7619893428063943 0.028337874659400544 0.008288928359976317 
6 0.6226158038147139 0.7711663706335109 0.02452316076294278 0.008880994671403197 
6 0.6239782016348774 0.7809354647720544 0.025068119891008173 0.009473060982830076 
6 0.6256130790190736 0.7901124925991712 0.022888283378746595 0.008880994671403197 
6 0.6264305177111716 0.7986974541148608 0.02125340599455041 0.008288928359976317 
6 0.6253405994550408 0.8075784487862641 0.0223433242506812 0.009473060982830076 
6 0.6247956403269754 0.8164594434576673 0.02125340599455041 0.009473060982830076 
6 0.6277929155313352 0.8253404381290704 0.020708446866485014 0.009473060982830076 
6 0.6258855585831062 0.8345174659561871 0.023433242506811988 0.010065127294256957 
6 0.6275204359673024 0.8433984606275903 0.020163487738419618 0.008880994671403197 
6 0.6256130790190736 0.85198342214328 0.025068119891008173 0.009473060982830076 
6 0.6258855585831062 0.8614564831261101 0.02452316076294278 0.008288928359976317 
6 0.62425068119891 0.8703374777975134 0.03106267029972752 0.010657193605683837 
6 0.6272479564032698 0.8792184724689165 0.022888283378746595 0.007104795737122558 
6 0.6239782016348774 0.8878034339846063 0.028337874659400544 0.010065127294256957 
6 0.6305177111716621 0.8978685612788633 0.019618528610354225 0.0076968620485494375 
6 0.6294277929155313 0.9055654233274126 0.019618528610354225 0.0076968620485494375 
6 0.6283378746594005 0.9144464179988159 0.020708446866485014 0.0076968620485494375 
6 0.62425068119891 0.9242155121373594 0.02779291553133515 0.009473060982830076 
6 0.6253405994550408 0.9339846062759029 0.02561307901907357 0.008880994671403197 
6 0.6245231607629428 0.9437537004144464 0.026158038147138966 0.010657193605683837 
6 0.6286103542234333 0.9541148608644168 0.02125340599455041 0.010065127294256957 
6 0.6228882833787466 0.6912374185908822 0.025068119891008173 0.008880994671403197 
6 0.6179836512261581 0.6719952634695086 0.0326975476839237 0.010657193605683837 
6 0.4822888283378747 0.9088217880402605 0.011989100817438692 0.009473060982830076 
6 0.6670299727520436 0.9410894020130255 0.007629427792915531 0.017169923031379514 
6 0.6790190735694823 0.7460035523978685 0.009809264305177113 0.02486678507992895 
6 0.6700272479564032 0.7465956187092955 0.007084468664850136 0.022498519834221433 
6 0.6643051771117167 0.7486678507992895 0.005449591280653951 0.020722320899940794 
6 0.6604904632152588 0.7779751332149201 0.011989100817438692 0.023682652457075192 
6 0.667574931880109 0.7767910005920663 0.010899182561307902 0.022498519834221433 
6 0.6746594005449591 0.775902901124926 0.009809264305177113 0.018354055654233273 
6 0.6811989100817438 0.775902901124926 0.009809264305177113 0.019538188277087035 
6 0.7019073569482289 0.7744227353463587 0.013079019073569483 0.022498519834221433 
6 0.7040871934604904 0.8354055654233274 0.007629427792915531 0.022498519834221433 
6 0.6970027247956403 0.8377738306690349 0.007629427792915531 0.018946121965660152 
6 0.6904632152588556 0.8377738306690349 0.006539509536784741 0.018946121965660152 
6 0.6762942779291553 0.8386619301361753 0.007629427792915531 0.019538188277087035 
6 0.6670299727520436 0.84251036116045 0.006539509536784741 0.014209591474245116 
6 0.6539509536784741 0.8478389579632919 0.011989100817438692 0.005920663114268798 
6 0.7046321525885558 0.8626406157489639 0.006539509536784741 0.018946121965660152 
6 0.6983651226158039 0.8635287152161042 0.007084468664850136 0.017169923031379514 
6 0.6912806539509537 0.8644168146832445 0.007084468664850136 0.018946121965660152 
6 0.6841961852861036 0.8644168146832445 0.007084468664850136 0.017761989342806393 
6 0.6762942779291553 0.8635287152161042 0.006539509536784741 0.017169923031379514 
6 0.6700272479564032 0.8664890467732386 0.007084468664850136 0.019538188277087035 
6 0.6634877384196185 0.8673771462403789 0.007084468664850136 0.020130254588513915 
6 0.6544959128065395 0.8617525162818236 0.004359673024523161 0.011249259917110717 
6 0.7019073569482289 0.9182948490230906 0.005449591280653951 0.016577856719952634 
6 0.6953678474114442 0.9168146832445234 0.006539509536784741 0.019538188277087035 
6 0.6885558583106267 0.9177027827116637 0.005994550408719346 0.017761989342806393 
6 0.6817438692098092 0.9168146832445234 0.006539509536784741 0.019538188277087035 
6 0.673841961852861 0.9156305506216696 0.007084468664850136 0.021906453522794554 
6 0.6670299727520436 0.9168146832445234 0.008719346049046322 0.020722320899940794 
6 0.6577656675749319 0.9218472468916519 0.006539509536784741 0.011841326228537596 
6 0.6310626702997275 0.9662522202486679 0.021798365122615803 0.008288928359976317 
6 0.5438692098092643 0.24452338661930137 0.015258855585831062 0.007104795737122558 
6 0.31444141689373295 0.677619893428064 0.017438692098092644 0.0076968620485494375 
6 0.8670299727520436 0.19982238010657194 0.014168937329700272 0.006512729425695678 
6 0.8656675749318801 0.2143280047365305 0.013623978201634877 0.005920663114268798 
6 0.8656675749318801 0.2211367673179396 0.013623978201634877 0.0053285968028419185 
6 0.8662125340599455 0.22883362936648904 0.014713896457765668 0.006512729425695678 
6 0.8664850136239782 0.2359384251036116 0.013079019073569483 0.006512729425695678 
6 0.8645776566757494 0.24304322084073415 0.01580381471389646 0.006512729425695678 
6 0.8623978201634878 0.25133214920071045 0.0223433242506812 0.011249259917110717 
6 0.8901907356948229 0.25103611604499704 0.023433242506811988 0.015393724097098875 
6 0.7915531335149864 0.09621077560686797 0.011444141689373298 0.0053285968028419185 
6 0.7896457765667575 0.10775606867969213 0.014168937329700272 0.005920663114268798 
6 0.7888283378746594 0.1142687981053878 0.014713896457765668 0.005920663114268798 
6 0.7888283378746594 0.1269982238010657 0.014713896457765668 0.0053285968028419185 
6 0.7893732970027248 0.13380698638247485 0.013623978201634877 0.005920663114268798 
6 0.7907356948228883 0.14031971580817051 0.011989100817438692 0.005920663114268798 
6 0.7880108991825613 0.14624037892243932 0.015258855585831062 0.005920663114268798 
6 0.7891008174386921 0.15808170515097691 0.015258855585831062 0.005920663114268798 
6 0.7907356948228883 0.16429840142095914 0.011989100817438692 0.0053285968028419185 
6 0.7896457765667575 0.17021906453522795 0.015258855585831062 0.006512729425695678 
6 0.7899182561307901 0.17673179396092362 0.012534059945504087 0.0053285968028419185 
6 0.788283378746594 0.18354055654233273 0.014713896457765668 0.005920663114268798 
6 0.7896457765667575 0.19034931912374187 0.014168937329700272 0.006512729425695678 
6 0.7912806539509537 0.19686204854943753 0.013079019073569483 0.0053285968028419185 
6 0.791008174386921 0.20278271166370634 0.011444141689373298 0.0053285968028419185 
6 0.7899182561307901 0.20899940793368857 0.013623978201634877 0.005920663114268798 
6 0.7899182561307901 0.21521610420367082 0.014713896457765668 0.0053285968028419185 
6 0.7893732970027248 0.2217288336293665 0.014713896457765668 0.0053285968028419185 
6 0.7899182561307901 0.22794552989934871 0.012534059945504087 0.005920663114268798 
6 0.7885558583106267 0.23386619301361752 0.015258855585831062 0.005920663114268798 
6 0.7891008174386921 0.24718768502072233 0.014168937329700272 0.006512729425695678 
6 0.7885558583106267 0.253700414446418 0.015258855585831062 0.006512729425695678 
6 0.8667574931880109 0.2069271758436945 0.013623978201634877 0.006512729425695678 
6 0.864850136239782 0.19271758436944939 0.01634877384196185 0.006512729425695678 
6 0.4591280653950954 0.1142687981053878 0.011444141689373298 0.005920663114268798 
6 0.8662125340599455 0.1853167554766134 0.013623978201634877 0.005920663114268798 
6 0.7196185286103542 0.17584369449378331 0.013623978201634877 0.005920663114268798 
6 0.6746594005449591 0.2143280047365305 0.011989100817438692 0.005920663114268798 
6 0.9528610354223433 0.11841326228537596 0.004904632152588556 0.010657193605683837 
6 0.9286103542234332 0.12226169330965068 0.006539509536784741 0.008880994671403197 
6 0.9852861035422343 0.15630550621669628 0.008719346049046322 0.007104795737122558 
6 0.9542234332425068 0.10775606867969213 0.009809264305177113 0.015393724097098875 
6 0.9482288828337875 0.11811722912966252 0.005449591280653951 0.014801657785671996 
6 0.9430517711171662 0.11870929544108941 0.008174386920980926 0.013617525162818236 
6 0.923433242506812 0.1015393724097099 0.008174386920980926 0.012433392539964476 
6 0.8880108991825613 0.22054470100651272 0.01907356948228883 0.0076968620485494375 
6 0.8877384196185286 0.2113676731793961 0.01634877384196185 0.007104795737122558 
6 0.8880108991825613 0.20219064535227946 0.016893732970027248 0.0076968620485494375 
6 0.8888283378746594 0.18442865600947306 0.019618528610354225 0.0076968620485494375 
6 0.888283378746594 0.17673179396092362 0.019618528610354225 0.0076968620485494375 
6 0.8880108991825613 0.16666666666666666 0.01907356948228883 0.0076968620485494375 
6 0.8866485013623978 0.1586737714624038 0.017438692098092644 0.008288928359976317 
6 0.8874659400544959 0.14268798105387803 0.016893732970027248 0.009473060982830076 
6 0.8885558583106267 0.13291888691533452 0.01907356948228883 0.0076968620485494375 
6 0.8866485013623978 0.12522202486678508 0.017438692098092644 0.0076968620485494375 
6 0.888283378746594 0.11545293072824156 0.020708446866485014 0.008288928359976317 
6 0.8858310626702998 0.108348134991119 0.01580381471389646 0.007104795737122558 
6 0.867574931880109 0.10657193605683836 0.011989100817438692 0.005920663114268798 
6 0.8678474114441417 0.1142687981053878 0.011444141689373298 0.008288928359976317 
6 0.8643051771117166 0.1275902901124926 0.017438692098092644 0.0076968620485494375 
6 0.8670299727520436 0.13558318531675548 0.013079019073569483 0.007104795737122558 
6 0.8656675749318801 0.1423919478981646 0.014713896457765668 0.006512729425695678 
6 0.8664850136239782 0.15630550621669628 0.014168937329700272 0.008288928359976317 
6 0.8643051771117166 0.17110716400236828 0.01634877384196185 0.008288928359976317 
6 0.8659400544959128 0.17821195973949083 0.014168937329700272 0.007104795737122558 
6 0.685558583106267 0.7468916518650088 0.008719346049046322 0.021906453522794554 
6 0.6929155313351498 0.746299585553582 0.009264305177111716 0.023090586145648313 
6 0.6991825613079019 0.7477797513321492 0.007629427792915531 0.018946121965660152 
6 0.3403269754768392 0.7338661930136176 0.012534059945504087 0.0053285968028419185 
6 0.3411444141689373 0.7457075192421552 0.011989100817438692 0.0053285968028419185 
6 0.3416893732970027 0.7516281823564239 0.013079019073569483 0.0053285968028419185 
6 0.3405994550408719 0.7572528123149793 0.011989100817438692 0.005920663114268798 
6 0.3405994550408719 0.7631734754292481 0.013079019073569483 0.005920663114268798 
6 0.3416893732970027 0.76850207223209 0.010899182561307902 0.005920663114268798 
6 0.3427792915531335 0.7741267021906454 0.014168937329700272 0.006512729425695678 
6 0.34332425068119893 0.7800473653049141 0.015258855585831062 0.006512729425695678 
6 0.3425068119891008 0.7862640615748964 0.014713896457765668 0.005920663114268798 
6 0.3422343324250681 0.7924807578448786 0.011989100817438692 0.0053285968028419185 
6 0.3425068119891008 0.798105387803434 0.013623978201634877 0.005920663114268798 
6 0.3422343324250681 0.8043220840734162 0.014168937329700272 0.006512729425695678 
6 0.3427792915531335 0.8152753108348135 0.014168937329700272 0.007104795737122558 
6 0.3419618528610354 0.8220840734162226 0.012534059945504087 0.006512729425695678 
6 0.3425068119891008 0.8327412670219064 0.014713896457765668 0.0076968620485494375 
6 0.34141689373297 0.8392539964476021 0.011444141689373298 0.0053285968028419185 
6 0.3427792915531335 0.8451746595618709 0.011989100817438692 0.006512729425695678 
6 0.3405994550408719 0.8507992895204263 0.011989100817438692 0.005920663114268798 
6 0.38201634877384194 0.6746595618709296 0.020708446866485014 0.008880994671403197 
6 0.38310626702997275 0.6826524570751924 0.018528610354223433 0.008288928359976317 
6 0.38392370572207085 0.6903493191237419 0.017983651226158037 0.007104795737122558 
6 0.38256130790190734 0.6977501480165779 0.017438692098092644 0.0076968620485494375 
6 0.3866485013623978 0.7169923031379515 0.013623978201634877 0.005920663114268798 
6 0.3871934604904632 0.7235050325636472 0.014713896457765668 0.005920663114268798 
6 0.3863760217983651 0.7297217288336294 0.015258855585831062 0.006512729425695678 
6 0.38501362397820166 0.7427471876850207 0.01580381471389646 0.006512729425695678 
6 0.3863760217983651 0.7483718176435761 0.014168937329700272 0.005920663114268798 
6 0.3863760217983651 0.7548845470692718 0.015258855585831062 0.005920663114268798 
6 0.3858310626702997 0.7613972764949675 0.015258855585831062 0.005920663114268798 
6 0.3866485013623978 0.7673179396092362 0.01580381471389646 0.005920663114268798 
6 0.3425068119891008 0.7397868561278863 0.014713896457765668 0.008880994671403197 
6 0.3425068119891008 0.7282415630550622 0.01580381471389646 0.005920663114268798 
6 0.6506811989100817 0.7288336293664891 0.008719346049046322 0.023682652457075192 
6 0.3411444141689373 0.7169923031379515 0.014168937329700272 0.007104795737122558 
6 0.31662125340599456 0.6841326228537596 0.011989100817438692 0.0053285968028419185 
6 0.31634877384196186 0.6953818827708703 0.012534059945504087 0.006512729425695678 
6 0.317983651226158 0.7010065127294257 0.012534059945504087 0.005920663114268798 
6 0.31662125340599456 0.7078152753108348 0.013079019073569483 0.006512729425695678 
6 0.31716621253405997 0.7178804026050918 0.011989100817438692 0.0053285968028419185 
6 0.3177111716621253 0.7243931320307875 0.014168937329700272 0.0053285968028419185 
6 0.31743869209809267 0.7300177619893428 0.013623978201634877 0.005920663114268798 
6 0.317983651226158 0.7362344582593251 0.013623978201634877 0.006512729425695678 
6 0.3182561307901907 0.7427471876850207 0.011989100817438692 0.0053285968028419185 
6 0.3177111716621253 0.7480757844878626 0.011989100817438692 0.0053285968028419185 
6 0.3185286103542234 0.7596210775606868 0.012534059945504087 0.004736530491415038 
6 0.3182561307901907 0.7658377738306691 0.010899182561307902 0.006512729425695678 
6 0.3190735694822888 0.7720544701006513 0.010354223433242507 0.005920663114268798 
6 0.3198910081743869 0.7776791000592066 0.010899182561307902 0.0053285968028419185 
6 0.32070844686648503 0.7835997631734755 0.011444141689373298 0.006512729425695678 
6 0.32043596730245233 0.7889283599763174 0.009809264305177113 0.0053285968028419185 
6 0.3201634877384196 0.7942569567791593 0.011444141689373298 0.0053285968028419185 
6 0.3182561307901907 0.8001776198934281 0.013079019073569483 0.0053285968028419185 
6 0.3190735694822888 0.80550621669627 0.011444141689373298 0.0053285968028419185 
6 0.3188010899182561 0.8134991119005328 0.011989100817438692 0.005920663114268798 
6 0.3196185286103542 0.8185316755476614 0.011444141689373298 0.0053285968028419185 
6 0.32043596730245233 0.8247483718176436 0.009809264305177113 0.004736530491415038 
6 0.32043596730245233 0.8303730017761989 0.009809264305177113 0.0053285968028419185 
6 0.3190735694822888 0.8359976317347543 0.012534059945504087 0.005920663114268798 
6 0.3185286103542234 0.8413262285375962 0.012534059945504087 0.004736530491415038 
6 0.3425068119891008 0.6814683244523386 0.01580381471389646 0.007104795737122558 
6 0.3419618528610354 0.6936056838365897 0.01580381471389646 0.006512729425695678 
6 0.34005449591280656 0.6992303137951451 0.013079019073569483 0.005920663114268798 
6 0.3403269754768392 0.7110716400236826 0.012534059945504087 0.005920663114268798 
6 0.3871934604904632 0.7735346358792184 0.01580381471389646 0.0053285968028419185 
6 0.3871934604904632 0.7800473653049141 0.014713896457765668 0.006512729425695678 
6 0.3874659400544959 0.7856719952634695 0.015258855585831062 0.005920663114268798 
6 0.3871934604904632 0.7918886915334518 0.01580381471389646 0.006512729425695678 
6 0.4141689373297003 0.8247483718176436 0.01634877384196185 0.007104795737122558 
6 0.4152588555858311 0.8318531675547661 0.019618528610354225 0.007104795737122558 
6 0.41553133514986373 0.8389579632918887 0.020163487738419618 0.007104795737122558 
6 0.4141689373297003 0.8460627590290113 0.01634877384196185 0.007104795737122558 
6 0.41607629427792914 0.8534635879218473 0.016893732970027248 0.006512729425695678 
6 0.4147138964577657 0.8608644168146833 0.018528610354223433 0.007104795737122558 
6 0.41553133514986373 0.8756660746003553 0.01907356948228883 0.007104795737122558 
6 0.41689373297002724 0.8833629366489046 0.020708446866485014 0.007104795737122558 
6 0.5588555858310627 0.7217288336293665 0.023433242506811988 0.008288928359976317 
6 0.5634877384196185 0.7306098283007697 0.028337874659400544 0.009473060982830076 
6 0.5583106267029972 0.7394908229721728 0.01907356948228883 0.008288928359976317 
6 0.5621253405994551 0.7501480165778567 0.02561307901907357 0.008288928359976317 
6 0.5640326975476839 0.7599171107164002 0.029427792915531336 0.010065127294256957 
6 0.5618528610354223 0.7687981053878035 0.022888283378746595 0.008880994671403197 
6 0.7683923705722071 0.9419775014801658 0.010899182561307902 0.03315571343990527 
6 0.5604904632152589 0.783303730017762 0.023433242506811988 0.009473060982830076 
6 0.5629427792915531 0.8001776198934281 0.030517711171662125 0.010065127294256957 
6 0.5640326975476839 0.8235642391947898 0.029427792915531336 0.011841326228537596 
6 0.5613079019073569 0.837181764357608 0.023978201634877384 0.010657193605683837 
6 0.5583106267029972 0.8448786264061575 0.016893732970027248 0.010657193605683837 
6 0.5656675749318801 0.8629366489046774 0.029427792915531336 0.011249259917110717 
6 0.5613079019073569 0.8780343398460627 0.022888283378746595 0.009473060982830076 
6 0.5621253405994551 0.8880994671403197 0.023433242506811988 0.009473060982830076 
6 0.5572207084468664 0.9328004736530492 0.014713896457765668 0.006512729425695678 
6 0.559400544959128 0.9402013025458852 0.01907356948228883 0.007104795737122558 
6 0.6623978201634877 0.6716992303137952 0.02779291553133515 0.010065127294256957 
6 0.6637602179836513 0.6814683244523386 0.025068119891008173 0.010657193605683837 
6 0.6596730245231608 0.6903493191237419 0.02452316076294278 0.009473060982830076 
6 0.6623978201634877 0.7004144464179988 0.02997275204359673 0.010657193605683837 
6 0.414441416893733 0.8105387803433984 0.016893732970027248 0.007104795737122558 
6 0.41226158038147137 0.8034339846062759 0.014713896457765668 0.005920663114268798 
6 0.41226158038147137 0.7972172883362937 0.014713896457765668 0.006512729425695678 
6 0.38910081743869207 0.8786264061574897 0.009809264305177113 0.004736530491415038 
6 0.3866485013623978 0.798105387803434 0.01580381471389646 0.005920663114268798 
6 0.3866485013623978 0.8040260509177027 0.01580381471389646 0.005920663114268798 
6 0.3866485013623978 0.8099467140319716 0.014713896457765668 0.007104795737122558 
6 0.3863760217983651 0.8167554766133807 0.01634877384196185 0.006512729425695678 
6 0.388283378746594 0.8229721728833629 0.012534059945504087 0.005920663114268798 
6 0.3880108991825613 0.8291888691533452 0.014168937329700272 0.006512729425695678 
6 0.3877384196185286 0.8354055654233274 0.013623978201634877 0.005920663114268798 
6 0.3877384196185286 0.8413262285375962 0.014713896457765668 0.005920663114268798 
6 0.3871934604904632 0.8475429248075784 0.01580381471389646 0.006512729425695678 
6 0.38910081743869207 0.8531675547661338 0.014168937329700272 0.005920663114268798 
6 0.3880108991825613 0.8596802841918295 0.015258855585831062 0.007104795737122558 
6 0.3874659400544959 0.8661930136175252 0.01634877384196185 0.005920663114268798 
6 0.3896457765667575 0.8724097098875074 0.013079019073569483 0.0053285968028419185 
6 0.4141689373297003 0.6743635287152161 0.022888283378746595 0.008288928359976317 
6 0.41198910081743867 0.7912966252220248 0.015258855585831062 0.0053285968028419185 
6 0.41198910081743867 0.6820603907637656 0.018528610354223433 0.008288928359976317 
6 0.4130790190735695 0.6894612196566016 0.018528610354223433 0.008880994671403197 
6 0.41198910081743867 0.6983422143280047 0.019618528610354225 0.008880994671403197 
6 0.4133514986376022 0.7137359384251036 0.01907356948228883 0.0076968620485494375 
6 0.4138964577656676 0.7208407341622262 0.017983651226158037 0.0076968620485494375 
6 0.4141689373297003 0.7282415630550622 0.017438692098092644 0.007104795737122558 
6 0.4138964577656676 0.7347542924807579 0.016893732970027248 0.007104795737122558 
6 0.4125340599455041 0.7415630550621669 0.015258855585831062 0.006512729425695678 
6 0.4128065395095368 0.7489638839550029 0.01907356948228883 0.008288928359976317 
6 0.4130790190735695 0.7640615748963884 0.01634877384196185 0.008880994671403197 
6 0.4133514986376022 0.7720544701006513 0.016893732970027248 0.007104795737122558 
6 0.4128065395095368 0.7791592658377738 0.016893732970027248 0.007104795737122558 
6 0.4128065395095368 0.7853759621077561 0.01580381471389646 0.006512729425695678 
12 0.22779291553133516 0.08940201302545885 0.15803814713896458 0.020130254588513915 
