4 0.14817708333333332 0.9036458333333334 0.0067708333333333336 0.011458333333333333 
6 0.2890625 0.30546875 0.028125 0.016145833333333335 
6 0.2833333333333333 0.3263020833333333 0.021875 0.0140625 
6 0.2796875 0.33645833333333336 0.022916666666666665 0.013541666666666667 
6 0.278125 0.34609375 0.021875 0.0140625 
6 0.27395833333333336 0.35572916666666665 0.021875 0.013541666666666667 
6 0.27109375 0.3658854166666667 0.025520833333333333 0.015104166666666667 
6 0.2677083333333333 0.37578125 0.020833333333333332 0.013020833333333334 
6 0.26536458333333335 0.38567708333333334 0.022395833333333334 0.0140625 
6 0.26328125 0.3971354166666667 0.0203125 0.0140625 
6 0.25755208333333335 0.40572916666666664 0.024479166666666666 0.013541666666666667 
6 0.253125 0.42526041666666664 0.022916666666666665 0.013020833333333334 
6 0.24973958333333332 0.4348958333333333 0.0234375 0.014583333333333334 
6 0.24661458333333333 0.44505208333333335 0.0203125 0.011979166666666667 
6 0.23671875 0.46640625 0.0171875 0.027604166666666666 
6 0.24739583333333334 0.4713541666666667 0.016666666666666666 0.027083333333333334 
6 0.2598958333333333 0.4739583333333333 0.016666666666666666 0.03125 
6 0.28619791666666666 0.31640625 0.0234375 0.0140625 
6 0.29244791666666664 0.29635416666666664 0.024479166666666666 0.015625 
6 0.2557291666666667 0.49322916666666666 0.008333333333333333 0.009375 
6 0.3296875 0.27682291666666664 0.0125 0.0078125 
6 0.17604166666666668 0.3854166666666667 0.025 0.015625 
6 0.203125 0.38984375 0.021875 0.0140625 
6 0.20651041666666667 0.3802083333333333 0.022395833333333334 0.015625 
6 0.18125 0.36302083333333335 0.026041666666666668 0.016666666666666666 
6 0.18958333333333333 0.3416666666666667 0.027083333333333334 0.016666666666666666 
6 0.21875 0.34140625 0.021875 0.015104166666666667 
6 0.19322916666666667 0.3307291666666667 0.025 0.015625 
6 0.17942708333333332 0.32578125 0.0046875 0.009895833333333333 
6 0.225 0.3223958333333333 0.022916666666666665 0.015625 
6 0.22890625 0.31276041666666665 0.024479166666666666 0.016145833333333335 
6 0.20390625 0.2994791666666667 0.024479166666666666 0.013541666666666667 
6 0.2125 0.27421875 0.017708333333333333 0.011979166666666667 
6 0.24583333333333332 0.25104166666666666 0.017708333333333333 0.011458333333333333 
6 0.21875 0.24973958333333332 0.017708333333333333 0.0109375 
6 0.2984375 0.2643229166666667 0.030208333333333334 0.0171875 
6 0.27395833333333336 0.47708333333333336 0.017708333333333333 0.03229166666666667 
6 0.2671875 0.4934895833333333 0.008333333333333333 0.0067708333333333336 
6 0.20078125 0.4 0.024479166666666666 0.015625 
6 0.3263020833333333 0.46380208333333334 0.009895833333333333 0.016145833333333335 
6 0.37213541666666666 0.478125 0.0109375 0.01875 
6 0.31145833333333334 0.45859375 0.010416666666666666 0.018229166666666668 
6 0.29609375 0.45416666666666666 0.011979166666666667 0.01875 
6 0.28828125 0.45260416666666664 0.0109375 0.01875 
6 0.28072916666666664 0.44947916666666665 0.010416666666666666 0.01875 
6 0.27317708333333335 0.44635416666666666 0.0109375 0.01875 
6 0.265625 0.44453125 0.011458333333333333 0.018229166666666668 
6 0.4046875 0.44036458333333334 0.019791666666666666 0.034895833333333334 
6 0.4109375 0.41848958333333336 0.010416666666666666 0.0078125 
6 0.3921875 0.44244791666666666 0.011458333333333333 0.019270833333333334 
6 0.3848958333333333 0.4393229166666667 0.010416666666666666 0.018229166666666668 
6 0.3770833333333333 0.43671875 0.010416666666666666 0.0171875 
6 0.3703125 0.43385416666666665 0.0125 0.019791666666666666 
6 0.36171875 0.43333333333333335 0.011979166666666667 0.017708333333333333 
6 0.35390625 0.43020833333333336 0.011979166666666667 0.01875 
6 0.31875 0.46119791666666665 0.010416666666666666 0.0171875 
6 0.334375 0.46432291666666664 0.013541666666666667 0.021354166666666667 
6 0.28229166666666666 0.49661458333333336 0.008333333333333333 0.005729166666666666 
6 0.3416666666666667 0.46822916666666664 0.011458333333333333 0.01875 
6 0.28567708333333336 0.47994791666666664 0.018229166666666668 0.03177083333333333 
6 0.29192708333333334 0.503125 0.008854166666666666 0.00625 
6 0.29661458333333335 0.48541666666666666 0.019270833333333334 0.034375 
6 0.3098958333333333 0.48802083333333335 0.01875 0.030208333333333334 
6 0.3216145833333333 0.49296875 0.0171875 0.027604166666666666 
6 0.3338541666666667 0.49713541666666666 0.020833333333333332 0.033854166666666664 
6 0.3455729166666667 0.5005208333333333 0.0203125 0.03333333333333333 
6 0.35833333333333334 0.5044270833333333 0.020833333333333332 0.033854166666666664 
6 0.3703125 0.5072916666666667 0.01875 0.03125 
6 0.38046875 0.5174479166666667 0.0140625 0.024479166666666666 
6 0.38984375 0.48880208333333336 0.019270833333333334 0.0296875 
6 0.37994791666666666 0.4796875 0.0109375 0.01875 
6 0.3645833333333333 0.475 0.011458333333333333 0.019791666666666666 
6 0.35651041666666666 0.47265625 0.011979166666666667 0.0203125 
6 0.34921875 0.47109375 0.0109375 0.018229166666666668 
6 0.171875 0.3958333333333333 0.026041666666666668 0.014583333333333334 
6 0.165625 0.40572916666666664 0.027083333333333334 0.017708333333333333 
6 0.0921875 0.7294270833333333 0.01875 0.011979166666666667 
6 0.13463541666666667 0.6166666666666667 0.0171875 0.010416666666666666 
6 0.13723958333333333 0.6088541666666667 0.0171875 0.011458333333333333 
6 0.11302083333333333 0.60234375 0.028125 0.016145833333333335 
6 0.13932291666666666 0.6013020833333333 0.0171875 0.0109375 
6 0.11536458333333334 0.58984375 0.027604166666666666 0.0171875 
6 0.14322916666666666 0.5921875 0.016666666666666666 0.011458333333333333 
6 0.1203125 0.5783854166666667 0.025 0.015104166666666667 
6 0.15104166666666666 0.5869791666666667 0.016666666666666666 0.0125 
6 0.14739583333333334 0.5760416666666667 0.014583333333333334 0.010416666666666666 
6 0.12994791666666666 0.5682291666666667 0.03177083333333333 0.017708333333333333 
6 0.06927083333333334 0.5494791666666666 0.028125 0.013541666666666667 
6 0.0640625 0.5588541666666667 0.016666666666666666 0.010416666666666666 
6 0.06197916666666667 0.5653645833333333 0.017708333333333333 0.009895833333333333 
6 0.059375 0.5736979166666667 0.017708333333333333 0.0109375 
6 0.058333333333333334 0.58046875 0.01875 0.011979166666666667 
6 0.054947916666666666 0.59375 0.021354166666666667 0.020833333333333332 
6 0.10807291666666667 0.6127604166666667 0.028645833333333332 0.016145833333333335 
6 0.13229166666666667 0.62421875 0.017708333333333333 0.0109375 
6 0.03958333333333333 0.6135416666666667 0.027083333333333334 0.016666666666666666 
6 0.10494791666666667 0.62421875 0.0265625 0.016145833333333335 
6 0.09791666666666667 0.7119791666666667 0.017708333333333333 0.009375 
6 0.10052083333333334 0.7033854166666667 0.01875 0.011979166666666667 
6 0.10286458333333333 0.6947916666666667 0.019270833333333334 0.0125 
6 0.09166666666666666 0.6791666666666667 0.008333333333333333 0.014583333333333334 
6 0.08541666666666667 0.6981770833333333 0.008333333333333333 0.013020833333333334 
6 0.10989583333333333 0.6770833333333334 0.019791666666666666 0.010416666666666666 
6 0.11692708333333333 0.6703125 0.016145833333333335 0.010416666666666666 
6 0.12005208333333334 0.66328125 0.016145833333333335 0.0067708333333333336 
6 0.12213541666666666 0.6546875 0.018229166666666668 0.011458333333333333 
6 0.09505208333333333 0.6609375 0.024479166666666666 0.013541666666666667 
6 0.09895833333333333 0.6489583333333333 0.027083333333333334 0.016666666666666666 
6 0.125 0.64765625 0.016666666666666666 0.008854166666666666 
6 0.12708333333333333 0.6401041666666667 0.017708333333333333 0.011458333333333333 
6 0.10052083333333334 0.6372395833333333 0.029166666666666667 0.0171875 
6 0.13020833333333334 0.6315104166666666 0.016666666666666666 0.009895833333333333 
6 0.044270833333333336 0.6033854166666667 0.027083333333333334 0.018229166666666668 
6 0.03984375 0.625 0.021354166666666667 0.013541666666666667 
6 0.19713541666666667 0.40963541666666664 0.0203125 0.013020833333333334 
6 0.09791666666666667 0.4114583333333333 0.013541666666666667 0.008333333333333333 
6 0.11119791666666666 0.3809895833333333 0.024479166666666666 0.013020833333333334 
6 0.08697916666666666 0.38307291666666665 0.007291666666666667 0.011979166666666667 
6 0.09921875 0.39817708333333335 0.009895833333333333 0.0078125 
6 0.1109375 0.40182291666666664 0.008333333333333333 0.0067708333333333336 
6 0.11276041666666667 0.3690104166666667 0.0234375 0.016145833333333335 
6 0.090625 0.3729166666666667 0.007291666666666667 0.010416666666666666 
6 0.09635416666666667 0.35494791666666664 0.007291666666666667 0.009895833333333333 
6 0.11614583333333334 0.3578125 0.021875 0.009375 
6 0.11848958333333333 0.3497395833333333 0.015104166666666667 0.0067708333333333336 
6 0.11354166666666667 0.34427083333333336 0.011458333333333333 0.005208333333333333 
6 0.11510416666666666 0.3375 0.011458333333333333 0.009375 
6 0.11927083333333334 0.3333333333333333 0.015625 0.009375 
6 0.18854166666666666 0.4388020833333333 0.023958333333333335 0.0140625 
6 0.16171875 0.42916666666666664 0.0234375 0.010416666666666666 
6 0.16484375 0.4171875 0.025520833333333333 0.015625 
6 0.11015625 0.39166666666666666 0.0234375 0.014583333333333334 
6 0.023177083333333334 0.3143229166666667 0.008854166666666666 0.0078125 
6 0.039322916666666666 0.63515625 0.021354166666666667 0.013020833333333334 
6 0.011458333333333333 0.35260416666666666 0.008333333333333333 0.00625 
6 0.032552083333333336 0.6427083333333333 0.022395833333333334 0.016666666666666666 
6 0.03359375 0.5510416666666667 0.008854166666666666 0.013541666666666667 
6 0.12083333333333333 0.27447916666666666 0.009375 0.0125 
6 0.12291666666666666 0.26588541666666665 0.008333333333333333 0.009895833333333333 
6 0.12734375 0.25807291666666665 0.005729166666666666 0.009895833333333333 
6 0.13307291666666668 0.23984375 0.008854166666666666 0.015104166666666667 
6 0.13828125 0.22109375 0.009895833333333333 0.015104166666666667 
6 0.0046875 0.37109375 0.009375 0.0067708333333333336 
6 0.005989583333333334 0.36744791666666665 0.009895833333333333 0.0067708333333333336 
6 0.007291666666666667 0.36380208333333336 0.009375 0.0067708333333333336 
6 0.00859375 0.35989583333333336 0.008854166666666666 0.00625 
6 0.009895833333333333 0.35625 0.008333333333333333 0.00625 
6 0.015625 0.33671875 0.009375 0.0067708333333333336 
6 0.014583333333333334 0.340625 0.009375 0.00625 
6 0.0140625 0.34479166666666666 0.008333333333333333 0.00625 
6 0.34661458333333334 0.4265625 0.0109375 0.015625 
6 0.3390625 0.42552083333333335 0.0125 0.01875 
6 0.32369791666666664 0.4203125 0.011979166666666667 0.01875 
6 0.47682291666666665 0.38229166666666664 0.0109375 0.01875 
6 0.47734375 0.40651041666666665 0.013020833333333334 0.0203125 
6 0.484375 0.409375 0.011458333333333333 0.020833333333333332 
6 0.4921875 0.4114583333333333 0.011458333333333333 0.019791666666666666 
6 0.4609375 0.39140625 0.019791666666666666 0.03802083333333333 
6 0.50078125 0.4125 0.008854166666666666 0.016666666666666666 
6 0.5075520833333333 0.4158854166666667 0.011979166666666667 0.018229166666666668 
6 0.5229166666666667 0.4203125 0.011458333333333333 0.016666666666666666 
6 0.5307291666666667 0.42213541666666665 0.011458333333333333 0.018229166666666668 
6 0.5380208333333333 0.42578125 0.011458333333333333 0.019270833333333334 
6 0.5458333333333333 0.42734375 0.010416666666666666 0.018229166666666668 
6 0.553125 0.43125 0.013541666666666667 0.017708333333333333 
6 0.5604166666666667 0.43359375 0.010416666666666666 0.0171875 
6 0.56875 0.4354166666666667 0.011458333333333333 0.01875 
6 0.5765625 0.43671875 0.010416666666666666 0.016145833333333335 
6 0.5833333333333334 0.44166666666666665 0.011458333333333333 0.019791666666666666 
6 0.46979166666666666 0.40390625 0.011458333333333333 0.019270833333333334 
6 0.48385416666666664 0.3848958333333333 0.011458333333333333 0.017708333333333333 
6 0.4583333333333333 0.4427083333333333 0.011458333333333333 0.020833333333333332 
6 0.49192708333333335 0.38723958333333336 0.0109375 0.0171875 
6 0.5497395833333333 0.36432291666666666 0.013020833333333334 0.021354166666666667 
6 0.5572916666666666 0.36432291666666666 0.011458333333333333 0.0171875 
6 0.5643229166666667 0.36770833333333336 0.0109375 0.017708333333333333 
6 0.5721354166666667 0.3697916666666667 0.0109375 0.01875 
6 0.5802083333333333 0.3723958333333333 0.011458333333333333 0.01875 
6 0.5875 0.37447916666666664 0.011458333333333333 0.01875 
6 0.5958333333333333 0.37734375 0.011458333333333333 0.019270833333333334 
6 0.5908854166666667 0.41848958333333336 0.011979166666666667 0.018229166666666668 
6 0.575 0.4140625 0.011458333333333333 0.017708333333333333 
6 0.5677083333333334 0.4114583333333333 0.011458333333333333 0.017708333333333333 
6 0.5526041666666667 0.40651041666666665 0.011458333333333333 0.018229166666666668 
6 0.5447916666666667 0.40286458333333336 0.011458333333333333 0.019270833333333334 
6 0.5372395833333333 0.4015625 0.0109375 0.017708333333333333 
6 0.5223958333333333 0.39557291666666666 0.011458333333333333 0.018229166666666668 
6 0.49921875 0.3890625 0.009895833333333333 0.016666666666666666 
6 0.4432291666666667 0.4505208333333333 0.014583333333333334 0.027083333333333334 
6 0.46484375 0.446875 0.009895833333333333 0.017708333333333333 
6 0.31666666666666665 0.41796875 0.0125 0.019270833333333334 
6 0.6361979166666667 0.49921875 0.009895833333333333 0.016145833333333335 
6 0.65078125 0.5033854166666667 0.0109375 0.018229166666666668 
6 0.659375 0.5018229166666667 0.011458333333333333 0.018229166666666668 
6 0.6747395833333333 0.5080729166666667 0.011979166666666667 0.021354166666666667 
6 0.6815104166666667 0.51328125 0.009895833333333333 0.018229166666666668 
6 0.6890625 0.5153645833333333 0.011458333333333333 0.018229166666666668 
6 0.703125 0.5359375 0.019791666666666666 0.035416666666666666 
6 0.6890625 0.5401041666666667 0.0125 0.021875 
6 0.6815104166666667 0.5359375 0.011979166666666667 0.019791666666666666 
6 0.6731770833333334 0.5346354166666667 0.011979166666666667 0.019270833333333334 
6 0.6653645833333334 0.53125 0.011979166666666667 0.019791666666666666 
6 0.65625 0.5296875 0.011458333333333333 0.01875 
6 0.6479166666666667 0.5278645833333333 0.013541666666666667 0.021354166666666667 
6 0.6408854166666667 0.52421875 0.013020833333333334 0.0203125 
6 0.6161458333333333 0.5166666666666667 0.011458333333333333 0.01875 
6 0.6080729166666666 0.51328125 0.013020833333333334 0.019270833333333334 
6 0.64296875 0.5013020833333334 0.0109375 0.0171875 
6 0.6203125 0.49322916666666666 0.009375 0.015625 
6 0.47239583333333335 0.4471354166666667 0.011458333333333333 0.019270833333333334 
6 0.6127604166666667 0.490625 0.0109375 0.01875 
6 0.47942708333333334 0.4505208333333333 0.009895833333333333 0.016666666666666666 
6 0.48828125 0.4518229166666667 0.011979166666666667 0.019270833333333334 
6 0.4947916666666667 0.4552083333333333 0.007291666666666667 0.016666666666666666 
6 0.5028645833333333 0.45729166666666665 0.011979166666666667 0.019791666666666666 
6 0.5104166666666666 0.4591145833333333 0.010416666666666666 0.018229166666666668 
6 0.5182291666666666 0.46171875 0.011458333333333333 0.018229166666666668 
6 0.5260416666666666 0.4640625 0.010416666666666666 0.019791666666666666 
6 0.5338541666666666 0.46640625 0.010416666666666666 0.018229166666666668 
6 0.54140625 0.4700520833333333 0.009895833333333333 0.016145833333333335 
6 0.5494791666666666 0.4713541666666667 0.011458333333333333 0.01875 
6 0.5635416666666667 0.47760416666666666 0.009375 0.015625 
6 0.5721354166666667 0.4783854166666667 0.0109375 0.0171875 
6 0.5825520833333333 0.48151041666666666 0.0109375 0.019270833333333334 
6 0.5893229166666667 0.48463541666666665 0.009895833333333333 0.0171875 
6 0.6049479166666667 0.4875 0.0109375 0.01875 
6 0.5416666666666666 0.3611979166666667 0.0125 0.019270833333333334 
6 0.53359375 0.3578125 0.009895833333333333 0.015625 
6 0.5270833333333333 0.35442708333333334 0.010416666666666666 0.016145833333333335 
6 0.31979166666666664 0.35260416666666666 0.011458333333333333 0.01875 
6 0.3421875 0.3614583333333333 0.011458333333333333 0.01875 
6 0.35 0.36380208333333336 0.011458333333333333 0.019270833333333334 
6 0.3575520833333333 0.36666666666666664 0.011979166666666667 0.019791666666666666 
6 0.3731770833333333 0.3697916666666667 0.009895833333333333 0.017708333333333333 
6 0.38125 0.3729166666666667 0.010416666666666666 0.01875 
6 0.3888020833333333 0.37473958333333335 0.008854166666666666 0.0171875 
6 0.3958333333333333 0.37838541666666664 0.011458333333333333 0.0203125 
6 0.40286458333333336 0.3807291666666667 0.009895833333333333 0.01875 
6 0.41015625 0.38333333333333336 0.008854166666666666 0.017708333333333333 
6 0.4244791666666667 0.37942708333333336 0.017708333333333333 0.0296875 
6 0.41744791666666664 0.3611979166666667 0.0109375 0.018229166666666668 
6 0.40989583333333335 0.35885416666666664 0.010416666666666666 0.01875 
6 0.40286458333333336 0.3572916666666667 0.009895833333333333 0.016666666666666666 
6 0.37942708333333336 0.34921875 0.009895833333333333 0.0171875 
6 0.31536458333333334 0.28854166666666664 0.013020833333333334 0.021875 
6 0.32734375 0.3567708333333333 0.013020833333333334 0.021875 
6 0.3125 0.35078125 0.010416666666666666 0.0171875 
6 0.5192708333333333 0.3533854166666667 0.011458333333333333 0.018229166666666668 
6 0.30546875 0.34765625 0.013020833333333334 0.018229166666666668 
6 0.29244791666666664 0.41119791666666666 0.011979166666666667 0.019270833333333334 
6 0.28619791666666666 0.4080729166666667 0.011979166666666667 0.0171875 
6 0.28489583333333335 0.3848958333333333 0.011458333333333333 0.017708333333333333 
6 0.29244791666666664 0.3859375 0.011979166666666667 0.019791666666666666 
6 0.30703125 0.3921875 0.009895833333333333 0.017708333333333333 
6 0.32265625 0.3966145833333333 0.0109375 0.0171875 
6 0.33098958333333334 0.39947916666666666 0.0109375 0.01875 
6 0.3380208333333333 0.40130208333333334 0.010416666666666666 0.0171875 
6 0.3606770833333333 0.40859375 0.008854166666666666 0.0171875 
6 0.36822916666666666 0.41119791666666666 0.010416666666666666 0.018229166666666668 
6 0.3763020833333333 0.41328125 0.008854166666666666 0.0171875 
6 0.38385416666666666 0.4161458333333333 0.011458333333333333 0.01875 
6 0.39166666666666666 0.41901041666666666 0.009375 0.016145833333333335 
6 0.39895833333333336 0.42135416666666664 0.010416666666666666 0.017708333333333333 
6 0.29739583333333336 0.346875 0.013541666666666667 0.020833333333333332 
6 0.3450520833333333 0.28151041666666665 0.0140625 0.009895833333333333 
6 0.32317708333333334 0.29010416666666666 0.009895833333333333 0.014583333333333334 
6 0.33098958333333334 0.29270833333333335 0.0109375 0.019791666666666666 
6 0.3380208333333333 0.29453125 0.010416666666666666 0.019270833333333334 
6 0.31796875 0.3302083333333333 0.008854166666666666 0.016666666666666666 
6 0.3260416666666667 0.33203125 0.010416666666666666 0.0171875 
6 0.3338541666666667 0.3346354166666667 0.009375 0.016145833333333335 
6 0.3416666666666667 0.3375 0.010416666666666666 0.017708333333333333 
6 0.34921875 0.34010416666666665 0.0078125 0.016666666666666666 
6 0.35703125 0.3421875 0.009895833333333333 0.016666666666666666 
6 0.3640625 0.3453125 0.010416666666666666 0.015625 
6 0.37265625 0.3463541666666667 0.008854166666666666 0.014583333333333334 
6 0.5625 0.3502604166666667 0.015625 0.009895833333333333 
6 0.4778645833333333 0.33229166666666665 0.015104166666666667 0.009375 
6 0.475 0.33958333333333335 0.015625 0.009375 
6 0.48854166666666665 0.3419270833333333 0.011458333333333333 0.016145833333333335 
6 0.49635416666666665 0.3453125 0.0125 0.017708333333333333 
6 0.503125 0.34869791666666666 0.010416666666666666 0.0203125 
6 0.51171875 0.35052083333333334 0.011979166666666667 0.017708333333333333 
6 0.3111979166666667 0.32760416666666664 0.009895833333333333 0.017708333333333333 
6 0.30390625 0.325 0.011979166666666667 0.01875 
6 0.42994791666666665 0.3234375 0.009895833333333333 0.017708333333333333 
6 0.3841145833333333 0.30885416666666665 0.009895833333333333 0.017708333333333333 
6 0.3463541666666667 0.29713541666666665 0.0125 0.019270833333333334 
6 0.359375 0.28619791666666666 0.014583333333333334 0.009895833333333333 
6 0.3546875 0.2986979166666667 0.010416666666666666 0.0171875 
6 0.36171875 0.3020833333333333 0.0109375 0.016666666666666666 
6 0.36875 0.30625 0.010416666666666666 0.017708333333333333 
6 0.3770833333333333 0.3065104166666667 0.011458333333333333 0.0171875 
6 0.3921875 0.3111979166666667 0.010416666666666666 0.018229166666666668 
6 0.42291666666666666 0.32135416666666666 0.011458333333333333 0.016666666666666666 
6 0.39947916666666666 0.31354166666666666 0.011458333333333333 0.017708333333333333 
6 0.4161458333333333 0.30416666666666664 0.013541666666666667 0.00625 
6 0.43072916666666666 0.30859375 0.013541666666666667 0.0067708333333333336 
6 0.44036458333333334 0.32447916666666665 0.0140625 0.025 
6 0.41484375 0.31979166666666664 0.011979166666666667 0.01875 
6 0.40651041666666665 0.3171875 0.0109375 0.01875 
6 0.0953125 0.72109375 0.01875 0.013020833333333334 
6 0.08932291666666667 0.7390625 0.019270833333333334 0.0125 
6 0.25234375 0.840625 0.008854166666666666 0.0125 
6 0.16848958333333333 0.7744791666666667 0.008854166666666666 0.016666666666666666 
6 0.20026041666666666 0.78359375 0.0109375 0.016145833333333335 
6 0.2078125 0.7864583333333334 0.010416666666666666 0.016666666666666666 
6 0.23958333333333334 0.796875 0.010416666666666666 0.017708333333333333 
6 0.24713541666666666 0.7984375 0.0109375 0.016666666666666666 
6 0.2552083333333333 0.8018229166666667 0.011458333333333333 0.018229166666666668 
6 0.26328125 0.8036458333333333 0.0109375 0.016666666666666666 
6 0.2703125 0.7838541666666666 0.0125 0.01875 
6 0.25390625 0.77890625 0.009895833333333333 0.0171875 
6 0.24557291666666667 0.7763020833333333 0.009895833333333333 0.018229166666666668 
6 0.23802083333333332 0.7739583333333333 0.010416666666666666 0.016666666666666666 
6 0.22994791666666667 0.7713541666666667 0.009895833333333333 0.016666666666666666 
6 0.22213541666666667 0.7682291666666666 0.011979166666666667 0.01875 
6 0.21432291666666667 0.7674479166666667 0.009895833333333333 0.016145833333333335 
6 0.20703125 0.76484375 0.009895833333333333 0.015104166666666667 
6 0.19895833333333332 0.7606770833333333 0.010416666666666666 0.0171875 
6 0.18359375 0.7807291666666667 0.009895833333333333 0.016666666666666666 
6 0.1609375 0.7716145833333333 0.011458333333333333 0.015104166666666667 
6 0.1828125 0.75703125 0.011458333333333333 0.018229166666666668 
6 0.15260416666666668 0.7705729166666667 0.009375 0.0171875 
6 0.23619791666666667 0.8348958333333333 0.0109375 0.016666666666666666 
6 0.22786458333333334 0.83359375 0.0109375 0.0171875 
6 0.22083333333333333 0.8317708333333333 0.010416666666666666 0.014583333333333334 
6 0.21380208333333334 0.8278645833333333 0.011979166666666667 0.0171875 
6 0.20520833333333333 0.8255208333333334 0.009375 0.0125 
6 0.19791666666666666 0.82421875 0.010416666666666666 0.016145833333333335 
6 0.19036458333333334 0.8223958333333333 0.009895833333333333 0.015625 
6 0.18307291666666667 0.8182291666666667 0.0109375 0.017708333333333333 
6 0.17447916666666666 0.81640625 0.009375 0.015104166666666667 
6 0.16770833333333332 0.8145833333333333 0.009375 0.013541666666666667 
6 0.16015625 0.8119791666666667 0.0109375 0.017708333333333333 
6 0.15208333333333332 0.8096354166666667 0.009375 0.015104166666666667 
6 0.14427083333333332 0.8067708333333333 0.010416666666666666 0.016666666666666666 
6 0.13697916666666668 0.80390625 0.011458333333333333 0.018229166666666668 
6 0.14505208333333333 0.7671875 0.0109375 0.017708333333333333 
6 0.190625 0.7591145833333334 0.009375 0.0171875 
6 0.175 0.7541666666666667 0.009375 0.016666666666666666 
6 0.26614583333333336 0.8442708333333333 0.0125 0.008333333333333333 
6 0.22552083333333334 0.7286458333333333 0.011458333333333333 0.01875 
6 0.24166666666666667 0.73359375 0.010416666666666666 0.018229166666666668 
6 0.25026041666666665 0.7354166666666667 0.0109375 0.016666666666666666 
6 0.25755208333333335 0.7377604166666667 0.009895833333333333 0.0171875 
6 0.2734375 0.74296875 0.010416666666666666 0.0171875 
6 0.28177083333333336 0.7455729166666667 0.011458333333333333 0.019270833333333334 
6 0.28828125 0.7239583333333334 0.011979166666666667 0.019791666666666666 
6 0.28098958333333335 0.7200520833333334 0.0140625 0.022395833333333334 
6 0.27239583333333334 0.7184895833333333 0.0125 0.021354166666666667 
6 0.2640625 0.71484375 0.013541666666666667 0.022395833333333334 
6 0.2557291666666667 0.7125 0.0125 0.021875 
6 0.5895833333333333 0.87734375 0.015625 0.025520833333333333 
6 0.5776041666666667 0.8739583333333333 0.013541666666666667 0.022916666666666665 
6 0.5677083333333334 0.8713541666666667 0.0125 0.020833333333333332 
6 0.5572916666666666 0.8703125 0.014583333333333334 0.025 
6 0.58671875 0.846875 0.015104166666666667 0.026041666666666668 
6 0.234375 0.7315104166666667 0.011458333333333333 0.018229166666666668 
6 0.24713541666666666 0.7096354166666666 0.011979166666666667 0.021354166666666667 
6 0.16770833333333332 0.7513020833333334 0.009375 0.0171875 
6 0.23880208333333333 0.7075520833333333 0.011979166666666667 0.021354166666666667 
6 0.159375 0.74921875 0.011458333333333333 0.018229166666666668 
6 0.15130208333333334 0.746875 0.0109375 0.017708333333333333 
6 0.16380208333333332 0.7096354166666666 0.009895833333333333 0.016145833333333335 
6 0.17916666666666667 0.7138020833333333 0.010416666666666666 0.0171875 
6 0.18697916666666667 0.7166666666666667 0.011458333333333333 0.01875 
6 0.19505208333333332 0.71953125 0.009895833333333333 0.018229166666666668 
6 0.20234375 0.7221354166666667 0.0109375 0.019270833333333334 
6 0.21145833333333333 0.7234375 0.010416666666666666 0.016666666666666666 
6 0.21848958333333332 0.7265625 0.009895833333333333 0.017708333333333333 
6 0.17864583333333334 0.6911458333333333 0.010416666666666666 0.016666666666666666 
6 0.18802083333333333 0.6919270833333333 0.014583333333333334 0.022395833333333334 
6 0.19609375 0.6942708333333333 0.0109375 0.019791666666666666 
6 0.21328125 0.7 0.013020833333333334 0.020833333333333332 
6 0.22161458333333334 0.703125 0.011979166666666667 0.020833333333333332 
6 0.2296875 0.70546875 0.011458333333333333 0.0203125 
6 0.24401041666666667 0.8375 0.008854166666666666 0.01875 
6 0.26276041666666666 0.8502604166666666 0.0140625 0.008854166666666666 
6 0.06302083333333333 0.7705729166666667 0.008333333333333333 0.013020833333333334 
12 0.09895833333333333 0.6783854166666666 0.11145833333333334 0.22239583333333332 
12 0.22916666666666666 0.715625 0.13854166666666667 0.08125 
12 0.21119791666666668 0.7760416666666666 0.13697916666666668 0.07708333333333334 
12 0.20104166666666667 0.8268229166666666 0.14270833333333333 0.06302083333333333 
12 0.15078125 0.6966145833333334 0.08697916666666666 0.2140625 
12 0.49114583333333334 0.72109375 0.29375 0.14635416666666667 
12 0.45859375 0.8192708333333333 0.29010416666666666 0.14270833333333333 
12 0.43671875 0.8924479166666667 0.29322916666666665 0.11510416666666666 
12 0.7338541666666667 0.78828125 0.14583333333333334 0.0890625 
12 0.7098958333333333 0.8580729166666666 0.13958333333333334 0.0796875 
12 0.6893229166666667 0.9174479166666667 0.13802083333333334 0.0796875 
12 0.6674479166666667 0.9677083333333333 0.14635416666666667 0.06458333333333334 
12 0.89453125 0.9119791666666667 0.0890625 0.17708333333333334 
6 0.09713541666666667 0.42526041666666664 0.0328125 0.021354166666666667 
6 -0.011979166666666667 0.7502604166666667 0.035416666666666666 0.11614583333333334 
6 0.15078125 0.8544270833333333 0.015104166666666667 0.0234375 
12 0.2518229166666667 0.64296875 0.14635416666666667 0.09635416666666667 
12 0.7838541666666666 0.6348958333333333 0.13333333333333333 0.08229166666666667 
6 0.5734375 0.9356770833333333 0.015625 0.009895833333333333 
12 0.8067708333333333 0.5567708333333333 0.13125 0.07708333333333334 
12 0.020833333333333332 0.3294270833333333 0.06354166666666666 0.10677083333333333 
12 0.035416666666666666 0.5911458333333334 0.07916666666666666 0.10625 
12 0.20026041666666666 0.3484375 0.1171875 0.225 
12 0.3182291666666667 0.4817708333333333 0.14375 0.090625 
12 0.34140625 0.41432291666666665 0.1359375 0.07864583333333333 
12 0.3609375 0.3536458333333333 0.1375 0.07604166666666666 
12 0.37552083333333336 0.3026041666666667 0.12916666666666668 0.06145833333333333 
12 0.26848958333333334 0.375 0.0984375 0.22395833333333334 
12 0.55 0.55859375 0.278125 0.13072916666666667 
12 0.5768229166666666 0.49322916666666666 0.2703125 0.11979166666666667 
12 0.5934895833333333 0.4322916666666667 0.2640625 0.11875 
12 0.53828125 0.35546875 0.14322916666666666 0.06614583333333333 
12 0.68125 0.39427083333333335 0.14166666666666666 0.065625 
12 0.8330729166666667 0.44817708333333334 0.13489583333333333 0.0578125 
12 0.825 0.49895833333333334 0.13229166666666667 0.07083333333333333 
6 0.5661458333333333 0.9489583333333333 0.013541666666666667 0.009375 
6 0.57578125 0.9278645833333333 0.0140625 0.008854166666666666 
6 0.303125 0.8424479166666666 0.0125 0.0078125 
6 0.421875 0.8838541666666667 0.0125 0.019791666666666666 
6 0.40260416666666665 0.8794270833333333 0.013541666666666667 0.022395833333333334 
6 0.39348958333333334 0.8731770833333333 0.015104166666666667 0.024479166666666666 
6 0.3846354166666667 0.89140625 0.011979166666666667 0.005729166666666666 
6 0.38333333333333336 0.8713541666666667 0.014583333333333334 0.023958333333333335 
6 0.3729166666666667 0.86875 0.0125 0.023958333333333335 
6 0.36380208333333336 0.8669270833333333 0.013020833333333334 0.021354166666666667 
6 0.3533854166666667 0.8638020833333333 0.011979166666666667 0.021354166666666667 
6 0.34453125 0.86015625 0.015104166666666667 0.024479166666666666 
6 0.3346354166666667 0.8578125 0.0140625 0.022916666666666665 
6 0.32786458333333335 0.87421875 0.013020833333333334 0.008854166666666666 
6 0.3140625 0.8692708333333333 0.0125 0.008333333333333333 
6 0.32369791666666664 0.8546875 0.0140625 0.022916666666666665 
6 0.29713541666666665 0.8643229166666667 0.015104166666666667 0.009895833333333333 
6 0.29765625 0.8567708333333334 0.0140625 0.008333333333333333 
6 0.30104166666666665 0.85 0.013541666666666667 0.008333333333333333 
6 0.4125 0.8825520833333333 0.013541666666666667 0.021354166666666667 
6 0.4322916666666667 0.8895833333333333 0.015625 0.022916666666666665 
6 0.5604166666666667 0.9286458333333333 0.015625 0.023958333333333335 
6 0.44375 0.8916666666666667 0.0125 0.020833333333333332 
6 0.5505208333333333 0.9268229166666667 0.014583333333333334 0.022395833333333334 
6 0.5330729166666667 0.93828125 0.009895833333333333 0.008854166666666666 
6 0.5419270833333333 0.9221354166666667 0.016145833333333335 0.0265625 
6 0.5322916666666667 0.9169270833333333 0.015625 0.0234375 
6 0.5213541666666667 0.9158854166666667 0.014583333333333334 0.024479166666666666 
6 0.5122395833333333 0.9125 0.0140625 0.023958333333333335 
6 0.5057291666666667 0.9302083333333333 0.0125 0.009375 
6 0.475 0.9203125 0.0125 0.008333333333333333 
6 0.4473958333333333 0.91171875 0.014583333333333334 0.009895833333333333 
6 0.5018229166666667 0.9109375 0.015104166666666667 0.023958333333333335 
6 0.49140625 0.9075520833333334 0.0140625 0.022395833333333334 
6 0.4822916666666667 0.90390625 0.011458333333333333 0.021354166666666667 
6 0.47291666666666665 0.90078125 0.014583333333333334 0.0234375 
6 0.4627604166666667 0.8989583333333333 0.0140625 0.021875 
6 0.453125 0.8947916666666667 0.014583333333333334 0.023958333333333335 
6 0.5981770833333333 0.8486979166666667 0.016145833333333335 0.0296875 
6 0.5768229166666666 0.8421875 0.015104166666666667 0.026041666666666668 
6 0.5658854166666667 0.8416666666666667 0.015104166666666667 0.025 
6 0.29401041666666666 0.6760416666666667 0.013020833333333334 0.020833333333333332 
6 0.3106770833333333 0.6486979166666667 0.0171875 0.028645833333333332 
6 0.29921875 0.6416666666666667 0.019270833333333334 0.034375 
6 0.28489583333333335 0.63671875 0.016666666666666666 0.028645833333333332 
6 0.27265625 0.6364583333333333 0.0171875 0.030208333333333334 
6 0.28489583333333335 0.6755208333333333 0.014583333333333334 0.025 
6 0.27734375 0.6708333333333333 0.013020833333333334 0.019791666666666666 
6 0.26979166666666665 0.6677083333333333 0.011458333333333333 0.01875 
6 0.26145833333333335 0.665625 0.0125 0.020833333333333332 
6 0.25234375 0.6635416666666667 0.013020833333333334 0.021875 
6 0.24348958333333334 0.66171875 0.013020833333333334 0.022395833333333334 
6 0.23515625 0.6578125 0.011979166666666667 0.019791666666666666 
6 0.22682291666666668 0.6552083333333333 0.011979166666666667 0.019791666666666666 
6 0.24713541666666666 0.628125 0.019270833333333334 0.03229166666666667 
6 0.23645833333333333 0.6229166666666667 0.020833333333333332 0.035416666666666666 
6 0.22213541666666667 0.6197916666666666 0.0203125 0.035416666666666666 
6 0.32421875 0.6609375 0.027604166666666666 0.041666666666666664 
6 0.30234375 0.6802083333333333 0.0109375 0.019791666666666666 
6 0.18541666666666667 0.5981770833333333 0.015625 0.009895833333333333 
6 0.36744791666666665 0.64609375 0.011979166666666667 0.0067708333333333336 
6 0.5255208333333333 0.7153645833333333 0.015625 0.027604166666666666 
6 0.51328125 0.7111979166666667 0.018229166666666668 0.028645833333333332 
6 0.5026041666666666 0.7065104166666667 0.016666666666666666 0.0265625 
6 0.4903645833333333 0.703125 0.016145833333333335 0.025 
6 0.4783854166666667 0.7018229166666666 0.0171875 0.0296875 
6 0.4669270833333333 0.6979166666666666 0.015104166666666667 0.025 
6 0.4549479166666667 0.6932291666666667 0.016145833333333335 0.029166666666666667 
6 0.44453125 0.6875 0.0171875 0.03125 
6 0.43333333333333335 0.6848958333333334 0.016666666666666666 0.027083333333333334 
6 0.4205729166666667 0.6822916666666666 0.0171875 0.027083333333333334 
6 0.40911458333333334 0.6760416666666667 0.015104166666666667 0.025 
6 0.39791666666666664 0.6731770833333334 0.01875 0.03177083333333333 
6 0.38567708333333334 0.6716145833333333 0.0203125 0.030729166666666665 
6 0.3736979166666667 0.6666666666666666 0.0171875 0.029166666666666667 
6 0.3609375 0.6661458333333333 0.019791666666666666 0.030208333333333334 
6 0.19739583333333333 0.6130208333333333 0.017708333333333333 0.029166666666666667 
6 0.17994791666666668 0.6046875 0.018229166666666668 0.010416666666666666 
6 0.5578125 0.8375 0.017708333333333333 0.029166666666666667 
6 0.14401041666666667 0.7161458333333334 0.0203125 0.0125 
6 0.13854166666666667 0.7341145833333333 0.01875 0.011979166666666667 
6 0.13463541666666667 0.7421875 0.0203125 0.0125 
6 0.13333333333333333 0.7510416666666667 0.017708333333333333 0.010416666666666666 
6 0.13072916666666667 0.7598958333333333 0.01875 0.010416666666666666 
6 0.12734375 0.7690104166666667 0.0203125 0.011979166666666667 
6 0.12317708333333334 0.77734375 0.022395833333333334 0.0140625 
6 0.12135416666666667 0.7864583333333334 0.019791666666666666 0.011458333333333333 
6 0.11901041666666666 0.7950520833333333 0.019270833333333334 0.011979166666666667 
6 0.09635416666666667 0.7989583333333333 0.013541666666666667 0.008333333333333333 
6 0.07630208333333334 0.7822916666666667 0.019270833333333334 0.0125 
6 0.07786458333333333 0.7734375 0.0171875 0.011458333333333333 
6 0.08046875 0.7645833333333333 0.018229166666666668 0.011458333333333333 
6 0.08541666666666667 0.7565104166666666 0.020833333333333332 0.013020833333333334 
6 0.08723958333333333 0.74765625 0.0203125 0.011979166666666667 
6 0.06744791666666666 0.7583333333333333 0.0078125 0.011458333333333333 
6 0.14140625 0.7252604166666666 0.0203125 0.011979166666666667 
6 0.14739583333333334 0.7078125 0.020833333333333332 0.0125 
6 0.17708333333333334 0.6122395833333333 0.01875 0.0109375 
6 0.14765625 0.6986979166666667 0.021354166666666667 0.0109375 
6 0.17421875 0.6200520833333333 0.018229166666666668 0.008854166666666666 
6 0.171875 0.6278645833333333 0.01875 0.0109375 
6 0.17005208333333333 0.6361979166666667 0.018229166666666668 0.011979166666666667 
6 0.21875 0.6528645833333333 0.0125 0.019270833333333334 
6 0.21015625 0.6505208333333333 0.013020833333333334 0.020833333333333332 
6 0.20208333333333334 0.6466145833333333 0.0125 0.018229166666666668 
6 0.19322916666666667 0.6453125 0.014583333333333334 0.021875 
6 0.18567708333333333 0.6427083333333333 0.0140625 0.022916666666666665 
6 0.16744791666666667 0.6440104166666667 0.018229166666666668 0.0109375 
6 0.16484375 0.6515625 0.019270833333333334 0.011458333333333333 
6 0.16223958333333333 0.659375 0.0171875 0.010416666666666666 
6 0.159375 0.6669270833333333 0.01875 0.011979166666666667 
6 0.1578125 0.675 0.017708333333333333 0.010416666666666666 
6 0.1546875 0.6828125 0.01875 0.011458333333333333 
6 0.15078125 0.6901041666666666 0.0203125 0.011458333333333333 
6 0.5364583333333334 0.7190104166666667 0.016666666666666666 0.0296875 
6 0.5484375 0.7208333333333333 0.016666666666666666 0.027083333333333334 
6 0.559375 0.72578125 0.016666666666666666 0.028645833333333332 
6 0.45807291666666666 0.8052083333333333 0.018229166666666668 0.030208333333333334 
6 0.4395833333333333 0.8309895833333333 0.013541666666666667 0.0203125 
6 0.42942708333333335 0.8278645833333333 0.0140625 0.0234375 
6 0.4197916666666667 0.8252604166666667 0.014583333333333334 0.0234375 
6 0.43515625 0.7989583333333333 0.015104166666666667 0.027083333333333334 
6 0.4239583333333333 0.79453125 0.015625 0.0265625 
6 0.40989583333333335 0.8223958333333333 0.0125 0.021875 
6 0.41354166666666664 0.7932291666666667 0.017708333333333333 0.027083333333333334 
6 0.4005208333333333 0.8200520833333333 0.014583333333333334 0.021354166666666667 
6 0.38984375 0.8174479166666667 0.016145833333333335 0.025520833333333333 
6 0.3802083333333333 0.81484375 0.015625 0.024479166666666666 
6 0.40286458333333336 0.78984375 0.0171875 0.027604166666666666 
6 0.3927083333333333 0.7861979166666667 0.015625 0.027604166666666666 
6 0.38177083333333334 0.7817708333333333 0.017708333333333333 0.030208333333333334 
6 0.37109375 0.81015625 0.0109375 0.0203125 
6 0.3515625 0.8041666666666667 0.010416666666666666 0.021875 
6 0.446875 0.8036458333333333 0.015625 0.029166666666666667 
6 0.4479166666666667 0.8341145833333333 0.011458333333333333 0.018229166666666668 
6 0.5247395833333334 0.75078125 0.0171875 0.027604166666666666 
6 0.47109375 0.8088541666666667 0.018229166666666668 0.030208333333333334 
6 0.5471354166666667 0.8346354166666666 0.0171875 0.0265625 
6 0.53828125 0.8630208333333333 0.0140625 0.022916666666666665 
6 0.52890625 0.8588541666666667 0.0140625 0.021875 
6 0.51875 0.8583333333333333 0.014583333333333334 0.022916666666666665 
6 0.53515625 0.8317708333333333 0.0140625 0.022916666666666665 
6 0.525 0.8276041666666667 0.015625 0.026041666666666668 
6 0.5143229166666666 0.8221354166666667 0.016145833333333335 0.028645833333333332 
6 0.50859375 0.8557291666666667 0.018229166666666668 0.028125 
6 0.49895833333333334 0.8513020833333333 0.015625 0.025520833333333333 
6 0.48932291666666666 0.8481770833333333 0.015104166666666667 0.025520833333333333 
6 0.4705729166666667 0.84140625 0.013020833333333334 0.0234375 
6 0.5033854166666667 0.8216145833333334 0.0171875 0.028645833333333332 
6 0.4921875 0.8184895833333333 0.016666666666666666 0.027604166666666666 
6 0.48098958333333336 0.8130208333333333 0.016145833333333335 0.026041666666666668 
6 0.46041666666666664 0.8372395833333334 0.013541666666666667 0.021354166666666667 
6 0.37005208333333334 0.7786458333333334 0.013020833333333334 0.027083333333333334 
6 0.3606770833333333 0.7747395833333334 0.016145833333333335 0.027604166666666666 
6 0.35104166666666664 0.7729166666666667 0.015625 0.027083333333333334 
6 0.3416666666666667 0.7677083333333333 0.015625 0.025 
6 0.6291666666666667 0.7494791666666667 0.017708333333333333 0.028125 
6 0.61796875 0.7434895833333334 0.018229166666666668 0.027604166666666666 
6 0.6203125 0.7783854166666667 0.014583333333333334 0.027604166666666666 
6 0.609375 0.778125 0.015625 0.028125 
6 0.5984375 0.7731770833333333 0.014583333333333334 0.027604166666666666 
6 0.6057291666666667 0.74140625 0.01875 0.028645833333333332 
6 0.5947916666666667 0.7359375 0.01875 0.03125 
6 0.5877604166666667 0.771875 0.015104166666666667 0.026041666666666668 
6 0.578125 0.76875 0.017708333333333333 0.03125 
6 0.5671875 0.7669270833333334 0.017708333333333333 0.0296875 
6 0.5838541666666667 0.7330729166666666 0.01875 0.028645833333333332 
6 0.5713541666666667 0.7299479166666667 0.019791666666666666 0.030729166666666665 
6 0.5575520833333333 0.76015625 0.016145833333333335 0.0265625 
6 0.5458333333333333 0.75859375 0.015625 0.0265625 
6 0.5348958333333333 0.75546875 0.014583333333333334 0.024479166666666666 
6 0.5026041666666666 0.7440104166666667 0.013541666666666667 0.025520833333333333 
6 0.49140625 0.7421875 0.0171875 0.03229166666666667 
6 0.4791666666666667 0.7377604166666667 0.015625 0.024479166666666666 
6 0.38203125 0.7059895833333333 0.013020833333333334 0.024479166666666666 
6 0.3296875 0.7666666666666667 0.013541666666666667 0.029166666666666667 
6 0.33151041666666664 0.7981770833333334 0.015104166666666667 0.024479166666666666 
6 0.32135416666666666 0.7955729166666666 0.0125 0.021354166666666667 
6 0.3515625 0.696875 0.016666666666666666 0.029166666666666667 
6 0.36223958333333334 0.6989583333333333 0.0171875 0.028125 
6 0.3723958333333333 0.7033854166666667 0.016666666666666666 0.0265625 
6 0.39296875 0.7065104166666667 0.0109375 0.021354166666666667 
6 0.46848958333333335 0.7328125 0.0171875 0.028125 
6 0.40208333333333335 0.71328125 0.015625 0.0265625 
6 0.4127604166666667 0.7177083333333333 0.016145833333333335 0.027083333333333334 
6 0.42473958333333334 0.7203125 0.0171875 0.028125 
6 0.4356770833333333 0.7229166666666667 0.016145833333333335 0.03125 
6 0.44557291666666665 0.7270833333333333 0.018229166666666668 0.03229166666666667 
6 0.45755208333333336 0.7296875 0.013020833333333334 0.021875 
6 0.6 0.5119791666666667 0.0125 0.020833333333333332 
6 0.59140625 0.509375 0.011979166666666667 0.019791666666666666 
6 0.58359375 0.5067708333333333 0.013020833333333334 0.020833333333333332 
6 0.9046875 0.8533854166666667 0.013541666666666667 0.008854166666666666 
6 0.9208333333333333 0.86875 0.016666666666666666 0.009375 
6 0.91875 0.8768229166666667 0.01875 0.0109375 
6 0.9005208333333333 0.8674479166666667 0.014583333333333334 0.009895833333333333 
6 0.9153645833333334 0.8846354166666667 0.018229166666666668 0.0109375 
6 0.89765625 0.8744791666666667 0.013020833333333334 0.009375 
6 0.9135416666666667 0.8921875 0.017708333333333333 0.011458333333333333 
6 0.9111979166666667 0.9002604166666667 0.018229166666666668 0.011979166666666667 
6 0.8947916666666667 0.8815104166666666 0.013541666666666667 0.008854166666666666 
6 0.8927083333333333 0.8893229166666666 0.014583333333333334 0.008854166666666666 
6 0.9091145833333333 0.90859375 0.019270833333333334 0.011979166666666667 
6 0.9052083333333333 0.9158854166666667 0.016666666666666666 0.0109375 
6 0.9044270833333333 0.9234375 0.0171875 0.010416666666666666 
6 0.90078125 0.93125 0.015104166666666667 0.009375 
6 0.8989583333333333 0.9380208333333333 0.014583333333333334 0.009375 
6 0.896875 0.946875 0.017708333333333333 0.011458333333333333 
6 0.9026041666666667 0.8606770833333334 0.014583333333333334 0.009895833333333333 
6 0.9221354166666667 0.8611979166666667 0.016145833333333335 0.009895833333333333 
6 0.88828125 0.9700520833333334 0.015104166666666667 0.009895833333333333 
6 0.9067708333333333 0.8458333333333333 0.014583333333333334 0.009375 
6 0.94140625 0.9385416666666667 0.015104166666666667 0.008333333333333333 
6 0.9458333333333333 0.9234375 0.014583333333333334 0.009375 
6 0.9484375 0.915625 0.014583333333333334 0.009375 
6 0.95078125 0.90703125 0.016145833333333335 0.009895833333333333 
6 0.953125 0.8984375 0.016666666666666666 0.011458333333333333 
6 0.95546875 0.8903645833333333 0.018229166666666668 0.011979166666666667 
6 0.9588541666666667 0.8825520833333333 0.017708333333333333 0.0109375 
6 0.96015625 0.8739583333333333 0.018229166666666668 0.010416666666666666 
6 0.9635416666666666 0.8669270833333333 0.016666666666666666 0.009895833333333333 
6 0.9661458333333334 0.85859375 0.017708333333333333 0.0109375 
6 0.9276041666666667 0.8260416666666667 0.03125 0.019791666666666666 
6 0.9302083333333333 0.8380208333333333 0.015625 0.010416666666666666 
6 0.9268229166666667 0.8455729166666667 0.0171875 0.0109375 
6 0.9252604166666667 0.8536458333333333 0.016145833333333335 0.010416666666666666 
6 0.90859375 0.8388020833333333 0.0140625 0.008854166666666666 
6 0.8903645833333333 0.9611979166666667 0.016145833333333335 0.011979166666666667 
6 0.88515625 0.9765625 0.015104166666666667 0.010416666666666666 
6 0.9333333333333333 0.9625 0.015625 0.010416666666666666 
4 0.07942708333333333 0.81796875 0.0109375 0.0078125 
4 0.07473958333333333 0.83359375 0.009895833333333333 0.0067708333333333336 
4 0.07447916666666667 0.8666666666666667 0.008333333333333333 0.0125 
4 0.08515625 0.8703125 0.008854166666666666 0.0125 
4 0.11588541666666667 0.8794270833333333 0.0078125 0.0109375 
4 0.12057291666666667 0.88046875 0.0078125 0.0109375 
4 0.11822916666666666 0.8921875 0.007291666666666667 0.009375 
4 0.14244791666666667 0.8869791666666667 0.008854166666666666 0.0125 
4 0.15286458333333333 0.8908854166666667 0.008854166666666666 0.0109375 
4 0.15442708333333333 0.8416666666666667 0.0109375 0.007291666666666667 
4 0.18151041666666667 0.8736979166666666 0.013020833333333334 0.008854166666666666 
4 0.20416666666666666 0.9174479166666667 0.008333333333333333 0.011979166666666667 
4 0.21276041666666667 0.91015625 0.0078125 0.011979166666666667 
4 0.29661458333333335 0.8924479166666667 0.013020833333333334 0.008854166666666666 
4 0.32838541666666665 0.91953125 0.011979166666666667 0.008854166666666666 
4 0.38723958333333336 0.9643229166666667 0.0078125 0.011979166666666667 
4 0.07317708333333334 0.8466145833333333 0.0140625 0.008854166666666666 
4 0.03802083333333333 0.8088541666666667 0.007291666666666667 0.009375 
6 0.884375 0.9848958333333333 0.016666666666666666 0.010416666666666666 
4 0.028125 0.80625 0.007291666666666667 0.011458333333333333 
6 0.8809895833333333 0.9921875 0.016145833333333335 0.009375 
6 0.8627604166666667 0.9846354166666667 0.0140625 0.008854166666666666 
6 0.86484375 0.9770833333333333 0.0140625 0.008333333333333333 
6 0.8690104166666667 0.9625 0.0171875 0.009375 
6 0.871875 0.9557291666666666 0.014583333333333334 0.009375 
6 0.8744791666666667 0.9486979166666667 0.014583333333333334 0.009895833333333333 
6 0.8763020833333334 0.9416666666666667 0.015104166666666667 0.009375 
6 0.8796875 0.9341145833333333 0.013541666666666667 0.008854166666666666 
6 0.8815104166666666 0.9263020833333333 0.0140625 0.008854166666666666 
6 0.8841145833333334 0.9182291666666667 0.011979166666666667 0.008333333333333333 
6 0.88671875 0.9114583333333334 0.015104166666666667 0.010416666666666666 
6 0.88828125 0.9041666666666667 0.013020833333333334 0.009375 
6 0.8895833333333333 0.8963541666666667 0.015625 0.009375 
6 0.93671875 0.9544270833333334 0.016145833333333335 0.0109375 
6 0.9299479166666667 0.9703125 0.0171875 0.010416666666666666 
6 0.57578125 0.5041666666666667 0.013020833333333334 0.021875 
6 0.6674479166666667 0.8549479166666667 0.011979166666666667 0.018229166666666668 
6 0.6520833333333333 0.84921875 0.011458333333333333 0.0171875 
6 0.6434895833333333 0.8354166666666667 0.022395833333333334 0.036458333333333336 
6 0.6578125 0.8278645833333333 0.011458333333333333 0.019270833333333334 
6 0.66640625 0.8309895833333333 0.0109375 0.019270833333333334 
6 0.6755208333333333 0.8328125 0.011458333333333333 0.019791666666666666 
6 0.6830729166666667 0.8361979166666667 0.0109375 0.019270833333333334 
6 0.6919270833333333 0.8390625 0.0109375 0.019791666666666666 
6 0.7010416666666667 0.840625 0.0125 0.020833333333333332 
6 0.7091145833333333 0.8440104166666667 0.011979166666666667 0.0203125 
6 0.7877604166666666 0.8213541666666667 0.0109375 0.019791666666666666 
6 0.7942708333333334 0.7971354166666667 0.013541666666666667 0.024479166666666666 
6 0.7846354166666667 0.7916666666666666 0.018229166666666668 0.029166666666666667 
6 0.7794270833333333 0.8205729166666667 0.013020833333333334 0.021354166666666667 
6 0.7713541666666667 0.8166666666666667 0.011458333333333333 0.019791666666666666 
6 0.7638020833333333 0.8135416666666667 0.011979166666666667 0.019791666666666666 
6 0.6588541666666666 0.8533854166666667 0.013541666666666667 0.021354166666666667 
6 0.6744791666666666 0.85859375 0.013541666666666667 0.021354166666666667 
6 0.7721354166666666 0.7888020833333333 0.0140625 0.022395833333333334 
6 0.6825520833333333 0.8614583333333333 0.011979166666666667 0.021875 
6 0.7666666666666667 0.8614583333333333 0.0125 0.019791666666666666 
6 0.7526041666666666 0.8809895833333333 0.010416666666666666 0.016145833333333335 
6 0.7580729166666667 0.8591145833333333 0.0109375 0.019270833333333334 
6 0.7497395833333333 0.85703125 0.011979166666666667 0.019270833333333334 
6 0.7419270833333333 0.8533854166666667 0.011979166666666667 0.018229166666666668 
6 0.7338541666666667 0.8510416666666667 0.013541666666666667 0.020833333333333332 
6 0.7450520833333333 0.87890625 0.009895833333333333 0.016145833333333335 
6 0.7294270833333333 0.8747395833333333 0.011979166666666667 0.019270833333333334 
6 0.7213541666666666 0.8713541666666667 0.011458333333333333 0.017708333333333333 
6 0.725 0.8484375 0.011458333333333333 0.019791666666666666 
6 0.7169270833333333 0.846875 0.009895833333333333 0.015625 
6 0.7138020833333333 0.86953125 0.0109375 0.019270833333333334 
6 0.7057291666666666 0.8684895833333334 0.013541666666666667 0.022395833333333334 
6 0.6979166666666666 0.8645833333333334 0.0125 0.020833333333333332 
6 0.690625 0.8622395833333333 0.010416666666666666 0.0171875 
6 0.7549479166666667 0.8119791666666667 0.013020833333333334 0.020833333333333332 
6 0.7619791666666667 0.7854166666666667 0.015625 0.026041666666666668 
6 0.9294270833333333 0.97890625 0.016145833333333335 0.008854166666666666 
6 0.9838541666666667 0.87265625 0.017708333333333333 0.011979166666666667 
6 0.9786458333333333 0.8875 0.015625 0.010416666666666666 
6 0.9768229166666667 0.8958333333333334 0.016145833333333335 0.010416666666666666 
6 0.9744791666666667 0.9036458333333334 0.016666666666666666 0.011458333333333333 
6 0.971875 0.91171875 0.016666666666666666 0.0109375 
6 0.9700520833333334 0.91875 0.016145833333333335 0.011458333333333333 
6 0.9669270833333333 0.9263020833333333 0.0171875 0.0109375 
6 0.9643229166666667 0.9341145833333333 0.015104166666666667 0.009895833333333333 
6 0.9622395833333334 0.9416666666666667 0.013020833333333334 0.010416666666666666 
6 0.9596354166666666 0.9497395833333333 0.016145833333333335 0.009895833333333333 
6 0.9567708333333333 0.9572916666666667 0.016666666666666666 0.011458333333333333 
6 0.9549479166666667 0.965625 0.0171875 0.0125 
6 0.9518229166666666 0.9729166666666667 0.0171875 0.011458333333333333 
6 0.95 0.9807291666666667 0.016666666666666666 0.011458333333333333 
6 0.9239583333333333 0.99453125 0.016666666666666666 0.009895833333333333 
6 0.92578125 0.9869791666666666 0.015104166666666667 0.010416666666666666 
6 0.9815104166666667 0.88046875 0.0171875 0.011979166666666667 
6 0.9869791666666666 0.86484375 0.016666666666666666 0.0109375 
6 0.74921875 0.7817708333333333 0.015104166666666667 0.025 
6 0.9895833333333334 0.85703125 0.017708333333333333 0.011979166666666667 
6 0.7380208333333333 0.7783854166666667 0.014583333333333334 0.024479166666666666 
6 0.72734375 0.7744791666666667 0.016145833333333335 0.026041666666666668 
6 0.7161458333333334 0.7697916666666667 0.017708333333333333 0.028125 
6 0.69296875 0.7638020833333333 0.0171875 0.024479166666666666 
6 0.6807291666666667 0.7609375 0.015625 0.023958333333333335 
6 0.6658854166666667 0.76484375 0.03177083333333333 0.05364583333333333 
6 0.6807291666666667 0.7877604166666666 0.0125 0.019270833333333334 
6 0.6885416666666667 0.790625 0.0125 0.019791666666666666 
6 0.6966145833333334 0.7934895833333333 0.013020833333333334 0.0203125 
6 0.70546875 0.7958333333333333 0.013020833333333334 0.020833333333333332 
6 0.71328125 0.79921875 0.013020833333333334 0.022395833333333334 
6 0.7307291666666667 0.803125 0.013541666666666667 0.01875 
6 0.7390625 0.8057291666666667 0.0125 0.017708333333333333 
6 0.7471354166666667 0.8083333333333333 0.011979166666666667 0.019791666666666666 
12 0.9565104166666667 0.91953125 0.08489583333333334 0.1609375 
4 0.38307291666666665 0.9763020833333333 0.008854166666666666 0.011979166666666667 
4 0.4549479166666667 0.9486979166666667 0.011979166666666667 0.008854166666666666 
4 0.4635416666666667 0.9630208333333333 0.0125 0.010416666666666666 
6 0.027083333333333334 0.565625 0.009375 0.007291666666666667 
6 0.08098958333333334 0.7143229166666667 0.008854166666666666 0.0109375 
6 0.07083333333333333 0.74453125 0.010416666666666666 0.013020833333333334 
6 0.17161458333333332 0.6869791666666667 0.015104166666666667 0.023958333333333335 
4 0.25703125 0.18723958333333332 0.011979166666666667 0.0067708333333333336 
4 0.2375 0.16354166666666667 0.0125 0.008333333333333333 
4 0.24010416666666667 0.15755208333333334 0.010416666666666666 0.0078125 
4 0.2265625 0.19348958333333333 0.013541666666666667 0.008854166666666666 
4 0.53203125 0.25677083333333334 0.008854166666666666 0.011458333333333333 
4 0.76484375 0.221875 0.011979166666666667 0.010416666666666666 
2 0.8731770833333333 0.7471354166666667 0.0546875 0.09427083333333333 
6 0.5651041666666666 0.59140625 0.009375 0.008854166666666666 
6 0.5875 0.5979166666666667 0.008333333333333333 0.007291666666666667 
6 0.6190104166666667 0.6067708333333334 0.008854166666666666 0.007291666666666667 
6 0.6096354166666667 0.6046875 0.009895833333333333 0.00625 
6 0.5174479166666667 0.33619791666666665 0.0078125 0.0067708333333333336 
6 0.013541666666666667 0.60390625 0.00625 0.0109375 
6 0.0796875 0.40729166666666666 0.007291666666666667 0.010416666666666666 
6 0.72578125 0.4622395833333333 0.016145833333333335 0.0234375 
6 0.08307291666666666 0.3953125 0.008854166666666666 0.011458333333333333 
6 0.14296875 0.2546875 0.009895833333333333 0.008333333333333333 
6 0.14348958333333334 0.24869791666666666 0.0109375 0.0067708333333333336 
6 0.14479166666666668 0.2453125 0.010416666666666666 0.00625 
6 0.14583333333333334 0.24114583333333334 0.009375 0.00625 
6 0.14739583333333334 0.2375 0.011458333333333333 0.005208333333333333 
6 0.14817708333333332 0.234375 0.0109375 0.00625 
6 0.14973958333333334 0.23125 0.0109375 0.00625 
6 0.1609375 0.22708333333333333 0.010416666666666666 0.00625 
6 0.016666666666666666 0.3338541666666667 0.011458333333333333 0.00625 
6 0.017708333333333333 0.3299479166666667 0.010416666666666666 0.005729166666666666 
6 0.01796875 0.32708333333333334 0.0109375 0.005208333333333333 
6 0.019010416666666665 0.32369791666666664 0.0109375 0.005729166666666666 
6 0.020833333333333332 0.3203125 0.009375 0.005208333333333333 
6 0.09921875 0.34661458333333334 0.0078125 0.009895833333333333 
6 0.09270833333333334 0.36432291666666666 0.008333333333333333 0.009895833333333333 
6 0.5872395833333334 0.35885416666666664 0.008854166666666666 0.00625 
6 0.9013020833333333 0.4942708333333333 0.005729166666666666 0.008333333333333333 
4 0.3984375 0.9815104166666667 0.007291666666666667 0.0109375 
6 0.6645833333333333 0.978125 0.010416666666666666 0.007291666666666667 
6 0.34296875 0.8778645833333333 0.009895833333333333 0.0067708333333333336 
6 0.35598958333333336 0.8825520833333333 0.009895833333333333 0.0067708333333333336 
6 0.14140625 0.8200520833333333 0.0078125 0.005729166666666666 
6 0.14765625 0.821875 0.0078125 0.00625 
6 0.19557291666666668 0.8375 0.0078125 0.00625 
6 0.020833333333333332 0.6247395833333333 0.00625 0.0109375 
6 0.09375 0.6078125 0.007291666666666667 0.009375 
6 0.020572916666666666 0.6083333333333333 0.0078125 0.010416666666666666 
6 0.021614583333333333 0.5984375 0.0067708333333333336 0.010416666666666666 
6 0.15260416666666668 0.8236979166666667 0.00625 0.005729166666666666 
6 0.1578125 0.8252604166666667 0.00625 0.005729166666666666 
6 0.16354166666666667 0.82734375 0.007291666666666667 0.005729166666666666 
6 0.1703125 0.8286458333333333 0.00625 0.004166666666666667 
6 0.17578125 0.8309895833333333 0.0067708333333333336 0.005729166666666666 
6 0.18203125 0.83359375 0.0067708333333333336 0.005729166666666666 
6 0.709375 0.99296875 0.011458333333333333 0.0078125 
6 0.60703125 0.9434895833333333 0.0140625 0.009895833333333333 
6 0.76640625 0.50078125 0.0078125 0.005729166666666666 
6 0.5708333333333333 0.9434895833333333 0.011458333333333333 0.0078125 
6 0.8205729166666667 0.48671875 0.008854166666666666 0.011979166666666667 
6 0.8291666666666667 0.48880208333333336 0.010416666666666666 0.016145833333333335 
6 0.8533854166666667 0.6440104166666667 0.0067708333333333336 0.008854166666666666 
6 0.74453125 0.5369791666666667 0.009895833333333333 0.00625 
6 0.5622395833333333 0.82265625 0.008854166666666666 0.0067708333333333336 
6 0.4744791666666667 0.7869791666666667 0.00625 0.008333333333333333 
6 0.4830729166666667 0.6833333333333333 0.009895833333333333 0.007291666666666667 
6 0.5403645833333334 0.70234375 0.008854166666666666 0.0067708333333333336 
6 0.4981770833333333 0.7572916666666667 0.009895833333333333 0.007291666666666667 
6 0.60390625 0.9606770833333333 0.016145833333333335 0.009895833333333333 
6 0.6684895833333333 0.9322916666666666 0.008854166666666666 0.005208333333333333 
6 0.7684895833333333 0.9151041666666667 0.005729166666666666 0.007291666666666667 
6 0.6239583333333333 0.8916666666666667 0.020833333333333332 0.029166666666666667 
6 0.4859375 0.9229166666666667 0.008333333333333333 0.007291666666666667 
6 0.4942708333333333 0.9255208333333333 0.008333333333333333 0.005208333333333333 
6 0.14244791666666667 0.25885416666666666 0.008854166666666666 0.005208333333333333 
6 0.14088541666666668 0.2630208333333333 0.008854166666666666 0.005208333333333333 
6 0.1390625 0.26588541666666665 0.008333333333333333 0.0067708333333333336 
4 0.7096354166666666 0.2078125 0.009895833333333333 0.010416666666666666 
4 0.68046875 0.30546875 0.0078125 0.0109375 
4 0.6661458333333333 0.2986979166666667 0.00625 0.0109375 
4 0.6622395833333333 0.3098958333333333 0.0067708333333333336 0.011458333333333333 
4 0.6515625 0.3065104166666667 0.007291666666666667 0.011979166666666667 
4 0.65546875 0.2953125 0.009895833333333333 0.013541666666666667 
4 0.6348958333333333 0.2875 0.008333333333333333 0.0125 
4 0.6419270833333334 0.3028645833333333 0.0078125 0.013020833333333334 
4 0.6359375 0.30130208333333336 0.007291666666666667 0.011979166666666667 
4 0.6221354166666667 0.29791666666666666 0.0078125 0.011458333333333333 
4 0.6197916666666666 0.2830729166666667 0.00625 0.013020833333333334 
4 0.5880208333333333 0.28229166666666666 0.009375 0.016666666666666666 
4 0.66484375 0.26875 0.0078125 0.011458333333333333 
4 0.5765625 0.24270833333333333 0.007291666666666667 0.011458333333333333 
4 0.5234375 0.26666666666666666 0.008333333333333333 0.011458333333333333 
4 0.5463541666666667 0.3033854166666667 0.00625 0.009895833333333333 
4 0.715625 0.28619791666666666 0.007291666666666667 0.013020833333333334 
4 0.7640625 0.24921875 0.011458333333333333 0.009895833333333333 
6 0.13880208333333333 0.27005208333333336 0.008854166666666666 0.0067708333333333336 
4 0.8828125 0.26875 0.011458333333333333 0.008333333333333333 
4 0.41692708333333334 0.9736979166666667 0.009895833333333333 0.013020833333333334 
4 0.4270833333333333 0.9770833333333333 0.009375 0.0125 
4 0.43802083333333336 0.9807291666666667 0.008333333333333333 0.013541666666666667 
4 0.4596354166666667 0.9869791666666666 0.008854166666666666 0.0125 
4 0.46901041666666665 0.99140625 0.008854166666666666 0.013020833333333334 
4 0.82421875 0.8802083333333334 0.0078125 0.0125 
4 0.8557291666666667 0.4002604166666667 0.008333333333333333 0.011979166666666667 
4 0.85078125 0.39869791666666665 0.0067708333333333336 0.0109375 
4 0.85234375 0.37109375 0.005729166666666666 0.0109375 
4 0.8575520833333333 0.371875 0.005729166666666666 0.010416666666666666 
4 0.8520833333333333 0.3567708333333333 0.009375 0.013541666666666667 
4 0.8260416666666667 0.3489583333333333 0.008333333333333333 0.0125 
4 0.8325520833333333 0.3640625 0.0067708333333333336 0.0125 
4 0.7841145833333333 0.36223958333333334 0.0109375 0.011979166666666667 
4 0.8174479166666667 0.31927083333333334 0.0078125 0.0125 
4 0.5924479166666666 0.31796875 0.0067708333333333336 0.0109375 
4 0.5033854166666667 0.25807291666666665 0.008854166666666666 0.013020833333333334 
4 0.3924479166666667 0.253125 0.0067708333333333336 0.011458333333333333 
4 0.3770833333333333 0.24947916666666667 0.007291666666666667 0.010416666666666666 
4 0.2598958333333333 0.1765625 0.0125 0.008333333333333333 
4 0.19661458333333334 0.1671875 0.013020833333333334 0.009375 
4 0.19869791666666667 0.16171875 0.011979166666666667 0.008854166666666666 
4 0.20104166666666667 0.15677083333333333 0.0125 0.009375 
4 0.3265625 0.20364583333333333 0.008333333333333333 0.0125 
4 0.8369791666666667 0.28854166666666664 0.0125 0.009375 
4 0.97265625 0.4109375 0.008854166666666666 0.0125 
4 0.8716145833333333 0.403125 0.0109375 0.015625 
6 0.9580729166666667 0.7130208333333333 0.024479166666666666 0.019791666666666666 
6 0.9786458333333333 0.71796875 0.020833333333333332 0.015104166666666667 
6 0.13671875 0.2559895833333333 0.0067708333333333336 0.009895833333333333 
6 0.1328125 0.2682291666666667 0.005208333333333333 0.008333333333333333 
6 0.12994791666666666 0.2760416666666667 0.0067708333333333336 0.010416666666666666 
6 0.13697916666666668 0.27734375 0.009375 0.0067708333333333336 
6 0.13802083333333334 0.27395833333333336 0.008333333333333333 0.005208333333333333 
4 0.26276041666666666 0.17161458333333332 0.0109375 0.0067708333333333336 
4 0.2638020833333333 0.16744791666666667 0.0109375 0.0067708333333333336 
4 0.26484375 0.159375 0.013020833333333334 0.007291666666666667 
4 0.29635416666666664 0.21197916666666666 0.011458333333333333 0.007291666666666667 
4 0.39427083333333335 0.21171875 0.008333333333333333 0.0109375 
4 0.38359375 0.20859375 0.0078125 0.013020833333333334 
4 0.3346354166666667 0.19244791666666666 0.0078125 0.0109375 
4 0.32890625 0.18984375 0.008854166666666666 0.011979166666666667 
4 0.309375 0.171875 0.0125 0.008333333333333333 
4 0.29765625 0.20677083333333332 0.013020833333333334 0.008333333333333333 
4 0.10494791666666667 0.20755208333333333 0.0109375 0.0067708333333333336 
4 0.22864583333333333 0.15546875 0.013541666666666667 0.008854166666666666 
4 0.22239583333333332 0.17552083333333332 0.009375 0.00625 
4 0.22317708333333333 0.17005208333333333 0.009895833333333333 0.0067708333333333336 
4 0.22473958333333333 0.16484375 0.009895833333333333 0.008854166666666666 
4 0.23619791666666667 0.16875 0.0109375 0.009375 
4 0.23489583333333333 0.17447916666666666 0.010416666666666666 0.008333333333333333 
4 0.23307291666666666 0.17942708333333332 0.0109375 0.008854166666666666 
6 0.7744791666666667 0.8640625 0.011458333333333333 0.019791666666666666 
6 0.7604166666666666 0.884375 0.011458333333333333 0.01875 
6 0.7684895833333333 0.88671875 0.011979166666666667 0.019270833333333334 
6 0.71796875 0.48046875 0.0109375 0.0171875 
6 0.70859375 0.47890625 0.011979166666666667 0.019270833333333334 
6 0.7013020833333333 0.4765625 0.0109375 0.015625 
6 0.7078125 0.45598958333333334 0.010416666666666666 0.0171875 
6 0.7013020833333333 0.4518229166666667 0.008854166666666666 0.015104166666666667 
6 0.6924479166666667 0.475 0.013020833333333334 0.019791666666666666 
6 0.6856770833333333 0.47161458333333334 0.0109375 0.018229166666666668 
6 0.6942708333333333 0.44869791666666664 0.011458333333333333 0.0171875 
6 0.6859375 0.4453125 0.0125 0.020833333333333332 
6 0.6783854166666666 0.4440104166666667 0.009895833333333333 0.0171875 
6 0.6700520833333333 0.44244791666666666 0.011979166666666667 0.019270833333333334 
6 0.66171875 0.4395833333333333 0.011979166666666667 0.019791666666666666 
6 0.6533854166666667 0.4359375 0.011979166666666667 0.020833333333333332 
6 0.6455729166666667 0.43307291666666664 0.013020833333333334 0.0203125 
6 0.6778645833333333 0.4700520833333333 0.009895833333333333 0.0171875 
6 0.67109375 0.46640625 0.011979166666666667 0.018229166666666668 
6 0.7151041666666667 0.4578125 0.010416666666666666 0.017708333333333333 
6 0.74609375 0.4078125 0.009895833333333333 0.007291666666666667 
6 0.6486979166666667 0.45989583333333334 0.009895833333333333 0.017708333333333333 
6 0.74296875 0.4153645833333333 0.013020833333333334 0.008854166666666666 
6 0.58046875 0.5817708333333333 0.0171875 0.028125 
6 0.6197916666666666 0.3776041666666667 0.011458333333333333 0.020833333333333332 
6 0.628125 0.37942708333333336 0.011458333333333333 0.0203125 
6 0.6369791666666667 0.38255208333333335 0.0125 0.021354166666666667 
6 0.6458333333333334 0.3854166666666667 0.0125 0.021875 
6 0.6541666666666667 0.38723958333333336 0.013541666666666667 0.0203125 
6 0.66171875 0.38984375 0.013020833333333334 0.0203125 
6 0.6697916666666667 0.3919270833333333 0.013541666666666667 0.0203125 
6 0.67734375 0.39453125 0.013020833333333334 0.019270833333333334 
6 0.6854166666666667 0.396875 0.011458333333333333 0.01875 
6 0.69296875 0.39947916666666666 0.009895833333333333 0.01875 
6 0.7075520833333333 0.40598958333333335 0.011979166666666667 0.018229166666666668 
6 0.7153645833333333 0.40572916666666664 0.0109375 0.017708333333333333 
6 0.72265625 0.40859375 0.009895833333333333 0.019270833333333334 
6 0.7416666666666667 0.42239583333333336 0.014583333333333334 0.009375 
6 0.65546875 0.4627604166666667 0.0109375 0.0171875 
6 0.6403645833333333 0.45703125 0.0109375 0.0171875 
6 0.8213541666666667 0.6614583333333334 0.013541666666666667 0.021875 
6 0.73515625 0.60859375 0.011979166666666667 0.016145833333333335 
6 0.7447916666666666 0.6083333333333333 0.014583333333333334 0.022916666666666665 
6 0.7541666666666667 0.6109375 0.013541666666666667 0.022916666666666665 
6 0.7630208333333334 0.61484375 0.013541666666666667 0.021354166666666667 
6 0.7723958333333333 0.6177083333333333 0.0125 0.021875 
6 0.78125 0.6203125 0.011458333333333333 0.019791666666666666 
6 0.7911458333333333 0.6236979166666666 0.0125 0.0203125 
6 0.77109375 0.6432291666666666 0.0140625 0.020833333333333332 
6 0.7786458333333334 0.6479166666666667 0.013541666666666667 0.019791666666666666 
6 0.7880208333333333 0.6497395833333334 0.0125 0.021354166666666667 
6 0.79609375 0.65234375 0.011979166666666667 0.0203125 
6 0.8091145833333333 0.6299479166666667 0.0140625 0.0234375 
6 0.8190104166666666 0.6322916666666667 0.013020833333333334 0.020833333333333332 
6 0.82890625 0.6348958333333333 0.015104166666666667 0.022916666666666665 
6 0.8369791666666667 0.6388020833333333 0.0125 0.021354166666666667 
6 0.8458333333333333 0.6393229166666666 0.011458333333333333 0.0234375 
6 0.7265625 0.5997395833333333 0.013541666666666667 0.021354166666666667 
6 0.7625 0.6403645833333333 0.013541666666666667 0.0203125 
6 0.6325520833333333 0.4552083333333333 0.011979166666666667 0.019791666666666666 
6 0.7536458333333333 0.6380208333333334 0.011458333333333333 0.01875 
6 0.6247395833333333 0.453125 0.011979166666666667 0.019791666666666666 
6 0.6174479166666667 0.45 0.0109375 0.016666666666666666 
6 0.6283854166666667 0.428125 0.013020833333333334 0.020833333333333332 
6 0.6192708333333333 0.42552083333333335 0.0125 0.021875 
6 0.6018229166666667 0.4205729166666667 0.013020833333333334 0.019270833333333334 
6 0.609375 0.4473958333333333 0.011458333333333333 0.017708333333333333 
6 0.6020833333333333 0.44505208333333335 0.011458333333333333 0.019270833333333334 
6 0.5947916666666667 0.44244791666666666 0.011458333333333333 0.018229166666666668 
6 0.6239583333333333 0.51953125 0.013541666666666667 0.022395833333333334 
6 0.6286458333333333 0.49557291666666664 0.0125 0.0171875 
6 0.6658854166666667 0.5078125 0.011979166666666667 0.017708333333333333 
6 0.7171875 0.62578125 0.01875 0.0296875 
6 0.7278645833333334 0.6296875 0.013020833333333334 0.020833333333333332 
6 0.73671875 0.6330729166666667 0.013020833333333334 0.019270833333333334 
6 0.7447916666666666 0.6354166666666666 0.011458333333333333 0.019791666666666666 
6 0.5166666666666667 0.5606770833333333 0.016666666666666666 0.028645833333333332 
6 0.30078125 0.4140625 0.011979166666666667 0.019791666666666666 
6 0.31536458333333334 0.39401041666666664 0.0109375 0.019270833333333334 
6 0.4609375 0.5145833333333333 0.011458333333333333 0.019791666666666666 
6 0.4166666666666667 0.5325520833333334 0.017708333333333333 0.0296875 
6 0.4395833333333333 0.5380208333333333 0.017708333333333333 0.03125 
6 0.4510416666666667 0.540625 0.01875 0.03125 
6 0.4627604166666667 0.5427083333333333 0.016145833333333335 0.026041666666666668 
6 0.47369791666666666 0.5466145833333333 0.0140625 0.025520833333333333 
6 0.48489583333333336 0.5494791666666666 0.013541666666666667 0.023958333333333335 
6 0.4700520833333333 0.5171875 0.013020833333333334 0.019791666666666666 
6 0.47760416666666666 0.5192708333333333 0.011458333333333333 0.019791666666666666 
6 0.4861979166666667 0.521875 0.0109375 0.017708333333333333 
6 0.4940104166666667 0.5252604166666667 0.0109375 0.018229166666666668 
6 0.5026041666666666 0.52734375 0.011458333333333333 0.019270833333333334 
6 0.4940104166666667 0.5541666666666667 0.0140625 0.025 
6 0.5059895833333333 0.5557291666666667 0.015104166666666667 0.025 
6 0.5265625 0.56328125 0.013541666666666667 0.0234375 
6 0.5265625 0.5359375 0.010416666666666666 0.017708333333333333 
6 0.42916666666666664 0.53359375 0.017708333333333333 0.027604166666666666 
6 0.453125 0.5119791666666667 0.010416666666666666 0.016666666666666666 
6 0.30026041666666664 0.38984375 0.0109375 0.018229166666666668 
6 0.44557291666666665 0.5096354166666667 0.011979166666666667 0.0203125 
6 0.5645833333333333 0.5005208333333333 0.0125 0.019791666666666666 
6 0.5565104166666667 0.496875 0.0109375 0.017708333333333333 
6 0.5484375 0.49505208333333334 0.011458333333333333 0.018229166666666668 
6 0.5408854166666667 0.4921875 0.0109375 0.01875 
6 0.5322916666666667 0.49166666666666664 0.008333333333333333 0.020833333333333332 
6 0.5158854166666667 0.48515625 0.011979166666666667 0.0203125 
6 0.5080729166666667 0.4817708333333333 0.011979166666666667 0.01875 
6 0.49973958333333335 0.47942708333333334 0.011979166666666667 0.018229166666666668 
6 0.49140625 0.47734375 0.013020833333333334 0.0203125 
6 0.48333333333333334 0.4747395833333333 0.0125 0.0203125 
6 0.46640625 0.46979166666666666 0.0140625 0.020833333333333332 
6 0.459375 0.4671875 0.0125 0.019791666666666666 
6 0.4510416666666667 0.46510416666666665 0.0125 0.020833333333333332 
6 0.42630208333333336 0.5041666666666667 0.016145833333333335 0.025 
6 0.43723958333333335 0.5057291666666667 0.0140625 0.020833333333333332 
6 0.5348958333333333 0.53828125 0.011458333333333333 0.019270833333333334 
6 0.54296875 0.5401041666666667 0.0109375 0.01875 
6 0.5505208333333333 0.54296875 0.011458333333333333 0.018229166666666668 
6 0.5614583333333333 0.5463541666666667 0.011458333333333333 0.01875 
6 0.6434895833333333 0.571875 0.0109375 0.01875 
6 0.66015625 0.5770833333333333 0.011979166666666667 0.020833333333333332 
6 0.6674479166666667 0.5786458333333333 0.011979166666666667 0.019791666666666666 
6 0.6770833333333334 0.5817708333333333 0.013541666666666667 0.022916666666666665 
6 0.6861979166666666 0.5864583333333333 0.0140625 0.023958333333333335 
6 0.6447916666666667 0.6002604166666666 0.013541666666666667 0.024479166666666666 
6 0.6557291666666667 0.6033854166666667 0.013541666666666667 0.021354166666666667 
6 0.6669270833333333 0.60703125 0.016145833333333335 0.025520833333333333 
6 0.67890625 0.6119791666666666 0.015104166666666667 0.026041666666666668 
6 0.0125 0.3484375 0.009375 0.007291666666666667 
6 0.3658854166666667 0.3671875 0.0109375 0.017708333333333333 
6 0.39453125 0.3541666666666667 0.009895833333333333 0.016666666666666666 
6 0.38697916666666665 0.35130208333333335 0.009375 0.016145833333333335 
6 0.3453125 0.4041666666666667 0.010416666666666666 0.017708333333333333 
6 0.3533854166666667 0.40625 0.009895833333333333 0.017708333333333333 
6 0.634375 0.5677083333333334 0.011458333333333333 0.021875 
6 0.6268229166666667 0.5666666666666667 0.0109375 0.019791666666666666 
6 0.61875 0.5640625 0.0125 0.020833333333333332 
6 0.5700520833333333 0.5497395833333333 0.0109375 0.019270833333333334 
6 0.5388020833333333 0.5658854166666667 0.015104166666666667 0.025520833333333333 
6 0.5484375 0.5716145833333334 0.016666666666666666 0.028645833333333332 
6 0.5598958333333334 0.5731770833333333 0.015625 0.025520833333333333 
6 0.5697916666666667 0.5778645833333333 0.015625 0.0265625 
6 0.5916666666666667 0.58359375 0.015625 0.025520833333333333 
6 0.6026041666666667 0.5877604166666667 0.008333333333333333 0.021354166666666667 
6 0.5778645833333333 0.5515625 0.0109375 0.017708333333333333 
6 0.6348958333333333 0.5973958333333333 0.015625 0.025 
6 0.5861979166666667 0.5541666666666667 0.0109375 0.01875 
6 0.5942708333333333 0.55703125 0.0125 0.019270833333333334 
6 0.6026041666666667 0.5598958333333334 0.010416666666666666 0.016666666666666666 
6 0.61015625 0.5635416666666667 0.008854166666666666 0.014583333333333334 
6 0.6114583333333333 0.5921875 0.009375 0.021875 
6 0.6244791666666667 0.5932291666666667 0.014583333333333334 0.023958333333333335 
6 0.8041666666666667 0.6549479166666666 0.0125 0.0203125 
6 0.8307291666666666 0.6619791666666667 0.010416666666666666 0.01875 
6 0.7565104166666666 0.9244791666666666 0.009895833333333333 0.017708333333333333 
6 0.79921875 0.8171875 0.0078125 0.014583333333333334 
6 0.7859375 0.8604166666666667 0.008333333333333333 0.013541666666666667 
6 0.78125 0.875 0.008333333333333333 0.014583333333333334 
6 0.77734375 0.8890625 0.0078125 0.013541666666666667 
6 0.76484375 0.93046875 0.009895833333333333 0.015104166666666667 
6 0.7557291666666667 0.96015625 0.008333333333333333 0.0140625 
6 0.6934895833333333 0.9888020833333333 0.018229166666666668 0.008854166666666666 
6 0.7213541666666666 0.9815104166666667 0.010416666666666666 0.0171875 
6 0.7135416666666666 0.9786458333333333 0.0125 0.01875 
6 0.70546875 0.97578125 0.0109375 0.019270833333333334 
6 0.6984375 0.9734375 0.010416666666666666 0.01875 
6 0.6903645833333333 0.97109375 0.009895833333333333 0.0171875 
6 0.6828125 0.9684895833333333 0.011458333333333333 0.018229166666666668 
6 0.6484375 0.975 0.015625 0.009375 
6 0.67421875 0.9661458333333334 0.0109375 0.01875 
6 0.6588541666666666 0.96171875 0.011458333333333333 0.018229166666666668 
6 0.7950520833333333 0.8309895833333333 0.0067708333333333336 0.015104166666666667 
6 0.98203125 0.6473958333333333 0.019270833333333334 0.03125 
6 0.6434895833333333 0.9572916666666667 0.013020833333333334 0.019791666666666666 
6 0.9921875 0.6760416666666667 0.015625 0.010416666666666666 
6 0.8328125 0.45026041666666666 0.009375 0.016145833333333335 
6 0.8393229166666667 0.45260416666666664 0.008854166666666666 0.015625 
6 0.8473958333333333 0.45546875 0.010416666666666666 0.016145833333333335 
6 0.8536458333333333 0.4583333333333333 0.010416666666666666 0.017708333333333333 
6 0.86171875 0.4596354166666667 0.009895833333333333 0.015104166666666667 
6 0.8700520833333333 0.46328125 0.0078125 0.013020833333333334 
6 0.8869791666666667 0.45208333333333334 0.013541666666666667 0.009375 
6 0.87734375 0.46510416666666665 0.009895833333333333 0.017708333333333333 
6 0.8854166666666666 0.4666666666666667 0.009375 0.015625 
6 0.89296875 0.46901041666666665 0.008854166666666666 0.015104166666666667 
6 0.8989583333333333 0.471875 0.005208333333333333 0.013541666666666667 
6 0.9104166666666667 0.46927083333333336 0.010416666666666666 0.017708333333333333 
6 0.9848958333333333 0.7002604166666667 0.017708333333333333 0.011979166666666667 
6 0.9869791666666666 0.6921875 0.016666666666666666 0.010416666666666666 
6 0.9895833333333334 0.6838541666666667 0.016666666666666666 0.011458333333333333 
6 0.6669270833333333 0.9640625 0.0109375 0.017708333333333333 
6 0.6356770833333333 0.9546875 0.011979166666666667 0.019791666666666666 
6 0.8393229166666667 0.6635416666666667 0.013020833333333334 0.021875 
6 0.63984375 0.9130208333333333 0.011979166666666667 0.019791666666666666 
6 0.6471354166666666 0.8911458333333333 0.0109375 0.017708333333333333 
6 0.6388020833333333 0.8888020833333333 0.0109375 0.0171875 
6 0.6546875 0.8942708333333333 0.011458333333333333 0.01875 
6 0.6627604166666666 0.8963541666666667 0.011979166666666667 0.01875 
6 0.6700520833333333 0.8984375 0.009895833333333333 0.01875 
6 0.67890625 0.8997395833333334 0.0140625 0.021354166666666667 
6 0.6861979166666666 0.90234375 0.0109375 0.0171875 
6 0.69375 0.9049479166666666 0.011458333333333333 0.0203125 
6 0.7015625 0.9091145833333333 0.011458333333333333 0.018229166666666668 
6 0.709375 0.9111979166666667 0.011458333333333333 0.018229166666666668 
6 0.7171875 0.9140625 0.010416666666666666 0.017708333333333333 
6 0.7255208333333333 0.9151041666666667 0.011458333333333333 0.019791666666666666 
6 0.7328125 0.91796875 0.009375 0.016145833333333335 
6 0.7403645833333333 0.9216145833333333 0.009895833333333333 0.0171875 
6 0.7484375 0.9239583333333333 0.010416666666666666 0.017708333333333333 
6 0.63203125 0.9098958333333333 0.011979166666666667 0.019791666666666666 
6 0.64765625 0.91640625 0.0109375 0.019270833333333334 
6 0.6197916666666666 0.965625 0.014583333333333334 0.009375 
6 0.6552083333333333 0.9182291666666667 0.0125 0.019791666666666666 
6 0.6276041666666666 0.9518229166666666 0.010416666666666666 0.018229166666666668 
6 0.6203125 0.9497395833333333 0.011458333333333333 0.019270833333333334 
6 0.6046875 0.9515625 0.013541666666666667 0.008333333333333333 
6 0.7486979166666666 0.9473958333333333 0.011979166666666667 0.019791666666666666 
6 0.74140625 0.94453125 0.0109375 0.0171875 
6 0.7341145833333333 0.9416666666666667 0.009895833333333333 0.017708333333333333 
6 0.7260416666666667 0.940625 0.0125 0.021875 
6 0.71796875 0.9375 0.011979166666666667 0.019791666666666666 
6 0.7109375 0.9338541666666667 0.011458333333333333 0.019791666666666666 
6 0.703125 0.9315104166666667 0.010416666666666666 0.0171875 
6 0.6950520833333333 0.9294270833333333 0.011979166666666667 0.019270833333333334 
6 0.6869791666666667 0.9268229166666667 0.011458333333333333 0.018229166666666668 
6 0.67890625 0.9247395833333333 0.009895833333333333 0.018229166666666668 
6 0.6716145833333333 0.9221354166666667 0.013020833333333334 0.019270833333333334 
6 0.6638020833333333 0.9200520833333333 0.011979166666666667 0.018229166666666668 
6 0.8708333333333333 0.4473958333333333 0.013541666666666667 0.008333333333333333 
6 0.8567708333333334 0.4432291666666667 0.0125 0.008333333333333333 
6 0.82421875 0.44817708333333334 0.008854166666666666 0.015104166666666667 
6 0.8190104166666666 0.546875 0.0109375 0.015625 
6 0.8078125 0.5692708333333333 0.013541666666666667 0.022916666666666665 
6 0.7984375 0.565625 0.013541666666666667 0.022916666666666665 
6 0.7890625 0.5627604166666667 0.014583333333333334 0.025520833333333333 
6 0.80390625 0.5416666666666666 0.009895833333333333 0.015625 
6 0.7966145833333333 0.5395833333333333 0.008854166666666666 0.014583333333333334 
6 0.7890625 0.5375 0.009375 0.014583333333333334 
6 0.7807291666666667 0.559375 0.0125 0.019791666666666666 
6 0.7713541666666667 0.55546875 0.013541666666666667 0.022395833333333334 
6 0.7817708333333333 0.534375 0.009375 0.016666666666666666 
6 0.7671875 0.5309895833333333 0.010416666666666666 0.016145833333333335 
6 0.7588541666666667 0.5268229166666667 0.010416666666666666 0.0171875 
6 0.7625 0.55234375 0.013541666666666667 0.0203125 
6 0.7518229166666667 0.5518229166666667 0.0140625 0.022395833333333334 
6 0.7486979166666666 0.52734375 0.011979166666666667 0.0203125 
6 0.7606770833333333 0.48515625 0.016145833333333335 0.027604166666666666 
6 0.8166666666666667 0.57109375 0.013541666666666667 0.0234375 
6 0.8265625 0.5479166666666667 0.009375 0.014583333333333334 
6 0.8166666666666667 0.4466145833333333 0.009375 0.018229166666666668 
6 0.8333333333333334 0.5510416666666667 0.009375 0.015625 
6 0.8505208333333333 0.6567708333333333 0.00625 0.011458333333333333 
6 0.8596354166666667 0.6268229166666667 0.008854166666666666 0.0140625 
6 0.8645833333333334 0.6119791666666666 0.008333333333333333 0.014583333333333334 
6 0.87265625 0.58515625 0.0067708333333333336 0.0109375 
6 0.8635416666666667 0.5861979166666667 0.013541666666666667 0.022395833333333334 
6 0.8544270833333333 0.5807291666666666 0.011979166666666667 0.019791666666666666 
6 0.8453125 0.5796875 0.0125 0.021875 
6 0.8828125 0.5546875 0.007291666666666667 0.013541666666666667 
6 0.8713541666666667 0.5625 0.009375 0.016666666666666666 
6 0.8640625 0.56015625 0.010416666666666666 0.0171875 
6 0.8557291666666667 0.5591145833333333 0.008333333333333333 0.011979166666666667 
6 0.8481770833333333 0.5559895833333334 0.008854166666666666 0.0140625 
6 0.840625 0.5546875 0.009375 0.013541666666666667 
6 0.8361979166666667 0.5760416666666667 0.013020833333333334 0.021875 
6 0.8263020833333333 0.5736979166666667 0.011979166666666667 0.021354166666666667 
6 0.7752604166666667 0.47291666666666665 0.009895833333333333 0.015625 
6 0.7908854166666667 0.478125 0.009895833333333333 0.015625 
6 0.7708333333333334 0.49244791666666665 0.011458333333333333 0.016145833333333335 
6 0.77734375 0.49609375 0.0109375 0.0171875 
6 0.8739583333333333 0.5026041666666666 0.009375 0.015625 
6 0.86640625 0.5002604166666667 0.008854166666666666 0.015104166666666667 
6 0.8580729166666666 0.49973958333333335 0.008854166666666666 0.015104166666666667 
6 0.8515625 0.49713541666666666 0.009375 0.015104166666666667 
6 0.8434895833333333 0.49375 0.009895833333333333 0.015625 
6 0.83671875 0.490625 0.009895833333333333 0.017708333333333333 
6 0.7736979166666667 0.43385416666666665 0.013020833333333334 0.008333333333333333 
6 0.7841145833333333 0.42109375 0.016145833333333335 0.009895833333333333 
6 0.8005208333333333 0.42578125 0.014583333333333334 0.008854166666666666 
6 0.81484375 0.43046875 0.0140625 0.008854166666666666 
6 0.7755208333333333 0.4265625 0.013541666666666667 0.009375 
6 0.7875 0.43671875 0.009375 0.015104166666666667 
6 0.79453125 0.43984375 0.0109375 0.018229166666666668 
6 0.8018229166666667 0.4421875 0.008854166666666666 0.017708333333333333 
6 0.8098958333333334 0.4440104166666667 0.009375 0.016145833333333335 
6 0.8809895833333333 0.5052083333333334 0.008854166666666666 0.015625 
6 0.8880208333333334 0.5078125 0.010416666666666666 0.017708333333333333 
6 0.89140625 0.52734375 0.008854166666666666 0.015104166666666667 
6 0.80703125 0.50546875 0.009895833333333333 0.016145833333333335 
6 0.7848958333333333 0.49765625 0.009375 0.0171875 
6 0.7927083333333333 0.49921875 0.009375 0.015104166666666667 
6 0.7989583333333333 0.4791666666666667 0.011458333333333333 0.01875 
6 0.80703125 0.48125 0.0109375 0.017708333333333333 
6 0.8138020833333334 0.48463541666666665 0.008854166666666666 0.015104166666666667 
6 0.8 0.5020833333333333 0.011458333333333333 0.01875 
6 0.81484375 0.50625 0.009895833333333333 0.015625 
6 0.8809895833333333 0.5296875 0.009895833333333333 0.017708333333333333 
6 0.8299479166666667 0.5111979166666667 0.009895833333333333 0.015104166666666667 
6 0.8369791666666667 0.51328125 0.009375 0.015104166666666667 
6 0.8455729166666667 0.5158854166666667 0.009895833333333333 0.015104166666666667 
6 0.8526041666666667 0.5177083333333333 0.010416666666666666 0.016666666666666666 
6 0.859375 0.5208333333333334 0.009375 0.017708333333333333 
6 0.8739583333333333 0.5268229166666667 0.011458333333333333 0.0171875 
12 0.1265625 0.3190104166666667 0.09375 0.2078125 
