4 0.24348958333333334 0.9036458333333334 0.0067708333333333336 0.011458333333333333 
6 0.384375 0.30546875 0.028125 0.016145833333333335 
6 0.37864583333333335 0.3263020833333333 0.021875 0.0140625 
6 0.375 0.33645833333333336 0.022916666666666665 0.013541666666666667 
6 0.3734375 0.34609375 0.021875 0.0140625 
6 0.3692708333333333 0.35572916666666665 0.021875 0.013541666666666667 
6 0.36640625 0.3658854166666667 0.025520833333333333 0.015104166666666667 
6 0.36302083333333335 0.37578125 0.020833333333333332 0.013020833333333334 
6 0.3606770833333333 0.38567708333333334 0.022395833333333334 0.0140625 
6 0.35859375 0.3971354166666667 0.0203125 0.0140625 
6 0.3528645833333333 0.40572916666666664 0.024479166666666666 0.013541666666666667 
6 0.3484375 0.42526041666666664 0.022916666666666665 0.013020833333333334 
6 0.3450520833333333 0.4348958333333333 0.0234375 0.014583333333333334 
6 0.3419270833333333 0.44505208333333335 0.0203125 0.011979166666666667 
6 0.33203125 0.46640625 0.0171875 0.027604166666666666 
6 0.34270833333333334 0.4713541666666667 0.016666666666666666 0.027083333333333334 
6 0.35520833333333335 0.4739583333333333 0.016666666666666666 0.03125 
6 0.3815104166666667 0.31640625 0.0234375 0.0140625 
6 0.38776041666666666 0.29635416666666664 0.024479166666666666 0.015625 
6 0.35104166666666664 0.49322916666666666 0.008333333333333333 0.009375 
6 0.425 0.27682291666666664 0.0125 0.0078125 
6 0.2713541666666667 0.3854166666666667 0.025 0.015625 
6 0.2984375 0.38984375 0.021875 0.0140625 
6 0.30182291666666666 0.3802083333333333 0.022395833333333334 0.015625 
6 0.2765625 0.36302083333333335 0.026041666666666668 0.016666666666666666 
6 0.28489583333333335 0.3416666666666667 0.027083333333333334 0.016666666666666666 
6 0.3140625 0.34140625 0.021875 0.015104166666666667 
6 0.28854166666666664 0.3307291666666667 0.025 0.015625 
6 0.2747395833333333 0.32578125 0.0046875 0.009895833333333333 
6 0.3203125 0.3223958333333333 0.022916666666666665 0.015625 
6 0.32421875 0.31276041666666665 0.024479166666666666 0.016145833333333335 
6 0.29921875 0.2994791666666667 0.024479166666666666 0.013541666666666667 
6 0.3078125 0.27421875 0.017708333333333333 0.011979166666666667 
6 0.3411458333333333 0.25104166666666666 0.017708333333333333 0.011458333333333333 
6 0.3140625 0.24973958333333332 0.017708333333333333 0.0109375 
6 0.39375 0.2643229166666667 0.030208333333333334 0.0171875 
6 0.3692708333333333 0.47708333333333336 0.017708333333333333 0.03229166666666667 
6 0.3625 0.4934895833333333 0.008333333333333333 0.0067708333333333336 
6 0.29609375 0.4 0.024479166666666666 0.015625 
6 0.42161458333333335 0.46380208333333334 0.009895833333333333 0.016145833333333335 
6 0.4674479166666667 0.478125 0.0109375 0.01875 
6 0.40677083333333336 0.45859375 0.010416666666666666 0.018229166666666668 
6 0.39140625 0.45416666666666666 0.011979166666666667 0.01875 
6 0.38359375 0.45260416666666664 0.0109375 0.01875 
6 0.37604166666666666 0.44947916666666665 0.010416666666666666 0.01875 
6 0.3684895833333333 0.44635416666666666 0.0109375 0.01875 
6 0.3609375 0.44453125 0.011458333333333333 0.018229166666666668 
6 0.5 0.44036458333333334 0.019791666666666666 0.034895833333333334 
6 0.50625 0.41848958333333336 0.010416666666666666 0.0078125 
6 0.4875 0.44244791666666666 0.011458333333333333 0.019270833333333334 
6 0.48020833333333335 0.4393229166666667 0.010416666666666666 0.018229166666666668 
6 0.47239583333333335 0.43671875 0.010416666666666666 0.0171875 
6 0.465625 0.43385416666666665 0.0125 0.019791666666666666 
6 0.45703125 0.43333333333333335 0.011979166666666667 0.017708333333333333 
6 0.44921875 0.43020833333333336 0.011979166666666667 0.01875 
6 0.4140625 0.46119791666666665 0.010416666666666666 0.0171875 
6 0.4296875 0.46432291666666664 0.013541666666666667 0.021354166666666667 
6 0.3776041666666667 0.49661458333333336 0.008333333333333333 0.005729166666666666 
6 0.43697916666666664 0.46822916666666664 0.011458333333333333 0.01875 
6 0.3809895833333333 0.47994791666666664 0.018229166666666668 0.03177083333333333 
6 0.38723958333333336 0.503125 0.008854166666666666 0.00625 
6 0.3919270833333333 0.48541666666666666 0.019270833333333334 0.034375 
6 0.40520833333333334 0.48802083333333335 0.01875 0.030208333333333334 
6 0.41692708333333334 0.49296875 0.0171875 0.027604166666666666 
6 0.42916666666666664 0.49713541666666666 0.020833333333333332 0.033854166666666664 
6 0.44088541666666664 0.5005208333333333 0.0203125 0.03333333333333333 
6 0.45364583333333336 0.5044270833333333 0.020833333333333332 0.033854166666666664 
6 0.465625 0.5072916666666667 0.01875 0.03125 
6 0.47578125 0.5174479166666667 0.0140625 0.024479166666666666 
6 0.48515625 0.48880208333333336 0.019270833333333334 0.0296875 
6 0.4752604166666667 0.4796875 0.0109375 0.01875 
6 0.45989583333333334 0.475 0.011458333333333333 0.019791666666666666 
6 0.4518229166666667 0.47265625 0.011979166666666667 0.0203125 
6 0.44453125 0.47109375 0.0109375 0.018229166666666668 
6 0.2671875 0.3958333333333333 0.026041666666666668 0.014583333333333334 
6 0.2609375 0.40572916666666664 0.027083333333333334 0.017708333333333333 
6 0.1875 0.7294270833333333 0.01875 0.011979166666666667 
6 0.22994791666666667 0.6166666666666667 0.0171875 0.010416666666666666 
6 0.23255208333333333 0.6088541666666667 0.0171875 0.011458333333333333 
6 0.20833333333333334 0.60234375 0.028125 0.016145833333333335 
6 0.23463541666666668 0.6013020833333333 0.0171875 0.0109375 
6 0.21067708333333332 0.58984375 0.027604166666666666 0.0171875 
6 0.23854166666666668 0.5921875 0.016666666666666666 0.011458333333333333 
6 0.215625 0.5783854166666667 0.025 0.015104166666666667 
6 0.24635416666666668 0.5869791666666667 0.016666666666666666 0.0125 
6 0.24270833333333333 0.5760416666666667 0.014583333333333334 0.010416666666666666 
6 0.22526041666666666 0.5682291666666667 0.03177083333333333 0.017708333333333333 
6 0.16458333333333333 0.5494791666666666 0.028125 0.013541666666666667 
6 0.159375 0.5588541666666667 0.016666666666666666 0.010416666666666666 
6 0.15729166666666666 0.5653645833333333 0.017708333333333333 0.009895833333333333 
6 0.1546875 0.5736979166666667 0.017708333333333333 0.0109375 
6 0.15364583333333334 0.58046875 0.01875 0.011979166666666667 
6 0.15026041666666667 0.59375 0.021354166666666667 0.020833333333333332 
6 0.20338541666666668 0.6127604166666667 0.028645833333333332 0.016145833333333335 
6 0.22760416666666666 0.62421875 0.017708333333333333 0.0109375 
6 0.13489583333333333 0.6135416666666667 0.027083333333333334 0.016666666666666666 
6 0.20026041666666666 0.62421875 0.0265625 0.016145833333333335 
6 0.19322916666666667 0.7119791666666667 0.017708333333333333 0.009375 
6 0.19583333333333333 0.7033854166666667 0.01875 0.011979166666666667 
6 0.19817708333333334 0.6947916666666667 0.019270833333333334 0.0125 
6 0.18697916666666667 0.6791666666666667 0.008333333333333333 0.014583333333333334 
6 0.18072916666666666 0.6981770833333333 0.008333333333333333 0.013020833333333334 
6 0.20520833333333333 0.6770833333333334 0.019791666666666666 0.010416666666666666 
6 0.21223958333333334 0.6703125 0.016145833333333335 0.010416666666666666 
6 0.21536458333333333 0.66328125 0.016145833333333335 0.0067708333333333336 
6 0.21744791666666666 0.6546875 0.018229166666666668 0.011458333333333333 
6 0.19036458333333334 0.6609375 0.024479166666666666 0.013541666666666667 
6 0.19427083333333334 0.6489583333333333 0.027083333333333334 0.016666666666666666 
6 0.2203125 0.64765625 0.016666666666666666 0.008854166666666666 
6 0.22239583333333332 0.6401041666666667 0.017708333333333333 0.011458333333333333 
6 0.19583333333333333 0.6372395833333333 0.029166666666666667 0.0171875 
6 0.22552083333333334 0.6315104166666666 0.016666666666666666 0.009895833333333333 
6 0.13958333333333334 0.6033854166666667 0.027083333333333334 0.018229166666666668 
6 0.13515625 0.625 0.021354166666666667 0.013541666666666667 
6 0.29244791666666664 0.40963541666666664 0.0203125 0.013020833333333334 
6 0.19322916666666667 0.4114583333333333 0.013541666666666667 0.008333333333333333 
6 0.20651041666666667 0.3809895833333333 0.024479166666666666 0.013020833333333334 
6 0.18229166666666666 0.38307291666666665 0.007291666666666667 0.011979166666666667 
6 0.19453125 0.39817708333333335 0.009895833333333333 0.0078125 
6 0.20625 0.40182291666666664 0.008333333333333333 0.0067708333333333336 
6 0.20807291666666666 0.3690104166666667 0.0234375 0.016145833333333335 
6 0.1859375 0.3729166666666667 0.007291666666666667 0.010416666666666666 
6 0.19166666666666668 0.35494791666666664 0.007291666666666667 0.009895833333333333 
6 0.21145833333333333 0.3578125 0.021875 0.009375 
6 0.21380208333333334 0.3497395833333333 0.015104166666666667 0.0067708333333333336 
6 0.20885416666666667 0.34427083333333336 0.011458333333333333 0.005208333333333333 
6 0.21041666666666667 0.3375 0.011458333333333333 0.009375 
6 0.21458333333333332 0.3333333333333333 0.015625 0.009375 
6 0.2838541666666667 0.4388020833333333 0.023958333333333335 0.0140625 
6 0.25703125 0.42916666666666664 0.0234375 0.010416666666666666 
6 0.26015625 0.4171875 0.025520833333333333 0.015625 
6 0.20546875 0.39166666666666666 0.0234375 0.014583333333333334 
6 0.11848958333333333 0.3143229166666667 0.008854166666666666 0.0078125 
6 0.13463541666666667 0.63515625 0.021354166666666667 0.013020833333333334 
6 0.10677083333333333 0.35260416666666666 0.008333333333333333 0.00625 
6 0.12786458333333334 0.6427083333333333 0.022395833333333334 0.016666666666666666 
6 0.12890625 0.5510416666666667 0.008854166666666666 0.013541666666666667 
6 0.21614583333333334 0.27447916666666666 0.009375 0.0125 
6 0.21822916666666667 0.26588541666666665 0.008333333333333333 0.009895833333333333 
6 0.22265625 0.25807291666666665 0.005729166666666666 0.009895833333333333 
6 0.22838541666666667 0.23984375 0.008854166666666666 0.015104166666666667 
6 0.23359375 0.22109375 0.009895833333333333 0.015104166666666667 
6 0.1 0.37109375 0.009375 0.0067708333333333336 
6 0.10130208333333333 0.36744791666666665 0.009895833333333333 0.0067708333333333336 
6 0.10260416666666666 0.36380208333333336 0.009375 0.0067708333333333336 
6 0.10390625 0.35989583333333336 0.008854166666666666 0.00625 
6 0.10520833333333333 0.35625 0.008333333333333333 0.00625 
6 0.1109375 0.33671875 0.009375 0.0067708333333333336 
6 0.10989583333333333 0.340625 0.009375 0.00625 
6 0.109375 0.34479166666666666 0.008333333333333333 0.00625 
6 0.44192708333333336 0.4265625 0.0109375 0.015625 
6 0.434375 0.42552083333333335 0.0125 0.01875 
6 0.41901041666666666 0.4203125 0.011979166666666667 0.01875 
6 0.5721354166666667 0.38229166666666664 0.0109375 0.01875 
6 0.57265625 0.40651041666666665 0.013020833333333334 0.0203125 
6 0.5796875 0.409375 0.011458333333333333 0.020833333333333332 
6 0.5875 0.4114583333333333 0.011458333333333333 0.019791666666666666 
6 0.55625 0.39140625 0.019791666666666666 0.03802083333333333 
6 0.59609375 0.4125 0.008854166666666666 0.016666666666666666 
6 0.6028645833333334 0.4158854166666667 0.011979166666666667 0.018229166666666668 
6 0.6182291666666667 0.4203125 0.011458333333333333 0.016666666666666666 
6 0.6260416666666667 0.42213541666666665 0.011458333333333333 0.018229166666666668 
6 0.6333333333333333 0.42578125 0.011458333333333333 0.019270833333333334 
6 0.6411458333333333 0.42734375 0.010416666666666666 0.018229166666666668 
6 0.6484375 0.43125 0.013541666666666667 0.017708333333333333 
6 0.6557291666666667 0.43359375 0.010416666666666666 0.0171875 
6 0.6640625 0.4354166666666667 0.011458333333333333 0.01875 
6 0.671875 0.43671875 0.010416666666666666 0.016145833333333335 
6 0.6786458333333333 0.44166666666666665 0.011458333333333333 0.019791666666666666 
6 0.5651041666666666 0.40390625 0.011458333333333333 0.019270833333333334 
6 0.5791666666666667 0.3848958333333333 0.011458333333333333 0.017708333333333333 
6 0.5536458333333333 0.4427083333333333 0.011458333333333333 0.020833333333333332 
6 0.5872395833333334 0.38723958333333336 0.0109375 0.0171875 
6 0.6450520833333333 0.36432291666666666 0.013020833333333334 0.021354166666666667 
6 0.6526041666666667 0.36432291666666666 0.011458333333333333 0.0171875 
6 0.6596354166666667 0.36770833333333336 0.0109375 0.017708333333333333 
6 0.6674479166666667 0.3697916666666667 0.0109375 0.01875 
6 0.6755208333333333 0.3723958333333333 0.011458333333333333 0.01875 
6 0.6828125 0.37447916666666664 0.011458333333333333 0.01875 
6 0.6911458333333333 0.37734375 0.011458333333333333 0.019270833333333334 
6 0.6861979166666666 0.41848958333333336 0.011979166666666667 0.018229166666666668 
6 0.6703125 0.4140625 0.011458333333333333 0.017708333333333333 
6 0.6630208333333333 0.4114583333333333 0.011458333333333333 0.017708333333333333 
6 0.6479166666666667 0.40651041666666665 0.011458333333333333 0.018229166666666668 
6 0.6401041666666667 0.40286458333333336 0.011458333333333333 0.019270833333333334 
6 0.6325520833333333 0.4015625 0.0109375 0.017708333333333333 
6 0.6177083333333333 0.39557291666666666 0.011458333333333333 0.018229166666666668 
6 0.59453125 0.3890625 0.009895833333333333 0.016666666666666666 
6 0.5385416666666667 0.4505208333333333 0.014583333333333334 0.027083333333333334 
6 0.56015625 0.446875 0.009895833333333333 0.017708333333333333 
6 0.4119791666666667 0.41796875 0.0125 0.019270833333333334 
6 0.7315104166666667 0.49921875 0.009895833333333333 0.016145833333333335 
6 0.74609375 0.5033854166666667 0.0109375 0.018229166666666668 
6 0.7546875 0.5018229166666667 0.011458333333333333 0.018229166666666668 
6 0.7700520833333333 0.5080729166666667 0.011979166666666667 0.021354166666666667 
6 0.7768229166666667 0.51328125 0.009895833333333333 0.018229166666666668 
6 0.784375 0.5153645833333333 0.011458333333333333 0.018229166666666668 
6 0.7984375 0.5359375 0.019791666666666666 0.035416666666666666 
6 0.784375 0.5401041666666667 0.0125 0.021875 
6 0.7768229166666667 0.5359375 0.011979166666666667 0.019791666666666666 
6 0.7684895833333333 0.5346354166666667 0.011979166666666667 0.019270833333333334 
6 0.7606770833333333 0.53125 0.011979166666666667 0.019791666666666666 
6 0.7515625 0.5296875 0.011458333333333333 0.01875 
6 0.7432291666666667 0.5278645833333333 0.013541666666666667 0.021354166666666667 
6 0.7361979166666667 0.52421875 0.013020833333333334 0.0203125 
6 0.7114583333333333 0.5166666666666667 0.011458333333333333 0.01875 
6 0.7033854166666667 0.51328125 0.013020833333333334 0.019270833333333334 
6 0.73828125 0.5013020833333334 0.0109375 0.0171875 
6 0.715625 0.49322916666666666 0.009375 0.015625 
6 0.5677083333333334 0.4471354166666667 0.011458333333333333 0.019270833333333334 
6 0.7080729166666667 0.490625 0.0109375 0.01875 
6 0.5747395833333333 0.4505208333333333 0.009895833333333333 0.016666666666666666 
6 0.58359375 0.4518229166666667 0.011979166666666667 0.019270833333333334 
6 0.5901041666666667 0.4552083333333333 0.007291666666666667 0.016666666666666666 
6 0.5981770833333333 0.45729166666666665 0.011979166666666667 0.019791666666666666 
6 0.6057291666666667 0.4591145833333333 0.010416666666666666 0.018229166666666668 
6 0.6135416666666667 0.46171875 0.011458333333333333 0.018229166666666668 
6 0.6213541666666667 0.4640625 0.010416666666666666 0.019791666666666666 
6 0.6291666666666667 0.46640625 0.010416666666666666 0.018229166666666668 
6 0.63671875 0.4700520833333333 0.009895833333333333 0.016145833333333335 
6 0.6447916666666667 0.4713541666666667 0.011458333333333333 0.01875 
6 0.6588541666666666 0.47760416666666666 0.009375 0.015625 
6 0.6674479166666667 0.4783854166666667 0.0109375 0.0171875 
6 0.6778645833333333 0.48151041666666666 0.0109375 0.019270833333333334 
6 0.6846354166666667 0.48463541666666665 0.009895833333333333 0.0171875 
6 0.7002604166666667 0.4875 0.0109375 0.01875 
6 0.6369791666666667 0.3611979166666667 0.0125 0.019270833333333334 
6 0.62890625 0.3578125 0.009895833333333333 0.015625 
6 0.6223958333333334 0.35442708333333334 0.010416666666666666 0.016145833333333335 
6 0.41510416666666666 0.35260416666666666 0.011458333333333333 0.01875 
6 0.4375 0.3614583333333333 0.011458333333333333 0.01875 
6 0.4453125 0.36380208333333336 0.011458333333333333 0.019270833333333334 
6 0.45286458333333335 0.36666666666666664 0.011979166666666667 0.019791666666666666 
6 0.46848958333333335 0.3697916666666667 0.009895833333333333 0.017708333333333333 
6 0.4765625 0.3729166666666667 0.010416666666666666 0.01875 
6 0.48411458333333335 0.37473958333333335 0.008854166666666666 0.0171875 
6 0.49114583333333334 0.37838541666666664 0.011458333333333333 0.0203125 
6 0.4981770833333333 0.3807291666666667 0.009895833333333333 0.01875 
6 0.50546875 0.38333333333333336 0.008854166666666666 0.017708333333333333 
6 0.5197916666666667 0.37942708333333336 0.017708333333333333 0.0296875 
6 0.5127604166666667 0.3611979166666667 0.0109375 0.018229166666666668 
6 0.5052083333333334 0.35885416666666664 0.010416666666666666 0.01875 
6 0.4981770833333333 0.3572916666666667 0.009895833333333333 0.016666666666666666 
6 0.4747395833333333 0.34921875 0.009895833333333333 0.0171875 
6 0.41067708333333336 0.28854166666666664 0.013020833333333334 0.021875 
6 0.42265625 0.3567708333333333 0.013020833333333334 0.021875 
6 0.4078125 0.35078125 0.010416666666666666 0.0171875 
6 0.6145833333333334 0.3533854166666667 0.011458333333333333 0.018229166666666668 
6 0.40078125 0.34765625 0.013020833333333334 0.018229166666666668 
6 0.38776041666666666 0.41119791666666666 0.011979166666666667 0.019270833333333334 
6 0.3815104166666667 0.4080729166666667 0.011979166666666667 0.0171875 
6 0.3802083333333333 0.3848958333333333 0.011458333333333333 0.017708333333333333 
6 0.38776041666666666 0.3859375 0.011979166666666667 0.019791666666666666 
6 0.40234375 0.3921875 0.009895833333333333 0.017708333333333333 
6 0.41796875 0.3966145833333333 0.0109375 0.0171875 
6 0.42630208333333336 0.39947916666666666 0.0109375 0.01875 
6 0.43333333333333335 0.40130208333333334 0.010416666666666666 0.0171875 
6 0.45598958333333334 0.40859375 0.008854166666666666 0.0171875 
6 0.4635416666666667 0.41119791666666666 0.010416666666666666 0.018229166666666668 
6 0.47161458333333334 0.41328125 0.008854166666666666 0.0171875 
6 0.4791666666666667 0.4161458333333333 0.011458333333333333 0.01875 
6 0.4869791666666667 0.41901041666666666 0.009375 0.016145833333333335 
6 0.4942708333333333 0.42135416666666664 0.010416666666666666 0.017708333333333333 
6 0.3927083333333333 0.346875 0.013541666666666667 0.020833333333333332 
6 0.44036458333333334 0.28151041666666665 0.0140625 0.009895833333333333 
6 0.41848958333333336 0.29010416666666666 0.009895833333333333 0.014583333333333334 
6 0.42630208333333336 0.29270833333333335 0.0109375 0.019791666666666666 
6 0.43333333333333335 0.29453125 0.010416666666666666 0.019270833333333334 
6 0.41328125 0.3302083333333333 0.008854166666666666 0.016666666666666666 
6 0.42135416666666664 0.33203125 0.010416666666666666 0.0171875 
6 0.42916666666666664 0.3346354166666667 0.009375 0.016145833333333335 
6 0.43697916666666664 0.3375 0.010416666666666666 0.017708333333333333 
6 0.44453125 0.34010416666666665 0.0078125 0.016666666666666666 
6 0.45234375 0.3421875 0.009895833333333333 0.016666666666666666 
6 0.459375 0.3453125 0.010416666666666666 0.015625 
6 0.46796875 0.3463541666666667 0.008854166666666666 0.014583333333333334 
6 0.6578125 0.3502604166666667 0.015625 0.009895833333333333 
6 0.5731770833333333 0.33229166666666665 0.015104166666666667 0.009375 
6 0.5703125 0.33958333333333335 0.015625 0.009375 
6 0.5838541666666667 0.3419270833333333 0.011458333333333333 0.016145833333333335 
6 0.5916666666666667 0.3453125 0.0125 0.017708333333333333 
6 0.5984375 0.34869791666666666 0.010416666666666666 0.0203125 
6 0.60703125 0.35052083333333334 0.011979166666666667 0.017708333333333333 
6 0.40651041666666665 0.32760416666666664 0.009895833333333333 0.017708333333333333 
6 0.39921875 0.325 0.011979166666666667 0.01875 
6 0.5252604166666667 0.3234375 0.009895833333333333 0.017708333333333333 
6 0.47942708333333334 0.30885416666666665 0.009895833333333333 0.017708333333333333 
6 0.44166666666666665 0.29713541666666665 0.0125 0.019270833333333334 
6 0.4546875 0.28619791666666666 0.014583333333333334 0.009895833333333333 
6 0.45 0.2986979166666667 0.010416666666666666 0.0171875 
6 0.45703125 0.3020833333333333 0.0109375 0.016666666666666666 
6 0.4640625 0.30625 0.010416666666666666 0.017708333333333333 
6 0.47239583333333335 0.3065104166666667 0.011458333333333333 0.0171875 
6 0.4875 0.3111979166666667 0.010416666666666666 0.018229166666666668 
6 0.5182291666666666 0.32135416666666666 0.011458333333333333 0.016666666666666666 
6 0.4947916666666667 0.31354166666666666 0.011458333333333333 0.017708333333333333 
6 0.5114583333333333 0.30416666666666664 0.013541666666666667 0.00625 
6 0.5260416666666666 0.30859375 0.013541666666666667 0.0067708333333333336 
6 0.5356770833333333 0.32447916666666665 0.0140625 0.025 
6 0.51015625 0.31979166666666664 0.011979166666666667 0.01875 
6 0.5018229166666667 0.3171875 0.0109375 0.01875 
6 0.190625 0.72109375 0.01875 0.013020833333333334 
6 0.18463541666666666 0.7390625 0.019270833333333334 0.0125 
6 0.34765625 0.840625 0.008854166666666666 0.0125 
6 0.2638020833333333 0.7744791666666667 0.008854166666666666 0.016666666666666666 
6 0.2955729166666667 0.78359375 0.0109375 0.016145833333333335 
6 0.303125 0.7864583333333334 0.010416666666666666 0.016666666666666666 
6 0.33489583333333334 0.796875 0.010416666666666666 0.017708333333333333 
6 0.3424479166666667 0.7984375 0.0109375 0.016666666666666666 
6 0.35052083333333334 0.8018229166666667 0.011458333333333333 0.018229166666666668 
6 0.35859375 0.8036458333333333 0.0109375 0.016666666666666666 
6 0.365625 0.7838541666666666 0.0125 0.01875 
6 0.34921875 0.77890625 0.009895833333333333 0.0171875 
6 0.34088541666666666 0.7763020833333333 0.009895833333333333 0.018229166666666668 
6 0.3333333333333333 0.7739583333333333 0.010416666666666666 0.016666666666666666 
6 0.32526041666666666 0.7713541666666667 0.009895833333333333 0.016666666666666666 
6 0.31744791666666666 0.7682291666666666 0.011979166666666667 0.01875 
6 0.30963541666666666 0.7674479166666667 0.009895833333333333 0.016145833333333335 
6 0.30234375 0.76484375 0.009895833333333333 0.015104166666666667 
6 0.2942708333333333 0.7606770833333333 0.010416666666666666 0.0171875 
6 0.27890625 0.7807291666666667 0.009895833333333333 0.016666666666666666 
6 0.25625 0.7716145833333333 0.011458333333333333 0.015104166666666667 
6 0.278125 0.75703125 0.011458333333333333 0.018229166666666668 
6 0.24791666666666667 0.7705729166666667 0.009375 0.0171875 
6 0.33151041666666664 0.8348958333333333 0.0109375 0.016666666666666666 
6 0.32317708333333334 0.83359375 0.0109375 0.0171875 
6 0.31614583333333335 0.8317708333333333 0.010416666666666666 0.014583333333333334 
6 0.30911458333333336 0.8278645833333333 0.011979166666666667 0.0171875 
6 0.30052083333333335 0.8255208333333334 0.009375 0.0125 
6 0.29322916666666665 0.82421875 0.010416666666666666 0.016145833333333335 
6 0.28567708333333336 0.8223958333333333 0.009895833333333333 0.015625 
6 0.27838541666666666 0.8182291666666667 0.0109375 0.017708333333333333 
6 0.26979166666666665 0.81640625 0.009375 0.015104166666666667 
6 0.2630208333333333 0.8145833333333333 0.009375 0.013541666666666667 
6 0.25546875 0.8119791666666667 0.0109375 0.017708333333333333 
6 0.24739583333333334 0.8096354166666667 0.009375 0.015104166666666667 
6 0.23958333333333334 0.8067708333333333 0.010416666666666666 0.016666666666666666 
6 0.23229166666666667 0.80390625 0.011458333333333333 0.018229166666666668 
6 0.24036458333333333 0.7671875 0.0109375 0.017708333333333333 
6 0.2859375 0.7591145833333334 0.009375 0.0171875 
6 0.2703125 0.7541666666666667 0.009375 0.016666666666666666 
6 0.3614583333333333 0.8442708333333333 0.0125 0.008333333333333333 
6 0.32083333333333336 0.7286458333333333 0.011458333333333333 0.01875 
6 0.33697916666666666 0.73359375 0.010416666666666666 0.018229166666666668 
6 0.3455729166666667 0.7354166666666667 0.0109375 0.016666666666666666 
6 0.3528645833333333 0.7377604166666667 0.009895833333333333 0.0171875 
6 0.36875 0.74296875 0.010416666666666666 0.0171875 
6 0.3770833333333333 0.7455729166666667 0.011458333333333333 0.019270833333333334 
6 0.38359375 0.7239583333333334 0.011979166666666667 0.019791666666666666 
6 0.3763020833333333 0.7200520833333334 0.0140625 0.022395833333333334 
6 0.36770833333333336 0.7184895833333333 0.0125 0.021354166666666667 
6 0.359375 0.71484375 0.013541666666666667 0.022395833333333334 
6 0.35104166666666664 0.7125 0.0125 0.021875 
6 0.6848958333333334 0.87734375 0.015625 0.025520833333333333 
6 0.6729166666666667 0.8739583333333333 0.013541666666666667 0.022916666666666665 
6 0.6630208333333333 0.8713541666666667 0.0125 0.020833333333333332 
6 0.6526041666666667 0.8703125 0.014583333333333334 0.025 
6 0.68203125 0.846875 0.015104166666666667 0.026041666666666668 
6 0.3296875 0.7315104166666667 0.011458333333333333 0.018229166666666668 
6 0.3424479166666667 0.7096354166666666 0.011979166666666667 0.021354166666666667 
6 0.2630208333333333 0.7513020833333334 0.009375 0.0171875 
6 0.3341145833333333 0.7075520833333333 0.011979166666666667 0.021354166666666667 
6 0.2546875 0.74921875 0.011458333333333333 0.018229166666666668 
6 0.24661458333333333 0.746875 0.0109375 0.017708333333333333 
6 0.2591145833333333 0.7096354166666666 0.009895833333333333 0.016145833333333335 
6 0.27447916666666666 0.7138020833333333 0.010416666666666666 0.0171875 
6 0.28229166666666666 0.7166666666666667 0.011458333333333333 0.01875 
6 0.2903645833333333 0.71953125 0.009895833333333333 0.018229166666666668 
6 0.29765625 0.7221354166666667 0.0109375 0.019270833333333334 
6 0.3067708333333333 0.7234375 0.010416666666666666 0.016666666666666666 
6 0.3138020833333333 0.7265625 0.009895833333333333 0.017708333333333333 
6 0.27395833333333336 0.6911458333333333 0.010416666666666666 0.016666666666666666 
6 0.2833333333333333 0.6919270833333333 0.014583333333333334 0.022395833333333334 
6 0.29140625 0.6942708333333333 0.0109375 0.019791666666666666 
6 0.30859375 0.7 0.013020833333333334 0.020833333333333332 
6 0.31692708333333336 0.703125 0.011979166666666667 0.020833333333333332 
6 0.325 0.70546875 0.011458333333333333 0.0203125 
6 0.33932291666666664 0.8375 0.008854166666666666 0.01875 
6 0.3580729166666667 0.8502604166666666 0.0140625 0.008854166666666666 
6 0.15833333333333333 0.7705729166666667 0.008333333333333333 0.013020833333333334 
12 0.19427083333333334 0.6783854166666666 0.11145833333333334 0.22239583333333332 
12 0.32447916666666665 0.715625 0.13854166666666667 0.08125 
12 0.3065104166666667 0.7760416666666666 0.13697916666666668 0.07708333333333334 
12 0.29635416666666664 0.8268229166666666 0.14270833333333333 0.06302083333333333 
12 0.24609375 0.6966145833333334 0.08697916666666666 0.2140625 
12 0.5864583333333333 0.72109375 0.29375 0.14635416666666667 
12 0.55390625 0.8192708333333333 0.29010416666666666 0.14270833333333333 
12 0.53203125 0.8924479166666667 0.29322916666666665 0.11510416666666666 
12 0.8291666666666667 0.78828125 0.14583333333333334 0.0890625 
12 0.8052083333333333 0.8580729166666666 0.13958333333333334 0.0796875 
12 0.7846354166666667 0.9174479166666667 0.13802083333333334 0.0796875 
12 0.7627604166666667 0.9677083333333333 0.14635416666666667 0.06458333333333334 
12 0.98984375 0.9119791666666667 0.0890625 0.17708333333333334 
6 0.19244791666666666 0.42526041666666664 0.0328125 0.021354166666666667 
6 0.08333333333333333 0.7502604166666667 0.035416666666666666 0.11614583333333334 
6 0.24609375 0.8544270833333333 0.015104166666666667 0.0234375 
12 0.34713541666666664 0.64296875 0.14635416666666667 0.09635416666666667 
12 0.8791666666666667 0.6348958333333333 0.13333333333333333 0.08229166666666667 
6 0.66875 0.9356770833333333 0.015625 0.009895833333333333 
12 0.9020833333333333 0.5567708333333333 0.13125 0.07708333333333334 
12 0.11614583333333334 0.3294270833333333 0.06354166666666666 0.10677083333333333 
12 0.13072916666666667 0.5911458333333334 0.07916666666666666 0.10625 
12 0.2955729166666667 0.3484375 0.1171875 0.225 
12 0.41354166666666664 0.4817708333333333 0.14375 0.090625 
12 0.43671875 0.41432291666666665 0.1359375 0.07864583333333333 
12 0.45625 0.3536458333333333 0.1375 0.07604166666666666 
12 0.4708333333333333 0.3026041666666667 0.12916666666666668 0.06145833333333333 
12 0.36380208333333336 0.375 0.0984375 0.22395833333333334 
12 0.6453125 0.55859375 0.278125 0.13072916666666667 
12 0.6721354166666667 0.49322916666666666 0.2703125 0.11979166666666667 
12 0.6888020833333334 0.4322916666666667 0.2640625 0.11875 
12 0.63359375 0.35546875 0.14322916666666666 0.06614583333333333 
12 0.7765625 0.39427083333333335 0.14166666666666666 0.065625 
12 0.9283854166666666 0.44817708333333334 0.13489583333333333 0.0578125 
12 0.9203125 0.49895833333333334 0.13229166666666667 0.07083333333333333 
6 0.6614583333333334 0.9489583333333333 0.013541666666666667 0.009375 
6 0.67109375 0.9278645833333333 0.0140625 0.008854166666666666 
6 0.3984375 0.8424479166666666 0.0125 0.0078125 
6 0.5171875 0.8838541666666667 0.0125 0.019791666666666666 
6 0.4979166666666667 0.8794270833333333 0.013541666666666667 0.022395833333333334 
6 0.48880208333333336 0.8731770833333333 0.015104166666666667 0.024479166666666666 
6 0.47994791666666664 0.89140625 0.011979166666666667 0.005729166666666666 
6 0.4786458333333333 0.8713541666666667 0.014583333333333334 0.023958333333333335 
6 0.46822916666666664 0.86875 0.0125 0.023958333333333335 
6 0.4591145833333333 0.8669270833333333 0.013020833333333334 0.021354166666666667 
6 0.44869791666666664 0.8638020833333333 0.011979166666666667 0.021354166666666667 
6 0.43984375 0.86015625 0.015104166666666667 0.024479166666666666 
6 0.42994791666666665 0.8578125 0.0140625 0.022916666666666665 
6 0.4231770833333333 0.87421875 0.013020833333333334 0.008854166666666666 
6 0.409375 0.8692708333333333 0.0125 0.008333333333333333 
6 0.41901041666666666 0.8546875 0.0140625 0.022916666666666665 
6 0.3924479166666667 0.8643229166666667 0.015104166666666667 0.009895833333333333 
6 0.39296875 0.8567708333333334 0.0140625 0.008333333333333333 
6 0.3963541666666667 0.85 0.013541666666666667 0.008333333333333333 
6 0.5078125 0.8825520833333333 0.013541666666666667 0.021354166666666667 
6 0.5276041666666667 0.8895833333333333 0.015625 0.022916666666666665 
6 0.6557291666666667 0.9286458333333333 0.015625 0.023958333333333335 
6 0.5390625 0.8916666666666667 0.0125 0.020833333333333332 
6 0.6458333333333334 0.9268229166666667 0.014583333333333334 0.022395833333333334 
6 0.6283854166666667 0.93828125 0.009895833333333333 0.008854166666666666 
6 0.6372395833333333 0.9221354166666667 0.016145833333333335 0.0265625 
6 0.6276041666666666 0.9169270833333333 0.015625 0.0234375 
6 0.6166666666666667 0.9158854166666667 0.014583333333333334 0.024479166666666666 
6 0.6075520833333333 0.9125 0.0140625 0.023958333333333335 
6 0.6010416666666667 0.9302083333333333 0.0125 0.009375 
6 0.5703125 0.9203125 0.0125 0.008333333333333333 
6 0.5427083333333333 0.91171875 0.014583333333333334 0.009895833333333333 
6 0.5971354166666667 0.9109375 0.015104166666666667 0.023958333333333335 
6 0.58671875 0.9075520833333334 0.0140625 0.022395833333333334 
6 0.5776041666666667 0.90390625 0.011458333333333333 0.021354166666666667 
6 0.5682291666666667 0.90078125 0.014583333333333334 0.0234375 
6 0.5580729166666667 0.8989583333333333 0.0140625 0.021875 
6 0.5484375 0.8947916666666667 0.014583333333333334 0.023958333333333335 
6 0.6934895833333333 0.8486979166666667 0.016145833333333335 0.0296875 
6 0.6721354166666667 0.8421875 0.015104166666666667 0.026041666666666668 
6 0.6611979166666667 0.8416666666666667 0.015104166666666667 0.025 
6 0.3893229166666667 0.6760416666666667 0.013020833333333334 0.020833333333333332 
6 0.40598958333333335 0.6486979166666667 0.0171875 0.028645833333333332 
6 0.39453125 0.6416666666666667 0.019270833333333334 0.034375 
6 0.3802083333333333 0.63671875 0.016666666666666666 0.028645833333333332 
6 0.36796875 0.6364583333333333 0.0171875 0.030208333333333334 
6 0.3802083333333333 0.6755208333333333 0.014583333333333334 0.025 
6 0.37265625 0.6708333333333333 0.013020833333333334 0.019791666666666666 
6 0.3651041666666667 0.6677083333333333 0.011458333333333333 0.01875 
6 0.3567708333333333 0.665625 0.0125 0.020833333333333332 
6 0.34765625 0.6635416666666667 0.013020833333333334 0.021875 
6 0.33880208333333334 0.66171875 0.013020833333333334 0.022395833333333334 
6 0.33046875 0.6578125 0.011979166666666667 0.019791666666666666 
6 0.3221354166666667 0.6552083333333333 0.011979166666666667 0.019791666666666666 
6 0.3424479166666667 0.628125 0.019270833333333334 0.03229166666666667 
6 0.33177083333333335 0.6229166666666667 0.020833333333333332 0.035416666666666666 
6 0.31744791666666666 0.6197916666666666 0.0203125 0.035416666666666666 
6 0.41953125 0.6609375 0.027604166666666666 0.041666666666666664 
6 0.39765625 0.6802083333333333 0.0109375 0.019791666666666666 
6 0.28072916666666664 0.5981770833333333 0.015625 0.009895833333333333 
6 0.4627604166666667 0.64609375 0.011979166666666667 0.0067708333333333336 
6 0.6208333333333333 0.7153645833333333 0.015625 0.027604166666666666 
6 0.60859375 0.7111979166666667 0.018229166666666668 0.028645833333333332 
6 0.5979166666666667 0.7065104166666667 0.016666666666666666 0.0265625 
6 0.5856770833333333 0.703125 0.016145833333333335 0.025 
6 0.5736979166666667 0.7018229166666666 0.0171875 0.0296875 
6 0.5622395833333333 0.6979166666666666 0.015104166666666667 0.025 
6 0.5502604166666667 0.6932291666666667 0.016145833333333335 0.029166666666666667 
6 0.53984375 0.6875 0.0171875 0.03125 
6 0.5286458333333334 0.6848958333333334 0.016666666666666666 0.027083333333333334 
6 0.5158854166666667 0.6822916666666666 0.0171875 0.027083333333333334 
6 0.5044270833333333 0.6760416666666667 0.015104166666666667 0.025 
6 0.49322916666666666 0.6731770833333334 0.01875 0.03177083333333333 
6 0.48098958333333336 0.6716145833333333 0.0203125 0.030729166666666665 
6 0.46901041666666665 0.6666666666666666 0.0171875 0.029166666666666667 
6 0.45625 0.6661458333333333 0.019791666666666666 0.030208333333333334 
6 0.29270833333333335 0.6130208333333333 0.017708333333333333 0.029166666666666667 
6 0.2752604166666667 0.6046875 0.018229166666666668 0.010416666666666666 
6 0.653125 0.8375 0.017708333333333333 0.029166666666666667 
6 0.23932291666666666 0.7161458333333334 0.0203125 0.0125 
6 0.23385416666666667 0.7341145833333333 0.01875 0.011979166666666667 
6 0.22994791666666667 0.7421875 0.0203125 0.0125 
6 0.22864583333333333 0.7510416666666667 0.017708333333333333 0.010416666666666666 
6 0.22604166666666667 0.7598958333333333 0.01875 0.010416666666666666 
6 0.22265625 0.7690104166666667 0.0203125 0.011979166666666667 
6 0.21848958333333332 0.77734375 0.022395833333333334 0.0140625 
6 0.21666666666666667 0.7864583333333334 0.019791666666666666 0.011458333333333333 
6 0.21432291666666667 0.7950520833333333 0.019270833333333334 0.011979166666666667 
6 0.19166666666666668 0.7989583333333333 0.013541666666666667 0.008333333333333333 
6 0.17161458333333332 0.7822916666666667 0.019270833333333334 0.0125 
6 0.17317708333333334 0.7734375 0.0171875 0.011458333333333333 
6 0.17578125 0.7645833333333333 0.018229166666666668 0.011458333333333333 
6 0.18072916666666666 0.7565104166666666 0.020833333333333332 0.013020833333333334 
6 0.18255208333333334 0.74765625 0.0203125 0.011979166666666667 
6 0.16276041666666666 0.7583333333333333 0.0078125 0.011458333333333333 
6 0.23671875 0.7252604166666666 0.0203125 0.011979166666666667 
6 0.24270833333333333 0.7078125 0.020833333333333332 0.0125 
6 0.27239583333333334 0.6122395833333333 0.01875 0.0109375 
6 0.24296875 0.6986979166666667 0.021354166666666667 0.0109375 
6 0.26953125 0.6200520833333333 0.018229166666666668 0.008854166666666666 
6 0.2671875 0.6278645833333333 0.01875 0.0109375 
6 0.26536458333333335 0.6361979166666667 0.018229166666666668 0.011979166666666667 
6 0.3140625 0.6528645833333333 0.0125 0.019270833333333334 
6 0.30546875 0.6505208333333333 0.013020833333333334 0.020833333333333332 
6 0.29739583333333336 0.6466145833333333 0.0125 0.018229166666666668 
6 0.28854166666666664 0.6453125 0.014583333333333334 0.021875 
6 0.28098958333333335 0.6427083333333333 0.0140625 0.022916666666666665 
6 0.26276041666666666 0.6440104166666667 0.018229166666666668 0.0109375 
6 0.26015625 0.6515625 0.019270833333333334 0.011458333333333333 
6 0.25755208333333335 0.659375 0.0171875 0.010416666666666666 
6 0.2546875 0.6669270833333333 0.01875 0.011979166666666667 
6 0.253125 0.675 0.017708333333333333 0.010416666666666666 
6 0.25 0.6828125 0.01875 0.011458333333333333 
6 0.24609375 0.6901041666666666 0.0203125 0.011458333333333333 
6 0.6317708333333333 0.7190104166666667 0.016666666666666666 0.0296875 
6 0.64375 0.7208333333333333 0.016666666666666666 0.027083333333333334 
6 0.6546875 0.72578125 0.016666666666666666 0.028645833333333332 
6 0.5533854166666666 0.8052083333333333 0.018229166666666668 0.030208333333333334 
6 0.5348958333333333 0.8309895833333333 0.013541666666666667 0.0203125 
6 0.5247395833333334 0.8278645833333333 0.0140625 0.0234375 
6 0.5151041666666667 0.8252604166666667 0.014583333333333334 0.0234375 
6 0.53046875 0.7989583333333333 0.015104166666666667 0.027083333333333334 
6 0.5192708333333333 0.79453125 0.015625 0.0265625 
6 0.5052083333333334 0.8223958333333333 0.0125 0.021875 
6 0.5088541666666667 0.7932291666666667 0.017708333333333333 0.027083333333333334 
6 0.49583333333333335 0.8200520833333333 0.014583333333333334 0.021354166666666667 
6 0.48515625 0.8174479166666667 0.016145833333333335 0.025520833333333333 
6 0.47552083333333334 0.81484375 0.015625 0.024479166666666666 
6 0.4981770833333333 0.78984375 0.0171875 0.027604166666666666 
6 0.48802083333333335 0.7861979166666667 0.015625 0.027604166666666666 
6 0.47708333333333336 0.7817708333333333 0.017708333333333333 0.030208333333333334 
6 0.46640625 0.81015625 0.0109375 0.0203125 
6 0.446875 0.8041666666666667 0.010416666666666666 0.021875 
6 0.5421875 0.8036458333333333 0.015625 0.029166666666666667 
6 0.5432291666666667 0.8341145833333333 0.011458333333333333 0.018229166666666668 
6 0.6200520833333333 0.75078125 0.0171875 0.027604166666666666 
6 0.56640625 0.8088541666666667 0.018229166666666668 0.030208333333333334 
6 0.6424479166666667 0.8346354166666666 0.0171875 0.0265625 
6 0.63359375 0.8630208333333333 0.0140625 0.022916666666666665 
6 0.62421875 0.8588541666666667 0.0140625 0.021875 
6 0.6140625 0.8583333333333333 0.014583333333333334 0.022916666666666665 
6 0.63046875 0.8317708333333333 0.0140625 0.022916666666666665 
6 0.6203125 0.8276041666666667 0.015625 0.026041666666666668 
6 0.6096354166666667 0.8221354166666667 0.016145833333333335 0.028645833333333332 
6 0.60390625 0.8557291666666667 0.018229166666666668 0.028125 
6 0.5942708333333333 0.8513020833333333 0.015625 0.025520833333333333 
6 0.5846354166666666 0.8481770833333333 0.015104166666666667 0.025520833333333333 
6 0.5658854166666667 0.84140625 0.013020833333333334 0.0234375 
6 0.5986979166666667 0.8216145833333334 0.0171875 0.028645833333333332 
6 0.5875 0.8184895833333333 0.016666666666666666 0.027604166666666666 
6 0.5763020833333333 0.8130208333333333 0.016145833333333335 0.026041666666666668 
6 0.5557291666666667 0.8372395833333334 0.013541666666666667 0.021354166666666667 
6 0.46536458333333336 0.7786458333333334 0.013020833333333334 0.027083333333333334 
6 0.45598958333333334 0.7747395833333334 0.016145833333333335 0.027604166666666666 
6 0.44635416666666666 0.7729166666666667 0.015625 0.027083333333333334 
6 0.43697916666666664 0.7677083333333333 0.015625 0.025 
6 0.7244791666666667 0.7494791666666667 0.017708333333333333 0.028125 
6 0.71328125 0.7434895833333334 0.018229166666666668 0.027604166666666666 
6 0.715625 0.7783854166666667 0.014583333333333334 0.027604166666666666 
6 0.7046875 0.778125 0.015625 0.028125 
6 0.69375 0.7731770833333333 0.014583333333333334 0.027604166666666666 
6 0.7010416666666667 0.74140625 0.01875 0.028645833333333332 
6 0.6901041666666666 0.7359375 0.01875 0.03125 
6 0.6830729166666667 0.771875 0.015104166666666667 0.026041666666666668 
6 0.6734375 0.76875 0.017708333333333333 0.03125 
6 0.6625 0.7669270833333334 0.017708333333333333 0.0296875 
6 0.6791666666666667 0.7330729166666666 0.01875 0.028645833333333332 
6 0.6666666666666666 0.7299479166666667 0.019791666666666666 0.030729166666666665 
6 0.6528645833333333 0.76015625 0.016145833333333335 0.0265625 
6 0.6411458333333333 0.75859375 0.015625 0.0265625 
6 0.6302083333333334 0.75546875 0.014583333333333334 0.024479166666666666 
6 0.5979166666666667 0.7440104166666667 0.013541666666666667 0.025520833333333333 
6 0.58671875 0.7421875 0.0171875 0.03229166666666667 
6 0.5744791666666667 0.7377604166666667 0.015625 0.024479166666666666 
6 0.47734375 0.7059895833333333 0.013020833333333334 0.024479166666666666 
6 0.425 0.7666666666666667 0.013541666666666667 0.029166666666666667 
6 0.42682291666666666 0.7981770833333334 0.015104166666666667 0.024479166666666666 
6 0.4166666666666667 0.7955729166666666 0.0125 0.021354166666666667 
6 0.446875 0.696875 0.016666666666666666 0.029166666666666667 
6 0.45755208333333336 0.6989583333333333 0.0171875 0.028125 
6 0.46770833333333334 0.7033854166666667 0.016666666666666666 0.0265625 
6 0.48828125 0.7065104166666667 0.0109375 0.021354166666666667 
6 0.5638020833333334 0.7328125 0.0171875 0.028125 
6 0.4973958333333333 0.71328125 0.015625 0.0265625 
6 0.5080729166666667 0.7177083333333333 0.016145833333333335 0.027083333333333334 
6 0.5200520833333333 0.7203125 0.0171875 0.028125 
6 0.5309895833333333 0.7229166666666667 0.016145833333333335 0.03125 
6 0.5408854166666667 0.7270833333333333 0.018229166666666668 0.03229166666666667 
6 0.5528645833333333 0.7296875 0.013020833333333334 0.021875 
6 0.6953125 0.5119791666666667 0.0125 0.020833333333333332 
6 0.68671875 0.509375 0.011979166666666667 0.019791666666666666 
6 0.67890625 0.5067708333333333 0.013020833333333334 0.020833333333333332 
6 1.0 0.8533854166666667 0.013541666666666667 0.008854166666666666 
6 0.9958333333333333 0.8674479166666667 0.014583333333333334 0.009895833333333333 
6 0.99296875 0.8744791666666667 0.013020833333333334 0.009375 
6 0.9901041666666667 0.8815104166666666 0.013541666666666667 0.008854166666666666 
6 0.9880208333333333 0.8893229166666666 0.014583333333333334 0.008854166666666666 
6 1.0044270833333333 0.90859375 0.019270833333333334 0.011979166666666667 
6 1.0005208333333333 0.9158854166666667 0.016666666666666666 0.0109375 
6 0.9997395833333333 0.9234375 0.0171875 0.010416666666666666 
6 0.99609375 0.93125 0.015104166666666667 0.009375 
6 0.9942708333333333 0.9380208333333333 0.014583333333333334 0.009375 
6 0.9921875 0.946875 0.017708333333333333 0.011458333333333333 
6 0.9979166666666667 0.8606770833333334 0.014583333333333334 0.009895833333333333 
6 0.98359375 0.9700520833333334 0.015104166666666667 0.009895833333333333 
6 1.0020833333333334 0.8458333333333333 0.014583333333333334 0.009375 
6 1.00390625 0.8388020833333333 0.0140625 0.008854166666666666 
6 0.9856770833333334 0.9611979166666667 0.016145833333333335 0.011979166666666667 
6 0.98046875 0.9765625 0.015104166666666667 0.010416666666666666 
4 0.17473958333333334 0.81796875 0.0109375 0.0078125 
4 0.17005208333333333 0.83359375 0.009895833333333333 0.0067708333333333336 
4 0.16979166666666667 0.8666666666666667 0.008333333333333333 0.0125 
4 0.18046875 0.8703125 0.008854166666666666 0.0125 
4 0.21119791666666668 0.8794270833333333 0.0078125 0.0109375 
4 0.21588541666666666 0.88046875 0.0078125 0.0109375 
4 0.21354166666666666 0.8921875 0.007291666666666667 0.009375 
4 0.23776041666666667 0.8869791666666667 0.008854166666666666 0.0125 
4 0.24817708333333333 0.8908854166666667 0.008854166666666666 0.0109375 
4 0.24973958333333332 0.8416666666666667 0.0109375 0.007291666666666667 
4 0.27682291666666664 0.8736979166666666 0.013020833333333334 0.008854166666666666 
4 0.2994791666666667 0.9174479166666667 0.008333333333333333 0.011979166666666667 
4 0.30807291666666664 0.91015625 0.0078125 0.011979166666666667 
4 0.3919270833333333 0.8924479166666667 0.013020833333333334 0.008854166666666666 
4 0.4236979166666667 0.91953125 0.011979166666666667 0.008854166666666666 
4 0.4825520833333333 0.9643229166666667 0.0078125 0.011979166666666667 
4 0.16848958333333333 0.8466145833333333 0.0140625 0.008854166666666666 
4 0.13333333333333333 0.8088541666666667 0.007291666666666667 0.009375 
6 0.9796875 0.9848958333333333 0.016666666666666666 0.010416666666666666 
4 0.1234375 0.80625 0.007291666666666667 0.011458333333333333 
6 0.9763020833333333 0.9921875 0.016145833333333335 0.009375 
6 0.9580729166666667 0.9846354166666667 0.0140625 0.008854166666666666 
6 0.96015625 0.9770833333333333 0.0140625 0.008333333333333333 
6 0.9643229166666667 0.9625 0.0171875 0.009375 
6 0.9671875 0.9557291666666666 0.014583333333333334 0.009375 
6 0.9697916666666667 0.9486979166666667 0.014583333333333334 0.009895833333333333 
6 0.9716145833333333 0.9416666666666667 0.015104166666666667 0.009375 
6 0.975 0.9341145833333333 0.013541666666666667 0.008854166666666666 
6 0.9768229166666667 0.9263020833333333 0.0140625 0.008854166666666666 
6 0.9794270833333333 0.9182291666666667 0.011979166666666667 0.008333333333333333 
6 0.98203125 0.9114583333333334 0.015104166666666667 0.010416666666666666 
6 0.98359375 0.9041666666666667 0.013020833333333334 0.009375 
6 0.9848958333333333 0.8963541666666667 0.015625 0.009375 
4 0.05260416666666667 0.7236979166666667 0.011458333333333333 0.0067708333333333336 
4 0.05390625 0.72890625 0.0109375 0.0078125 
6 0.67109375 0.5041666666666667 0.013020833333333334 0.021875 
6 0.7627604166666667 0.8549479166666667 0.011979166666666667 0.018229166666666668 
6 0.7473958333333334 0.84921875 0.011458333333333333 0.0171875 
6 0.7388020833333333 0.8354166666666667 0.022395833333333334 0.036458333333333336 
6 0.753125 0.8278645833333333 0.011458333333333333 0.019270833333333334 
6 0.76171875 0.8309895833333333 0.0109375 0.019270833333333334 
6 0.7708333333333334 0.8328125 0.011458333333333333 0.019791666666666666 
6 0.7783854166666667 0.8361979166666667 0.0109375 0.019270833333333334 
6 0.7872395833333333 0.8390625 0.0109375 0.019791666666666666 
6 0.7963541666666667 0.840625 0.0125 0.020833333333333332 
6 0.8044270833333333 0.8440104166666667 0.011979166666666667 0.0203125 
6 0.8830729166666667 0.8213541666666667 0.0109375 0.019791666666666666 
6 0.8895833333333333 0.7971354166666667 0.013541666666666667 0.024479166666666666 
6 0.8799479166666667 0.7916666666666666 0.018229166666666668 0.029166666666666667 
6 0.8747395833333333 0.8205729166666667 0.013020833333333334 0.021354166666666667 
6 0.8666666666666667 0.8166666666666667 0.011458333333333333 0.019791666666666666 
6 0.8591145833333333 0.8135416666666667 0.011979166666666667 0.019791666666666666 
6 0.7541666666666667 0.8533854166666667 0.013541666666666667 0.021354166666666667 
6 0.7697916666666667 0.85859375 0.013541666666666667 0.021354166666666667 
6 0.8674479166666667 0.7888020833333333 0.0140625 0.022395833333333334 
6 0.7778645833333333 0.8614583333333333 0.011979166666666667 0.021875 
6 0.8619791666666666 0.8614583333333333 0.0125 0.019791666666666666 
6 0.8479166666666667 0.8809895833333333 0.010416666666666666 0.016145833333333335 
6 0.8533854166666667 0.8591145833333333 0.0109375 0.019270833333333334 
6 0.8450520833333334 0.85703125 0.011979166666666667 0.019270833333333334 
6 0.8372395833333334 0.8533854166666667 0.011979166666666667 0.018229166666666668 
6 0.8291666666666667 0.8510416666666667 0.013541666666666667 0.020833333333333332 
6 0.8403645833333333 0.87890625 0.009895833333333333 0.016145833333333335 
6 0.8247395833333333 0.8747395833333333 0.011979166666666667 0.019270833333333334 
6 0.8166666666666667 0.8713541666666667 0.011458333333333333 0.017708333333333333 
6 0.8203125 0.8484375 0.011458333333333333 0.019791666666666666 
6 0.8122395833333333 0.846875 0.009895833333333333 0.015625 
6 0.8091145833333333 0.86953125 0.0109375 0.019270833333333334 
6 0.8010416666666667 0.8684895833333334 0.013541666666666667 0.022395833333333334 
6 0.7932291666666667 0.8645833333333334 0.0125 0.020833333333333332 
6 0.7859375 0.8622395833333333 0.010416666666666666 0.0171875 
6 0.8502604166666666 0.8119791666666667 0.013020833333333334 0.020833333333333332 
6 0.8572916666666667 0.7854166666666667 0.015625 0.026041666666666668 
6 0.84453125 0.7817708333333333 0.015104166666666667 0.025 
6 0.8333333333333334 0.7783854166666667 0.014583333333333334 0.024479166666666666 
6 0.82265625 0.7744791666666667 0.016145833333333335 0.026041666666666668 
6 0.8114583333333333 0.7697916666666667 0.017708333333333333 0.028125 
6 0.78828125 0.7638020833333333 0.0171875 0.024479166666666666 
6 0.7760416666666666 0.7609375 0.015625 0.023958333333333335 
6 0.7611979166666667 0.76484375 0.03177083333333333 0.05364583333333333 
6 0.7760416666666666 0.7877604166666666 0.0125 0.019270833333333334 
6 0.7838541666666666 0.790625 0.0125 0.019791666666666666 
6 0.7919270833333333 0.7934895833333333 0.013020833333333334 0.0203125 
6 0.80078125 0.7958333333333333 0.013020833333333334 0.020833333333333332 
6 0.80859375 0.79921875 0.013020833333333334 0.022395833333333334 
6 0.8260416666666667 0.803125 0.013541666666666667 0.01875 
6 0.834375 0.8057291666666667 0.0125 0.017708333333333333 
6 0.8424479166666666 0.8083333333333333 0.011979166666666667 0.019791666666666666 
4 0.4783854166666667 0.9763020833333333 0.008854166666666666 0.011979166666666667 
4 0.5502604166666667 0.9486979166666667 0.011979166666666667 0.008854166666666666 
4 0.5588541666666667 0.9630208333333333 0.0125 0.010416666666666666 
6 0.12239583333333333 0.565625 0.009375 0.007291666666666667 
6 0.17630208333333333 0.7143229166666667 0.008854166666666666 0.0109375 
6 0.16614583333333333 0.74453125 0.010416666666666666 0.013020833333333334 
6 0.2669270833333333 0.6869791666666667 0.015104166666666667 0.023958333333333335 
4 0.35234375 0.18723958333333332 0.011979166666666667 0.0067708333333333336 
4 0.3328125 0.16354166666666667 0.0125 0.008333333333333333 
4 0.33541666666666664 0.15755208333333334 0.010416666666666666 0.0078125 
4 0.321875 0.19348958333333333 0.013541666666666667 0.008854166666666666 
4 0.62734375 0.25677083333333334 0.008854166666666666 0.011458333333333333 
4 0.86015625 0.221875 0.011979166666666667 0.010416666666666666 
2 0.9684895833333333 0.7471354166666667 0.0546875 0.09427083333333333 
6 0.6604166666666667 0.59140625 0.009375 0.008854166666666666 
6 0.6828125 0.5979166666666667 0.008333333333333333 0.007291666666666667 
6 0.7143229166666667 0.6067708333333334 0.008854166666666666 0.007291666666666667 
6 0.7049479166666667 0.6046875 0.009895833333333333 0.00625 
6 0.6127604166666667 0.33619791666666665 0.0078125 0.0067708333333333336 
6 0.10885416666666667 0.60390625 0.00625 0.0109375 
6 0.175 0.40729166666666666 0.007291666666666667 0.010416666666666666 
6 0.82109375 0.4622395833333333 0.016145833333333335 0.0234375 
6 0.17838541666666666 0.3953125 0.008854166666666666 0.011458333333333333 
6 0.23828125 0.2546875 0.009895833333333333 0.008333333333333333 
6 0.23880208333333333 0.24869791666666666 0.0109375 0.0067708333333333336 
6 0.24010416666666667 0.2453125 0.010416666666666666 0.00625 
6 0.24114583333333334 0.24114583333333334 0.009375 0.00625 
6 0.24270833333333333 0.2375 0.011458333333333333 0.005208333333333333 
6 0.24348958333333334 0.234375 0.0109375 0.00625 
6 0.24505208333333334 0.23125 0.0109375 0.00625 
6 0.25625 0.22708333333333333 0.010416666666666666 0.00625 
6 0.11197916666666667 0.3338541666666667 0.011458333333333333 0.00625 
6 0.11302083333333333 0.3299479166666667 0.010416666666666666 0.005729166666666666 
6 0.11328125 0.32708333333333334 0.0109375 0.005208333333333333 
6 0.11432291666666666 0.32369791666666664 0.0109375 0.005729166666666666 
6 0.11614583333333334 0.3203125 0.009375 0.005208333333333333 
6 0.19453125 0.34661458333333334 0.0078125 0.009895833333333333 
6 0.18802083333333333 0.36432291666666666 0.008333333333333333 0.009895833333333333 
6 0.6825520833333333 0.35885416666666664 0.008854166666666666 0.00625 
6 0.9966145833333333 0.4942708333333333 0.005729166666666666 0.008333333333333333 
4 0.49375 0.9815104166666667 0.007291666666666667 0.0109375 
6 0.7598958333333333 0.978125 0.010416666666666666 0.007291666666666667 
6 0.43828125 0.8778645833333333 0.009895833333333333 0.0067708333333333336 
6 0.4513020833333333 0.8825520833333333 0.009895833333333333 0.0067708333333333336 
6 0.23671875 0.8200520833333333 0.0078125 0.005729166666666666 
6 0.24296875 0.821875 0.0078125 0.00625 
6 0.2908854166666667 0.8375 0.0078125 0.00625 
6 0.11614583333333334 0.6247395833333333 0.00625 0.0109375 
6 0.1890625 0.6078125 0.007291666666666667 0.009375 
6 0.11588541666666667 0.6083333333333333 0.0078125 0.010416666666666666 
6 0.11692708333333333 0.5984375 0.0067708333333333336 0.010416666666666666 
6 0.24791666666666667 0.8236979166666667 0.00625 0.005729166666666666 
6 0.253125 0.8252604166666667 0.00625 0.005729166666666666 
6 0.25885416666666666 0.82734375 0.007291666666666667 0.005729166666666666 
6 0.265625 0.8286458333333333 0.00625 0.004166666666666667 
6 0.27109375 0.8309895833333333 0.0067708333333333336 0.005729166666666666 
6 0.27734375 0.83359375 0.0067708333333333336 0.005729166666666666 
6 0.8046875 0.99296875 0.011458333333333333 0.0078125 
6 0.70234375 0.9434895833333333 0.0140625 0.009895833333333333 
6 0.86171875 0.50078125 0.0078125 0.005729166666666666 
6 0.6661458333333333 0.9434895833333333 0.011458333333333333 0.0078125 
6 0.9158854166666667 0.48671875 0.008854166666666666 0.011979166666666667 
6 0.9244791666666666 0.48880208333333336 0.010416666666666666 0.016145833333333335 
6 0.9486979166666667 0.6440104166666667 0.0067708333333333336 0.008854166666666666 
6 0.83984375 0.5369791666666667 0.009895833333333333 0.00625 
6 0.6575520833333334 0.82265625 0.008854166666666666 0.0067708333333333336 
6 0.5697916666666667 0.7869791666666667 0.00625 0.008333333333333333 
6 0.5783854166666667 0.6833333333333333 0.009895833333333333 0.007291666666666667 
6 0.6356770833333333 0.70234375 0.008854166666666666 0.0067708333333333336 
6 0.5934895833333333 0.7572916666666667 0.009895833333333333 0.007291666666666667 
6 0.69921875 0.9606770833333333 0.016145833333333335 0.009895833333333333 
6 0.7638020833333333 0.9322916666666666 0.008854166666666666 0.005208333333333333 
6 0.8638020833333333 0.9151041666666667 0.005729166666666666 0.007291666666666667 
6 0.7192708333333333 0.8916666666666667 0.020833333333333332 0.029166666666666667 
6 0.58125 0.9229166666666667 0.008333333333333333 0.007291666666666667 
6 0.5895833333333333 0.9255208333333333 0.008333333333333333 0.005208333333333333 
6 0.23776041666666667 0.25885416666666666 0.008854166666666666 0.005208333333333333 
6 0.23619791666666667 0.2630208333333333 0.008854166666666666 0.005208333333333333 
6 0.234375 0.26588541666666665 0.008333333333333333 0.0067708333333333336 
4 0.8049479166666667 0.2078125 0.009895833333333333 0.010416666666666666 
4 0.77578125 0.30546875 0.0078125 0.0109375 
4 0.7614583333333333 0.2986979166666667 0.00625 0.0109375 
4 0.7575520833333333 0.3098958333333333 0.0067708333333333336 0.011458333333333333 
4 0.746875 0.3065104166666667 0.007291666666666667 0.011979166666666667 
4 0.75078125 0.2953125 0.009895833333333333 0.013541666666666667 
4 0.7302083333333333 0.2875 0.008333333333333333 0.0125 
4 0.7372395833333333 0.3028645833333333 0.0078125 0.013020833333333334 
4 0.73125 0.30130208333333336 0.007291666666666667 0.011979166666666667 
4 0.7174479166666666 0.29791666666666666 0.0078125 0.011458333333333333 
4 0.7151041666666667 0.2830729166666667 0.00625 0.013020833333333334 
4 0.6833333333333333 0.28229166666666666 0.009375 0.016666666666666666 
4 0.76015625 0.26875 0.0078125 0.011458333333333333 
4 0.671875 0.24270833333333333 0.007291666666666667 0.011458333333333333 
4 0.61875 0.26666666666666666 0.008333333333333333 0.011458333333333333 
4 0.6416666666666667 0.3033854166666667 0.00625 0.009895833333333333 
4 0.8109375 0.28619791666666666 0.007291666666666667 0.013020833333333334 
4 0.859375 0.24921875 0.011458333333333333 0.009895833333333333 
6 0.23411458333333332 0.27005208333333336 0.008854166666666666 0.0067708333333333336 
4 0.978125 0.26875 0.011458333333333333 0.008333333333333333 
4 0.5122395833333333 0.9736979166666667 0.009895833333333333 0.013020833333333334 
4 0.5223958333333333 0.9770833333333333 0.009375 0.0125 
4 0.5333333333333333 0.9807291666666667 0.008333333333333333 0.013541666666666667 
4 0.5549479166666667 0.9869791666666666 0.008854166666666666 0.0125 
4 0.5643229166666667 0.99140625 0.008854166666666666 0.013020833333333334 
4 0.91953125 0.8802083333333334 0.0078125 0.0125 
4 0.9510416666666667 0.4002604166666667 0.008333333333333333 0.011979166666666667 
4 0.94609375 0.39869791666666665 0.0067708333333333336 0.0109375 
4 0.94765625 0.37109375 0.005729166666666666 0.0109375 
4 0.9528645833333333 0.371875 0.005729166666666666 0.010416666666666666 
4 0.9473958333333333 0.3567708333333333 0.009375 0.013541666666666667 
4 0.9213541666666667 0.3489583333333333 0.008333333333333333 0.0125 
4 0.9278645833333333 0.3640625 0.0067708333333333336 0.0125 
4 0.8794270833333333 0.36223958333333334 0.0109375 0.011979166666666667 
4 0.9127604166666666 0.31927083333333334 0.0078125 0.0125 
4 0.6877604166666667 0.31796875 0.0067708333333333336 0.0109375 
4 0.5986979166666667 0.25807291666666665 0.008854166666666666 0.013020833333333334 
4 0.48776041666666664 0.253125 0.0067708333333333336 0.011458333333333333 
4 0.47239583333333335 0.24947916666666667 0.007291666666666667 0.010416666666666666 
4 0.35520833333333335 0.1765625 0.0125 0.008333333333333333 
4 0.29192708333333334 0.1671875 0.013020833333333334 0.009375 
4 0.29401041666666666 0.16171875 0.011979166666666667 0.008854166666666666 
4 0.29635416666666664 0.15677083333333333 0.0125 0.009375 
4 0.421875 0.20364583333333333 0.008333333333333333 0.0125 
4 0.9322916666666666 0.28854166666666664 0.0125 0.009375 
4 0.9669270833333333 0.403125 0.0109375 0.015625 
6 0.23203125 0.2559895833333333 0.0067708333333333336 0.009895833333333333 
6 0.228125 0.2682291666666667 0.005208333333333333 0.008333333333333333 
6 0.22526041666666666 0.2760416666666667 0.0067708333333333336 0.010416666666666666 
6 0.23229166666666667 0.27734375 0.009375 0.0067708333333333336 
6 0.23333333333333334 0.27395833333333336 0.008333333333333333 0.005208333333333333 
4 0.3580729166666667 0.17161458333333332 0.0109375 0.0067708333333333336 
4 0.35911458333333335 0.16744791666666667 0.0109375 0.0067708333333333336 
4 0.36015625 0.159375 0.013020833333333334 0.007291666666666667 
4 0.39166666666666666 0.21197916666666666 0.011458333333333333 0.007291666666666667 
4 0.4895833333333333 0.21171875 0.008333333333333333 0.0109375 
4 0.47890625 0.20859375 0.0078125 0.013020833333333334 
4 0.42994791666666665 0.19244791666666666 0.0078125 0.0109375 
4 0.42421875 0.18984375 0.008854166666666666 0.011979166666666667 
4 0.4046875 0.171875 0.0125 0.008333333333333333 
4 0.39296875 0.20677083333333332 0.013020833333333334 0.008333333333333333 
4 0.20026041666666666 0.20755208333333333 0.0109375 0.0067708333333333336 
4 0.32395833333333335 0.15546875 0.013541666666666667 0.008854166666666666 
4 0.3177083333333333 0.17552083333333332 0.009375 0.00625 
4 0.3184895833333333 0.17005208333333333 0.009895833333333333 0.0067708333333333336 
4 0.32005208333333335 0.16484375 0.009895833333333333 0.008854166666666666 
4 0.33151041666666664 0.16875 0.0109375 0.009375 
4 0.3302083333333333 0.17447916666666666 0.010416666666666666 0.008333333333333333 
4 0.32838541666666665 0.17942708333333332 0.0109375 0.008854166666666666 
6 0.8697916666666666 0.8640625 0.011458333333333333 0.019791666666666666 
6 0.8557291666666667 0.884375 0.011458333333333333 0.01875 
6 0.8638020833333333 0.88671875 0.011979166666666667 0.019270833333333334 
6 0.81328125 0.48046875 0.0109375 0.0171875 
6 0.80390625 0.47890625 0.011979166666666667 0.019270833333333334 
6 0.7966145833333333 0.4765625 0.0109375 0.015625 
6 0.803125 0.45598958333333334 0.010416666666666666 0.0171875 
6 0.7966145833333333 0.4518229166666667 0.008854166666666666 0.015104166666666667 
6 0.7877604166666666 0.475 0.013020833333333334 0.019791666666666666 
6 0.7809895833333333 0.47161458333333334 0.0109375 0.018229166666666668 
6 0.7895833333333333 0.44869791666666664 0.011458333333333333 0.0171875 
6 0.78125 0.4453125 0.0125 0.020833333333333332 
6 0.7736979166666667 0.4440104166666667 0.009895833333333333 0.0171875 
6 0.7653645833333333 0.44244791666666666 0.011979166666666667 0.019270833333333334 
6 0.75703125 0.4395833333333333 0.011979166666666667 0.019791666666666666 
6 0.7486979166666666 0.4359375 0.011979166666666667 0.020833333333333332 
6 0.7408854166666666 0.43307291666666664 0.013020833333333334 0.0203125 
6 0.7731770833333333 0.4700520833333333 0.009895833333333333 0.0171875 
6 0.76640625 0.46640625 0.011979166666666667 0.018229166666666668 
6 0.8104166666666667 0.4578125 0.010416666666666666 0.017708333333333333 
6 0.84140625 0.4078125 0.009895833333333333 0.007291666666666667 
6 0.7440104166666667 0.45989583333333334 0.009895833333333333 0.017708333333333333 
6 0.83828125 0.4153645833333333 0.013020833333333334 0.008854166666666666 
6 0.67578125 0.5817708333333333 0.0171875 0.028125 
6 0.7151041666666667 0.3776041666666667 0.011458333333333333 0.020833333333333332 
6 0.7234375 0.37942708333333336 0.011458333333333333 0.0203125 
6 0.7322916666666667 0.38255208333333335 0.0125 0.021354166666666667 
6 0.7411458333333333 0.3854166666666667 0.0125 0.021875 
6 0.7494791666666667 0.38723958333333336 0.013541666666666667 0.0203125 
6 0.75703125 0.38984375 0.013020833333333334 0.0203125 
6 0.7651041666666667 0.3919270833333333 0.013541666666666667 0.0203125 
6 0.77265625 0.39453125 0.013020833333333334 0.019270833333333334 
6 0.7807291666666667 0.396875 0.011458333333333333 0.01875 
6 0.78828125 0.39947916666666666 0.009895833333333333 0.01875 
6 0.8028645833333333 0.40598958333333335 0.011979166666666667 0.018229166666666668 
6 0.8106770833333333 0.40572916666666664 0.0109375 0.017708333333333333 
6 0.81796875 0.40859375 0.009895833333333333 0.019270833333333334 
6 0.8369791666666667 0.42239583333333336 0.014583333333333334 0.009375 
6 0.75078125 0.4627604166666667 0.0109375 0.0171875 
6 0.7356770833333334 0.45703125 0.0109375 0.0171875 
6 0.9166666666666666 0.6614583333333334 0.013541666666666667 0.021875 
6 0.83046875 0.60859375 0.011979166666666667 0.016145833333333335 
6 0.8401041666666667 0.6083333333333333 0.014583333333333334 0.022916666666666665 
6 0.8494791666666667 0.6109375 0.013541666666666667 0.022916666666666665 
6 0.8583333333333333 0.61484375 0.013541666666666667 0.021354166666666667 
6 0.8677083333333333 0.6177083333333333 0.0125 0.021875 
6 0.8765625 0.6203125 0.011458333333333333 0.019791666666666666 
6 0.8864583333333333 0.6236979166666666 0.0125 0.0203125 
6 0.86640625 0.6432291666666666 0.0140625 0.020833333333333332 
6 0.8739583333333333 0.6479166666666667 0.013541666666666667 0.019791666666666666 
6 0.8833333333333333 0.6497395833333334 0.0125 0.021354166666666667 
6 0.89140625 0.65234375 0.011979166666666667 0.0203125 
6 0.9044270833333333 0.6299479166666667 0.0140625 0.0234375 
6 0.9143229166666667 0.6322916666666667 0.013020833333333334 0.020833333333333332 
6 0.92421875 0.6348958333333333 0.015104166666666667 0.022916666666666665 
6 0.9322916666666666 0.6388020833333333 0.0125 0.021354166666666667 
6 0.9411458333333333 0.6393229166666666 0.011458333333333333 0.0234375 
6 0.821875 0.5997395833333333 0.013541666666666667 0.021354166666666667 
6 0.8578125 0.6403645833333333 0.013541666666666667 0.0203125 
6 0.7278645833333334 0.4552083333333333 0.011979166666666667 0.019791666666666666 
6 0.8489583333333334 0.6380208333333334 0.011458333333333333 0.01875 
6 0.7200520833333334 0.453125 0.011979166666666667 0.019791666666666666 
6 0.7127604166666667 0.45 0.0109375 0.016666666666666666 
6 0.7236979166666667 0.428125 0.013020833333333334 0.020833333333333332 
6 0.7145833333333333 0.42552083333333335 0.0125 0.021875 
6 0.6971354166666667 0.4205729166666667 0.013020833333333334 0.019270833333333334 
6 0.7046875 0.4473958333333333 0.011458333333333333 0.017708333333333333 
6 0.6973958333333333 0.44505208333333335 0.011458333333333333 0.019270833333333334 
6 0.6901041666666666 0.44244791666666666 0.011458333333333333 0.018229166666666668 
6 0.7192708333333333 0.51953125 0.013541666666666667 0.022395833333333334 
6 0.7239583333333334 0.49557291666666664 0.0125 0.0171875 
6 0.7611979166666667 0.5078125 0.011979166666666667 0.017708333333333333 
6 0.8125 0.62578125 0.01875 0.0296875 
6 0.8231770833333333 0.6296875 0.013020833333333334 0.020833333333333332 
6 0.83203125 0.6330729166666667 0.013020833333333334 0.019270833333333334 
6 0.8401041666666667 0.6354166666666666 0.011458333333333333 0.019791666666666666 
6 0.6119791666666666 0.5606770833333333 0.016666666666666666 0.028645833333333332 
6 0.39609375 0.4140625 0.011979166666666667 0.019791666666666666 
6 0.41067708333333336 0.39401041666666664 0.0109375 0.019270833333333334 
6 0.55625 0.5145833333333333 0.011458333333333333 0.019791666666666666 
6 0.5119791666666667 0.5325520833333334 0.017708333333333333 0.0296875 
6 0.5348958333333333 0.5380208333333333 0.017708333333333333 0.03125 
6 0.5463541666666667 0.540625 0.01875 0.03125 
6 0.5580729166666667 0.5427083333333333 0.016145833333333335 0.026041666666666668 
6 0.5690104166666666 0.5466145833333333 0.0140625 0.025520833333333333 
6 0.5802083333333333 0.5494791666666666 0.013541666666666667 0.023958333333333335 
6 0.5653645833333333 0.5171875 0.013020833333333334 0.019791666666666666 
6 0.5729166666666666 0.5192708333333333 0.011458333333333333 0.019791666666666666 
6 0.5815104166666667 0.521875 0.0109375 0.017708333333333333 
6 0.5893229166666667 0.5252604166666667 0.0109375 0.018229166666666668 
6 0.5979166666666667 0.52734375 0.011458333333333333 0.019270833333333334 
6 0.5893229166666667 0.5541666666666667 0.0140625 0.025 
6 0.6013020833333333 0.5557291666666667 0.015104166666666667 0.025 
6 0.621875 0.56328125 0.013541666666666667 0.0234375 
6 0.621875 0.5359375 0.010416666666666666 0.017708333333333333 
6 0.5244791666666667 0.53359375 0.017708333333333333 0.027604166666666666 
6 0.5484375 0.5119791666666667 0.010416666666666666 0.016666666666666666 
6 0.39557291666666666 0.38984375 0.0109375 0.018229166666666668 
6 0.5408854166666667 0.5096354166666667 0.011979166666666667 0.0203125 
6 0.6598958333333333 0.5005208333333333 0.0125 0.019791666666666666 
6 0.6518229166666667 0.496875 0.0109375 0.017708333333333333 
6 0.64375 0.49505208333333334 0.011458333333333333 0.018229166666666668 
6 0.6361979166666667 0.4921875 0.0109375 0.01875 
6 0.6276041666666666 0.49166666666666664 0.008333333333333333 0.020833333333333332 
6 0.6111979166666667 0.48515625 0.011979166666666667 0.0203125 
6 0.6033854166666667 0.4817708333333333 0.011979166666666667 0.01875 
6 0.5950520833333334 0.47942708333333334 0.011979166666666667 0.018229166666666668 
6 0.58671875 0.47734375 0.013020833333333334 0.0203125 
6 0.5786458333333333 0.4747395833333333 0.0125 0.0203125 
6 0.56171875 0.46979166666666666 0.0140625 0.020833333333333332 
6 0.5546875 0.4671875 0.0125 0.019791666666666666 
6 0.5463541666666667 0.46510416666666665 0.0125 0.020833333333333332 
6 0.5216145833333333 0.5041666666666667 0.016145833333333335 0.025 
6 0.5325520833333334 0.5057291666666667 0.0140625 0.020833333333333332 
6 0.6302083333333334 0.53828125 0.011458333333333333 0.019270833333333334 
6 0.63828125 0.5401041666666667 0.0109375 0.01875 
6 0.6458333333333334 0.54296875 0.011458333333333333 0.018229166666666668 
6 0.6567708333333333 0.5463541666666667 0.011458333333333333 0.01875 
6 0.7388020833333333 0.571875 0.0109375 0.01875 
6 0.75546875 0.5770833333333333 0.011979166666666667 0.020833333333333332 
6 0.7627604166666667 0.5786458333333333 0.011979166666666667 0.019791666666666666 
6 0.7723958333333333 0.5817708333333333 0.013541666666666667 0.022916666666666665 
6 0.7815104166666667 0.5864583333333333 0.0140625 0.023958333333333335 
6 0.7401041666666667 0.6002604166666666 0.013541666666666667 0.024479166666666666 
6 0.7510416666666667 0.6033854166666667 0.013541666666666667 0.021354166666666667 
6 0.7622395833333333 0.60703125 0.016145833333333335 0.025520833333333333 
6 0.77421875 0.6119791666666666 0.015104166666666667 0.026041666666666668 
6 0.1078125 0.3484375 0.009375 0.007291666666666667 
6 0.46119791666666665 0.3671875 0.0109375 0.017708333333333333 
6 0.48984375 0.3541666666666667 0.009895833333333333 0.016666666666666666 
6 0.4822916666666667 0.35130208333333335 0.009375 0.016145833333333335 
6 0.440625 0.4041666666666667 0.010416666666666666 0.017708333333333333 
6 0.44869791666666664 0.40625 0.009895833333333333 0.017708333333333333 
6 0.7296875 0.5677083333333334 0.011458333333333333 0.021875 
6 0.7221354166666667 0.5666666666666667 0.0109375 0.019791666666666666 
6 0.7140625 0.5640625 0.0125 0.020833333333333332 
6 0.6653645833333334 0.5497395833333333 0.0109375 0.019270833333333334 
6 0.6341145833333334 0.5658854166666667 0.015104166666666667 0.025520833333333333 
6 0.64375 0.5716145833333334 0.016666666666666666 0.028645833333333332 
6 0.6552083333333333 0.5731770833333333 0.015625 0.025520833333333333 
6 0.6651041666666667 0.5778645833333333 0.015625 0.0265625 
6 0.6869791666666667 0.58359375 0.015625 0.025520833333333333 
6 0.6979166666666666 0.5877604166666667 0.008333333333333333 0.021354166666666667 
6 0.6731770833333334 0.5515625 0.0109375 0.017708333333333333 
6 0.7302083333333333 0.5973958333333333 0.015625 0.025 
6 0.6815104166666667 0.5541666666666667 0.0109375 0.01875 
6 0.6895833333333333 0.55703125 0.0125 0.019270833333333334 
6 0.6979166666666666 0.5598958333333334 0.010416666666666666 0.016666666666666666 
6 0.70546875 0.5635416666666667 0.008854166666666666 0.014583333333333334 
6 0.7067708333333333 0.5921875 0.009375 0.021875 
6 0.7197916666666667 0.5932291666666667 0.014583333333333334 0.023958333333333335 
6 0.8994791666666667 0.6549479166666666 0.0125 0.0203125 
6 0.9260416666666667 0.6619791666666667 0.010416666666666666 0.01875 
6 0.8518229166666667 0.9244791666666666 0.009895833333333333 0.017708333333333333 
6 0.89453125 0.8171875 0.0078125 0.014583333333333334 
6 0.88125 0.8604166666666667 0.008333333333333333 0.013541666666666667 
6 0.8765625 0.875 0.008333333333333333 0.014583333333333334 
6 0.87265625 0.8890625 0.0078125 0.013541666666666667 
6 0.86015625 0.93046875 0.009895833333333333 0.015104166666666667 
6 0.8510416666666667 0.96015625 0.008333333333333333 0.0140625 
6 0.7888020833333333 0.9888020833333333 0.018229166666666668 0.008854166666666666 
6 0.8166666666666667 0.9815104166666667 0.010416666666666666 0.0171875 
6 0.8088541666666667 0.9786458333333333 0.0125 0.01875 
6 0.80078125 0.97578125 0.0109375 0.019270833333333334 
6 0.79375 0.9734375 0.010416666666666666 0.01875 
6 0.7856770833333333 0.97109375 0.009895833333333333 0.0171875 
6 0.778125 0.9684895833333333 0.011458333333333333 0.018229166666666668 
6 0.74375 0.975 0.015625 0.009375 
6 0.76953125 0.9661458333333334 0.0109375 0.01875 
6 0.7541666666666667 0.96171875 0.011458333333333333 0.018229166666666668 
6 0.8903645833333333 0.8309895833333333 0.0067708333333333336 0.015104166666666667 
6 0.7388020833333333 0.9572916666666667 0.013020833333333334 0.019791666666666666 
6 0.928125 0.45026041666666666 0.009375 0.016145833333333335 
6 0.9346354166666667 0.45260416666666664 0.008854166666666666 0.015625 
6 0.9427083333333334 0.45546875 0.010416666666666666 0.016145833333333335 
6 0.9489583333333333 0.4583333333333333 0.010416666666666666 0.017708333333333333 
6 0.95703125 0.4596354166666667 0.009895833333333333 0.015104166666666667 
6 0.9653645833333333 0.46328125 0.0078125 0.013020833333333334 
6 0.9822916666666667 0.45208333333333334 0.013541666666666667 0.009375 
6 0.97265625 0.46510416666666665 0.009895833333333333 0.017708333333333333 
6 0.9807291666666667 0.4666666666666667 0.009375 0.015625 
6 0.98828125 0.46901041666666665 0.008854166666666666 0.015104166666666667 
6 0.9942708333333333 0.471875 0.005208333333333333 0.013541666666666667 
6 0.7622395833333333 0.9640625 0.0109375 0.017708333333333333 
6 0.7309895833333333 0.9546875 0.011979166666666667 0.019791666666666666 
6 0.9346354166666667 0.6635416666666667 0.013020833333333334 0.021875 
6 0.73515625 0.9130208333333333 0.011979166666666667 0.019791666666666666 
6 0.7424479166666667 0.8911458333333333 0.0109375 0.017708333333333333 
6 0.7341145833333333 0.8888020833333333 0.0109375 0.0171875 
6 0.75 0.8942708333333333 0.011458333333333333 0.01875 
6 0.7580729166666667 0.8963541666666667 0.011979166666666667 0.01875 
6 0.7653645833333333 0.8984375 0.009895833333333333 0.01875 
6 0.77421875 0.8997395833333334 0.0140625 0.021354166666666667 
6 0.7815104166666667 0.90234375 0.0109375 0.0171875 
6 0.7890625 0.9049479166666666 0.011458333333333333 0.0203125 
6 0.796875 0.9091145833333333 0.011458333333333333 0.018229166666666668 
6 0.8046875 0.9111979166666667 0.011458333333333333 0.018229166666666668 
6 0.8125 0.9140625 0.010416666666666666 0.017708333333333333 
6 0.8208333333333333 0.9151041666666667 0.011458333333333333 0.019791666666666666 
6 0.828125 0.91796875 0.009375 0.016145833333333335 
6 0.8356770833333333 0.9216145833333333 0.009895833333333333 0.0171875 
6 0.84375 0.9239583333333333 0.010416666666666666 0.017708333333333333 
6 0.72734375 0.9098958333333333 0.011979166666666667 0.019791666666666666 
6 0.74296875 0.91640625 0.0109375 0.019270833333333334 
6 0.7151041666666667 0.965625 0.014583333333333334 0.009375 
6 0.7505208333333333 0.9182291666666667 0.0125 0.019791666666666666 
6 0.7229166666666667 0.9518229166666666 0.010416666666666666 0.018229166666666668 
6 0.715625 0.9497395833333333 0.011458333333333333 0.019270833333333334 
6 0.7 0.9515625 0.013541666666666667 0.008333333333333333 
6 0.8440104166666667 0.9473958333333333 0.011979166666666667 0.019791666666666666 
6 0.83671875 0.94453125 0.0109375 0.0171875 
6 0.8294270833333334 0.9416666666666667 0.009895833333333333 0.017708333333333333 
6 0.8213541666666667 0.940625 0.0125 0.021875 
6 0.81328125 0.9375 0.011979166666666667 0.019791666666666666 
6 0.80625 0.9338541666666667 0.011458333333333333 0.019791666666666666 
6 0.7984375 0.9315104166666667 0.010416666666666666 0.0171875 
6 0.7903645833333334 0.9294270833333333 0.011979166666666667 0.019270833333333334 
6 0.7822916666666667 0.9268229166666667 0.011458333333333333 0.018229166666666668 
6 0.77421875 0.9247395833333333 0.009895833333333333 0.018229166666666668 
6 0.7669270833333334 0.9221354166666667 0.013020833333333334 0.019270833333333334 
6 0.7591145833333334 0.9200520833333333 0.011979166666666667 0.018229166666666668 
6 0.9661458333333334 0.4473958333333333 0.013541666666666667 0.008333333333333333 
6 0.9520833333333333 0.4432291666666667 0.0125 0.008333333333333333 
6 0.91953125 0.44817708333333334 0.008854166666666666 0.015104166666666667 
6 0.9143229166666667 0.546875 0.0109375 0.015625 
6 0.903125 0.5692708333333333 0.013541666666666667 0.022916666666666665 
6 0.89375 0.565625 0.013541666666666667 0.022916666666666665 
6 0.884375 0.5627604166666667 0.014583333333333334 0.025520833333333333 
6 0.89921875 0.5416666666666666 0.009895833333333333 0.015625 
6 0.8919270833333334 0.5395833333333333 0.008854166666666666 0.014583333333333334 
6 0.884375 0.5375 0.009375 0.014583333333333334 
6 0.8760416666666667 0.559375 0.0125 0.019791666666666666 
6 0.8666666666666667 0.55546875 0.013541666666666667 0.022395833333333334 
6 0.8770833333333333 0.534375 0.009375 0.016666666666666666 
6 0.8625 0.5309895833333333 0.010416666666666666 0.016145833333333335 
6 0.8541666666666666 0.5268229166666667 0.010416666666666666 0.0171875 
6 0.8578125 0.55234375 0.013541666666666667 0.0203125 
6 0.8471354166666667 0.5518229166666667 0.0140625 0.022395833333333334 
6 0.8440104166666667 0.52734375 0.011979166666666667 0.0203125 
6 0.8559895833333333 0.48515625 0.016145833333333335 0.027604166666666666 
6 0.9119791666666667 0.57109375 0.013541666666666667 0.0234375 
6 0.921875 0.5479166666666667 0.009375 0.014583333333333334 
6 0.9119791666666667 0.4466145833333333 0.009375 0.018229166666666668 
6 0.9286458333333333 0.5510416666666667 0.009375 0.015625 
6 0.9458333333333333 0.6567708333333333 0.00625 0.011458333333333333 
6 0.9549479166666667 0.6268229166666667 0.008854166666666666 0.0140625 
6 0.9598958333333333 0.6119791666666666 0.008333333333333333 0.014583333333333334 
6 0.96796875 0.58515625 0.0067708333333333336 0.0109375 
6 0.9588541666666667 0.5861979166666667 0.013541666666666667 0.022395833333333334 
6 0.9497395833333333 0.5807291666666666 0.011979166666666667 0.019791666666666666 
6 0.940625 0.5796875 0.0125 0.021875 
6 0.978125 0.5546875 0.007291666666666667 0.013541666666666667 
6 0.9666666666666667 0.5625 0.009375 0.016666666666666666 
6 0.959375 0.56015625 0.010416666666666666 0.0171875 
6 0.9510416666666667 0.5591145833333333 0.008333333333333333 0.011979166666666667 
6 0.9434895833333333 0.5559895833333334 0.008854166666666666 0.0140625 
6 0.9359375 0.5546875 0.009375 0.013541666666666667 
6 0.9315104166666667 0.5760416666666667 0.013020833333333334 0.021875 
6 0.9216145833333333 0.5736979166666667 0.011979166666666667 0.021354166666666667 
6 0.8705729166666667 0.47291666666666665 0.009895833333333333 0.015625 
6 0.8861979166666667 0.478125 0.009895833333333333 0.015625 
6 0.8661458333333333 0.49244791666666665 0.011458333333333333 0.016145833333333335 
6 0.87265625 0.49609375 0.0109375 0.0171875 
6 0.9692708333333333 0.5026041666666666 0.009375 0.015625 
6 0.96171875 0.5002604166666667 0.008854166666666666 0.015104166666666667 
6 0.9533854166666667 0.49973958333333335 0.008854166666666666 0.015104166666666667 
6 0.946875 0.49713541666666666 0.009375 0.015104166666666667 
6 0.9388020833333334 0.49375 0.009895833333333333 0.015625 
6 0.93203125 0.490625 0.009895833333333333 0.017708333333333333 
6 0.8690104166666667 0.43385416666666665 0.013020833333333334 0.008333333333333333 
6 0.8794270833333333 0.42109375 0.016145833333333335 0.009895833333333333 
6 0.8958333333333334 0.42578125 0.014583333333333334 0.008854166666666666 
6 0.91015625 0.43046875 0.0140625 0.008854166666666666 
6 0.8708333333333333 0.4265625 0.013541666666666667 0.009375 
6 0.8828125 0.43671875 0.009375 0.015104166666666667 
6 0.88984375 0.43984375 0.0109375 0.018229166666666668 
6 0.8971354166666666 0.4421875 0.008854166666666666 0.017708333333333333 
6 0.9052083333333333 0.4440104166666667 0.009375 0.016145833333333335 
6 0.9763020833333333 0.5052083333333334 0.008854166666666666 0.015625 
6 0.9833333333333333 0.5078125 0.010416666666666666 0.017708333333333333 
6 0.98671875 0.52734375 0.008854166666666666 0.015104166666666667 
6 0.90234375 0.50546875 0.009895833333333333 0.016145833333333335 
6 0.8802083333333334 0.49765625 0.009375 0.0171875 
6 0.8880208333333334 0.49921875 0.009375 0.015104166666666667 
6 0.8942708333333333 0.4791666666666667 0.011458333333333333 0.01875 
6 0.90234375 0.48125 0.0109375 0.017708333333333333 
6 0.9091145833333333 0.48463541666666665 0.008854166666666666 0.015104166666666667 
6 0.8953125 0.5020833333333333 0.011458333333333333 0.01875 
6 0.91015625 0.50625 0.009895833333333333 0.015625 
6 0.9763020833333333 0.5296875 0.009895833333333333 0.017708333333333333 
6 0.9252604166666667 0.5111979166666667 0.009895833333333333 0.015104166666666667 
6 0.9322916666666666 0.51328125 0.009375 0.015104166666666667 
6 0.9408854166666667 0.5158854166666667 0.009895833333333333 0.015104166666666667 
6 0.9479166666666666 0.5177083333333333 0.010416666666666666 0.016666666666666666 
6 0.9546875 0.5208333333333334 0.009375 0.017708333333333333 
6 0.9692708333333333 0.5268229166666667 0.011458333333333333 0.0171875 
12 0.221875 0.3190104166666667 0.09375 0.2078125 
