6 0.7159227985524729 0.6721311475409836 0.025331724969843185 0.051001821493624776 
6 0.09107358262967431 0.1343351548269581 0.028950542822677925 0.05009107468123861 
12 0.7340168878166465 0.7513661202185792 0.09288299155609167 0.18032786885245902 
6 0.672496984318456 0.6643897996357013 0.05186972255729795 0.1029143897996357 
6 0.5989143546441495 0.5669398907103825 0.03498190591073583 0.07012750455373407 
6 0.5609167671893848 0.529143897996357 0.022919179734620022 0.04189435336976321 
6 0.5090470446320868 0.5191256830601093 0.026537997587454766 0.052823315118397086 
6 0.4644149577804584 0.4430783242258652 0.026537997587454766 0.0482695810564663 
6 0.4819059107358263 0.4581056466302368 0.05910735826296743 0.1111111111111111 
6 0.44209891435464416 0.42349726775956287 0.047044632086851626 0.09289617486338798 
6 0.38630880579010857 0.3697632058287796 0.022316043425814235 0.04189435336976321 
6 0.3971652593486128 0.4030054644808743 0.039203860072376355 0.075591985428051 
6 0.2074788902291918 0.21129326047358835 0.030156815440289506 0.058287795992714025 
6 0.14294330518697226 0.1953551912568306 0.022919179734620022 0.042805100182149364 
6 0.036489746682750304 0.11520947176684881 0.025934861278648975 0.04644808743169399 
12 0.8284077201447527 0.825136612021858 0.08383594692400483 0.1493624772313297 
12 0.6513872135102533 0.6798724954462659 0.0735826296743064 0.15391621129326047 
12 0.617913148371532 0.6466302367941712 0.08262967430639324 0.16393442622950818 
12 0.5702653799758746 0.6033697632058288 0.06815440289505428 0.16302367941712204 
12 0.5398069963811821 0.5769581056466302 0.08805790108564536 0.1721311475409836 
12 0.5015078407720145 0.5418943533697632 0.08262967430639324 0.1657559198542805 
12 0.4632086851628468 0.5072859744990893 0.0856453558504222 0.17304189435336975 
12 0.42310012062726177 0.4685792349726776 0.08021712907117008 0.16666666666666666 
12 0.3848009650180941 0.43397085610200364 0.08202653799758745 0.1703096539162113 
12 0.33323281061519905 0.38752276867030966 0.0971049457177322 0.1830601092896175 
12 0.25904704463208683 0.3205828779599271 0.13932448733413752 0.2185792349726776 
12 0.1881785283474065 0.2563752276867031 0.09167671893848009 0.17395264116575593 
12 0.13268998793727382 0.2017304189435337 0.097708082026538 0.17759562841530055 
12 0.6945114595898673 0.7167577413479053 0.0850422195416164 0.17486338797814208 
12 0.867913148371532 0.8720400728597449 0.07117008443908324 0.15391621129326047 
6 0.7029553679131484 0.6703096539162113 0.018697225572979495 0.03460837887067395 
4 0.22135102533172496 0.8588342440801457 0.020506634499396863 0.03825136612021858 
6 0.6363088057901085 0.5960837887067395 0.027744270205066344 0.05191256830601093 
6 0.4089264173703257 0.43897996357012753 0.022919179734620022 0.03825136612021858 
6 0.3293124246079614 0.31602914389799636 0.022919179734620022 0.04007285974499089 
6 0.1884800965018094 0.1871584699453552 0.021109770808202654 0.040983606557377046 
4 0.06966224366706876 0.5541894353369763 0.028347406513872134 0.039162112932604735 
6 0.24457177322074788 0.25364298724954465 0.024728588661037394 0.04644808743169399 
6 0.7750301568154403 0.7887067395264117 0.020506634499396863 0.04007285974499089 
13 0.32599517490952956 0.8515482695810564 0.05729794933655006 0.07285974499089254 
4 0.505729794933655 0.9280510018214936 0.027141133896260553 0.03460837887067395 
4 0.17611580217129072 0.5856102003642987 0.027744270205066344 0.03278688524590164 
4 0.4466224366706876 0.901183970856102 0.027141133896260553 0.031876138433515486 
4 0.34197828709288297 0.8069216757741348 0.024125452352231604 0.030965391621129327 
4 0.19662243667068757 0.8570127504553734 0.020506634499396863 0.03642987249544627 
12 0.9095295536791315 0.9025500910746812 0.0856453558504222 0.15664845173041894 
4 0.29583835946924003 0.767304189435337 0.022316043425814235 0.030054644808743168 
4 0.3027744270205066 0.6989981785063752 0.024125452352231604 0.031876138433515486 
4 0.2545235223160434 0.6539162112932605 0.024125452352231604 0.03460837887067395 
4 0.20536791314837152 0.6848816029143898 0.022316043425814235 0.030965391621129327 
4 0.13419782870928829 0.6156648451730419 0.027141133896260553 0.03825136612021858 
4 0.044933655006031366 0.5359744990892532 0.029553679131483716 0.037340619307832425 
6 0.764475271411339 0.7422586520947176 0.025934861278648975 0.04918032786885246 
6 0.8015681544028951 0.825591985428051 0.022919179734620022 0.04644808743169399 
6 0.8202653799758746 0.7773224043715847 0.025331724969843185 0.04644808743169399 
6 0.8495174909529554 0.7777777777777778 0.07418576598311219 0.1384335154826958 
6 0.899577804583836 0.836976320582878 0.027141133896260553 0.04918032786885246 
12 0.9526537997587454 0.9298724954462659 0.06815440289505428 0.13296903460837886 
12 0.0787092882991556 0.15209471766848817 0.08383594692400483 0.16939890710382513 
