4 0.07630208333333334 0.5106770833333333 0.0203125 0.011979166666666667 
6 0.24192708333333332 0.3453125 0.058854166666666666 0.07916666666666666 
6 0.31796875 0.38515625 0.0234375 0.028645833333333332 
6 0.34453125 0.4192708333333333 0.0203125 0.028125 
6 0.35625 0.43515625 0.01875 0.0234375 
6 0.38125 0.42578125 0.016666666666666666 0.022395833333333334 
6 0.4278645833333333 0.49270833333333336 0.019270833333333334 0.025 
6 0.44505208333333335 0.48020833333333335 0.018229166666666668 0.023958333333333335 
6 0.46848958333333335 0.48541666666666666 0.04739583333333333 0.0625 
6 0.5286458333333334 0.5236979166666667 0.042708333333333334 0.0578125 
6 0.5546875 0.5252604166666667 0.019791666666666666 0.027604166666666666 
6 0.6333333333333333 0.5901041666666667 0.04375 0.057291666666666664 
6 0.6520833333333333 0.59140625 0.015625 0.019270833333333334 
6 0.67109375 0.62265625 0.018229166666666668 0.0234375 
6 0.68984375 0.6278645833333333 0.04010416666666667 0.0515625 
6 0.7947916666666667 0.6760416666666667 0.020833333333333332 0.025 
6 0.8098958333333334 0.6822916666666666 0.023958333333333335 0.03333333333333333 
6 0.8369791666666667 0.70078125 0.01875 0.024479166666666666 
6 0.9486979166666667 0.7796875 0.043229166666666666 0.05520833333333333 
6 0.98671875 0.7903645833333334 0.0234375 0.0296875 
4 0.029947916666666668 0.4752604166666667 0.011979166666666667 0.019270833333333334 
6 0.28958333333333336 0.38671875 0.04479166666666667 0.0609375 
6 0.20625 0.33671875 0.029166666666666667 0.044270833333333336 
5 0.74609375 0.92421875 0.030729166666666665 0.024479166666666666 
6 0.18723958333333332 0.34661458333333334 0.022395833333333334 0.027604166666666666 
12 0.2328125 0.3736979166666667 0.07604166666666666 0.09427083333333333 
12 0.2828125 0.4049479166666667 0.07291666666666667 0.0984375 
12 0.32317708333333334 0.4296875 0.0640625 0.09270833333333334 
12 0.35546875 0.44635416666666666 0.07135416666666666 0.09479166666666666 
12 0.4036458333333333 0.48020833333333335 0.08854166666666667 0.10729166666666666 
12 0.446875 0.5041666666666667 0.059375 0.08645833333333333 
12 0.47604166666666664 0.5221354166666666 0.0625 0.08697916666666666 
12 0.515625 0.5432291666666667 0.08125 0.103125 
12 0.5578125 0.5916666666666667 0.06354166666666666 0.08854166666666667 
12 0.6231770833333333 0.6033854166666667 0.07135416666666666 0.0890625 
12 0.6588541666666666 0.6278645833333333 0.065625 0.09010416666666667 
12 0.6864583333333333 0.6447916666666667 0.06354166666666666 0.090625 
12 0.7171875 0.6671875 0.065625 0.09270833333333334 
12 0.7484375 0.684375 0.06875 0.09583333333333334 
12 0.7854166666666667 0.7104166666666667 0.06770833333333333 0.090625 
12 0.8125 0.7231770833333333 0.07083333333333333 0.0953125 
12 0.84296875 0.7421875 0.06822916666666666 0.09375 
12 0.8739583333333333 0.7635416666666667 0.071875 0.09583333333333334 
12 0.9072916666666667 0.78046875 0.0625 0.09427083333333333 
12 0.9385416666666667 0.796875 0.07083333333333333 0.09479166666666666 
12 0.97109375 0.81875 0.0671875 0.09166666666666666 
12 1.01328125 0.84140625 0.06822916666666666 0.08489583333333334 
4 0.07473958333333333 0.4752604166666667 0.0234375 0.018229166666666668 
4 0.05364583333333333 0.5197916666666667 0.022916666666666665 0.022916666666666665 
4 0.03307291666666667 0.5611979166666666 0.008854166666666666 0.019270833333333334 
4 0.17369791666666667 0.5322916666666667 0.019270833333333334 0.016666666666666666 
4 0.10677083333333333 0.7294270833333333 0.014583333333333334 0.019270833333333334 
4 0.12708333333333333 0.7723958333333333 0.015625 0.020833333333333332 
4 0.13619791666666667 0.7942708333333334 0.0140625 0.01875 
4 0.13177083333333334 0.9096354166666667 0.019791666666666666 0.0140625 
4 0.25807291666666665 0.8619791666666666 0.0203125 0.01875 
4 0.40338541666666666 0.7927083333333333 0.021354166666666667 0.017708333333333333 
4 0.3609375 0.8145833333333333 0.029166666666666667 0.021875 
4 0.34479166666666666 0.6588541666666666 0.020833333333333332 0.016666666666666666 
4 0.29739583333333336 0.63125 0.023958333333333335 0.020833333333333332 
4 0.6338541666666667 0.8533854166666667 0.022916666666666665 0.0203125 
4 0.8934895833333333 0.98828125 0.022395833333333334 0.0203125 
4 0.11119791666666666 0.49322916666666666 0.021354166666666667 0.017708333333333333 
6 0.5598958333333334 0.5536458333333333 0.017708333333333333 0.021875 
6 0.6322916666666667 0.62734375 0.01875 0.0234375 
6 0.7026041666666667 0.6484375 0.019791666666666666 0.022916666666666665 
6 0.7692708333333333 0.6578125 0.01875 0.023958333333333335 
6 0.75703125 0.68359375 0.024479166666666666 0.0296875 
6 0.88359375 0.7833333333333333 0.021354166666666667 0.026041666666666668 
6 0.9213541666666667 0.784375 0.022916666666666665 0.027083333333333334 
6 0.9380208333333333 0.76015625 0.019791666666666666 0.025520833333333333 
4 0.7807291666666667 0.9033854166666667 0.025 0.022395833333333334 
4 0.30625 0.8395833333333333 0.01875 0.015625 
4 0.171875 0.9557291666666666 0.021875 0.013541666666666667 
4 0.08098958333333334 0.6734375 0.016145833333333335 0.020833333333333332 
4 0.0484375 0.6502604166666667 0.01875 0.025520833333333333 
4 0.03697916666666667 0.5401041666666667 0.013541666666666667 0.01875 
4 0.3302083333333333 0.7888020833333333 0.025 0.019270833333333334 
4 0.22473958333333333 0.5625 0.019270833333333334 0.016666666666666666 
4 0.20338541666666668 0.5747395833333333 0.022395833333333334 0.019270833333333334 
4 0.055989583333333336 0.67109375 0.015104166666666667 0.021354166666666667 
4 0.19739583333333333 0.8986979166666667 0.020833333333333332 0.0140625 
4 0.16770833333333332 0.92421875 0.025 0.019270833333333334 
4 0.26640625 0.8966145833333333 0.021354166666666667 0.016145833333333335 
4 0.2799479166666667 0.8518229166666667 0.021354166666666667 0.0171875 
4 0.25833333333333336 0.8236979166666667 0.019791666666666666 0.016145833333333335 
4 0.2799479166666667 0.8122395833333333 0.0203125 0.016145833333333335 
4 0.30026041666666664 0.8028645833333333 0.0203125 0.015104166666666667 
4 0.38619791666666664 0.7609375 0.0203125 0.016666666666666666 
4 0.8309895833333333 0.9880208333333333 0.0203125 0.019791666666666666 
4 0.37942708333333336 0.71953125 0.0171875 0.0203125 
4 0.44817708333333334 0.7 0.0203125 0.01875 
4 0.47604166666666664 0.7169270833333333 0.019791666666666666 0.0171875 
4 0.36276041666666664 0.6424479166666667 0.0265625 0.021354166666666667 
4 0.4513020833333333 0.7924479166666667 0.022395833333333334 0.016145833333333335 
4 0.6552083333333333 0.865625 0.028125 0.021875 
4 0.6817708333333333 0.8796875 0.025 0.022916666666666665 
4 0.5489583333333333 0.9041666666666667 0.01875 0.022916666666666665 
4 0.7263020833333333 0.909375 0.0203125 0.019791666666666666 
4 0.8588541666666667 0.9640625 0.020833333333333332 0.019791666666666666 
12 0.19817708333333334 0.35442708333333334 0.07760416666666667 0.09427083333333333 
