6 0.11641443538998836 0.7978883861236803 0.034924330616996506 0.030165912518853696 
6 0.4121071012805588 0.580316742081448 0.048894062863795114 0.024886877828054297 
12 0.5314318975552969 0.3638763197586727 0.2060535506402794 0.11236802413273002 
13 0.44644935972060534 0.23001508295625941 0.11525029103608847 0.08748114630467571 
13 0.05180442374854482 0.12141779788838612 0.08963911525029103 0.07692307692307693 
12 0.13329452852153667 0.7835595776772247 0.2479627473806752 0.17345399698340874 
12 0.24272409778812573 0.7081447963800905 0.2270081490104773 0.13423831070889894 
12 0.31140861466821884 0.6421568627450981 0.2270081490104773 0.1229260935143288 
12 0.3987194412107101 0.5874811463046757 0.1850989522700815 0.09351432880844646 
12 0.4447031431897555 0.5211161387631976 0.1559953434225844 0.07993966817496229 
12 0.470314318975553 0.4407993966817496 0.22118742724097787 0.11236802413273002 
6 0.5529685681024447 0.038461538461538464 0.046565774155995346 0.03770739064856712 
6 0.7136204889406287 0.10294117647058823 0.07683352735739232 0.038461538461538464 
6 0.6449359720605355 0.07654600301659126 0.046565774155995346 0.023378582202111614 
6 0.6233993015133876 0.09389140271493213 0.05238649592549476 0.024886877828054297 
6 0.6798603026775321 0.1191553544494721 0.05820721769499418 0.03167420814479638 
6 0.5616996507566938 0.3661387631975867 0.1478463329452852 0.06561085972850679 
6 0.45692665890570433 0.4939668174962293 0.05238649592549476 0.02564102564102564 
6 0.4662398137369034 0.5343137254901961 0.0570430733410943 0.029411764705882353 
6 0.3969732246798603 0.6391402714932126 0.09778812572759023 0.04600301659125189 
6 0.3370197904540163 0.6508295625942685 0.119906868451688 0.06184012066365008 
6 0.31548311990686845 0.6821266968325792 0.05355064027939464 0.029411764705882353 
6 0.210128055878929 0.7714932126696833 0.06169965075669383 0.02262443438914027 
6 0.1629802095459837 0.8152337858220211 0.05587892898719441 0.021116138763197588 
6 0.06926658905704307 0.8141025641025641 0.0570430733410943 0.038461538461538464 
13 0.37369033760186265 0.3118401206636501 0.08381839348079162 0.06561085972850679 
13 0.6472642607683353 0.15422322775263952 0.04190919674039581 0.032428355957767725 
13 0.7287543655413271 0.1715686274509804 0.04190919674039581 0.023378582202111614 
6 0.4970896391152503 0.4502262443438914 0.046565774155995346 0.021116138763197588 
12 0.6426076833527358 0.13273001508295626 0.3608847497089639 0.22021116138763197 
