4 0.8153508771929825 0.673448275862069 0.027192982456140352 0.025517241379310347 
5 0.49429824561403507 0.5358620689655172 0.1307017543859649 0.07448275862068965 
5 0.5074561403508772 0.6127586206896551 0.12894736842105264 0.07517241379310345 
5 0.5184210526315789 0.6417241379310344 0.13157894736842105 0.07931034482758621 
5 0.5442982456140351 0.7010344827586207 0.1307017543859649 0.07931034482758621 
5 0.5644736842105263 0.7593103448275862 0.1307017543859649 0.07724137931034483 
5 0.5618421052631579 0.7782758620689655 0.1307017543859649 0.07655172413793103 
5 0.5956140350877193 0.8206896551724138 0.06842105263157895 0.041379310344827586 
5 0.5688596491228071 0.8303448275862069 0.13596491228070176 0.08 
5 0.606140350877193 0.9417241379310345 0.13333333333333333 0.07793103448275862 
5 0.19736842105263158 0.9344827586206896 0.14385964912280702 0.04689655172413793 
5 0.4763157894736842 0.9327586206896552 0.13157894736842105 0.07103448275862069 
5 0.4793859649122807 0.9089655172413793 0.1307017543859649 0.07172413793103448 
5 0.42280701754385963 0.7406896551724138 0.13157894736842105 0.07586206896551724 
5 0.1442982456140351 0.7520689655172413 0.14473684210526316 0.03793103448275862 
5 0.1513157894736842 0.7703448275862069 0.14649122807017545 0.041379310344827586 
5 0.15833333333333333 0.8079310344827586 0.14473684210526316 0.04482758620689655 
5 0.49473684210526314 0.56 0.12982456140350876 0.07310344827586207 
5 0.4710526315789474 0.5003448275862069 0.1280701754385965 0.07379310344827586 
5 0.3767543859649123 0.5996551724137931 0.1324561403508772 0.07793103448275862 
5 0.45921052631578946 0.4689655172413793 0.12894736842105264 0.07586206896551724 
5 0.37280701754385964 0.12103448275862069 0.13157894736842105 0.07655172413793103 
5 0.36798245614035086 0.14103448275862068 0.1307017543859649 0.07379310344827586 
5 0.39035087719298245 0.17862068965517242 0.12982456140350876 0.07310344827586207 
5 0.6 0.08068965517241379 0.08771929824561403 0.10344827586206896 
5 0.4219298245614035 0.286551724137931 0.13508771929824562 0.07793103448275862 
5 0.3539473684210526 0.08862068965517242 0.1307017543859649 0.07241379310344828 
5 0.39166666666666666 0.2024137931034483 0.12017543859649123 0.07241379310344828 
5 0.3986842105263158 0.2303448275862069 0.1324561403508772 0.07724137931034483 
5 0.4 0.25310344827586206 0.12982456140350876 0.07448275862068965 
5 0.42105263157894735 0.3117241379310345 0.13157894736842105 0.07586206896551724 
5 0.431140350877193 0.3386206896551724 0.12368421052631579 0.07172413793103448 
5 0.43464912280701756 0.36482758620689654 0.12368421052631579 0.07172413793103448 
5 0.4530701754385965 0.3986206896551724 0.12894736842105264 0.07448275862068965 
5 0.45087719298245615 0.4193103448275862 0.13157894736842105 0.07586206896551724 
5 0.4614035087719298 0.4479310344827586 0.1280701754385965 0.07517241379310345 
5 0.40614035087719297 0.663448275862069 0.1368421052631579 0.07862068965517241 
5 0.35657894736842105 0.5420689655172414 0.12894736842105264 0.07586206896551724 
4 0.7859649122807018 0.7093103448275863 0.02456140350877193 0.025517241379310347 
5 0.6995614035087719 0.37103448275862067 0.08859649122807017 0.10482758620689656 
5 0.7083333333333334 0.43137931034482757 0.08859649122807017 0.10689655172413794 
5 0.7214912280701754 0.45586206896551723 0.0868421052631579 0.10620689655172413 
5 0.7263157894736842 0.4844827586206897 0.08771929824561403 0.10413793103448275 
5 0.731140350877193 0.5213793103448275 0.09035087719298246 0.10620689655172413 
5 0.7456140350877193 0.5379310344827586 0.08596491228070176 0.10206896551724139 
5 0.7508771929824561 0.5662068965517242 0.08947368421052632 0.10620689655172413 
5 0.7649122807017544 0.5872413793103448 0.08070175438596491 0.09172413793103448 
5 0.7679824561403509 0.6251724137931034 0.09210526315789473 0.10689655172413794 
5 0.7899122807017543 0.6706896551724137 0.08508771929824561 0.10275862068965518 
5 0.8078947368421052 0.796896551724138 0.08947368421052632 0.10137931034482758 
5 0.6491228070175439 0.653448275862069 0.04736842105263158 0.11517241379310345 
5 0.8412280701754385 0.8648275862068966 0.08771929824561403 0.10758620689655173 
5 0.32587719298245615 0.4110344827586207 0.1307017543859649 0.07586206896551724 
4 0.743859649122807 0.7596551724137931 0.02631578947368421 0.025517241379310347 
4 0.7644736842105263 0.7344827586206897 0.027192982456140352 0.027586206896551724 
5 0.6986842105263158 0.4086206896551724 0.0868421052631579 0.10689655172413794 
5 0.6850877192982456 0.35172413793103446 0.08596491228070176 0.10482758620689656 
5 0.33289473684210524 0.46241379310344827 0.1307017543859649 0.07517241379310345 
5 0.6855263157894737 0.3117241379310345 0.08859649122807017 0.10758620689655173 
5 0.31008771929824563 0.42551724137931035 0.07456140350877193 0.044137931034482755 
5 0.32456140350877194 0.3875862068965517 0.10877192982456141 0.06206896551724138 
5 0.27587719298245617 0.2689655172413793 0.1324561403508772 0.07586206896551724 
5 0.2675438596491228 0.2393103448275862 0.1280701754385965 0.07448275862068965 
5 0.22719298245614036 0.1513793103448276 0.13157894736842105 0.07517241379310345 
5 0.22456140350877193 0.1003448275862069 0.13508771929824562 0.07655172413793103 
5 0.21842105263157896 0.07482758620689656 0.13333333333333333 0.07379310344827586 
5 0.6285087719298246 0.08068965517241379 0.09035087719298246 0.10896551724137932 
5 0.6271929824561403 0.12344827586206897 0.0912280701754386 0.10896551724137932 
5 0.6394736842105263 0.14275862068965517 0.08421052631578947 0.10758620689655173 
5 0.6513157894736842 0.16758620689655174 0.08508771929824561 0.10758620689655173 
5 0.6548245614035088 0.2024137931034483 0.08859649122807017 0.10689655172413794 
5 0.6662280701754386 0.22310344827586207 0.07456140350877193 0.09034482758620689 
5 0.6578947368421053 0.27620689655172415 0.08947368421052632 0.10413793103448275 
5 0.6842105263157895 0.2772413793103448 0.08947368421052632 0.10482758620689656 
5 0.3368421052631579 0.05655172413793103 0.13157894736842105 0.07586206896551724 
