4 0.9640625 0.6536458333333334 0.005208333333333333 0.011458333333333333 
6 0.24661458333333333 0.8528645833333334 0.0296875 0.009895833333333333 
6 0.25104166666666666 0.8427083333333333 0.022916666666666665 0.008333333333333333 
6 0.2799479166666667 0.8315104166666667 0.025520833333333333 0.008854166666666666 
6 0.24765625 0.8309895833333333 0.0265625 0.0109375 
6 0.2830729166666667 0.8205729166666667 0.025520833333333333 0.008854166666666666 
6 0.2515625 0.8200520833333333 0.021875 0.009895833333333333 
6 0.28359375 0.809375 0.024479166666666666 0.008333333333333333 
6 0.25286458333333334 0.8104166666666667 0.022395833333333334 0.008333333333333333 
6 0.2828125 0.7981770833333334 0.027083333333333334 0.009895833333333333 
6 0.2518229166666667 0.8 0.0265625 0.009375 
6 0.2828125 0.7872395833333333 0.022916666666666665 0.008854166666666666 
6 0.2526041666666667 0.7893229166666667 0.023958333333333335 0.008854166666666666 
6 0.2828125 0.7768229166666667 0.025 0.009895833333333333 
6 0.25338541666666664 0.7802083333333333 0.0203125 0.008333333333333333 
6 0.2830729166666667 0.7653645833333333 0.024479166666666666 0.008854166666666666 
6 0.25 0.7708333333333334 0.022916666666666665 0.007291666666666667 
6 0.25807291666666665 0.7606770833333333 0.015104166666666667 0.0078125 
6 0.28020833333333334 0.7541666666666667 0.021875 0.009375 
6 0.25286458333333334 0.7510416666666667 0.0140625 0.00625 
6 0.2872395833333333 0.74453125 0.015104166666666667 0.0067708333333333336 
6 0.28567708333333336 0.7341145833333333 0.016145833333333335 0.0078125 
6 0.25338541666666664 0.7419270833333333 0.015104166666666667 0.0078125 
6 0.3489583333333333 0.74765625 0.03125 0.0109375 
6 0.35052083333333334 0.759375 0.021875 0.008333333333333333 
6 0.34869791666666666 0.7703125 0.027604166666666666 0.010416666666666666 
6 0.34739583333333335 0.78359375 0.029166666666666667 0.0109375 
6 0.34739583333333335 0.7950520833333333 0.027083333333333334 0.0109375 
6 0.346875 0.8075520833333333 0.028125 0.009895833333333333 
6 0.3494791666666667 0.8197916666666667 0.026041666666666668 0.009375 
6 0.3453125 0.8322916666666667 0.029166666666666667 0.011458333333333333 
6 0.2794270833333333 0.8427083333333333 0.0265625 0.010416666666666666 
6 0.2786458333333333 0.8536458333333333 0.022916666666666665 0.009375 
4 0.9408854166666667 0.6924479166666667 0.005729166666666666 0.0109375 
6 0.24739583333333334 0.8640625 0.026041666666666668 0.009375 
6 0.1625 0.8221354166666667 0.028125 0.0109375 
6 0.1921875 0.8229166666666666 0.022916666666666665 0.008333333333333333 
6 0.19635416666666666 0.8135416666666667 0.027083333333333334 0.009375 
6 0.16171875 0.81015625 0.028645833333333332 0.009895833333333333 
6 0.19609375 0.8028645833333333 0.024479166666666666 0.0078125 
6 0.1625 0.7994791666666666 0.028125 0.011458333333333333 
6 0.16119791666666666 0.7880208333333333 0.0296875 0.010416666666666666 
6 0.19557291666666668 0.7822916666666667 0.025520833333333333 0.009375 
6 0.16640625 0.7765625 0.0265625 0.009375 
6 0.19583333333333333 0.77265625 0.026041666666666668 0.0109375 
6 0.19713541666666667 0.7625 0.0265625 0.010416666666666666 
6 0.16354166666666667 0.765625 0.028125 0.010416666666666666 
6 0.16458333333333333 0.7546875 0.027083333333333334 0.011458333333333333 
6 0.19765625 0.7513020833333334 0.0140625 0.005729166666666666 
6 0.19791666666666666 0.7424479166666667 0.016666666666666666 0.0067708333333333336 
6 0.16484375 0.74296875 0.025520833333333333 0.008854166666666666 
6 0.16432291666666668 0.7315104166666667 0.0265625 0.0109375 
6 0.29270833333333335 0.9434895833333333 0.011458333333333333 0.033854166666666664 
6 0.2794270833333333 0.9375 0.0109375 0.030208333333333334 
6 0.2625 0.9440104166666666 0.017708333333333333 0.03802083333333333 
6 0.24401041666666667 0.94296875 0.013020833333333334 0.0421875 
6 0.27760416666666665 0.909375 0.029166666666666667 0.009375 
6 0.24713541666666666 0.9083333333333333 0.025520833333333333 0.010416666666666666 
6 0.27838541666666666 0.8989583333333333 0.0265625 0.010416666666666666 
6 0.27786458333333336 0.8875 0.0265625 0.010416666666666666 
6 0.24739583333333334 0.8861979166666667 0.027083333333333334 0.009895833333333333 
6 0.28151041666666665 0.8763020833333334 0.028645833333333332 0.0109375 
6 0.24739583333333334 0.8752604166666667 0.025 0.009895833333333333 
6 0.28020833333333334 0.8640625 0.027083333333333334 0.011458333333333333 
6 0.3450520833333333 0.84453125 0.0296875 0.011979166666666667 
6 0.34375 0.85625 0.030208333333333334 0.0125 
6 0.34713541666666664 0.8682291666666667 0.0265625 0.009375 
6 0.34348958333333335 0.8815104166666666 0.0296875 0.0109375 
6 0.828125 0.99140625 0.03854166666666667 0.011979166666666667 
6 0.8432291666666667 0.9807291666666667 0.022916666666666665 0.007291666666666667 
6 0.8427083333333333 0.9713541666666666 0.020833333333333332 0.00625 
6 0.84375 0.9627604166666667 0.015625 0.005729166666666666 
6 0.8174479166666667 0.9625 0.013020833333333334 0.005208333333333333 
6 0.8171875 0.9697916666666667 0.0125 0.005208333333333333 
6 0.81640625 0.98046875 0.018229166666666668 0.005729166666666666 
6 0.7723958333333333 0.9713541666666666 0.011458333333333333 0.03125 
6 0.7528645833333333 0.9643229166666667 0.013020833333333334 0.04114583333333333 
6 0.7393229166666667 0.9643229166666667 0.011979166666666667 0.04010416666666667 
6 0.6953125 0.98515625 0.022916666666666665 0.0109375 
6 0.69765625 0.97421875 0.022395833333333334 0.008854166666666666 
6 0.6973958333333333 0.9651041666666667 0.022916666666666665 0.008333333333333333 
6 0.7005208333333334 0.9450520833333333 0.020833333333333332 0.009895833333333333 
6 0.66953125 0.9627604166666667 0.013020833333333334 0.0067708333333333336 
6 0.6703125 0.9731770833333333 0.023958333333333335 0.0078125 
6 0.6677083333333333 0.9854166666666667 0.026041666666666668 0.009375 
6 0.6151041666666667 0.98359375 0.034375 0.011979166666666667 
6 0.621875 0.9708333333333333 0.026041666666666668 0.009375 
6 0.5955729166666667 0.9697916666666667 0.021354166666666667 0.009375 
6 0.5966145833333333 0.9606770833333333 0.015104166666666667 0.0067708333333333336 
6 0.6244791666666667 0.9536458333333333 0.0125 0.007291666666666667 
6 0.6255208333333333 0.9421875 0.023958333333333335 0.010416666666666666 
6 0.5958333333333333 0.9411458333333333 0.025 0.008333333333333333 
6 0.5963541666666666 0.9515625 0.019791666666666666 0.009375 
6 0.5442708333333334 0.9684895833333333 0.021875 0.0078125 
6 0.5450520833333333 0.9596354166666666 0.0234375 0.0078125 
6 0.54296875 0.9494791666666667 0.0140625 0.00625 
6 0.5447916666666667 0.9395833333333333 0.021875 0.007291666666666667 
6 0.8942708333333333 0.9729166666666667 0.015625 0.00625 
6 0.8953125 0.9653645833333333 0.013541666666666667 0.005729166666666666 
6 0.91953125 0.965625 0.0140625 0.005208333333333333 
6 0.38046875 0.8380208333333333 0.019270833333333334 0.008333333333333333 
6 0.34453125 0.89375 0.027604166666666666 0.009375 
6 0.34453125 0.90546875 0.0296875 0.0109375 
6 0.34322916666666664 0.9182291666666667 0.030208333333333334 0.009375 
6 0.3416666666666667 0.9302083333333333 0.03125 0.0125 
6 0.38307291666666665 0.8932291666666666 0.030729166666666665 0.011458333333333333 
6 0.35104166666666664 0.9541666666666667 0.011458333333333333 0.03333333333333333 
6 0.36302083333333335 0.95390625 0.010416666666666666 0.0296875 
6 0.38177083333333334 0.9578125 0.011458333333333333 0.034375 
6 0.3924479166666667 0.93984375 0.0067708333333333336 0.016145833333333335 
6 0.3924479166666667 0.9692708333333333 0.008854166666666666 0.021875 
6 0.38333333333333336 0.8796875 0.030208333333333334 0.0125 
6 0.38515625 0.8658854166666666 0.03177083333333333 0.0109375 
6 0.38515625 0.8505208333333333 0.033854166666666664 0.010416666666666666 
6 0.4231770833333333 0.77734375 0.008854166666666666 0.025520833333333333 
6 0.9190104166666667 0.9734375 0.0140625 0.005208333333333333 
6 0.4401041666666667 0.7755208333333333 0.010416666666666666 0.034375 
6 0.43723958333333335 0.8151041666666666 0.011979166666666667 0.040625 
6 0.42135416666666664 0.80390625 0.009375 0.028645833333333332 
6 0.4395833333333333 0.86015625 0.019791666666666666 0.008854166666666666 
6 0.43723958333333335 0.8721354166666667 0.021354166666666667 0.009895833333333333 
6 0.43697916666666664 0.88671875 0.023958333333333335 0.008854166666666666 
6 0.43385416666666665 0.89921875 0.01875 0.0067708333333333336 
6 0.44296875 0.9372395833333333 0.03177083333333333 0.009895833333333333 
6 0.44192708333333336 0.9565104166666667 0.030729166666666665 0.0109375 
6 0.4356770833333333 0.9765625 0.0328125 0.010416666666666666 
6 0.53671875 0.9802083333333333 0.0296875 0.010416666666666666 
6 0.90234375 0.9940104166666667 0.03697916666666667 0.0109375 
6 0.91796875 0.9825520833333333 0.0140625 0.005729166666666666 
6 0.16380208333333332 0.83359375 0.0265625 0.0109375 
6 0.19401041666666666 0.8325520833333333 0.013020833333333334 0.005729166666666666 
6 0.19609375 0.8432291666666667 0.027604166666666666 0.010416666666666666 
6 0.027083333333333334 0.8393229166666667 0.017708333333333333 0.0067708333333333336 
12 -0.00546875 0.9364583333333333 0.058854166666666666 0.03854166666666667 
6 -0.0005208333333333333 0.9416666666666667 0.011458333333333333 0.035416666666666666 
6 0.01328125 0.9421875 0.011979166666666667 0.034375 
6 0.023177083333333334 0.915625 0.0203125 0.007291666666666667 
6 0.02421875 0.9059895833333333 0.019270833333333334 0.0078125 
6 0.02421875 0.8955729166666667 0.019270833333333334 0.0078125 
6 0.026041666666666668 0.8859375 0.014583333333333334 0.00625 
6 0.026041666666666668 0.8770833333333333 0.015625 0.005208333333333333 
6 0.026302083333333334 0.8580729166666666 0.011979166666666667 0.0046875 
12 0.025260416666666667 0.8229166666666666 0.03177083333333333 0.1875 
12 0.08984375 0.8364583333333333 0.059895833333333336 0.24479166666666666 
12 0.17760416666666667 0.8427083333333333 0.06041666666666667 0.23854166666666668 
12 0.26458333333333334 0.85 0.0625 0.23333333333333334 
12 0.34817708333333336 0.8411458333333334 0.0359375 0.19479166666666667 
12 0.36640625 0.9541666666666667 0.0765625 0.0375 
12 0.5307291666666667 0.9510416666666667 0.04791666666666667 0.05625 
12 0.6072916666666667 0.9580729166666667 0.04791666666666667 0.0515625 
13 0.6713541666666667 0.80546875 0.03125 0.018229166666666668 
12 0.6848958333333334 0.9630208333333333 0.04895833333333333 0.05625 
12 0.8299479166666667 0.9736979166666667 0.044270833333333336 0.04010416666666667 
12 0.90625 0.9752604166666666 0.04375 0.030729166666666665 
6 0.028125 0.84921875 0.021875 0.009895833333333333 
6 0.027864583333333335 0.83046875 0.0203125 0.0078125 
6 0.16380208333333332 0.8447916666666667 0.025520833333333333 0.009375 
6 0.026822916666666665 0.8192708333333333 0.013020833333333334 0.005208333333333333 
6 0.07786458333333333 0.8708333333333333 0.019270833333333334 0.007291666666666667 
6 0.10859375 0.8841145833333334 0.0265625 0.008854166666666666 
6 0.07760416666666667 0.88203125 0.021875 0.0078125 
6 0.10260416666666666 0.8940104166666667 0.022916666666666665 0.008854166666666666 
6 0.07630208333333334 0.8932291666666666 0.021354166666666667 0.009375 
6 0.07578125 0.9028645833333333 0.0234375 0.009895833333333333 
6 0.10416666666666667 0.9145833333333333 0.028125 0.010416666666666666 
6 0.07421875 0.9140625 0.0234375 0.008333333333333333 
6 0.10494791666666667 0.9255208333333333 0.025520833333333333 0.008333333333333333 
6 0.0734375 0.9236979166666667 0.020833333333333332 0.0078125 
6 0.07213541666666666 0.946875 0.008854166666666666 0.028125 
6 0.08359375 0.9473958333333333 0.009895833333333333 0.027083333333333334 
6 0.09505208333333333 0.9481770833333333 0.009895833333333333 0.0296875 
6 0.10625 0.9494791666666667 0.007291666666666667 0.021875 
6 0.15885416666666666 0.94296875 0.010416666666666666 0.0359375 
6 0.17213541666666668 0.9432291666666667 0.011979166666666667 0.042708333333333334 
6 0.18697916666666667 0.9424479166666667 0.0125 0.03697916666666667 
6 0.19166666666666668 0.91640625 0.026041666666666668 0.0109375 
6 0.190625 0.9052083333333333 0.025 0.010416666666666666 
6 0.1921875 0.8940104166666667 0.023958333333333335 0.009895833333333333 
6 0.19296875 0.8838541666666667 0.024479166666666666 0.008333333333333333 
6 0.15989583333333332 0.9145833333333333 0.025 0.009375 
6 0.16067708333333333 0.90234375 0.024479166666666666 0.009895833333333333 
6 0.15989583333333332 0.8903645833333333 0.026041666666666668 0.008854166666666666 
6 0.16145833333333334 0.8791666666666667 0.028125 0.010416666666666666 
6 0.15963541666666667 0.8671875 0.0234375 0.010416666666666666 
6 0.19036458333333334 0.8635416666666667 0.022395833333333334 0.008333333333333333 
6 0.16276041666666666 0.8565104166666667 0.0265625 0.009895833333333333 
6 0.19166666666666668 0.8533854166666667 0.023958333333333335 0.009895833333333333 
6 0.07864583333333333 0.8604166666666667 0.019791666666666666 0.008333333333333333 
6 0.10364583333333334 0.86328125 0.020833333333333332 0.0078125 
6 0.0765625 0.8494791666666667 0.020833333333333332 0.009375 
6 0.10729166666666666 0.7419270833333333 0.020833333333333332 0.008854166666666666 
6 0.028385416666666666 0.8111979166666666 0.015104166666666667 0.0067708333333333336 
6 0.029166666666666667 0.8013020833333333 0.01875 0.0078125 
6 0.027864583333333335 0.790625 0.0140625 0.00625 
6 0.028125 0.78125 0.011458333333333333 0.00625 
6 0.028645833333333332 0.77265625 0.01875 0.0067708333333333336 
6 0.03046875 0.7638020833333333 0.0234375 0.008854166666666666 
6 0.029427083333333333 0.7533854166666667 0.015104166666666667 0.0067708333333333336 
6 0.030729166666666665 0.7356770833333334 0.014583333333333334 0.0067708333333333336 
6 0.03567708333333333 0.7278645833333334 0.011979166666666667 0.005729166666666666 
6 0.11223958333333334 0.71171875 0.0265625 0.0109375 
6 0.08177083333333333 0.7114583333333333 0.025 0.009375 
6 0.10963541666666667 0.7322916666666667 0.022395833333333334 0.007291666666666667 
6 0.07786458333333333 0.7315104166666667 0.025520833333333333 0.0109375 
6 0.08151041666666667 0.7421875 0.0234375 0.010416666666666666 
6 0.10572916666666667 0.8533854166666667 0.025 0.008854166666666666 
6 0.10755208333333334 0.75234375 0.021354166666666667 0.009895833333333333 
6 0.08203125 0.75390625 0.0203125 0.008854166666666666 
6 0.07760416666666667 0.7635416666666667 0.025 0.007291666666666667 
6 0.10833333333333334 0.77265625 0.023958333333333335 0.0078125 
6 0.10807291666666667 0.7833333333333333 0.024479166666666666 0.009375 
6 0.1078125 0.79296875 0.023958333333333335 0.008854166666666666 
6 0.08046875 0.7955729166666666 0.021354166666666667 0.008854166666666666 
6 0.078125 0.8065104166666667 0.023958333333333335 0.009895833333333333 
6 0.10651041666666666 0.8239583333333333 0.0234375 0.007291666666666667 
6 0.07916666666666666 0.8174479166666667 0.021875 0.008854166666666666 
6 0.07994791666666666 0.8286458333333333 0.0171875 0.00625 
6 0.1046875 0.8328125 0.022916666666666665 0.008333333333333333 
6 0.07760416666666667 0.8385416666666666 0.021875 0.009375 
6 0.5184895833333333 0.9270833333333334 0.016145833333333335 0.007291666666666667 
6 0.5205729166666667 0.9348958333333334 0.016145833333333335 0.00625 
6 0.5174479166666667 0.94609375 0.0234375 0.009895833333333333 
4 0.93046875 0.6486979166666667 0.005729166666666666 0.0109375 
4 0.7442708333333333 0.6526041666666667 0.008333333333333333 0.011458333333333333 
4 0.7747395833333334 0.6651041666666667 0.0078125 0.011458333333333333 
4 0.7763020833333333 0.65078125 0.011979166666666667 0.008854166666666666 
4 0.7596354166666667 0.65859375 0.0078125 0.0109375 
4 0.7903645833333334 0.6690104166666667 0.0078125 0.0140625 
4 0.7963541666666667 0.6697916666666667 0.007291666666666667 0.011458333333333333 
4 0.8229166666666666 0.6765625 0.007291666666666667 0.014583333333333334 
4 0.828125 0.6786458333333333 0.008333333333333333 0.0125 
4 0.81796875 0.6481770833333333 0.005729166666666666 0.011979166666666667 
4 0.8286458333333333 0.6513020833333333 0.00625 0.0109375 
4 0.8411458333333334 0.6528645833333333 0.007291666666666667 0.011979166666666667 
4 0.8486979166666667 0.6546875 0.0036458333333333334 0.010416666666666666 
4 0.8596354166666667 0.6567708333333333 0.0067708333333333336 0.011458333333333333 
4 0.8166666666666667 0.675 0.005208333333333333 0.011458333333333333 
4 0.81171875 0.67421875 0.0067708333333333336 0.011979166666666667 
4 0.85078125 0.6817708333333333 0.005729166666666666 0.010416666666666666 
4 0.8559895833333333 0.68359375 0.005729166666666666 0.011979166666666667 
4 0.86171875 0.6841145833333333 0.0067708333333333336 0.011979166666666667 
4 0.8682291666666667 0.68515625 0.00625 0.0109375 
4 0.7455729166666667 0.6080729166666666 0.009895833333333333 0.0067708333333333336 
4 0.7455729166666667 0.6020833333333333 0.009895833333333333 0.00625 
4 0.7473958333333334 0.5981770833333333 0.009375 0.0067708333333333336 
4 0.9010416666666666 0.6197916666666666 0.005208333333333333 0.010416666666666666 
4 0.9026041666666667 0.659375 0.005208333333333333 0.010416666666666666 
4 0.9080729166666667 0.66015625 0.0046875 0.009895833333333333 
4 0.9122395833333333 0.6611979166666667 0.0046875 0.009895833333333333 
4 0.91796875 0.6625 0.005729166666666666 0.010416666666666666 
4 0.9145833333333333 0.6486979166666667 0.005208333333333333 0.0109375 
4 0.9203125 0.6481770833333333 0.005208333333333333 0.0109375 
4 0.7388020833333333 0.64921875 0.0078125 0.013020833333333334 
4 0.7255208333333333 0.6434895833333333 0.008333333333333333 0.013020833333333334 
4 0.9497395833333333 0.734375 0.011979166666666667 0.008333333333333333 
4 0.65546875 0.74765625 0.005729166666666666 0.0109375 
4 0.40677083333333336 0.7908854166666667 0.0125 0.005729166666666666 
4 0.40598958333333335 0.79609375 0.011979166666666667 0.005729166666666666 
4 0.40286458333333336 0.8052083333333333 0.005729166666666666 0.011458333333333333 
4 0.4075520833333333 0.7846354166666667 0.0109375 0.005729166666666666 
5 0.6518229166666667 0.6575520833333334 0.0265625 0.019270833333333334 
4 0.5669270833333333 0.6880208333333333 0.0046875 0.010416666666666666 
4 0.6075520833333333 0.6924479166666667 0.005729166666666666 0.009895833333333333 
4 0.6119791666666666 0.6942708333333333 0.005208333333333333 0.009375 
4 0.58359375 0.6734375 0.0109375 0.00625 
4 0.6875 0.6994791666666667 0.009375 0.0125 
4 0.6505208333333333 0.7299479166666667 0.005208333333333333 0.009895833333333333 
4 0.6559895833333333 0.73046875 0.0067708333333333336 0.0109375 
4 0.6609375 0.74765625 0.005208333333333333 0.0109375 
4 0.64921875 0.7471354166666667 0.005729166666666666 0.011979166666666667 
4 0.809375 0.8236979166666667 0.010416666666666666 0.011979166666666667 
4 0.7263020833333333 0.7296875 0.0109375 0.00625 
4 0.7236979166666667 0.7359375 0.0109375 0.005208333333333333 
4 0.7075520833333333 0.73984375 0.0109375 0.0078125 
4 0.7078125 0.7591145833333334 0.0125 0.0078125 
4 0.7359375 0.7328125 0.007291666666666667 0.0125 
4 0.7408854166666666 0.7328125 0.005729166666666666 0.0125 
4 0.7528645833333333 0.7333333333333333 0.009895833333333333 0.00625 
4 0.80546875 0.7213541666666666 0.0140625 0.009375 
4 0.69375 0.78046875 0.00625 0.0109375 
4 0.6643229166666667 0.77890625 0.0046875 0.009895833333333333 
4 0.6588541666666666 0.7765625 0.00625 0.011458333333333333 
4 0.65390625 0.7765625 0.005729166666666666 0.0125 
4 0.6471354166666666 0.7760416666666666 0.005729166666666666 0.0125 
4 0.925 0.6481770833333333 0.005208333333333333 0.0109375 
4 0.9416666666666667 0.6518229166666667 0.00625 0.0109375 
4 0.4080729166666667 0.7723958333333333 0.009895833333333333 0.005208333333333333 
4 0.9239583333333333 0.6625 0.00625 0.010416666666666666 
4 0.9877604166666667 0.6299479166666667 0.005729166666666666 0.0109375 
6 0.4354166666666667 0.9458333333333333 0.015625 0.007291666666666667 
6 0.45026041666666666 0.94765625 0.009895833333333333 0.0067708333333333336 
6 0.6697916666666667 0.9544270833333334 0.011458333333333333 0.0067708333333333336 
6 0.029947916666666668 0.74453125 0.018229166666666668 0.0067708333333333336 
6 0.16328125 0.721875 0.011979166666666667 0.007291666666666667 
4 0.014322916666666666 0.7171875 0.011979166666666667 0.011458333333333333 
4 0.021354166666666667 0.7104166666666667 0.009375 0.010416666666666666 
4 0.0005208333333333333 0.74375 0.0125 0.005208333333333333 
4 0.0046875 0.7223958333333333 0.009375 0.011458333333333333 
4 -0.0018229166666666667 0.82109375 0.011979166666666667 0.005729166666666666 
4 0.3458333333333333 0.65625 0.0125 0.00625 
4 0.40729166666666666 0.7768229166666667 0.013541666666666667 0.0078125 
6 0.371875 0.9596354166666666 0.005208333333333333 0.016145833333333335 
6 0.5911458333333334 0.9799479166666667 0.013541666666666667 0.0067708333333333336 
6 0.6994791666666667 0.95625 0.0125 0.00625 
6 0.8067708333333333 0.99140625 0.007291666666666667 0.0109375 
4 0.7497395833333333 0.653125 0.008854166666666666 0.0125 
4 0.9302083333333333 0.6903645833333333 0.005208333333333333 0.0109375 
4 0.9356770833333333 0.690625 0.005729166666666666 0.011458333333333333 
4 0.98125 0.6286458333333333 0.005208333333333333 0.011458333333333333 
4 0.9747395833333333 0.628125 0.005729166666666666 0.010416666666666666 
4 0.9640625 0.6276041666666666 0.005208333333333333 0.010416666666666666 
4 0.9518229166666666 0.6942708333333333 0.005729166666666666 0.011458333333333333 
4 0.9302083333333333 0.6625 0.005208333333333333 0.011458333333333333 
4 0.9354166666666667 0.6622395833333333 0.005208333333333333 0.0109375 
4 0.9395833333333333 0.6627604166666666 0.005208333333333333 0.009895833333333333 
4 0.9463541666666667 0.6643229166666667 0.00625 0.0109375 
4 0.9533854166666667 0.653125 0.005729166666666666 0.011458333333333333 
4 0.9356770833333333 0.6247395833333333 0.0046875 0.011979166666666667 
4 0.9408854166666667 0.6239583333333333 0.005729166666666666 0.011458333333333333 
4 0.946875 0.625 0.005208333333333333 0.011458333333333333 
4 0.95234375 0.625 0.0078125 0.011458333333333333 
4 0.9138020833333333 0.68984375 0.0046875 0.0109375 
4 0.91953125 0.69140625 0.005729166666666666 0.011979166666666667 
4 0.9252604166666667 0.690625 0.0046875 0.011458333333333333 
4 0.9458333333333333 0.69375 0.005208333333333333 0.011458333333333333 
4 0.9572916666666667 0.6942708333333333 0.005208333333333333 0.011458333333333333 
4 0.9572916666666667 0.6268229166666667 0.00625 0.011979166666666667 
4 0.9627604166666667 0.69453125 0.0067708333333333336 0.0109375 
4 0.9802083333333333 0.6963541666666667 0.00625 0.010416666666666666 
4 0.9739583333333334 0.6963541666666667 0.005208333333333333 0.010416666666666666 
4 0.98984375 0.6989583333333333 0.0067708333333333336 0.013541666666666667 
4 0.9565104166666667 0.6651041666666667 0.005729166666666666 0.010416666666666666 
4 0.9580729166666667 0.6536458333333334 0.0046875 0.010416666666666666 
4 0.9692708333333333 0.6544270833333333 0.004166666666666667 0.011979166666666667 
4 0.9674479166666666 0.6682291666666667 0.0046875 0.009375 
4 0.9731770833333333 0.66796875 0.005729166666666666 0.009895833333333333 
4 0.9786458333333333 0.6684895833333333 0.004166666666666667 0.0109375 
4 0.9901041666666667 0.6692708333333334 0.00625 0.010416666666666666 
4 0.9856770833333334 0.6567708333333333 0.0067708333333333336 0.011458333333333333 
4 0.9796875 0.6565104166666667 0.00625 0.009895833333333333 
4 0.38125 0.7885416666666667 0.015625 0.00625 
4 0.38359375 0.7666666666666667 0.009895833333333333 0.005208333333333333 
6 0.51640625 0.95625 0.024479166666666666 0.009375 
4 0.11197916666666667 0.6291666666666667 0.010416666666666666 0.00625 
4 0.15104166666666666 0.63359375 0.0125 0.0067708333333333336 
4 0.17473958333333334 0.6372395833333333 0.0109375 0.005729166666666666 
4 0.16067708333333333 0.6484375 0.013020833333333334 0.00625 
4 0.13802083333333334 0.6526041666666667 0.013541666666666667 0.00625 
4 0.19895833333333332 0.6604166666666667 0.0125 0.00625 
4 0.20338541666666668 0.63984375 0.013020833333333334 0.0078125 
4 0.18671875 0.62578125 0.005729166666666666 0.0109375 
4 0.1921875 0.6260416666666667 0.005208333333333333 0.0125 
6 0.51875 0.96640625 0.020833333333333332 0.008854166666666666 
4 0.38385416666666666 0.7473958333333334 0.011458333333333333 0.00625 
4 0.011458333333333333 0.690625 0.011458333333333333 0.011458333333333333 
4 0.16901041666666666 0.6989583333333333 0.005729166666666666 0.0125 
4 0.19817708333333334 0.7015625 0.005729166666666666 0.0125 
4 0.2046875 0.7033854166666667 0.005208333333333333 0.0109375 
4 0.21067708333333332 0.7044270833333334 0.0046875 0.0109375 
4 0.21588541666666666 0.7041666666666667 0.005729166666666666 0.0125 
4 0.22083333333333333 0.7049479166666667 0.00625 0.011979166666666667 
4 0.22682291666666668 0.7044270833333334 0.0078125 0.013020833333333334 
4 0.23203125 0.70703125 0.0067708333333333336 0.011979166666666667 
4 0.23828125 0.7083333333333334 0.0067708333333333336 0.0125 
4 0.24375 0.70859375 0.005208333333333333 0.009895833333333333 
4 0.24973958333333332 0.7091145833333333 0.005729166666666666 0.011979166666666667 
4 0.25494791666666666 0.7109375 0.0067708333333333336 0.011458333333333333 
4 0.31015625 0.7044270833333334 0.0109375 0.0067708333333333336 
4 0.3296875 0.7059895833333333 0.013541666666666667 0.0078125 
4 0.29713541666666665 0.7122395833333334 0.0046875 0.0109375 
4 0.3026041666666667 0.7135416666666666 0.007291666666666667 0.011458333333333333 
4 0.30859375 0.7153645833333333 0.005729166666666666 0.013020833333333334 
4 0.33125 0.7184895833333333 0.00625 0.013020833333333334 
4 0.31666666666666665 0.6734375 0.013541666666666667 0.009375 
4 0.3307291666666667 0.6744791666666666 0.011458333333333333 0.007291666666666667 
4 0.34869791666666666 0.67734375 0.0140625 0.009895833333333333 
4 0.3614583333333333 0.67890625 0.0125 0.008854166666666666 
4 0.384375 0.6799479166666667 0.0125 0.0078125 
4 0.37786458333333334 0.6942708333333333 0.0067708333333333336 0.011458333333333333 
4 0.38333333333333336 0.69609375 0.00625 0.011979166666666667 
4 0.38828125 0.6958333333333333 0.0067708333333333336 0.011458333333333333 
4 0.39401041666666664 0.6963541666666667 0.005729166666666666 0.011458333333333333 
4 0.4083333333333333 0.7450520833333333 0.007291666666666667 0.0140625 
4 0.38333333333333336 0.7388020833333333 0.011458333333333333 0.005729166666666666 
4 0.16380208333333332 0.6984375 0.0067708333333333336 0.0125 
4 0.15260416666666668 0.6958333333333333 0.00625 0.013541666666666667 
4 0.14635416666666667 0.6950520833333333 0.00625 0.013020833333333334 
4 0.00078125 0.76015625 0.013020833333333334 0.005729166666666666 
4 0.0013020833333333333 0.7671875 0.013020833333333334 0.00625 
4 0.0010416666666666667 0.7838541666666666 0.014583333333333334 0.005208333333333333 
4 0.003125 0.7893229166666667 0.011458333333333333 0.0067708333333333336 
4 0.00078125 0.7989583333333333 0.011979166666666667 0.005208333333333333 
4 0.0010416666666666667 0.81015625 0.014583333333333334 0.005729166666666666 
4 0.14114583333333333 0.6955729166666667 0.00625 0.011979166666666667 
4 -0.0013020833333333333 0.8671875 0.013020833333333334 0.00625 
4 0.23541666666666666 0.6434895833333333 0.010416666666666666 0.0067708333333333336 
4 0.28359375 0.6497395833333334 0.0109375 0.0067708333333333336 
4 0.06432291666666666 0.6864583333333333 0.0067708333333333336 0.011458333333333333 
4 0.06953125 0.6885416666666667 0.0067708333333333336 0.010416666666666666 
4 0.07421875 0.6893229166666667 0.005729166666666666 0.0109375 
4 0.08307291666666666 0.6901041666666666 0.0067708333333333336 0.010416666666666666 
4 0.11223958333333334 0.6919270833333333 0.005729166666666666 0.011979166666666667 
4 0.11822916666666666 0.69296875 0.005208333333333333 0.0109375 
4 0.12369791666666667 0.6940104166666666 0.0046875 0.0109375 
4 0.12916666666666668 0.69375 0.00625 0.011458333333333333 
4 0.13567708333333334 0.6947916666666667 0.005729166666666666 0.0125 
