4 0.95078125 0.19375 0.021354166666666667 0.015625 
6 0.39114583333333336 0.8229166666666666 0.015625 0.022916666666666665 
6 0.4075520833333333 0.8317708333333333 0.0390625 0.065625 
6 0.3341145833333333 0.8184895833333333 0.021354166666666667 0.0296875 
6 0.30234375 0.8015625 0.021354166666666667 0.030208333333333334 
6 0.12734375 0.5864583333333333 0.0765625 0.05 
6 0.041666666666666664 0.5625 0.022916666666666665 0.0375 
6 -0.00625 0.546875 0.03125 0.058333333333333334 
13 0.9356770833333333 0.7309895833333333 0.043229166666666666 0.03697916666666667 
6 0.18411458333333333 0.4484375 0.030729166666666665 0.046875 
6 0.15651041666666668 0.446875 0.022395833333333334 0.03125 
6 0.14114583333333333 0.44166666666666665 0.019791666666666666 0.026041666666666668 
6 0.10885416666666667 0.4244791666666667 0.019791666666666666 0.030208333333333334 
6 0.029427083333333333 0.3802083333333333 0.016145833333333335 0.027083333333333334 
6 -0.02109375 0.39505208333333336 0.07239583333333334 0.030729166666666665 
6 0.4544270833333333 0.8565104166666667 0.04010416666666667 0.0609375 
6 0.49166666666666664 0.8583333333333333 0.027083333333333334 0.04791666666666667 
6 0.5122395833333333 0.8640625 0.04010416666666667 0.0625 
6 0.5299479166666666 0.8760416666666667 0.018229166666666668 0.026041666666666668 
6 0.5625 0.8955729166666667 0.034375 0.05364583333333333 
6 0.5796875 0.91484375 0.015625 0.024479166666666666 
6 0.8486979166666667 0.55625 0.022395833333333334 0.014583333333333334 
6 0.81875 0.521875 0.06041666666666667 0.03958333333333333 
6 0.7997395833333333 0.4934895833333333 0.034895833333333334 0.0234375 
6 0.78515625 0.47734375 0.08697916666666666 0.0546875 
6 0.7216145833333333 0.39088541666666665 0.0359375 0.044270833333333336 
6 0.7408854166666666 0.3575520833333333 0.024479166666666666 0.027604166666666666 
6 0.7145833333333333 0.35 0.01875 0.029166666666666667 
6 0.6705729166666666 0.3453125 0.009895833333333333 0.023958333333333335 
6 0.65 0.36666666666666664 0.017708333333333333 0.0375 
6 0.5807291666666666 0.37161458333333336 0.01875 0.058854166666666666 
6 0.48098958333333336 0.3809895833333333 0.021354166666666667 0.0703125 
6 -0.028645833333333332 0.36171875 0.09166666666666666 0.0390625 
12 0.15703125 0.74296875 0.06510416666666667 0.0796875 
6 0.43046875 0.3796875 0.028645833333333332 0.075 
12 0.5291666666666667 0.35833333333333334 0.03229166666666667 0.06145833333333333 
12 0.8244791666666667 0.5174479166666667 0.07708333333333334 0.06614583333333333 
12 0.8036458333333333 0.47265625 0.07083333333333333 0.06302083333333333 
12 0.7799479166666666 0.41484375 0.06927083333333334 0.049479166666666664 
12 0.74609375 0.3723958333333333 0.0953125 0.103125 
12 0.6466145833333333 0.35703125 0.03802083333333333 0.0671875 
12 0.5825520833333333 0.35703125 0.034895833333333334 0.0640625 
12 0.4859375 0.35833333333333334 0.034375 0.06354166666666666 
12 0.21432291666666667 0.7653645833333333 0.05572916666666667 0.07135416666666666 
12 0.25416666666666665 0.4609375 0.07291666666666667 0.06458333333333334 
12 0.16328125 0.4322916666666667 0.059895833333333336 0.06666666666666667 
12 0.10625 0.40911458333333334 0.059375 0.0703125 
12 0.06197916666666667 0.39479166666666665 0.053125 0.06145833333333333 
12 0.06015625 0.5786458333333333 0.05364583333333333 0.06354166666666666 
12 0.10677083333333333 0.6088541666666667 0.06354166666666666 0.053125 
12 0.8471354166666667 0.5703125 0.07864583333333333 0.06875 
12 0.8671875 0.615625 0.06354166666666666 0.03958333333333333 
12 0.8643229166666667 0.6731770833333334 0.0640625 0.05364583333333333 
12 0.8515625 0.74140625 0.06979166666666667 0.04739583333333333 
12 0.8302083333333333 0.7981770833333334 0.075 0.06302083333333333 
12 0.8096354166666667 0.8502604166666666 0.0765625 0.06510416666666667 
12 0.7828125 0.9111979166666667 0.08541666666666667 0.08697916666666666 
12 0.7075520833333333 0.9463541666666667 0.050520833333333334 0.0625 
12 0.65546875 0.9453125 0.05677083333333333 0.065625 
12 0.60390625 0.9169270833333333 0.05677083333333333 0.07552083333333333 
12 0.56015625 0.90078125 0.0578125 0.0765625 
12 0.5091145833333334 0.8833333333333333 0.05572916666666667 0.07291666666666667 
12 0.45260416666666664 0.8604166666666667 0.057291666666666664 0.07604166666666666 
12 0.40130208333333334 0.8434895833333333 0.05677083333333333 0.0734375 
12 0.35833333333333334 0.8252604166666667 0.059375 0.07760416666666667 
12 0.3028645833333333 0.8028645833333333 0.058854166666666666 0.07552083333333333 
12 0.2591145833333333 0.78359375 0.06302083333333333 0.07447916666666667 
6 0.44921875 0.35182291666666665 0.015104166666666667 0.04010416666666667 
6 0.40130208333333334 0.38229166666666664 0.0140625 0.026041666666666668 
4 0.28958333333333336 0.21223958333333334 0.020833333333333332 0.024479166666666666 
6 0.06614583333333333 0.5815104166666667 0.021875 0.027604166666666666 
6 0.12135416666666667 0.43359375 0.011458333333333333 0.0171875 
6 0.1046875 0.40546875 0.015625 0.0171875 
4 0.25338541666666664 0.30703125 0.019270833333333334 0.024479166666666666 
4 0.9911458333333333 0.4552083333333333 0.01875 0.016666666666666666 
4 0.08802083333333334 0.8880208333333334 0.01875 0.022916666666666665 
4 0.031510416666666666 0.9127604166666666 0.019270833333333334 0.0234375 
4 0.05260416666666667 0.9302083333333333 0.017708333333333333 0.025 
4 0.25677083333333334 0.978125 0.013541666666666667 0.021875 
4 0.2677083333333333 0.9796875 0.014583333333333334 0.022916666666666665 
4 0.9533854166666667 0.9807291666666667 0.022395833333333334 0.01875 
6 0.10807291666666667 0.6096354166666667 0.025520833333333333 0.019270833333333334 
6 0.018489583333333334 0.5552083333333333 0.0140625 0.023958333333333335 
6 0.5052083333333334 0.36015625 0.009375 0.0234375 
6 0.5315104166666667 0.36666666666666664 0.013020833333333334 0.026041666666666668 
6 0.54765625 0.37604166666666666 0.011979166666666667 0.021875 
6 0.6046875 0.37473958333333335 0.0125 0.0234375 
6 0.6877604166666667 0.3625 0.016145833333333335 0.046875 
6 0.7705729166666667 0.43697916666666664 0.027604166666666666 0.020833333333333332 
6 0.77734375 0.4171875 0.019270833333333334 0.014583333333333334 
6 0.8002604166666667 0.4231770833333333 0.0203125 0.0140625 
6 0.81796875 0.5486979166666667 0.027604166666666666 0.0171875 
6 0.7880208333333333 0.9046875 0.013541666666666667 0.013541666666666667 
6 0.67265625 0.9393229166666667 0.0203125 0.0265625 
6 0.625 0.9171875 0.016666666666666666 0.028125 
6 0.15677083333333333 0.7463541666666667 0.019791666666666666 0.027083333333333334 
6 0.221875 0.759375 0.016666666666666666 0.020833333333333332 
4 0.2755208333333333 0.24609375 0.016666666666666666 0.025520833333333333 
4 0.98046875 0.90390625 0.021354166666666667 0.0140625 
4 0.7583333333333333 0.18151041666666667 0.0125 0.0203125 
6 0.77109375 0.9145833333333333 0.03697916666666667 0.035416666666666666 
6 0.8450520833333334 0.5921875 0.024479166666666666 0.017708333333333333 
6 0.8661458333333333 0.6088541666666667 0.030208333333333334 0.013541666666666667 
4 0.95390625 0.16067708333333333 0.0203125 0.016145833333333335 
6 0.8651041666666667 0.7015625 0.026041666666666668 0.011458333333333333 
6 0.8473958333333333 0.7580729166666667 0.03333333333333333 0.022395833333333334 
6 0.8151041666666666 0.7932291666666667 0.028125 0.015625 
6 0.7916666666666666 0.8533854166666667 0.027083333333333334 0.0171875 
6 0.6958333333333333 0.9528645833333333 0.0125 0.0265625 
6 0.6026041666666667 0.91171875 0.028125 0.04010416666666667 
4 0.278125 0.9841145833333333 0.015625 0.022395833333333334 
4 0.93359375 0.32734375 0.021354166666666667 0.015104166666666667 
4 0.69296875 0.18177083333333333 0.0109375 0.020833333333333332 
4 0.7255208333333333 0.17786458333333333 0.010416666666666666 0.0203125 
4 0.35885416666666664 0.17682291666666666 0.010416666666666666 0.021354166666666667 
4 0.23255208333333333 0.29322916666666665 0.0171875 0.025 
4 0.11380208333333333 0.19375 0.0265625 0.023958333333333335 
4 0.15260416666666668 0.20755208333333333 0.020833333333333332 0.019270833333333334 
4 0.16458333333333333 0.21171875 0.020833333333333332 0.018229166666666668 
4 0.17317708333333334 0.21848958333333332 0.0265625 0.0234375 
4 0.18854166666666666 0.22213541666666667 0.020833333333333332 0.018229166666666668 
4 0.11979166666666667 0.25494791666666666 0.016666666666666666 0.022395833333333334 
4 0.10442708333333334 0.18776041666666668 0.021354166666666667 0.0203125 
5 0.42161458333333335 0.17604166666666668 0.011979166666666667 0.021875 
4 0.6385416666666667 0.17838541666666666 0.010416666666666666 0.024479166666666666 
4 0.715625 0.17916666666666667 0.010416666666666666 0.022916666666666665 
4 0.7916666666666666 0.18567708333333333 0.014583333333333334 0.0203125 
7 0.35104166666666664 0.275 0.04479166666666667 0.09375 
