4 0.95078125 0.04895833333333333 0.021354166666666667 0.015625 
6 0.39114583333333336 0.678125 0.015625 0.022916666666666665 
6 0.4075520833333333 0.6869791666666667 0.0390625 0.065625 
6 0.3341145833333333 0.6736979166666667 0.021354166666666667 0.0296875 
6 0.30234375 0.6567708333333333 0.021354166666666667 0.030208333333333334 
6 0.12734375 0.44166666666666665 0.0765625 0.05 
6 0.041666666666666664 0.41770833333333335 0.022916666666666665 0.0375 
6 -0.00625 0.40208333333333335 0.03125 0.058333333333333334 
13 0.9356770833333333 0.5861979166666667 0.043229166666666666 0.03697916666666667 
6 0.18411458333333333 0.30364583333333334 0.030729166666666665 0.046875 
6 0.15651041666666668 0.3020833333333333 0.022395833333333334 0.03125 
6 0.14114583333333333 0.296875 0.019791666666666666 0.026041666666666668 
6 0.10885416666666667 0.2796875 0.019791666666666666 0.030208333333333334 
6 0.029427083333333333 0.23541666666666666 0.016145833333333335 0.027083333333333334 
6 -0.02109375 0.25026041666666665 0.07239583333333334 0.030729166666666665 
6 0.4544270833333333 0.71171875 0.04010416666666667 0.0609375 
6 0.49166666666666664 0.7135416666666666 0.027083333333333334 0.04791666666666667 
6 0.5122395833333333 0.7192708333333333 0.04010416666666667 0.0625 
6 0.5299479166666666 0.73125 0.018229166666666668 0.026041666666666668 
6 0.5625 0.75078125 0.034375 0.05364583333333333 
6 0.5796875 0.7700520833333333 0.015625 0.024479166666666666 
6 0.8486979166666667 0.4114583333333333 0.022395833333333334 0.014583333333333334 
6 0.81875 0.3770833333333333 0.06041666666666667 0.03958333333333333 
6 0.7997395833333333 0.34869791666666666 0.034895833333333334 0.0234375 
6 0.78515625 0.33255208333333336 0.08697916666666666 0.0546875 
6 0.7216145833333333 0.24609375 0.0359375 0.044270833333333336 
6 0.7408854166666666 0.21276041666666667 0.024479166666666666 0.027604166666666666 
6 0.7145833333333333 0.20520833333333333 0.01875 0.029166666666666667 
6 0.6705729166666666 0.20052083333333334 0.009895833333333333 0.023958333333333335 
6 0.65 0.221875 0.017708333333333333 0.0375 
6 0.5807291666666666 0.22682291666666668 0.01875 0.058854166666666666 
6 0.48098958333333336 0.23619791666666667 0.021354166666666667 0.0703125 
6 -0.028645833333333332 0.21692708333333333 0.09166666666666666 0.0390625 
12 0.15703125 0.5981770833333333 0.06510416666666667 0.0796875 
6 0.43046875 0.23489583333333333 0.028645833333333332 0.075 
12 0.5291666666666667 0.21354166666666666 0.03229166666666667 0.06145833333333333 
12 0.8244791666666667 0.37265625 0.07708333333333334 0.06614583333333333 
12 0.8036458333333333 0.32786458333333335 0.07083333333333333 0.06302083333333333 
12 0.7799479166666666 0.27005208333333336 0.06927083333333334 0.049479166666666664 
12 0.74609375 0.22760416666666666 0.0953125 0.103125 
12 0.6466145833333333 0.21223958333333334 0.03802083333333333 0.0671875 
12 0.5825520833333333 0.21223958333333334 0.034895833333333334 0.0640625 
12 0.4859375 0.21354166666666666 0.034375 0.06354166666666666 
12 0.21432291666666667 0.6205729166666667 0.05572916666666667 0.07135416666666666 
12 0.25416666666666665 0.31614583333333335 0.07291666666666667 0.06458333333333334 
12 0.16328125 0.2875 0.059895833333333336 0.06666666666666667 
12 0.10625 0.2643229166666667 0.059375 0.0703125 
12 0.06197916666666667 0.25 0.053125 0.06145833333333333 
12 0.06015625 0.43385416666666665 0.05364583333333333 0.06354166666666666 
12 0.10677083333333333 0.4640625 0.06354166666666666 0.053125 
12 0.8471354166666667 0.42552083333333335 0.07864583333333333 0.06875 
12 0.8671875 0.4708333333333333 0.06354166666666666 0.03958333333333333 
12 0.8643229166666667 0.5283854166666667 0.0640625 0.05364583333333333 
12 0.8515625 0.5966145833333333 0.06979166666666667 0.04739583333333333 
12 0.8302083333333333 0.6533854166666667 0.075 0.06302083333333333 
12 0.8096354166666667 0.70546875 0.0765625 0.06510416666666667 
12 0.7828125 0.76640625 0.08541666666666667 0.08697916666666666 
12 0.7075520833333333 0.8015625 0.050520833333333334 0.0625 
12 0.65546875 0.8005208333333333 0.05677083333333333 0.065625 
12 0.60390625 0.7721354166666666 0.05677083333333333 0.07552083333333333 
12 0.56015625 0.7559895833333333 0.0578125 0.0765625 
12 0.5091145833333334 0.7385416666666667 0.05572916666666667 0.07291666666666667 
12 0.45260416666666664 0.715625 0.057291666666666664 0.07604166666666666 
12 0.40130208333333334 0.6986979166666667 0.05677083333333333 0.0734375 
12 0.35833333333333334 0.68046875 0.059375 0.07760416666666667 
12 0.3028645833333333 0.6580729166666667 0.058854166666666666 0.07552083333333333 
12 0.2591145833333333 0.6388020833333333 0.06302083333333333 0.07447916666666667 
6 0.44921875 0.20703125 0.015104166666666667 0.04010416666666667 
6 0.40130208333333334 0.2375 0.0140625 0.026041666666666668 
4 0.28958333333333336 0.06744791666666666 0.020833333333333332 0.024479166666666666 
6 0.06614583333333333 0.43671875 0.021875 0.027604166666666666 
6 0.12135416666666667 0.28880208333333335 0.011458333333333333 0.0171875 
6 0.1046875 0.26067708333333334 0.015625 0.0171875 
4 0.25338541666666664 0.16223958333333333 0.019270833333333334 0.024479166666666666 
4 0.9911458333333333 0.3104166666666667 0.01875 0.016666666666666666 
4 0.08802083333333334 0.7432291666666667 0.01875 0.022916666666666665 
4 0.031510416666666666 0.76796875 0.019270833333333334 0.0234375 
4 0.05260416666666667 0.7854166666666667 0.017708333333333333 0.025 
4 0.25677083333333334 0.8333333333333334 0.013541666666666667 0.021875 
4 0.2677083333333333 0.8348958333333333 0.014583333333333334 0.022916666666666665 
4 0.9533854166666667 0.8359375 0.022395833333333334 0.01875 
6 0.10807291666666667 0.46484375 0.025520833333333333 0.019270833333333334 
6 0.018489583333333334 0.41041666666666665 0.0140625 0.023958333333333335 
6 0.5052083333333334 0.21536458333333333 0.009375 0.0234375 
6 0.5315104166666667 0.221875 0.013020833333333334 0.026041666666666668 
6 0.54765625 0.23125 0.011979166666666667 0.021875 
6 0.6046875 0.22994791666666667 0.0125 0.0234375 
6 0.6877604166666667 0.21770833333333334 0.016145833333333335 0.046875 
6 0.7705729166666667 0.2921875 0.027604166666666666 0.020833333333333332 
6 0.77734375 0.27239583333333334 0.019270833333333334 0.014583333333333334 
6 0.8002604166666667 0.27838541666666666 0.0203125 0.0140625 
6 0.81796875 0.40390625 0.027604166666666666 0.0171875 
6 0.7880208333333333 0.7598958333333333 0.013541666666666667 0.013541666666666667 
6 0.67265625 0.79453125 0.0203125 0.0265625 
6 0.625 0.7723958333333333 0.016666666666666666 0.028125 
6 0.15677083333333333 0.6015625 0.019791666666666666 0.027083333333333334 
6 0.221875 0.6145833333333334 0.016666666666666666 0.020833333333333332 
4 0.2755208333333333 0.10130208333333333 0.016666666666666666 0.025520833333333333 
4 0.98046875 0.7591145833333334 0.021354166666666667 0.0140625 
4 0.7583333333333333 0.03671875 0.0125 0.0203125 
6 0.77109375 0.7697916666666667 0.03697916666666667 0.035416666666666666 
6 0.8450520833333334 0.4473958333333333 0.024479166666666666 0.017708333333333333 
6 0.8661458333333333 0.4640625 0.030208333333333334 0.013541666666666667 
4 0.95390625 0.015885416666666666 0.0203125 0.016145833333333335 
6 0.8651041666666667 0.5567708333333333 0.026041666666666668 0.011458333333333333 
6 0.8473958333333333 0.61328125 0.03333333333333333 0.022395833333333334 
6 0.8151041666666666 0.6484375 0.028125 0.015625 
6 0.7916666666666666 0.70859375 0.027083333333333334 0.0171875 
6 0.6958333333333333 0.8080729166666667 0.0125 0.0265625 
6 0.6026041666666667 0.7669270833333334 0.028125 0.04010416666666667 
4 0.278125 0.8393229166666667 0.015625 0.022395833333333334 
4 0.93359375 0.18255208333333334 0.021354166666666667 0.015104166666666667 
4 0.69296875 0.03697916666666667 0.0109375 0.020833333333333332 
4 0.7255208333333333 0.03307291666666667 0.010416666666666666 0.0203125 
4 0.35885416666666664 0.03203125 0.010416666666666666 0.021354166666666667 
4 0.23255208333333333 0.1484375 0.0171875 0.025 
4 0.11380208333333333 0.04895833333333333 0.0265625 0.023958333333333335 
4 0.15260416666666668 0.06276041666666667 0.020833333333333332 0.019270833333333334 
4 0.16458333333333333 0.06692708333333333 0.020833333333333332 0.018229166666666668 
4 0.17317708333333334 0.07369791666666667 0.0265625 0.0234375 
4 0.18854166666666666 0.07734375 0.020833333333333332 0.018229166666666668 
4 0.11979166666666667 0.11015625 0.016666666666666666 0.022395833333333334 
4 0.10442708333333334 0.04296875 0.021354166666666667 0.0203125 
5 0.42161458333333335 0.03125 0.011979166666666667 0.021875 
4 0.6385416666666667 0.03359375 0.010416666666666666 0.024479166666666666 
4 0.715625 0.034375 0.010416666666666666 0.022916666666666665 
4 0.7916666666666666 0.04088541666666667 0.014583333333333334 0.0203125 
7 0.35104166666666664 0.13020833333333334 0.04479166666666667 0.09375 
