6 0.9419270833333333 0.8528645833333334 0.0296875 0.009895833333333333 
6 0.9463541666666667 0.8427083333333333 0.022916666666666665 0.008333333333333333 
6 0.9752604166666666 0.8315104166666667 0.025520833333333333 0.008854166666666666 
6 0.94296875 0.8309895833333333 0.0265625 0.0109375 
6 0.9783854166666667 0.8205729166666667 0.025520833333333333 0.008854166666666666 
6 0.946875 0.8200520833333333 0.021875 0.009895833333333333 
6 0.97890625 0.809375 0.024479166666666666 0.008333333333333333 
6 0.9481770833333333 0.8104166666666667 0.022395833333333334 0.008333333333333333 
6 0.978125 0.7981770833333334 0.027083333333333334 0.009895833333333333 
6 0.9471354166666667 0.8 0.0265625 0.009375 
6 0.978125 0.7872395833333333 0.022916666666666665 0.008854166666666666 
6 0.9479166666666666 0.7893229166666667 0.023958333333333335 0.008854166666666666 
6 0.978125 0.7768229166666667 0.025 0.009895833333333333 
6 0.9486979166666667 0.7802083333333333 0.0203125 0.008333333333333333 
6 0.9783854166666667 0.7653645833333333 0.024479166666666666 0.008854166666666666 
6 0.9453125 0.7708333333333334 0.022916666666666665 0.007291666666666667 
6 0.9533854166666667 0.7606770833333333 0.015104166666666667 0.0078125 
6 0.9755208333333333 0.7541666666666667 0.021875 0.009375 
6 0.9481770833333333 0.7510416666666667 0.0140625 0.00625 
6 0.9825520833333333 0.74453125 0.015104166666666667 0.0067708333333333336 
6 0.9809895833333333 0.7341145833333333 0.016145833333333335 0.0078125 
6 0.9486979166666667 0.7419270833333333 0.015104166666666667 0.0078125 
6 0.9747395833333333 0.8427083333333333 0.0265625 0.010416666666666666 
6 0.9739583333333334 0.8536458333333333 0.022916666666666665 0.009375 
6 0.9427083333333334 0.8640625 0.026041666666666668 0.009375 
6 0.8578125 0.8221354166666667 0.028125 0.0109375 
6 0.8875 0.8229166666666666 0.022916666666666665 0.008333333333333333 
6 0.8916666666666667 0.8135416666666667 0.027083333333333334 0.009375 
6 0.85703125 0.81015625 0.028645833333333332 0.009895833333333333 
6 0.89140625 0.8028645833333333 0.024479166666666666 0.0078125 
6 0.8578125 0.7994791666666666 0.028125 0.011458333333333333 
6 0.8565104166666667 0.7880208333333333 0.0296875 0.010416666666666666 
6 0.8908854166666667 0.7822916666666667 0.025520833333333333 0.009375 
6 0.86171875 0.7765625 0.0265625 0.009375 
6 0.8911458333333333 0.77265625 0.026041666666666668 0.0109375 
6 0.8924479166666667 0.7625 0.0265625 0.010416666666666666 
6 0.8588541666666667 0.765625 0.028125 0.010416666666666666 
6 0.8598958333333333 0.7546875 0.027083333333333334 0.011458333333333333 
6 0.89296875 0.7513020833333334 0.0140625 0.005729166666666666 
6 0.8932291666666666 0.7424479166666667 0.016666666666666666 0.0067708333333333336 
6 0.86015625 0.74296875 0.025520833333333333 0.008854166666666666 
6 0.8596354166666667 0.7315104166666667 0.0265625 0.0109375 
6 0.9880208333333333 0.9434895833333333 0.011458333333333333 0.033854166666666664 
6 0.9747395833333333 0.9375 0.0109375 0.030208333333333334 
6 0.9578125 0.9440104166666666 0.017708333333333333 0.03802083333333333 
6 0.9393229166666667 0.94296875 0.013020833333333334 0.0421875 
6 0.9729166666666667 0.909375 0.029166666666666667 0.009375 
6 0.9424479166666667 0.9083333333333333 0.025520833333333333 0.010416666666666666 
6 0.9736979166666667 0.8989583333333333 0.0265625 0.010416666666666666 
6 0.9731770833333333 0.8875 0.0265625 0.010416666666666666 
6 0.9427083333333334 0.8861979166666667 0.027083333333333334 0.009895833333333333 
6 0.9768229166666667 0.8763020833333334 0.028645833333333332 0.0109375 
6 0.9427083333333334 0.8752604166666667 0.025 0.009895833333333333 
6 0.9755208333333333 0.8640625 0.027083333333333334 0.011458333333333333 
6 0.8591145833333333 0.83359375 0.0265625 0.0109375 
6 0.8893229166666666 0.8325520833333333 0.013020833333333334 0.005729166666666666 
6 0.89140625 0.8432291666666667 0.027604166666666666 0.010416666666666666 
6 0.7223958333333333 0.8393229166666667 0.017708333333333333 0.0067708333333333336 
6 0.33541666666666664 0.9346354166666667 0.005208333333333333 0.0109375 
6 0.34609375 0.9346354166666667 0.005729166666666666 0.011979166666666667 
6 0.35234375 0.9341145833333333 0.0046875 0.0140625 
6 0.35989583333333336 0.9354166666666667 0.00625 0.011458333333333333 
6 0.3729166666666667 0.9356770833333333 0.005208333333333333 0.011979166666666667 
6 0.38645833333333335 0.9380208333333333 0.007291666666666667 0.013541666666666667 
6 0.4591145833333333 0.940625 0.005729166666666666 0.0125 
6 0.4671875 0.93828125 0.005208333333333333 0.011979166666666667 
6 0.47265625 0.9385416666666667 0.005729166666666666 0.0125 
6 0.4796875 0.9388020833333334 0.005208333333333333 0.011979166666666667 
6 0.4934895833333333 0.9388020833333334 0.0067708333333333336 0.013020833333333334 
6 0.5109375 0.93828125 0.007291666666666667 0.0140625 
6 0.5375 0.9393229166666667 0.00625 0.015104166666666667 
6 0.5432291666666667 0.9403645833333333 0.005208333333333333 0.011979166666666667 
6 0.5502604166666667 0.9424479166666667 0.005729166666666666 0.0140625 
6 0.6442708333333333 0.9510416666666667 0.014583333333333334 0.008333333333333333 
6 0.6380208333333334 0.940625 0.014583333333333334 0.00625 
6 0.6596354166666667 0.9463541666666667 0.0067708333333333336 0.011458333333333333 
6 0.6692708333333334 0.9388020833333334 0.010416666666666666 0.0359375 
6 0.6817708333333333 0.9377604166666667 0.010416666666666666 0.033854166666666664 
12 0.68984375 0.9364583333333333 0.058854166666666666 0.03854166666666667 
6 0.6947916666666667 0.9416666666666667 0.011458333333333333 0.035416666666666666 
6 0.70859375 0.9421875 0.011979166666666667 0.034375 
6 0.7184895833333333 0.915625 0.0203125 0.007291666666666667 
6 0.71953125 0.9059895833333333 0.019270833333333334 0.0078125 
6 0.71953125 0.8955729166666667 0.019270833333333334 0.0078125 
6 0.7213541666666666 0.8859375 0.014583333333333334 0.00625 
6 0.7213541666666666 0.8770833333333333 0.015625 0.005208333333333333 
6 0.7216145833333333 0.8580729166666666 0.011979166666666667 0.0046875 
6 0.3296875 0.9450520833333333 0.013541666666666667 0.005729166666666666 
6 0.3294270833333333 0.9338541666666667 0.005729166666666666 0.011458333333333333 
6 0.31666666666666665 0.9330729166666667 0.00625 0.013020833333333334 
7 0.07239583333333334 0.7052083333333333 0.026041666666666668 0.051041666666666666 
12 0.3421875 0.92578125 0.09270833333333334 0.04010416666666667 
12 0.50703125 0.9286458333333333 0.0921875 0.042708333333333334 
12 0.7205729166666667 0.8229166666666666 0.03177083333333333 0.1875 
12 0.78515625 0.8364583333333333 0.059895833333333336 0.24479166666666666 
12 0.8729166666666667 0.8427083333333333 0.06041666666666667 0.23854166666666668 
12 0.9598958333333333 0.85 0.0625 0.23333333333333334 
6 0.309375 0.9322916666666666 0.005208333333333333 0.013541666666666667 
6 0.13932291666666666 0.9263020833333333 0.0067708333333333336 0.0140625 
6 0.15859375 0.9270833333333334 0.0067708333333333336 0.014583333333333334 
6 0.16614583333333333 0.928125 0.00625 0.0125 
6 0.17213541666666668 0.9286458333333333 0.0046875 0.011458333333333333 
6 0.18333333333333332 0.92734375 0.005208333333333333 0.0140625 
6 0.18828125 0.9291666666666667 0.005729166666666666 0.011458333333333333 
6 0.19635416666666666 0.92890625 0.005208333333333333 0.013020833333333334 
6 0.20208333333333334 0.9296875 0.005208333333333333 0.011458333333333333 
6 0.209375 0.9283854166666666 0.005208333333333333 0.015104166666666667 
6 0.21588541666666666 0.9294270833333333 0.005729166666666666 0.013020833333333334 
6 0.22317708333333333 0.934375 0.005729166666666666 0.014583333333333334 
6 0.2950520833333333 0.93515625 0.0078125 0.0140625 
6 0.3033854166666667 0.9330729166666667 0.005729166666666666 0.011979166666666667 
6 0.7234375 0.84921875 0.021875 0.009895833333333333 
6 0.7231770833333333 0.83046875 0.0203125 0.0078125 
6 0.8591145833333333 0.8447916666666667 0.025520833333333333 0.009375 
6 0.7221354166666667 0.8192708333333333 0.013020833333333334 0.005208333333333333 
6 0.7731770833333333 0.8708333333333333 0.019270833333333334 0.007291666666666667 
6 0.80390625 0.8841145833333334 0.0265625 0.008854166666666666 
6 0.7729166666666667 0.88203125 0.021875 0.0078125 
6 0.7979166666666667 0.8940104166666667 0.022916666666666665 0.008854166666666666 
6 0.7716145833333333 0.8932291666666666 0.021354166666666667 0.009375 
6 0.77109375 0.9028645833333333 0.0234375 0.009895833333333333 
6 0.7994791666666666 0.9145833333333333 0.028125 0.010416666666666666 
6 0.76953125 0.9140625 0.0234375 0.008333333333333333 
6 0.8002604166666667 0.9255208333333333 0.025520833333333333 0.008333333333333333 
6 0.76875 0.9236979166666667 0.020833333333333332 0.0078125 
6 0.7674479166666667 0.946875 0.008854166666666666 0.028125 
6 0.77890625 0.9473958333333333 0.009895833333333333 0.027083333333333334 
6 0.7903645833333334 0.9481770833333333 0.009895833333333333 0.0296875 
6 0.8015625 0.9494791666666667 0.007291666666666667 0.021875 
6 0.8541666666666666 0.94296875 0.010416666666666666 0.0359375 
6 0.8674479166666667 0.9432291666666667 0.011979166666666667 0.042708333333333334 
6 0.8822916666666667 0.9424479166666667 0.0125 0.03697916666666667 
6 0.8869791666666667 0.91640625 0.026041666666666668 0.0109375 
6 0.8859375 0.9052083333333333 0.025 0.010416666666666666 
6 0.8875 0.8940104166666667 0.023958333333333335 0.009895833333333333 
6 0.88828125 0.8838541666666667 0.024479166666666666 0.008333333333333333 
6 0.8552083333333333 0.9145833333333333 0.025 0.009375 
6 0.8559895833333333 0.90234375 0.024479166666666666 0.009895833333333333 
6 0.8552083333333333 0.8903645833333333 0.026041666666666668 0.008854166666666666 
6 0.8567708333333334 0.8791666666666667 0.028125 0.010416666666666666 
6 0.8549479166666667 0.8671875 0.0234375 0.010416666666666666 
6 0.8856770833333333 0.8635416666666667 0.022395833333333334 0.008333333333333333 
6 0.8580729166666666 0.8565104166666667 0.0265625 0.009895833333333333 
6 0.8869791666666667 0.8533854166666667 0.023958333333333335 0.009895833333333333 
6 0.7739583333333333 0.8604166666666667 0.019791666666666666 0.008333333333333333 
6 0.7989583333333333 0.86328125 0.020833333333333332 0.0078125 
6 0.771875 0.8494791666666667 0.020833333333333332 0.009375 
6 0.8026041666666667 0.7419270833333333 0.020833333333333332 0.008854166666666666 
6 0.7236979166666667 0.8111979166666666 0.015104166666666667 0.0067708333333333336 
6 0.7244791666666667 0.8013020833333333 0.01875 0.0078125 
6 0.7231770833333333 0.790625 0.0140625 0.00625 
6 0.7234375 0.78125 0.011458333333333333 0.00625 
6 0.7239583333333334 0.77265625 0.01875 0.0067708333333333336 
6 0.72578125 0.7638020833333333 0.0234375 0.008854166666666666 
6 0.7247395833333333 0.7533854166666667 0.015104166666666667 0.0067708333333333336 
6 0.7260416666666667 0.7356770833333334 0.014583333333333334 0.0067708333333333336 
6 0.7309895833333333 0.7278645833333334 0.011979166666666667 0.005729166666666666 
6 0.8075520833333333 0.71171875 0.0265625 0.0109375 
6 0.7770833333333333 0.7114583333333333 0.025 0.009375 
6 0.8049479166666667 0.7322916666666667 0.022395833333333334 0.007291666666666667 
6 0.7731770833333333 0.7315104166666667 0.025520833333333333 0.0109375 
6 0.7768229166666667 0.7421875 0.0234375 0.010416666666666666 
6 0.8010416666666667 0.8533854166666667 0.025 0.008854166666666666 
6 0.8028645833333333 0.75234375 0.021354166666666667 0.009895833333333333 
6 0.77734375 0.75390625 0.0203125 0.008854166666666666 
6 0.7729166666666667 0.7635416666666667 0.025 0.007291666666666667 
6 0.8036458333333333 0.77265625 0.023958333333333335 0.0078125 
6 0.8033854166666666 0.7833333333333333 0.024479166666666666 0.009375 
6 0.803125 0.79296875 0.023958333333333335 0.008854166666666666 
6 0.77578125 0.7955729166666666 0.021354166666666667 0.008854166666666666 
6 0.7734375 0.8065104166666667 0.023958333333333335 0.009895833333333333 
6 0.8018229166666667 0.8239583333333333 0.0234375 0.007291666666666667 
6 0.7744791666666667 0.8174479166666667 0.021875 0.008854166666666666 
6 0.7752604166666667 0.8286458333333333 0.0171875 0.00625 
6 0.8 0.8328125 0.022916666666666665 0.008333333333333333 
6 0.7729166666666667 0.8385416666666666 0.021875 0.009375 
6 0.2635416666666667 0.9927083333333333 0.014583333333333334 0.007291666666666667 
6 0.5236979166666667 0.9380208333333333 0.0067708333333333336 0.013541666666666667 
6 0.52890625 0.9395833333333333 0.005729166666666666 0.011458333333333333 
6 0.7252604166666666 0.74453125 0.018229166666666668 0.0067708333333333336 
6 0.85859375 0.721875 0.011979166666666667 0.007291666666666667 
4 0.2609375 0.6833333333333333 0.005208333333333333 0.011458333333333333 
4 0.42604166666666665 0.6596354166666667 0.005208333333333333 0.0109375 
4 0.43984375 0.6580729166666667 0.005729166666666666 0.009895833333333333 
4 0.4395833333333333 0.6682291666666667 0.005208333333333333 0.010416666666666666 
4 0.10598958333333333 0.7807291666666667 0.0046875 0.0125 
4 0.5690104166666666 0.8075520833333333 0.0109375 0.0046875 
4 0.7096354166666666 0.7171875 0.011979166666666667 0.011458333333333333 
4 0.7166666666666667 0.7104166666666667 0.009375 0.010416666666666666 
4 0.6958333333333333 0.74375 0.0125 0.005208333333333333 
4 0.7 0.7223958333333333 0.009375 0.011458333333333333 
4 0.6934895833333333 0.82109375 0.011979166666666667 0.005729166666666666 
4 0.6723958333333333 0.7533854166666667 0.009375 0.005729166666666666 
4 0.5869791666666667 0.7002604166666667 0.00625 0.011979166666666667 
4 0.58515625 0.7359375 0.0067708333333333336 0.011458333333333333 
4 0.45286458333333335 0.803125 0.0109375 0.00625 
4 0.46953125 0.80390625 0.011979166666666667 0.0067708333333333336 
4 0.48333333333333334 0.8046875 0.0125 0.00625 
4 0.49557291666666664 0.8046875 0.013020833333333334 0.00625 
4 0.5421875 0.8075520833333333 0.009375 0.0046875 
4 0.5544270833333333 0.8080729166666667 0.0109375 0.005729166666666666 
4 0.26510416666666664 0.8098958333333334 0.013541666666666667 0.00625 
4 0.4161458333333333 0.8153645833333333 0.011458333333333333 0.005729166666666666 
4 0.4609375 0.815625 0.013541666666666667 0.005208333333333333 
4 0.8072916666666666 0.6291666666666667 0.010416666666666666 0.00625 
4 0.8463541666666666 0.63359375 0.0125 0.0067708333333333336 
4 0.8700520833333333 0.6372395833333333 0.0109375 0.005729166666666666 
4 0.8559895833333333 0.6484375 0.013020833333333334 0.00625 
4 0.8333333333333334 0.6526041666666667 0.013541666666666667 0.00625 
4 0.8942708333333333 0.6604166666666667 0.0125 0.00625 
4 0.8986979166666667 0.63984375 0.013020833333333334 0.0078125 
4 0.88203125 0.62578125 0.005729166666666666 0.0109375 
4 0.8875 0.6260416666666667 0.005208333333333333 0.0125 
4 0.675 0.690625 0.010416666666666666 0.005208333333333333 
4 0.675 0.6963541666666667 0.010416666666666666 0.005208333333333333 
4 0.6755208333333333 0.7018229166666666 0.009375 0.005729166666666666 
4 0.6755208333333333 0.7072916666666667 0.010416666666666666 0.005208333333333333 
4 0.6744791666666666 0.7127604166666667 0.010416666666666666 0.0046875 
4 0.6739583333333333 0.71953125 0.010416666666666666 0.005729166666666666 
4 0.6731770833333334 0.7252604166666666 0.009895833333333333 0.0067708333333333336 
4 0.6729166666666667 0.73046875 0.010416666666666666 0.005729166666666666 
4 0.6729166666666667 0.7354166666666667 0.010416666666666666 0.005208333333333333 
4 0.5744791666666667 0.6247395833333333 0.013541666666666667 0.005729166666666666 
4 0.5861979166666667 0.6049479166666667 0.016145833333333335 0.008854166666666666 
4 0.5533854166666666 0.6 0.0140625 0.008333333333333333 
4 0.42916666666666664 0.6979166666666666 0.00625 0.013541666666666667 
13 0.062239583333333334 0.61015625 0.022395833333333334 0.019270833333333334 
4 0.03697916666666667 0.7216145833333333 0.008333333333333333 0.0109375 
4 0.04088541666666667 0.7255208333333333 0.008854166666666666 0.0125 
4 0.04479166666666667 0.7299479166666667 0.008333333333333333 0.009895833333333333 
4 0.09609375 0.70078125 0.005729166666666666 0.0109375 
4 0.09583333333333334 0.7140625 0.005208333333333333 0.010416666666666666 
4 0.09505208333333333 0.7276041666666667 0.0046875 0.010416666666666666 
4 0.09427083333333333 0.7549479166666667 0.00625 0.0109375 
4 0.09453125 0.7419270833333333 0.005729166666666666 0.011979166666666667 
4 0.09296875 0.7682291666666666 0.005729166666666666 0.011458333333333333 
4 0.10182291666666667 0.62265625 0.005729166666666666 0.0109375 
4 0.4395833333333333 0.62578125 0.00625 0.013020833333333334 
4 0.15572916666666667 0.7916666666666666 0.010416666666666666 0.00625 
4 0.42109375 0.7739583333333333 0.0067708333333333336 0.0125 
4 0.21041666666666667 0.79375 0.009375 0.004166666666666667 
4 0.13151041666666666 0.790625 0.011979166666666667 0.005208333333333333 
4 0.14322916666666666 0.79140625 0.011458333333333333 0.005729166666666666 
4 0.22447916666666667 0.79453125 0.0125 0.0067708333333333336 
4 0.29401041666666666 0.7971354166666667 0.013020833333333334 0.005729166666666666 
4 0.10130208333333333 0.6424479166666667 0.005729166666666666 0.009895833333333333 
4 0.10026041666666667 0.6565104166666667 0.005729166666666666 0.0109375 
4 0.09765625 0.675 0.0046875 0.010416666666666666 
4 0.10182291666666667 0.5997395833333333 0.005729166666666666 0.013020833333333334 
4 0.28020833333333334 0.79609375 0.011458333333333333 0.0067708333333333336 
4 0.31276041666666665 0.7979166666666667 0.009895833333333333 0.005208333333333333 
4 0.3229166666666667 0.7989583333333333 0.008333333333333333 0.005208333333333333 
4 0.37421875 0.8005208333333333 0.011979166666666667 0.005208333333333333 
4 0.6721354166666667 0.7416666666666667 0.009895833333333333 0.00625 
4 0.6908854166666667 0.71640625 0.009895833333333333 0.011979166666666667 
4 0.7067708333333333 0.690625 0.011458333333333333 0.011458333333333333 
4 0.8643229166666667 0.6989583333333333 0.005729166666666666 0.0125 
4 0.8934895833333333 0.7015625 0.005729166666666666 0.0125 
4 0.9 0.7033854166666667 0.005208333333333333 0.0109375 
4 0.9059895833333333 0.7044270833333334 0.0046875 0.0109375 
4 0.9111979166666667 0.7041666666666667 0.005729166666666666 0.0125 
4 0.9161458333333333 0.7049479166666667 0.00625 0.011979166666666667 
4 0.9221354166666667 0.7044270833333334 0.0078125 0.013020833333333334 
4 0.92734375 0.70703125 0.0067708333333333336 0.011979166666666667 
4 0.93359375 0.7083333333333334 0.0067708333333333336 0.0125 
4 0.9390625 0.70859375 0.005208333333333333 0.009895833333333333 
4 0.9450520833333333 0.7091145833333333 0.005729166666666666 0.011979166666666667 
4 0.9502604166666667 0.7109375 0.0067708333333333336 0.011458333333333333 
4 0.9924479166666667 0.7122395833333334 0.0046875 0.0109375 
4 0.9979166666666667 0.7135416666666666 0.007291666666666667 0.011458333333333333 
4 0.8591145833333333 0.6984375 0.0067708333333333336 0.0125 
4 0.8479166666666667 0.6958333333333333 0.00625 0.013541666666666667 
4 0.8416666666666667 0.6950520833333333 0.00625 0.013020833333333334 
4 0.6697916666666667 0.84921875 0.011458333333333333 0.005729166666666666 
4 0.69609375 0.76015625 0.013020833333333334 0.005729166666666666 
4 0.6966145833333334 0.7671875 0.013020833333333334 0.00625 
4 0.6963541666666667 0.7838541666666666 0.014583333333333334 0.005208333333333333 
4 0.6984375 0.7893229166666667 0.011458333333333333 0.0067708333333333336 
4 0.6708333333333333 0.77578125 0.010416666666666666 0.005729166666666666 
4 0.6716145833333333 0.7872395833333333 0.011979166666666667 0.0078125 
4 0.67265625 0.7947916666666667 0.015104166666666667 0.007291666666666667 
4 0.67109375 0.80390625 0.013020833333333334 0.0067708333333333336 
4 0.6716145833333333 0.8106770833333333 0.013020833333333334 0.005729166666666666 
4 0.69609375 0.7989583333333333 0.011979166666666667 0.005208333333333333 
4 0.6963541666666667 0.81015625 0.014583333333333334 0.005729166666666666 
4 0.6703125 0.8375 0.010416666666666666 0.005208333333333333 
4 0.6700520833333333 0.8434895833333333 0.011979166666666667 0.005729166666666666 
4 0.6674479166666667 0.8721354166666667 0.0109375 0.0067708333333333336 
4 0.8364583333333333 0.6955729166666667 0.00625 0.011979166666666667 
4 0.6940104166666666 0.8671875 0.013020833333333334 0.00625 
4 0.6700520833333333 0.8265625 0.009895833333333333 0.005208333333333333 
4 0.9307291666666667 0.6434895833333333 0.010416666666666666 0.0067708333333333336 
4 0.97890625 0.6497395833333334 0.0109375 0.0067708333333333336 
4 0.7596354166666667 0.6864583333333333 0.0067708333333333336 0.011458333333333333 
4 0.76484375 0.6885416666666667 0.0067708333333333336 0.010416666666666666 
4 0.76953125 0.6893229166666667 0.005729166666666666 0.0109375 
4 0.7783854166666667 0.6901041666666666 0.0067708333333333336 0.010416666666666666 
4 0.8075520833333333 0.6919270833333333 0.005729166666666666 0.011979166666666667 
4 0.8135416666666667 0.69296875 0.005208333333333333 0.0109375 
4 0.8190104166666666 0.6940104166666666 0.0046875 0.0109375 
4 0.8244791666666667 0.69375 0.00625 0.011458333333333333 
4 0.8309895833333333 0.6947916666666667 0.005729166666666666 0.0125 
12 0.17890625 0.9174479166666667 0.09427083333333333 0.044270833333333336 
