6 0.94375 0.3421875 0.027083333333333334 0.03229166666666667 
6 0.41770833333333335 0.6890625 0.026041666666666668 0.030208333333333334 
6 0.2708333333333333 0.6049479166666667 0.057291666666666664 0.06822916666666666 
6 0.25859375 0.55078125 0.0203125 0.022395833333333334 
6 0.22421875 0.5638020833333334 0.06302083333333333 0.0796875 
6 0.1859375 0.5515625 0.027083333333333334 0.03333333333333333 
6 0.1671875 0.5200520833333333 0.07395833333333333 0.09427083333333333 
6 0.08125 0.4703125 0.029166666666666667 0.025 
6 0.04895833333333333 0.49713541666666666 0.115625 0.09114583333333333 
12 0.9263020833333333 0.35442708333333334 0.07239583333333334 0.08177083333333333 
12 0.8872395833333333 0.3263020833333333 0.07239583333333334 0.08072916666666667 
12 0.8484375 0.9341145833333333 0.03333333333333333 0.0890625 
12 0.7630208333333334 0.91015625 0.07916666666666666 0.11302083333333333 
12 0.6541666666666667 0.8489583333333334 0.11354166666666667 0.1375 
12 0.6075520833333333 0.8135416666666667 0.10885416666666667 0.13229166666666667 
12 0.5505208333333333 0.771875 0.1 0.128125 
12 0.4921875 0.7361979166666667 0.096875 0.1234375 
12 0.453125 0.7080729166666667 0.10104166666666667 0.1171875 
12 0.39609375 0.6638020833333333 0.11510416666666666 0.11822916666666666 
12 0.29921875 0.60234375 0.14739583333333334 0.15677083333333333 
12 0.22994791666666667 0.55234375 0.09114583333333333 0.1109375 
12 0.18411458333333333 0.5072916666666667 0.10364583333333334 0.12291666666666666 
12 0.09375 0.45807291666666666 0.13229166666666667 0.13072916666666667 
6 0.38958333333333334 0.67265625 0.0625 0.0828125 
6 0.42578125 0.72734375 0.0234375 0.028645833333333332 
6 0.9138020833333333 0.32057291666666665 0.0203125 0.0234375 
6 0.44140625 0.7317708333333334 0.021354166666666667 0.026041666666666668 
6 0.017447916666666667 0.3776041666666667 0.021354166666666667 0.028125 
6 0.5247395833333334 0.7973958333333333 0.0203125 0.027083333333333334 
6 0.36302083333333335 0.6653645833333334 0.021875 0.024479166666666666 
6 0.2046875 0.5213541666666667 0.01875 0.023958333333333335 
6 0.10052083333333334 0.4630208333333333 0.020833333333333332 0.017708333333333333 
13 0.9588541666666667 0.521875 0.08229166666666667 0.08333333333333333 
13 0.91328125 0.45807291666666666 0.03802083333333333 0.04010416666666667 
13 0.8505208333333333 0.38958333333333334 0.05 0.05416666666666667 
4 0.8859375 0.6447916666666667 0.021875 0.010416666666666666 
4 0.9388020833333334 0.6473958333333333 0.022395833333333334 0.010416666666666666 
4 0.9651041666666667 0.6494791666666667 0.026041666666666668 0.010416666666666666 
4 0.79296875 0.5783854166666667 0.0203125 0.019270833333333334 
4 0.5158854166666667 0.39296875 0.025520833333333333 0.0203125 
4 0.35104166666666664 0.30755208333333334 0.025 0.021354166666666667 
5 0.49114583333333334 0.37864583333333335 0.025 0.021875 
12 0.9619791666666667 0.3885416666666667 0.07291666666666667 0.08958333333333333 
12 0.9080729166666667 0.9296875 0.0171875 0.07291666666666667 
6 0.82265625 0.9408854166666667 0.0234375 0.07552083333333333 
6 0.7596354166666667 0.9416666666666667 0.016145833333333335 0.028125 
6 0.4984375 0.7611979166666667 0.022916666666666665 0.027604166666666666 
6 0.46953125 0.7572916666666667 0.0234375 0.028125 
12 0.008072916666666667 0.3611979166666667 0.10260416666666666 0.1390625 
