4 0.8260416666666667 0.6536458333333334 0.005208333333333333 0.011458333333333333 
6 0.10859375 0.8528645833333334 0.0296875 0.009895833333333333 
6 0.11302083333333333 0.8427083333333333 0.022916666666666665 0.008333333333333333 
6 0.14192708333333334 0.8315104166666667 0.025520833333333333 0.008854166666666666 
6 0.10963541666666667 0.8309895833333333 0.0265625 0.0109375 
6 0.14505208333333333 0.8205729166666667 0.025520833333333333 0.008854166666666666 
6 0.11354166666666667 0.8200520833333333 0.021875 0.009895833333333333 
6 0.14557291666666666 0.809375 0.024479166666666666 0.008333333333333333 
6 0.11484375 0.8104166666666667 0.022395833333333334 0.008333333333333333 
6 0.14479166666666668 0.7981770833333334 0.027083333333333334 0.009895833333333333 
6 0.11380208333333333 0.8 0.0265625 0.009375 
6 0.14479166666666668 0.7872395833333333 0.022916666666666665 0.008854166666666666 
6 0.11458333333333333 0.7893229166666667 0.023958333333333335 0.008854166666666666 
6 0.14479166666666668 0.7768229166666667 0.025 0.009895833333333333 
6 0.11536458333333334 0.7802083333333333 0.0203125 0.008333333333333333 
6 0.14505208333333333 0.7653645833333333 0.024479166666666666 0.008854166666666666 
6 0.11197916666666667 0.7708333333333334 0.022916666666666665 0.007291666666666667 
6 0.12005208333333334 0.7606770833333333 0.015104166666666667 0.0078125 
6 0.1421875 0.7541666666666667 0.021875 0.009375 
6 0.11484375 0.7510416666666667 0.0140625 0.00625 
6 0.14921875 0.74453125 0.015104166666666667 0.0067708333333333336 
6 0.14765625 0.7341145833333333 0.016145833333333335 0.0078125 
6 0.11536458333333334 0.7419270833333333 0.015104166666666667 0.0078125 
6 0.2109375 0.74765625 0.03125 0.0109375 
6 0.2125 0.759375 0.021875 0.008333333333333333 
6 0.21067708333333332 0.7703125 0.027604166666666666 0.010416666666666666 
6 0.209375 0.78359375 0.029166666666666667 0.0109375 
6 0.209375 0.7950520833333333 0.027083333333333334 0.0109375 
6 0.20885416666666667 0.8075520833333333 0.028125 0.009895833333333333 
6 0.21145833333333333 0.8197916666666667 0.026041666666666668 0.009375 
6 0.20729166666666668 0.8322916666666667 0.029166666666666667 0.011458333333333333 
6 0.14140625 0.8427083333333333 0.0265625 0.010416666666666666 
6 0.140625 0.8536458333333333 0.022916666666666665 0.009375 
4 0.8028645833333333 0.6924479166666667 0.005729166666666666 0.0109375 
6 0.109375 0.8640625 0.026041666666666668 0.009375 
6 0.024479166666666666 0.8221354166666667 0.028125 0.0109375 
6 0.05416666666666667 0.8229166666666666 0.022916666666666665 0.008333333333333333 
6 0.058333333333333334 0.8135416666666667 0.027083333333333334 0.009375 
6 0.023697916666666666 0.81015625 0.028645833333333332 0.009895833333333333 
6 0.05807291666666667 0.8028645833333333 0.024479166666666666 0.0078125 
6 0.024479166666666666 0.7994791666666666 0.028125 0.011458333333333333 
6 0.023177083333333334 0.7880208333333333 0.0296875 0.010416666666666666 
6 0.05755208333333333 0.7822916666666667 0.025520833333333333 0.009375 
6 0.028385416666666666 0.7765625 0.0265625 0.009375 
6 0.0578125 0.77265625 0.026041666666666668 0.0109375 
6 0.05911458333333333 0.7625 0.0265625 0.010416666666666666 
6 0.025520833333333333 0.765625 0.028125 0.010416666666666666 
6 0.0265625 0.7546875 0.027083333333333334 0.011458333333333333 
6 0.05963541666666667 0.7513020833333334 0.0140625 0.005729166666666666 
6 0.059895833333333336 0.7424479166666667 0.016666666666666666 0.0067708333333333336 
6 0.026822916666666665 0.74296875 0.025520833333333333 0.008854166666666666 
6 0.026302083333333334 0.7315104166666667 0.0265625 0.0109375 
6 0.1546875 0.9434895833333333 0.011458333333333333 0.033854166666666664 
6 0.14140625 0.9375 0.0109375 0.030208333333333334 
6 0.12447916666666667 0.9440104166666666 0.017708333333333333 0.03802083333333333 
6 0.10598958333333333 0.94296875 0.013020833333333334 0.0421875 
6 0.13958333333333334 0.909375 0.029166666666666667 0.009375 
6 0.10911458333333333 0.9083333333333333 0.025520833333333333 0.010416666666666666 
6 0.14036458333333332 0.8989583333333333 0.0265625 0.010416666666666666 
6 0.13984375 0.8875 0.0265625 0.010416666666666666 
6 0.109375 0.8861979166666667 0.027083333333333334 0.009895833333333333 
6 0.14348958333333334 0.8763020833333334 0.028645833333333332 0.0109375 
6 0.109375 0.8752604166666667 0.025 0.009895833333333333 
6 0.1421875 0.8640625 0.027083333333333334 0.011458333333333333 
6 0.20703125 0.84453125 0.0296875 0.011979166666666667 
6 0.20572916666666666 0.85625 0.030208333333333334 0.0125 
6 0.20911458333333333 0.8682291666666667 0.0265625 0.009375 
6 0.20546875 0.8815104166666666 0.0296875 0.0109375 
6 0.6901041666666666 0.99140625 0.03854166666666667 0.011979166666666667 
6 0.7052083333333333 0.9807291666666667 0.022916666666666665 0.007291666666666667 
6 0.7046875 0.9713541666666666 0.020833333333333332 0.00625 
6 0.7057291666666666 0.9627604166666667 0.015625 0.005729166666666666 
6 0.6794270833333333 0.9625 0.013020833333333334 0.005208333333333333 
6 0.6791666666666667 0.9697916666666667 0.0125 0.005208333333333333 
6 0.6783854166666666 0.98046875 0.018229166666666668 0.005729166666666666 
6 0.634375 0.9713541666666666 0.011458333333333333 0.03125 
6 0.61484375 0.9643229166666667 0.013020833333333334 0.04114583333333333 
6 0.6013020833333333 0.9643229166666667 0.011979166666666667 0.04010416666666667 
6 0.5572916666666666 0.98515625 0.022916666666666665 0.0109375 
6 0.5596354166666667 0.97421875 0.022395833333333334 0.008854166666666666 
6 0.559375 0.9651041666666667 0.022916666666666665 0.008333333333333333 
6 0.5625 0.9450520833333333 0.020833333333333332 0.009895833333333333 
6 0.5315104166666667 0.9627604166666667 0.013020833333333334 0.0067708333333333336 
6 0.5322916666666667 0.9731770833333333 0.023958333333333335 0.0078125 
6 0.5296875 0.9854166666666667 0.026041666666666668 0.009375 
6 0.47708333333333336 0.98359375 0.034375 0.011979166666666667 
6 0.48385416666666664 0.9708333333333333 0.026041666666666668 0.009375 
6 0.45755208333333336 0.9697916666666667 0.021354166666666667 0.009375 
6 0.45859375 0.9606770833333333 0.015104166666666667 0.0067708333333333336 
6 0.4864583333333333 0.9536458333333333 0.0125 0.007291666666666667 
6 0.4875 0.9421875 0.023958333333333335 0.010416666666666666 
6 0.4578125 0.9411458333333333 0.025 0.008333333333333333 
6 0.4583333333333333 0.9515625 0.019791666666666666 0.009375 
6 0.40625 0.9684895833333333 0.021875 0.0078125 
6 0.40703125 0.9596354166666666 0.0234375 0.0078125 
6 0.4049479166666667 0.9494791666666667 0.0140625 0.00625 
6 0.40677083333333336 0.9395833333333333 0.021875 0.007291666666666667 
6 0.75625 0.9729166666666667 0.015625 0.00625 
6 0.7572916666666667 0.9653645833333333 0.013541666666666667 0.005729166666666666 
6 0.7815104166666667 0.965625 0.0140625 0.005208333333333333 
6 0.24244791666666668 0.8380208333333333 0.019270833333333334 0.008333333333333333 
6 0.20651041666666667 0.89375 0.027604166666666666 0.009375 
6 0.20651041666666667 0.90546875 0.0296875 0.0109375 
6 0.20520833333333333 0.9182291666666667 0.030208333333333334 0.009375 
6 0.20364583333333333 0.9302083333333333 0.03125 0.0125 
6 0.24505208333333334 0.8932291666666666 0.030729166666666665 0.011458333333333333 
6 0.21302083333333333 0.9541666666666667 0.011458333333333333 0.03333333333333333 
6 0.225 0.95390625 0.010416666666666666 0.0296875 
6 0.24375 0.9578125 0.011458333333333333 0.034375 
6 0.25442708333333336 0.93984375 0.0067708333333333336 0.016145833333333335 
6 0.25442708333333336 0.9692708333333333 0.008854166666666666 0.021875 
6 0.2453125 0.8796875 0.030208333333333334 0.0125 
6 0.24713541666666666 0.8658854166666666 0.03177083333333333 0.0109375 
6 0.24713541666666666 0.8505208333333333 0.033854166666666664 0.010416666666666666 
6 0.28515625 0.77734375 0.008854166666666666 0.025520833333333333 
6 0.7809895833333333 0.9734375 0.0140625 0.005208333333333333 
6 0.3020833333333333 0.7755208333333333 0.010416666666666666 0.034375 
6 0.29921875 0.8151041666666666 0.011979166666666667 0.040625 
6 0.2833333333333333 0.80390625 0.009375 0.028645833333333332 
6 0.3015625 0.86015625 0.019791666666666666 0.008854166666666666 
6 0.29921875 0.8721354166666667 0.021354166666666667 0.009895833333333333 
6 0.2989583333333333 0.88671875 0.023958333333333335 0.008854166666666666 
6 0.29583333333333334 0.89921875 0.01875 0.0067708333333333336 
6 0.30494791666666665 0.9372395833333333 0.03177083333333333 0.009895833333333333 
6 0.30390625 0.9565104166666667 0.030729166666666665 0.0109375 
6 0.29765625 0.9765625 0.0328125 0.010416666666666666 
6 0.39869791666666665 0.9802083333333333 0.0296875 0.010416666666666666 
6 0.7643229166666666 0.9940104166666667 0.03697916666666667 0.0109375 
6 0.7799479166666666 0.9825520833333333 0.0140625 0.005729166666666666 
6 0.02578125 0.83359375 0.0265625 0.0109375 
6 0.055989583333333336 0.8325520833333333 0.013020833333333334 0.005729166666666666 
6 0.05807291666666667 0.8432291666666667 0.027604166666666666 0.010416666666666666 
12 0.03958333333333333 0.8427083333333333 0.06041666666666667 0.23854166666666668 
12 0.1265625 0.85 0.0625 0.23333333333333334 
12 0.21015625 0.8411458333333334 0.0359375 0.19479166666666667 
12 0.22838541666666667 0.9541666666666667 0.0765625 0.0375 
12 0.3927083333333333 0.9510416666666667 0.04791666666666667 0.05625 
12 0.46927083333333336 0.9580729166666667 0.04791666666666667 0.0515625 
13 0.5333333333333333 0.80546875 0.03125 0.018229166666666668 
12 0.546875 0.9630208333333333 0.04895833333333333 0.05625 
12 0.6919270833333333 0.9736979166666667 0.044270833333333336 0.04010416666666667 
12 0.7682291666666666 0.9752604166666666 0.04375 0.030729166666666665 
6 0.02578125 0.8447916666666667 0.025520833333333333 0.009375 
6 0.020833333333333332 0.94296875 0.010416666666666666 0.0359375 
6 0.03411458333333333 0.9432291666666667 0.011979166666666667 0.042708333333333334 
6 0.04895833333333333 0.9424479166666667 0.0125 0.03697916666666667 
6 0.05364583333333333 0.91640625 0.026041666666666668 0.0109375 
6 0.05260416666666667 0.9052083333333333 0.025 0.010416666666666666 
6 0.05416666666666667 0.8940104166666667 0.023958333333333335 0.009895833333333333 
6 0.054947916666666666 0.8838541666666667 0.024479166666666666 0.008333333333333333 
6 0.021875 0.9145833333333333 0.025 0.009375 
6 0.02265625 0.90234375 0.024479166666666666 0.009895833333333333 
6 0.021875 0.8903645833333333 0.026041666666666668 0.008854166666666666 
6 0.0234375 0.8791666666666667 0.028125 0.010416666666666666 
6 0.021614583333333333 0.8671875 0.0234375 0.010416666666666666 
6 0.05234375 0.8635416666666667 0.022395833333333334 0.008333333333333333 
6 0.024739583333333332 0.8565104166666667 0.0265625 0.009895833333333333 
6 0.05364583333333333 0.8533854166666667 0.023958333333333335 0.009895833333333333 
6 0.38046875 0.9270833333333334 0.016145833333333335 0.007291666666666667 
6 0.38255208333333335 0.9348958333333334 0.016145833333333335 0.00625 
6 0.37942708333333336 0.94609375 0.0234375 0.009895833333333333 
4 0.7924479166666667 0.6486979166666667 0.005729166666666666 0.0109375 
4 0.60625 0.6526041666666667 0.008333333333333333 0.011458333333333333 
4 0.63671875 0.6651041666666667 0.0078125 0.011458333333333333 
4 0.63828125 0.65078125 0.011979166666666667 0.008854166666666666 
4 0.6216145833333333 0.65859375 0.0078125 0.0109375 
4 0.65234375 0.6690104166666667 0.0078125 0.0140625 
4 0.6583333333333333 0.6697916666666667 0.007291666666666667 0.011458333333333333 
4 0.6848958333333334 0.6765625 0.007291666666666667 0.014583333333333334 
4 0.6901041666666666 0.6786458333333333 0.008333333333333333 0.0125 
4 0.6799479166666667 0.6481770833333333 0.005729166666666666 0.011979166666666667 
4 0.690625 0.6513020833333333 0.00625 0.0109375 
4 0.703125 0.6528645833333333 0.007291666666666667 0.011979166666666667 
4 0.7106770833333333 0.6546875 0.0036458333333333334 0.010416666666666666 
4 0.7216145833333333 0.6567708333333333 0.0067708333333333336 0.011458333333333333 
4 0.6786458333333333 0.675 0.005208333333333333 0.011458333333333333 
4 0.6736979166666667 0.67421875 0.0067708333333333336 0.011979166666666667 
4 0.7127604166666667 0.6817708333333333 0.005729166666666666 0.010416666666666666 
4 0.71796875 0.68359375 0.005729166666666666 0.011979166666666667 
4 0.7236979166666667 0.6841145833333333 0.0067708333333333336 0.011979166666666667 
4 0.7302083333333333 0.68515625 0.00625 0.0109375 
4 0.6075520833333333 0.6080729166666666 0.009895833333333333 0.0067708333333333336 
4 0.6075520833333333 0.6020833333333333 0.009895833333333333 0.00625 
4 0.609375 0.5981770833333333 0.009375 0.0067708333333333336 
4 0.7630208333333334 0.6197916666666666 0.005208333333333333 0.010416666666666666 
4 0.7645833333333333 0.659375 0.005208333333333333 0.010416666666666666 
4 0.7700520833333333 0.66015625 0.0046875 0.009895833333333333 
4 0.77421875 0.6611979166666667 0.0046875 0.009895833333333333 
4 0.7799479166666666 0.6625 0.005729166666666666 0.010416666666666666 
4 0.7765625 0.6486979166666667 0.005208333333333333 0.0109375 
4 0.7822916666666667 0.6481770833333333 0.005208333333333333 0.0109375 
4 0.60078125 0.64921875 0.0078125 0.013020833333333334 
4 0.5875 0.6434895833333333 0.008333333333333333 0.013020833333333334 
4 0.81171875 0.734375 0.011979166666666667 0.008333333333333333 
4 0.5174479166666667 0.74765625 0.005729166666666666 0.0109375 
4 0.26875 0.7908854166666667 0.0125 0.005729166666666666 
4 0.26796875 0.79609375 0.011979166666666667 0.005729166666666666 
4 0.26484375 0.8052083333333333 0.005729166666666666 0.011458333333333333 
4 0.26953125 0.7846354166666667 0.0109375 0.005729166666666666 
5 0.5138020833333333 0.6575520833333334 0.0265625 0.019270833333333334 
4 0.42890625 0.6880208333333333 0.0046875 0.010416666666666666 
4 0.46953125 0.6924479166666667 0.005729166666666666 0.009895833333333333 
4 0.4739583333333333 0.6942708333333333 0.005208333333333333 0.009375 
4 0.44557291666666665 0.6734375 0.0109375 0.00625 
4 0.5494791666666666 0.6994791666666667 0.009375 0.0125 
4 0.5125 0.7299479166666667 0.005208333333333333 0.009895833333333333 
4 0.51796875 0.73046875 0.0067708333333333336 0.0109375 
4 0.5229166666666667 0.74765625 0.005208333333333333 0.0109375 
4 0.5111979166666667 0.7471354166666667 0.005729166666666666 0.011979166666666667 
4 0.6713541666666667 0.8236979166666667 0.010416666666666666 0.011979166666666667 
4 0.58828125 0.7296875 0.0109375 0.00625 
4 0.5856770833333333 0.7359375 0.0109375 0.005208333333333333 
4 0.56953125 0.73984375 0.0109375 0.0078125 
4 0.5697916666666667 0.7591145833333334 0.0125 0.0078125 
4 0.5979166666666667 0.7328125 0.007291666666666667 0.0125 
4 0.6028645833333334 0.7328125 0.005729166666666666 0.0125 
4 0.61484375 0.7333333333333333 0.009895833333333333 0.00625 
4 0.6674479166666667 0.7213541666666666 0.0140625 0.009375 
4 0.5557291666666667 0.78046875 0.00625 0.0109375 
4 0.5263020833333333 0.77890625 0.0046875 0.009895833333333333 
4 0.5208333333333334 0.7765625 0.00625 0.011458333333333333 
4 0.5158854166666667 0.7765625 0.005729166666666666 0.0125 
4 0.5091145833333334 0.7760416666666666 0.005729166666666666 0.0125 
4 0.7869791666666667 0.6481770833333333 0.005208333333333333 0.0109375 
4 0.8036458333333333 0.6518229166666667 0.00625 0.0109375 
4 0.27005208333333336 0.7723958333333333 0.009895833333333333 0.005208333333333333 
4 0.7859375 0.6625 0.00625 0.010416666666666666 
4 0.8497395833333333 0.6299479166666667 0.005729166666666666 0.0109375 
6 0.29739583333333336 0.9458333333333333 0.015625 0.007291666666666667 
6 0.31223958333333335 0.94765625 0.009895833333333333 0.0067708333333333336 
6 0.5317708333333333 0.9544270833333334 0.011458333333333333 0.0067708333333333336 
6 0.025260416666666667 0.721875 0.011979166666666667 0.007291666666666667 
4 0.2078125 0.65625 0.0125 0.00625 
4 0.26927083333333335 0.7768229166666667 0.013541666666666667 0.0078125 
6 0.23385416666666667 0.9596354166666666 0.005208333333333333 0.016145833333333335 
6 0.453125 0.9799479166666667 0.013541666666666667 0.0067708333333333336 
6 0.5614583333333333 0.95625 0.0125 0.00625 
6 0.66875 0.99140625 0.007291666666666667 0.0109375 
4 0.61171875 0.653125 0.008854166666666666 0.0125 
4 0.7921875 0.6903645833333333 0.005208333333333333 0.0109375 
4 0.79765625 0.690625 0.005729166666666666 0.011458333333333333 
4 0.8432291666666667 0.6286458333333333 0.005208333333333333 0.011458333333333333 
4 0.83671875 0.628125 0.005729166666666666 0.010416666666666666 
4 0.8260416666666667 0.6276041666666666 0.005208333333333333 0.010416666666666666 
4 0.8138020833333334 0.6942708333333333 0.005729166666666666 0.011458333333333333 
4 0.7921875 0.6625 0.005208333333333333 0.011458333333333333 
4 0.7973958333333333 0.6622395833333333 0.005208333333333333 0.0109375 
4 0.8015625 0.6627604166666666 0.005208333333333333 0.009895833333333333 
4 0.8083333333333333 0.6643229166666667 0.00625 0.0109375 
4 0.8153645833333333 0.653125 0.005729166666666666 0.011458333333333333 
4 0.79765625 0.6247395833333333 0.0046875 0.011979166666666667 
4 0.8028645833333333 0.6239583333333333 0.005729166666666666 0.011458333333333333 
4 0.8088541666666667 0.625 0.005208333333333333 0.011458333333333333 
4 0.8143229166666667 0.625 0.0078125 0.011458333333333333 
4 0.77578125 0.68984375 0.0046875 0.0109375 
4 0.7815104166666667 0.69140625 0.005729166666666666 0.011979166666666667 
4 0.7872395833333333 0.690625 0.0046875 0.011458333333333333 
4 0.8078125 0.69375 0.005208333333333333 0.011458333333333333 
4 0.8192708333333333 0.6942708333333333 0.005208333333333333 0.011458333333333333 
4 0.8192708333333333 0.6268229166666667 0.00625 0.011979166666666667 
4 0.8247395833333333 0.69453125 0.0067708333333333336 0.0109375 
4 0.8421875 0.6963541666666667 0.00625 0.010416666666666666 
4 0.8359375 0.6963541666666667 0.005208333333333333 0.010416666666666666 
4 0.8518229166666667 0.6989583333333333 0.0067708333333333336 0.013541666666666667 
4 0.8184895833333333 0.6651041666666667 0.005729166666666666 0.010416666666666666 
4 0.8200520833333333 0.6536458333333334 0.0046875 0.010416666666666666 
4 0.83125 0.6544270833333333 0.004166666666666667 0.011979166666666667 
4 0.8294270833333334 0.6682291666666667 0.0046875 0.009375 
4 0.83515625 0.66796875 0.005729166666666666 0.009895833333333333 
4 0.840625 0.6684895833333333 0.004166666666666667 0.0109375 
4 0.8520833333333333 0.6692708333333334 0.00625 0.010416666666666666 
4 0.84765625 0.6567708333333333 0.0067708333333333336 0.011458333333333333 
4 0.8416666666666667 0.6565104166666667 0.00625 0.009895833333333333 
4 0.24322916666666666 0.7885416666666667 0.015625 0.00625 
4 0.24557291666666667 0.7666666666666667 0.009895833333333333 0.005208333333333333 
6 0.37838541666666664 0.95625 0.024479166666666666 0.009375 
4 0.013020833333333334 0.63359375 0.0125 0.0067708333333333336 
4 0.03671875 0.6372395833333333 0.0109375 0.005729166666666666 
4 0.02265625 0.6484375 0.013020833333333334 0.00625 
4 0.0 0.6526041666666667 0.013541666666666667 0.00625 
4 0.0609375 0.6604166666666667 0.0125 0.00625 
4 0.06536458333333334 0.63984375 0.013020833333333334 0.0078125 
4 0.04869791666666667 0.62578125 0.005729166666666666 0.0109375 
4 0.05416666666666667 0.6260416666666667 0.005208333333333333 0.0125 
6 0.3807291666666667 0.96640625 0.020833333333333332 0.008854166666666666 
4 0.24583333333333332 0.7473958333333334 0.011458333333333333 0.00625 
4 0.030989583333333334 0.6989583333333333 0.005729166666666666 0.0125 
4 0.06015625 0.7015625 0.005729166666666666 0.0125 
4 0.06666666666666667 0.7033854166666667 0.005208333333333333 0.0109375 
4 0.07265625 0.7044270833333334 0.0046875 0.0109375 
4 0.07786458333333333 0.7041666666666667 0.005729166666666666 0.0125 
4 0.0828125 0.7049479166666667 0.00625 0.011979166666666667 
4 0.08880208333333334 0.7044270833333334 0.0078125 0.013020833333333334 
4 0.09401041666666667 0.70703125 0.0067708333333333336 0.011979166666666667 
4 0.10026041666666667 0.7083333333333334 0.0067708333333333336 0.0125 
4 0.10572916666666667 0.70859375 0.005208333333333333 0.009895833333333333 
4 0.11171875 0.7091145833333333 0.005729166666666666 0.011979166666666667 
4 0.11692708333333333 0.7109375 0.0067708333333333336 0.011458333333333333 
4 0.17213541666666668 0.7044270833333334 0.0109375 0.0067708333333333336 
4 0.19166666666666668 0.7059895833333333 0.013541666666666667 0.0078125 
4 0.15911458333333334 0.7122395833333334 0.0046875 0.0109375 
4 0.16458333333333333 0.7135416666666666 0.007291666666666667 0.011458333333333333 
4 0.17057291666666666 0.7153645833333333 0.005729166666666666 0.013020833333333334 
4 0.19322916666666667 0.7184895833333333 0.00625 0.013020833333333334 
4 0.17864583333333334 0.6734375 0.013541666666666667 0.009375 
4 0.19270833333333334 0.6744791666666666 0.011458333333333333 0.007291666666666667 
4 0.21067708333333332 0.67734375 0.0140625 0.009895833333333333 
4 0.2234375 0.67890625 0.0125 0.008854166666666666 
4 0.24635416666666668 0.6799479166666667 0.0125 0.0078125 
4 0.23984375 0.6942708333333333 0.0067708333333333336 0.011458333333333333 
4 0.2453125 0.69609375 0.00625 0.011979166666666667 
4 0.25026041666666665 0.6958333333333333 0.0067708333333333336 0.011458333333333333 
4 0.2559895833333333 0.6963541666666667 0.005729166666666666 0.011458333333333333 
4 0.2703125 0.7450520833333333 0.007291666666666667 0.0140625 
4 0.2453125 0.7388020833333333 0.011458333333333333 0.005729166666666666 
4 0.02578125 0.6984375 0.0067708333333333336 0.0125 
4 0.014583333333333334 0.6958333333333333 0.00625 0.013541666666666667 
4 0.008333333333333333 0.6950520833333333 0.00625 0.013020833333333334 
4 0.003125 0.6955729166666667 0.00625 0.011979166666666667 
4 0.09739583333333333 0.6434895833333333 0.010416666666666666 0.0067708333333333336 
4 0.14557291666666666 0.6497395833333334 0.0109375 0.0067708333333333336 
