6 0.02109375 0.5229166666666667 0.0421875 0.03958333333333333 
6 0.48385416666666664 0.8229166666666666 0.015625 0.022916666666666665 
6 0.5002604166666667 0.8317708333333333 0.0390625 0.065625 
6 0.42682291666666666 0.8184895833333333 0.021354166666666667 0.0296875 
6 0.39505208333333336 0.8015625 0.021354166666666667 0.030208333333333334 
6 0.22005208333333334 0.5864583333333333 0.0765625 0.05 
6 0.134375 0.5625 0.022916666666666665 0.0375 
6 0.08645833333333333 0.546875 0.03125 0.058333333333333334 
6 0.27682291666666664 0.4484375 0.030729166666666665 0.046875 
6 0.24921875 0.446875 0.022395833333333334 0.03125 
6 0.23385416666666667 0.44166666666666665 0.019791666666666666 0.026041666666666668 
6 0.2015625 0.4244791666666667 0.019791666666666666 0.030208333333333334 
6 0.12213541666666666 0.3802083333333333 0.016145833333333335 0.027083333333333334 
6 0.07161458333333333 0.39505208333333336 0.07239583333333334 0.030729166666666665 
6 0.5471354166666667 0.8565104166666667 0.04010416666666667 0.0609375 
6 0.584375 0.8583333333333333 0.027083333333333334 0.04791666666666667 
6 0.6049479166666667 0.8640625 0.04010416666666667 0.0625 
6 0.62265625 0.8760416666666667 0.018229166666666668 0.026041666666666668 
6 0.6552083333333333 0.8955729166666667 0.034375 0.05364583333333333 
6 0.6723958333333333 0.91484375 0.015625 0.024479166666666666 
6 0.94140625 0.55625 0.022395833333333334 0.014583333333333334 
6 0.9114583333333334 0.521875 0.06041666666666667 0.03958333333333333 
6 0.8924479166666667 0.4934895833333333 0.034895833333333334 0.0234375 
6 0.8778645833333333 0.47734375 0.08697916666666666 0.0546875 
6 0.8143229166666667 0.39088541666666665 0.0359375 0.044270833333333336 
6 0.83359375 0.3575520833333333 0.024479166666666666 0.027604166666666666 
6 0.8072916666666666 0.35 0.01875 0.029166666666666667 
6 0.76328125 0.3453125 0.009895833333333333 0.023958333333333335 
6 0.7427083333333333 0.36666666666666664 0.017708333333333333 0.0375 
6 0.6734375 0.37161458333333336 0.01875 0.058854166666666666 
6 0.5736979166666667 0.3809895833333333 0.021354166666666667 0.0703125 
6 0.0640625 0.36171875 0.09166666666666666 0.0390625 
12 0.24973958333333332 0.74296875 0.06510416666666667 0.0796875 
6 0.5231770833333333 0.3796875 0.028645833333333332 0.075 
12 0.621875 0.35833333333333334 0.03229166666666667 0.06145833333333333 
12 0.9171875 0.5174479166666667 0.07708333333333334 0.06614583333333333 
12 0.8963541666666667 0.47265625 0.07083333333333333 0.06302083333333333 
12 0.87265625 0.41484375 0.06927083333333334 0.049479166666666664 
12 0.8388020833333333 0.3723958333333333 0.0953125 0.103125 
12 0.7393229166666667 0.35703125 0.03802083333333333 0.0671875 
12 0.6752604166666667 0.35703125 0.034895833333333334 0.0640625 
12 0.5786458333333333 0.35833333333333334 0.034375 0.06354166666666666 
12 0.30703125 0.7653645833333333 0.05572916666666667 0.07135416666666666 
12 0.346875 0.4609375 0.07291666666666667 0.06458333333333334 
12 0.2559895833333333 0.4322916666666667 0.059895833333333336 0.06666666666666667 
12 0.19895833333333332 0.40911458333333334 0.059375 0.0703125 
12 0.1546875 0.39479166666666665 0.053125 0.06145833333333333 
12 0.15286458333333333 0.5786458333333333 0.05364583333333333 0.06354166666666666 
12 0.19947916666666668 0.6088541666666667 0.06354166666666666 0.053125 
12 0.93984375 0.5703125 0.07864583333333333 0.06875 
12 0.9598958333333333 0.615625 0.06354166666666666 0.03958333333333333 
12 0.95703125 0.6731770833333334 0.0640625 0.05364583333333333 
12 0.9442708333333333 0.74140625 0.06979166666666667 0.04739583333333333 
12 0.9229166666666667 0.7981770833333334 0.075 0.06302083333333333 
12 0.90234375 0.8502604166666666 0.0765625 0.06510416666666667 
12 0.8755208333333333 0.9111979166666667 0.08541666666666667 0.08697916666666666 
12 0.8002604166666667 0.9463541666666667 0.050520833333333334 0.0625 
12 0.7481770833333333 0.9453125 0.05677083333333333 0.065625 
12 0.6966145833333334 0.9169270833333333 0.05677083333333333 0.07552083333333333 
12 0.6528645833333333 0.90078125 0.0578125 0.0765625 
12 0.6018229166666667 0.8833333333333333 0.05572916666666667 0.07291666666666667 
12 0.5453125 0.8604166666666667 0.057291666666666664 0.07604166666666666 
12 0.4940104166666667 0.8434895833333333 0.05677083333333333 0.0734375 
12 0.4510416666666667 0.8252604166666667 0.059375 0.07760416666666667 
12 0.39557291666666666 0.8028645833333333 0.058854166666666666 0.07552083333333333 
12 0.35182291666666665 0.78359375 0.06302083333333333 0.07447916666666667 
6 0.5419270833333333 0.35182291666666665 0.015104166666666667 0.04010416666666667 
6 0.4940104166666667 0.38229166666666664 0.0140625 0.026041666666666668 
4 0.38229166666666664 0.21223958333333334 0.020833333333333332 0.024479166666666666 
4 0.03619791666666667 0.75234375 0.019270833333333334 0.019270833333333334 
6 0.15885416666666666 0.5815104166666667 0.021875 0.027604166666666666 
6 0.2140625 0.43359375 0.011458333333333333 0.0171875 
6 0.19739583333333333 0.40546875 0.015625 0.0171875 
4 0.34609375 0.30703125 0.019270833333333334 0.024479166666666666 
4 0.078125 0.71015625 0.015625 0.0203125 
4 0.04375 0.7010416666666667 0.017708333333333333 0.022916666666666665 
4 0.07708333333333334 0.7731770833333333 0.023958333333333335 0.022395833333333334 
4 0.18072916666666666 0.8880208333333334 0.01875 0.022916666666666665 
4 0.12421875 0.9127604166666666 0.019270833333333334 0.0234375 
4 0.1453125 0.9302083333333333 0.017708333333333333 0.025 
4 0.3494791666666667 0.978125 0.013541666666666667 0.021875 
4 0.36041666666666666 0.9796875 0.014583333333333334 0.022916666666666665 
6 0.20078125 0.6096354166666667 0.025520833333333333 0.019270833333333334 
6 0.11119791666666666 0.5552083333333333 0.0140625 0.023958333333333335 
6 0.5979166666666667 0.36015625 0.009375 0.0234375 
6 0.62421875 0.36666666666666664 0.013020833333333334 0.026041666666666668 
6 0.6403645833333333 0.37604166666666666 0.011979166666666667 0.021875 
6 0.6973958333333333 0.37473958333333335 0.0125 0.0234375 
6 0.78046875 0.3625 0.016145833333333335 0.046875 
6 0.86328125 0.43697916666666664 0.027604166666666666 0.020833333333333332 
6 0.8700520833333333 0.4171875 0.019270833333333334 0.014583333333333334 
6 0.89296875 0.4231770833333333 0.0203125 0.0140625 
6 0.9106770833333333 0.5486979166666667 0.027604166666666666 0.0171875 
6 0.8807291666666667 0.9046875 0.013541666666666667 0.013541666666666667 
6 0.7653645833333333 0.9393229166666667 0.0203125 0.0265625 
6 0.7177083333333333 0.9171875 0.016666666666666666 0.028125 
6 0.24947916666666667 0.7463541666666667 0.019791666666666666 0.027083333333333334 
6 0.3145833333333333 0.759375 0.016666666666666666 0.020833333333333332 
4 0.36822916666666666 0.24609375 0.016666666666666666 0.025520833333333333 
4 0.8510416666666667 0.18151041666666667 0.0125 0.0203125 
6 0.8638020833333333 0.9145833333333333 0.03697916666666667 0.035416666666666666 
6 0.9377604166666667 0.5921875 0.024479166666666666 0.017708333333333333 
4 0.06927083333333334 0.8731770833333333 0.01875 0.0203125 
4 0.024479166666666666 0.8455729166666667 0.019791666666666666 0.022395833333333334 
4 0.0125 0.7447916666666666 0.023958333333333335 0.023958333333333335 
4 0.04739583333333333 0.7575520833333333 0.022916666666666665 0.021354166666666667 
4 0.054947916666666666 0.7059895833333333 0.0140625 0.018229166666666668 
4 0.06640625 0.7098958333333333 0.016145833333333335 0.021875 
6 0.9588541666666667 0.6088541666666667 0.030208333333333334 0.013541666666666667 
6 0.9578125 0.7015625 0.026041666666666668 0.011458333333333333 
6 0.9401041666666666 0.7580729166666667 0.03333333333333333 0.022395833333333334 
6 0.9078125 0.7932291666666667 0.028125 0.015625 
6 0.884375 0.8533854166666667 0.027083333333333334 0.0171875 
6 0.7885416666666667 0.9528645833333333 0.0125 0.0265625 
6 0.6953125 0.91171875 0.028125 0.04010416666666667 
4 0.37083333333333335 0.9841145833333333 0.015625 0.022395833333333334 
4 0.7856770833333333 0.18177083333333333 0.0109375 0.020833333333333332 
4 0.8182291666666667 0.17786458333333333 0.010416666666666666 0.0203125 
4 0.4515625 0.17682291666666666 0.010416666666666666 0.021354166666666667 
4 0.32526041666666666 0.29322916666666665 0.0171875 0.025 
4 0.20651041666666667 0.19375 0.0265625 0.023958333333333335 
4 0.2453125 0.20755208333333333 0.020833333333333332 0.019270833333333334 
4 0.25729166666666664 0.21171875 0.020833333333333332 0.018229166666666668 
4 0.26588541666666665 0.21848958333333332 0.0265625 0.0234375 
4 0.28125 0.22213541666666667 0.020833333333333332 0.018229166666666668 
4 0.2125 0.25494791666666666 0.016666666666666666 0.022395833333333334 
4 0.19713541666666667 0.18776041666666668 0.021354166666666667 0.0203125 
5 0.5143229166666666 0.17604166666666668 0.011979166666666667 0.021875 
4 0.73125 0.17838541666666666 0.010416666666666666 0.024479166666666666 
4 0.8083333333333333 0.17916666666666667 0.010416666666666666 0.022916666666666665 
4 0.884375 0.18567708333333333 0.014583333333333334 0.0203125 
7 0.44375 0.275 0.04479166666666667 0.09375 
