6 0.8711764705882353 0.28197320341047505 0.011764705882352941 0.05481120584652863 
6 0.8452941176470589 0.34348355663824603 0.009411764705882352 0.03654080389768575 
6 0.22558823529411764 0.279537149817296 0.026470588235294117 0.16930572472594396 
6 0.19911764705882354 0.2911084043848965 0.017058823529411765 0.09500609013398295 
6 0.16264705882352942 0.2868453105968331 0.012352941176470587 0.05481120584652863 
6 0.12088235294117647 0.26492082825822166 0.014705882352941176 0.05481120584652863 
13 0.5952941176470589 0.8032886723507917 0.021176470588235293 0.08647990255785627 
12 0.9832352941176471 0.37576126674786847 0.03235294117647059 0.26674786845310594 
12 0.9108823529411765 0.38855054811205847 0.057058823529411766 0.2630937880633374 
12 0.8208823529411765 0.37210718635809986 0.03 0.26431181485992694 
12 0.7326470588235294 0.37393422655298414 0.033529411764705884 0.26552984165651644 
12 0.6879411764705883 0.3873325213154689 0.03235294117647059 0.26552984165651644 
12 0.6347058823529412 0.38976857490864797 0.05529411764705883 0.28989037758830694 
12 0.5429411764705883 0.36053593179049936 0.08352941176470588 0.2801461632155907 
12 0.44441176470588234 0.34835566382460414 0.060588235294117644 0.28258221680876977 
12 0.3511764705882353 0.3702801461632156 0.05176470588235294 0.2874543239951279 
12 0.27941176470588236 0.3617539585870889 0.05176470588235294 0.24847746650426308 
12 0.22470588235294117 0.3587088915956151 0.04941176470588235 0.2545676004872107 
12 0.17205882352941176 0.38976857490864797 0.025294117647058825 0.3264311814859927 
6 0.28294117647058825 0.2850182704019488 0.02235294117647059 0.1218026796589525 
6 0.3064705882352941 0.34226552984165654 0.012941176470588235 0.06333739342265529 
6 0.3264705882352941 0.2697929354445798 0.01764705882352941 0.07673568818514007 
4 0.39794117647058824 0.8166869671132765 0.01 0.04506699147381242 
6 0.25058823529411767 0.34287454323995126 0.011764705882352941 0.057247259439707675 
6 0.3220588235294118 0.37758830694275275 0.011176470588235295 0.04628501827040195 
6 0.3311764705882353 0.36723507917174175 0.018823529411764704 0.04506699147381242 
6 0.2235294117647059 0.3915956151035323 0.024705882352941175 0.03532277710109622 
6 0.6361764705882353 0.5401948842874543 0.022941176470588236 0.04506699147381242 
4 0.3820588235294118 0.7107186358099878 0.012352941176470587 0.057247259439707675 
4 0.37823529411764706 0.8812423873325214 0.010588235294117647 0.047503045066991476 
4 0.3679411764705882 0.8800243605359318 0.01 0.047503045066991476 
6 0.34823529411764703 0.2971985383678441 0.021176470588235293 0.1364190012180268 
6 0.9826470588235294 0.3447015834348356 0.014705882352941176 0.06577344701583435 
6 0.9197058823529412 0.2466504263093788 0.03235294117647059 0.028014616321559074 
6 0.7332352941176471 0.28197320341047505 0.018235294117647058 0.09622411693057248 
6 0.6870588235294117 0.2862362971985384 0.01411764705882353 0.05115712545676005 
6 0.5664705882352942 0.28319123020706455 0.01647058823529412 0.10109622411693057 
6 0.5205882352941177 0.26065773447015833 0.015294117647058824 0.0730816077953715 
6 0.4526470588235294 0.2697929354445798 0.013529411764705882 0.057247259439707675 
12 0.1288235294117647 0.3982947624847747 0.024705882352941175 0.341047503045067 
