5 0.7728622327790974 0.47387785136129507 0.05760095011876484 0.03090507726269316 
4 0.45961995249406173 0.09013980868285504 0.020190023752969122 0.033112582781456956 
4 0.5671021377672208 0.9080206033848418 0.019002375296912115 0.03679175864606328 
5 0.20605700712589073 0.7763061074319353 0.060570071258907364 0.03826342899190582 
5 0.14994061757719715 0.7240618101545254 0.027909738717339667 0.051508462104488596 
5 0.13153206650831353 0.7306843267108167 0.02672209026128266 0.052980132450331126 
4 0.05255344418052257 0.28108903605592345 0.02315914489311164 0.052980132450331126 
4 0.08165083135391923 0.19426048565121412 0.037410926365795724 0.0235467255334805 
5 0.5807600950118765 0.7240618101545254 0.026128266033254157 0.051508462104488596 
5 0.5454275534441805 0.7306843267108167 0.030285035629453682 0.05739514348785872 
5 0.5632422802850356 0.5875643855776306 0.032660332541567694 0.07431935246504782 
5 0.44804038004750596 0.6203090507726269 0.029097387173396674 0.06328182487122884 
5 0.8236342042755345 0.6066961000735835 0.043942992874109264 0.025754231052244298 
5 0.7835510688836105 0.5864606328182487 0.05997624703087886 0.03090507726269316 
5 0.7782066508313539 0.5632818248712288 0.05997624703087886 0.033112582781456956 
5 0.7817695961995249 0.5191317144959529 0.062351543942992874 0.033112582781456956 
5 0.6330166270783848 0.44186902133922 0.028503562945368172 0.0728476821192053 
5 0.6692399049881235 0.4275202354672553 0.027315914489311165 0.07211184694628403 
5 0.7871140142517815 0.3359087564385578 0.03147268408551069 0.024282560706401765 
5 0.7479216152019003 0.3432671081677704 0.03859857482185273 0.02869757174392936 
5 0.6689429928741093 0.3623988226637233 0.05522565320665083 0.03016924208977189 
4 0.5252375296912114 0.7428256070640177 0.024346793349168647 0.04341427520235467 
4 0.44002375296912116 0.09565857247976453 0.019002375296912115 0.03237674760853569 
5 0.7704869358669834 0.44885945548197204 0.05285035629453682 0.03090507726269316 
4 0.40350356294536815 0.10448859455481972 0.020783847980997625 0.03237674760853569 
5 0.5332541567695962 0.46320824135393673 0.060570071258907364 0.03164091243561442 
4 0.5326603325415677 0.06990434142752024 0.021377672209026127 0.03237674760853569 
5 0.7612826603325415 0.5448859455481972 0.040380047505938245 0.027225901398086828 
5 0.706353919239905 0.6795437821927888 0.027909738717339667 0.05665930831493746 
5 0.6870546318289786 0.6835908756438558 0.0332541567695962 0.07211184694628403 
5 0.6659738717339667 0.6817512877115526 0.030285035629453682 0.058130978660779986 
5 0.6493467933491687 0.6905813097866078 0.03503562945368171 0.07431935246504782 
5 0.6330166270783848 0.6961000735835173 0.0344418052256532 0.07358351729212656 
5 0.6152019002375297 0.7089771891096395 0.0332541567695962 0.059602649006622516 
5 0.46526128266033256 0.6147902869757175 0.029097387173396674 0.05665930831493746 
5 0.48248218527315917 0.6055923473142016 0.030285035629453682 0.05739514348785872 
5 0.5184085510688836 0.5952906548933039 0.030878859857482184 0.06181015452538632 
5 0.5822446555819477 0.5868285504047094 0.033847980997624705 0.07873436350257543 
5 0.5383016627078385 0.5971302428256071 0.03147268408551069 0.07873436350257543 
5 0.6125296912114014 0.445916114790287 0.032660332541567694 0.07799852832965416 
5 0.5754156769596199 0.4495952906548933 0.03681710213776722 0.07358351729212656 
5 0.42992874109263657 0.4900662251655629 0.028503562945368172 0.0706401766004415 
5 0.4664489311163896 0.47645327446651947 0.03147268408551069 0.0728476821192053 
4 0.5816508313539193 0.05518763796909492 0.020783847980997625 0.03090507726269316 
5 0.6196555819477435 0.3094186902133922 0.037410926365795724 0.027225901398086828 
