4 0.7572376357056695 0.22176684881602915 0.013872135102533172 0.010018214936247723 
6 0.3425814234016888 0.34972677595628415 0.010856453558504222 0.012750455373406194 
6 0.4692400482509047 0.4348816029143898 0.016887816646562123 0.020947176684881604 
6 0.47889022919179736 0.41029143897996356 0.015681544028950542 0.01912568306010929 
6 0.48401688781664653 0.3998178506375228 0.013872135102533172 0.01639344262295082 
6 0.4686369119420989 0.3738615664845173 0.016887816646562123 0.020947176684881604 
6 0.46230398069963813 0.38934426229508196 0.015078407720144753 0.017304189435336976 
6 0.012062726176115802 0.08743169398907104 0.020506634499396863 0.04371584699453552 
6 0.02382388419782871 0.09107468123861566 0.021109770808202654 0.04371584699453552 
6 0.048854041013269 0.13979963570127504 0.019300361881785282 0.039162112932604735 
6 0.062123039806996384 0.1470856102003643 0.012062726176115802 0.022768670309653915 
6 0.06996381182147166 0.15391621129326047 0.012062726176115802 0.023679417122040074 
6 0.07810615199034981 0.1616575591985428 0.016284680337756333 0.031876138433515486 
6 0.09318455971049457 0.1762295081967213 0.015078407720144753 0.033697632058287796 
6 0.10042219541616405 0.18351548269581056 0.017490952955367914 0.033697632058287796 
6 0.06182147165259349 0.11065573770491803 0.007840772014475271 0.015482695810564663 
6 0.06574185765983112 0.11429872495446267 0.007237635705669481 0.015482695810564663 
6 0.5238238841978287 0.43579234972677594 0.015078407720144753 0.01912568306010929 
6 0.5183956574185766 0.44899817850637525 0.016284680337756333 0.020036429872495445 
6 0.5021109770808203 0.48816029143898 0.017490952955367914 0.02185792349726776 
6 0.5129674306393245 0.4622040072859745 0.016284680337756333 0.020947176684881604 
6 0.5208082026537998 0.517304189435337 0.018697225572979495 0.02185792349726776 
6 0.5253317249698432 0.5031876138433515 0.015681544028950542 0.01912568306010929 
6 0.5301568154402895 0.4895264116575592 0.014475271411338963 0.015482695810564663 
6 0.5355850422195416 0.47404371584699456 0.019300361881785282 0.022768670309653915 
6 0.5473462002412546 0.44626593806921677 0.013872135102533172 0.018214936247723135 
6 0.528950542822678 0.424408014571949 0.018094089264173704 0.02185792349726776 
6 0.49939686369119424 0.5022768670309654 0.016887816646562123 0.020947176684881604 
6 0.46592279855247287 0.44808743169398907 0.013872135102533172 0.018214936247723135 
6 0.4945717732207479 0.5141165755919854 0.016887816646562123 0.020947176684881604 
6 0.4897466827503016 0.5255009107468124 0.016887816646562123 0.020036429872495445 
6 0.48431845597104944 0.5373406193078324 0.015681544028950542 0.020036429872495445 
6 0.43063932448733416 0.5091074681238615 0.04101326899879373 0.04371584699453552 
6 0.4442098914354644 0.49954462659380694 0.016284680337756333 0.01912568306010929 
6 0.4514475271411339 0.48770491803278687 0.017490952955367914 0.020947176684881604 
6 0.06966224366706876 0.11748633879781421 0.007840772014475271 0.014571948998178506 
6 0.07297949336550061 0.12158469945355191 0.008443908323281062 0.015482695810564663 
6 0.07689987937273823 0.12386156648451731 0.007840772014475271 0.01639344262295082 
6 0.31966224366706875 0.3674863387978142 0.021712907117008445 0.04644808743169399 
6 0.2955367913148372 0.2996357012750455 0.020506634499396863 0.02185792349726776 
6 0.29191797346200243 0.31010928961748635 0.020506634499396863 0.020947176684881604 
6 0.28890229191797345 0.31785063752276865 0.020506634499396863 0.02185792349726776 
6 0.2852834740651387 0.32877959927140255 0.020506634499396863 0.02185792349726776 
6 0.2822677925211098 0.3356102003642987 0.020506634499396863 0.022768670309653915 
6 0.27110977080820264 0.3574681238615665 0.025934861278648975 0.031876138433515486 
6 0.3290108564535585 0.3342440801457195 0.015078407720144753 0.018214936247723135 
6 0.2973462002412545 0.273224043715847 0.025331724969843185 0.029143897996357013 
6 0.33323281061519905 0.3251366120218579 0.015078407720144753 0.01639344262295082 
6 0.3428829915560917 0.29098360655737704 0.028347406513872134 0.031876138433515486 
6 0.3398673100120627 0.3069216757741348 0.015078407720144753 0.020036429872495445 
6 0.3356453558504222 0.31785063752276865 0.016284680337756333 0.018214936247723135 
6 0.35042219541616404 0.3296903460837887 0.010856453558504222 0.014571948998178506 
6 0.3474065138721351 0.33697632058287796 0.010856453558504222 0.012750455373406194 
6 0.2994571773220748 0.2923497267759563 0.021109770808202654 0.02185792349726776 
6 0.298854041013269 0.25045537340619306 0.024728588661037394 0.029143897996357013 
6 0.08051869722557298 0.12704918032786885 0.007840772014475271 0.015482695810564663 
6 0.10524728588661038 0.151183970856102 0.007840772014475271 0.014571948998178506 
6 0.08443908323281062 0.12978142076502733 0.008443908323281062 0.015482695810564663 
6 0.08745476477683957 0.13387978142076504 0.008443908323281062 0.014571948998178506 
6 0.09107358262967431 0.13797814207650272 0.008443908323281062 0.015482695810564663 
6 0.09529553679131483 0.14253187613843352 0.007237635705669481 0.015482695810564663 
6 0.09861278648974668 0.145264116575592 0.0066344993968636915 0.01366120218579235 
6 0.10193003618817853 0.14754098360655737 0.007237635705669481 0.014571948998178506 
6 0.10886610373944511 0.15482695810564662 0.007840772014475271 0.014571948998178506 
6 0.26507840772014474 0.31102003642987247 0.04764776839565742 0.1029143897996357 
6 0.11218335343787696 0.15801457194899818 0.007237635705669481 0.01366120218579235 
6 0.1155006031363088 0.16029143897996356 0.0066344993968636915 0.014571948998178506 
6 0.1390229191797346 0.20901639344262296 0.018697225572979495 0.037340619307832425 
6 0.15410132689987938 0.22859744990892533 0.010253317249698432 0.012750455373406194 
6 0.14987937273823884 0.22495446265938068 0.007840772014475271 0.01639344262295082 
6 0.1519903498190591 0.2568306010928962 0.04221954161640531 0.051001821493624776 
6 0.5153799758745476 0.529143897996357 0.017490952955367914 0.020036429872495445 
6 0.5048250904704463 0.5532786885245902 0.015681544028950542 0.01912568306010929 
6 0.4894451145958987 0.563752276867031 0.04523522316043426 0.04918032786885246 
6 0.9113389626055488 0.855191256830601 0.015681544028950542 0.018214936247723135 
6 0.873341375150784 0.8779599271402551 0.026537997587454766 0.051001821493624776 
6 0.8359469240048251 0.8788706739526412 0.03618817852834741 0.04189435336976321 
6 0.8465018094089264 0.8597449908925319 0.039203860072376355 0.04371584699453552 
6 0.8531363088057901 0.8378870673952641 0.03558504221954162 0.04007285974499089 
6 0.8639927623642943 0.819672131147541 0.031966224366706875 0.03825136612021858 
6 0.9267189384800965 0.8697632058287796 0.017490952955367914 0.020036429872495445 
6 0.9378769601930036 0.8333333333333334 0.016887816646562123 0.020036429872495445 
6 0.9028950542822678 0.9034608378870674 0.030156815440289506 0.061930783242258654 
6 0.8715319662243667 0.796448087431694 0.03618817852834741 0.042805100182149364 
6 0.8781664656212304 0.7773224043715847 0.03618817852834741 0.04644808743169399 
6 0.7602533172496985 0.8105646630236795 0.039203860072376355 0.04371584699453552 
6 0.767189384800965 0.7914389799635702 0.028950542822677925 0.03278688524590164 
6 0.7735223160434258 0.773224043715847 0.028347406513872134 0.03460837887067395 
6 0.7810615199034981 0.755464480874317 0.031363088057901084 0.03551912568306011 
6 0.8911338962605548 0.8861566484517304 0.025934861278648975 0.052823315118397086 
6 0.9173703256936068 0.9134790528233151 0.028950542822677925 0.058287795992714025 
6 0.7982509047044632 0.7222222222222222 0.031966224366706875 0.03642987249544627 
12 0.45536791314837155 0.44034608378870677 0.07840772014475271 0.15209471766848817 
13 0.8335343787696019 0.6411657559198543 0.033775633293124246 0.04553734061930783 
13 0.9556694813027744 0.779143897996357 0.05850422195416164 0.075591985428051 
12 0.17189384800965019 0.2122040072859745 0.07237635705669482 0.11475409836065574 
12 0.20386007237635706 0.24134790528233152 0.03739445114595899 0.08196721311475409 
12 0.2376357056694813 0.2718579234972678 0.06031363088057901 0.1029143897996357 
12 0.359167671893848 0.3702185792349727 0.1224366706875754 0.16484517304189436 
12 0.5147768395657418 0.49544626593806923 0.08021712907117008 0.15482695810564662 
6 0.9306393244873341 0.9280510018214936 0.030156815440289506 0.060109289617486336 
12 0.5865500603136309 0.5569216757741348 0.09227985524728588 0.16666666666666666 
12 0.6743063932448733 0.6370673952641166 0.1037394451145959 0.17759562841530055 
12 0.7705066344993968 0.7290528233151184 0.10675512665862485 0.17395264116575593 
12 0.8651990349819059 0.825136612021858 0.0790108564535585 0.1384335154826958 
12 0.9092279855247286 0.8943533697632058 0.08986731001206273 0.12386156648451731 
6 0.9487334137515079 0.9298724954462659 0.032569360675512665 0.06557377049180328 
6 0.7858866103739445 0.7390710382513661 0.022919179734620022 0.028233151183970857 
6 0.7693003618817853 0.6757741347905283 0.028347406513872134 0.03278688524590164 
6 0.5518697225572979 0.5956284153005464 0.022919179734620022 0.0273224043715847 
6 0.6103739445114595 0.5409836065573771 0.022919179734620022 0.025500910746812388 
6 0.6405307599517491 0.6753187613843351 0.031363088057901084 0.037340619307832425 
6 0.5569963811821471 0.6270491803278688 0.05126658624849216 0.05919854280510018 
6 0.5841375150784077 0.6024590163934426 0.027141133896260553 0.031876138433515486 
6 0.5910735826296744 0.5865209471766849 0.028950542822677925 0.03278688524590164 
6 0.5980096501809409 0.5714936247723132 0.030759951749095297 0.033697632058287796 
6 0.6019300361881785 0.5560109289617486 0.020506634499396863 0.022768670309653915 
6 0.6164053075995175 0.5241347905282332 0.027744270205066344 0.031876138433515486 
6 0.6613389626055488 0.6193078324225865 0.031966224366706875 0.03642987249544627 
6 0.623341375150784 0.5086520947176685 0.019903498190591073 0.02459016393442623 
6 0.5847406513872135 0.5127504553734062 0.023522316043425813 0.0273224043715847 
6 0.5796139927623642 0.5273224043715847 0.019300361881785282 0.02185792349726776 
6 0.5723763570566948 0.5382513661202186 0.019300361881785282 0.023679417122040074 
6 0.5630277442702051 0.5683060109289617 0.025934861278648975 0.030965391621129327 
6 0.5563932448733414 0.5824225865209471 0.023522316043425813 0.026411657559198543 
6 0.6471652593486128 0.6548269581056466 0.032569360675512665 0.03642987249544627 
6 0.6712907117008444 0.6020036429872495 0.027744270205066344 0.030965391621129327 
6 0.7638721351025332 0.6930783242258652 0.029553679131483716 0.03460837887067395 
6 0.6314837153196623 0.6908014571948998 0.030156815440289506 0.037340619307832425 
6 0.7560313630880579 0.7108378870673953 0.028347406513872134 0.031876138433515486 
6 0.7460796139927623 0.7258652094717668 0.030156815440289506 0.03642987249544627 
6 0.7418576598311218 0.744535519125683 0.031363088057901084 0.03551912568306011 
6 0.7358262967430639 0.7632058287795993 0.027744270205066344 0.030965391621129327 
6 0.729794933655006 0.7795992714025501 0.031363088057901084 0.03460837887067395 
6 0.6631483715319663 0.7194899817850637 0.029553679131483716 0.03278688524590164 
6 0.6721954161640531 0.703551912568306 0.031966224366706875 0.037340619307832425 
6 0.6830518697225573 0.5646630236794171 0.027141133896260553 0.030965391621129327 
6 0.6773220747889023 0.6826047358834244 0.025331724969843185 0.028233151183970857 
6 0.6788299155609168 0.6662112932604736 0.016284680337756333 0.017304189435336976 
6 0.6920989143546441 0.6502732240437158 0.031966224366706875 0.03642987249544627 
6 0.6978287092882992 0.6293260473588342 0.026537997587454766 0.03278688524590164 
6 0.7074788902291917 0.6152094717668488 0.030156815440289506 0.03551912568306011 
6 0.6776236429433052 0.5833333333333334 0.033172496984318456 0.037340619307832425 
6 0.34499396863691195 0.34289617486338797 0.010856453558504222 0.01366120218579235 
6 0.3395657418576598 0.3570127504553734 0.010856453558504222 0.014571948998178506 
6 0.5937876960193004 0.48269581056466304 0.022316043425814235 0.0273224043715847 
6 0.33715319662243665 0.3638433515482696 0.010856453558504222 0.01366120218579235 
4 0.9957780458383595 0.348816029143898 0.007237635705669481 0.018214936247723135 
4 0.7879975874547648 0.30783242258652094 0.013872135102533172 0.01639344262295082 
4 0.9218938480096501 0.453551912568306 0.015078407720144753 0.01639344262295082 
4 0.9351628468033776 0.4599271402550091 0.013872135102533172 0.01639344262295082 
5 0.798854041013269 0.24089253187613843 0.022316043425814235 0.015482695810564663 
5 0.8739445114595898 0.430327868852459 0.018094089264173704 0.017304189435336976 
4 0.9544632086851629 0.5286885245901639 0.016284680337756333 0.017304189435336976 
4 0.8739445114595898 0.4603825136612022 0.008443908323281062 0.01912568306010929 
4 0.974065138721351 0.47859744990892533 0.015681544028950542 0.015482695810564663 
4 0.9894451145958987 0.48451730418943534 0.013872135102533172 0.01639344262295082 
4 0.8971652593486128 0.00819672131147541 0.015078407720144753 0.012750455373406194 
4 0.9541616405307599 0.033242258652094715 0.013268998793727383 0.01366120218579235 
4 0.9668275030156815 0.039162112932604735 0.013268998793727383 0.012750455373406194 
4 0.9810012062726177 0.04553734061930783 0.015078407720144753 0.01639344262295082 
4 0.6586248492159228 0.5191256830601093 0.013268998793727383 0.018214936247723135 
4 0.9939686369119421 0.3820582877959927 0.007237635705669481 0.017304189435336976 
4 0.9879372738238842 0.3802367941712204 0.007237635705669481 0.01912568306010929 
4 0.982810615199035 0.3770491803278688 0.007840772014475271 0.018214936247723135 
4 0.8932448733413751 0.43806921675774135 0.012062726176115802 0.014571948998178506 
4 0.8229794933655006 0.4057377049180328 0.013872135102533172 0.017304189435336976 
4 0.8416767189384801 0.4157559198542805 0.012665862484921592 0.015482695810564663 
4 0.8465018094089264 0.3925318761384335 0.013872135102533172 0.014571948998178506 
4 0.8570566948130277 0.4198542805100182 0.012062726176115802 0.014571948998178506 
4 0.8392641737032569 0.4408014571948998 0.009047044632086852 0.020036429872495445 
4 0.8869119420989143 0.3551912568306011 0.016284680337756333 0.01639344262295082 
4 0.9083232810615199 0.44672131147540983 0.013268998793727383 0.015482695810564663 
4 0.9761761158021713 0.3743169398907104 0.009047044632086852 0.018214936247723135 
4 0.9508443908323281 0.4672131147540984 0.016284680337756333 0.014571948998178506 
4 0.9427020506634499 0.3820582877959927 0.012062726176115802 0.015482695810564663 
4 0.9303377563329313 0.3770491803278688 0.012665862484921592 0.014571948998178506 
4 0.9164656212303981 0.37067395264116576 0.012665862484921592 0.014571948998178506 
4 0.902291917973462 0.3629326047358834 0.012062726176115802 0.015482695810564663 
4 0.9692400482509047 0.3711293260473588 0.009650180940892641 0.017304189435336976 
4 0.6848612786489746 0.5437158469945356 0.013872135102533172 0.018214936247723135 
4 0.7207478890229192 0.575136612021858 0.015681544028950542 0.020947176684881604 
4 0.744270205066345 0.5974499089253188 0.013268998793727383 0.020036429872495445 
6 0.1706875753920386 0.17941712204007285 0.012062726176115802 0.020036429872495445 
6 0.0669481302774427 0.07969034608378871 0.012062726176115802 0.01366120218579235 
6 0.058805790108564536 0.09153005464480875 0.011459589867310011 0.011839708561020037 
6 0.05126658624849216 0.0778688524590164 0.009650180940892641 0.01366120218579235 
6 0.054282267792521106 0.07331511839708561 0.009650180940892641 0.01366120218579235 
6 0.05790108564535585 0.0692167577413479 0.010856453558504222 0.014571948998178506 
6 0.1646562123039807 0.20765027322404372 0.016887816646562123 0.02185792349726776 
6 0.189686369119421 0.19489981785063754 0.012665862484921592 0.025500910746812388 
6 0.8057901085645356 0.7112932604735883 0.012062726176115802 0.01639344262295082 
6 0.21863691194209892 0.22358834244080145 0.013872135102533172 0.026411657559198543 
6 0.22858866103739445 0.232695810564663 0.014475271411338963 0.02459016393442623 
6 0.22466827503015682 0.2941712204007286 0.013872135102533172 0.025500910746812388 
6 0.2436670687575392 0.25728597449908924 0.016887816646562123 0.022768670309653915 
6 0.20778045838359469 0.21174863387978143 0.011459589867310011 0.01912568306010929 
4 0.7735223160434258 0.6042805100182149 0.017490952955367914 0.020947176684881604 
6 0.06031363088057901 0.08287795992714025 0.012062726176115802 0.014571948998178506 
6 0.5910735826296744 0.49863387978142076 0.019300361881785282 0.026411657559198543 
4 0.7566344993968637 0.6088342440801457 0.012665862484921592 0.01912568306010929 
6 0.17370325693606756 0.18214936247723132 0.009650180940892641 0.01639344262295082 
13 0.7919179734620024 0.13479052823315119 0.024125452352231604 0.025500910746812388 
13 0.9502412545235223 0.15437158469945356 0.007840772014475271 0.015482695810564663 
6 0.9104342581423401 0.8069216757741348 0.017490952955367914 0.02185792349726776 
6 0.8959589867310012 0.8406193078324226 0.016284680337756333 0.02185792349726776 
6 0.9427020506634499 0.8834244080145719 0.015681544028950542 0.020036429872495445 
6 0.3633896260554885 0.40437158469945356 0.010253317249698432 0.020036429872495445 
6 0.11338962605548854 0.1885245901639344 0.008443908323281062 0.01639344262295082 
6 0.5416164053075995 0.4622040072859745 0.018094089264173704 0.01912568306010929 
6 0.12092882991556092 0.1725865209471767 0.010253317249698432 0.01912568306010929 
6 0.1516887816646562 0.18078324225865208 0.007840772014475271 0.015482695810564663 
4 0.20476477683956573 0.1092896174863388 0.009047044632086852 0.018214936247723135 
6 0.3178528347406514 0.3333333333333333 0.008443908323281062 0.018214936247723135 
6 0.33293124246079614 0.38524590163934425 0.010856453558504222 0.014571948998178506 
6 0.2322074788902292 0.2017304189435337 0.010856453558504222 0.01912568306010929 
4 0.7928226779252111 0.4198542805100182 0.0066344993968636915 0.018214936247723135 
4 0.7756332931242461 0.4134790528233151 0.010856453558504222 0.02185792349726776 
4 0.7735223160434258 0.3820582877959927 0.013872135102533172 0.015482695810564663 
6 0.4439083232810615 0.4353369763205829 0.015681544028950542 0.020036429872495445 
6 0.46109770808202655 0.4612932604735883 0.017490952955367914 0.020947176684881604 
6 0.45536791314837155 0.470856102003643 0.015681544028950542 0.018214936247723135 
6 0.42551266586248493 0.48451730418943534 0.015078407720144753 0.018214936247723135 
6 0.43003618817852834 0.4722222222222222 0.014475271411338963 0.01912568306010929 
6 0.43455971049457176 0.46083788706739526 0.015078407720144753 0.018214936247723135 
6 0.4393848009650181 0.44854280510018213 0.016284680337756333 0.01912568306010929 
12 0.02985524728588661 0.9102914389799636 0.04523522316043426 0.0883424408014572 
6 0.45355850422195415 0.41211293260473586 0.015681544028950542 0.01912568306010929 
6 0.04402895054282268 0.8005464480874317 0.007237635705669481 0.018214936247723135 
6 0.05367913148371532 0.8638433515482696 0.010856453558504222 0.01366120218579235 
6 0.08353437876960193 0.8583788706739527 0.011459589867310011 0.020947176684881604 
4 0.11218335343787696 0.015482695810564663 0.012062726176115802 0.02185792349726776 
4 0.12303980699638119 0.026411657559198543 0.010856453558504222 0.02185792349726776 
4 0.14173703256936068 0.04918032786885246 0.008443908323281062 0.02185792349726776 
6 0.4487334137515078 0.4248633879781421 0.015681544028950542 0.01912568306010929 
6 0.4752714113389626 0.42395264116575593 0.016887816646562123 0.020947176684881604 
4 0.30940892641737033 0.21448087431693988 0.012062726176115802 0.02459016393442623 
6 0.39384800965018096 0.37750455373406194 0.012062726176115802 0.01366120218579235 
6 0.33443908323281063 0.3702185792349727 0.010253317249698432 0.01366120218579235 
6 0.3323281061519904 0.3756830601092896 0.010856453558504222 0.01366120218579235 
6 0.32750301568154405 0.4134790528233151 0.030156815440289506 0.03460837887067395 
6 0.3838962605548854 0.40255009107468126 0.011459589867310011 0.014571948998178506 
6 0.38721351025331724 0.39435336976320584 0.012062726176115802 0.012750455373406194 
6 0.3893244873341375 0.3870673952641166 0.012665862484921592 0.012750455373406194 
6 0.3986731001206273 0.366120218579235 0.013268998793727383 0.012750455373406194 
6 0.4583835946924005 0.401183970856102 0.014475271411338963 0.017304189435336976 
6 0.4010856453558504 0.35564663023679416 0.012062726176115802 0.011839708561020037 
6 0.38781664656212306 0.34380692167577415 0.009650180940892641 0.017304189435336976 
6 0.3823884197828709 0.33697632058287796 0.008443908323281062 0.01639344262295082 
6 0.37394451145958985 0.3301457194899818 0.009650180940892641 0.017304189435336976 
6 0.4146562123039807 0.4075591985428051 0.025934861278648975 0.05373406193078324 
6 0.4312424607961399 0.36065573770491804 0.013268998793727383 0.0273224043715847 
4 0.16887816646562123 0.07331511839708561 0.014475271411338963 0.02459016393442623 
4 0.3290108564535585 0.23816029143897996 0.007840772014475271 0.017304189435336976 
4 0.7463811821471653 0.36839708561020035 0.013872135102533172 0.015482695810564663 
4 0.7014475271411339 0.26639344262295084 0.013268998793727383 0.01366120218579235 
4 0.6085645355850422 0.11020036429872496 0.007237635705669481 0.018214936247723135 
4 0.6405307599517491 0.2122040072859745 0.012062726176115802 0.014571948998178506 
4 0.6571170084439083 0.21083788706739526 0.012665862484921592 0.01366120218579235 
4 0.6598311218335344 0.20264116575591987 0.012062726176115802 0.01366120218579235 
4 0.6676718938480096 0.1657559198542805 0.013268998793727383 0.01639344262295082 
4 0.6284680337756333 0.15482695810564662 0.012062726176115802 0.020036429872495445 
4 0.7626658624849216 0.2668488160291439 0.009047044632086852 0.020036429872495445 
4 0.5898673100120627 0.09790528233151184 0.009650180940892641 0.020947176684881604 
4 0.8169481302774427 0.29098360655737704 0.009047044632086852 0.01912568306010929 
4 0.8238841978287093 0.29508196721311475 0.008443908323281062 0.018214936247723135 
4 0.8398673100120627 0.25910746812386154 0.009047044632086852 0.01912568306010929 
4 0.8501206272617612 0.2650273224043716 0.009047044632086852 0.020036429872495445 
4 0.8573582629674307 0.26366120218579236 0.0066344993968636915 0.01912568306010929 
4 0.7409529553679132 0.3957194899817851 0.009047044632086852 0.020947176684881604 
4 0.597708082026538 0.1029143897996357 0.008443908323281062 0.018214936247723135 
4 0.5793124246079614 0.0924408014571949 0.010253317249698432 0.020947176684881604 
4 0.3633896260554885 0.21539162112932606 0.010253317249698432 0.020947176684881604 
4 0.3615802171290712 0.2668488160291439 0.011459589867310011 0.02185792349726776 
4 0.3751507840772014 0.2226775956284153 0.012062726176115802 0.022768670309653915 
4 0.37424607961399275 0.20264116575591987 0.009047044632086852 0.01912568306010929 
4 0.32117008443908324 0.12659380692167577 0.013872135102533172 0.01639344262295082 
4 0.33926417370325695 0.24817850637522768 0.009047044632086852 0.017304189435336976 
4 0.34439083232810613 0.2527322404371585 0.009650180940892641 0.01912568306010929 
4 0.35524728588661036 0.25956284153005466 0.010856453558504222 0.02185792349726776 
4 0.36700844390832327 0.27231329690346084 0.010253317249698432 0.023679417122040074 
4 0.5633293124246079 0.08515482695810565 0.010856453558504222 0.01912568306010929 
4 0.5376960193003619 0.18533697632058288 0.012665862484921592 0.015482695810564663 
4 0.5494571773220748 0.19171220400728597 0.012062726176115802 0.017304189435336976 
4 0.6058504221954162 0.18078324225865208 0.012665862484921592 0.01366120218579235 
4 0.6173100120627262 0.12750455373406194 0.016284680337756333 0.01639344262295082 
4 0.5458383594692401 0.07877959927140255 0.012062726176115802 0.022768670309653915 
4 0.5548854041013269 0.08287795992714025 0.010856453558504222 0.02185792349726776 
13 0.7533172496984318 0.09198542805100182 0.03498190591073583 0.04007285974499089 
