12 0.73046875 0.8880208333333334 0.06197916666666667 0.11041666666666666 
6 0.43359375 0.7703125 0.028645833333333332 0.04791666666666667 
6 0.39479166666666665 0.7596354166666667 0.01875 0.0296875 
6 0.30130208333333336 0.74375 0.0203125 0.03854166666666667 
6 0.18802083333333333 0.7283854166666667 0.017708333333333333 0.028645833333333332 
6 0.19453125 0.6994791666666667 0.0171875 0.028125 
6 0.17369791666666667 0.7065104166666667 0.022395833333333334 0.04635416666666667 
6 0.12552083333333333 0.7177083333333333 0.013541666666666667 0.023958333333333335 
6 0.0140625 0.6869791666666667 0.017708333333333333 0.029166666666666667 
12 0.9955729166666667 0.9466145833333334 0.050520833333333334 0.10052083333333334 
12 0.8986979166666667 0.94140625 0.06197916666666667 0.1046875 
12 0.8536458333333333 0.9302083333333333 0.0625 0.11145833333333334 
12 0.79296875 0.9088541666666666 0.0953125 0.11770833333333333 
12 0.6520833333333333 0.8635416666666667 0.06770833333333333 0.1 
6 0.8794270833333333 0.915625 0.015104166666666667 0.022916666666666665 
12 0.6026041666666667 0.85078125 0.0625 0.09947916666666666 
12 0.5541666666666667 0.83203125 0.036458333333333336 0.08802083333333334 
12 0.5208333333333334 0.8260416666666667 0.05520833333333333 0.09583333333333334 
12 0.4783854166666667 0.8161458333333333 0.0546875 0.10104166666666667 
12 0.43828125 0.8057291666666667 0.0546875 0.10520833333333333 
12 0.3885416666666667 0.7869791666666667 0.052083333333333336 0.096875 
12 0.29765625 0.7666666666666667 0.05260416666666667 0.09895833333333333 
12 0.2559895833333333 0.7596354166666667 0.05677083333333333 0.1046875 
12 0.2171875 0.7486979166666666 0.04791666666666667 0.0984375 
12 0.16536458333333334 0.7348958333333333 0.05260416666666667 0.09791666666666667 
12 0.12473958333333333 0.7286458333333333 0.04010416666666667 0.09895833333333333 
12 0.07942708333333333 0.7184895833333333 0.0328125 0.0984375 
6 0.52890625 0.8015625 0.019270833333333334 0.03229166666666667 
6 0.5739583333333333 0.8263020833333333 0.04479166666666667 0.09114583333333333 
6 0.6091145833333333 0.8302083333333333 0.0328125 0.057291666666666664 
6 0.6635416666666667 0.8421875 0.042708333333333334 0.07291666666666667 
6 0.9018229166666667 0.91328125 0.0171875 0.025520833333333333 
6 0.6307291666666667 0.8276041666666667 0.016666666666666666 0.028125 
6 0.5424479166666667 0.8296875 0.0140625 0.019791666666666666 
6 0.2986979166666667 0.77421875 0.0171875 0.0109375 
6 0.3341145833333333 0.7729166666666667 0.0109375 0.0125 
6 0.20598958333333334 0.7302083333333333 0.016145833333333335 0.027083333333333334 
6 0.3502604166666667 0.7716145833333333 0.015104166666666667 0.0234375 
6 0.28072916666666664 0.74453125 0.015625 0.027604166666666666 
6 0.8302083333333333 0.9106770833333333 0.017708333333333333 0.0265625 
6 0.7583333333333333 0.8927083333333333 0.0125 0.01875 
6 0.9484375 0.9432291666666667 0.020833333333333332 0.030208333333333334 
6 0.46067708333333335 0.8013020833333333 0.018229166666666668 0.028645833333333332 
4 0.31223958333333335 0.9526041666666667 0.013020833333333334 0.019791666666666666 
4 0.28411458333333334 0.9421875 0.0171875 0.029166666666666667 
4 0.18828125 0.9856770833333334 0.028645833333333332 0.015104166666666667 
4 0.1515625 0.9786458333333333 0.020833333333333332 0.0125 
4 0.12760416666666666 0.9716145833333333 0.021875 0.013020833333333334 
4 0.3341145833333333 0.98515625 0.0203125 0.013020833333333334 
4 0.06302083333333333 0.9203125 0.020833333333333332 0.013541666666666667 
4 0.09427083333333333 0.9653645833333333 0.020833333333333332 0.0140625 
6 0.9950520833333333 0.9065104166666667 0.018229166666666668 0.0265625 
6 0.91171875 0.9169270833333333 0.019270833333333334 0.027604166666666666 
6 0.8658854166666666 0.8989583333333333 0.0265625 0.046875 
6 0.8401041666666667 0.8846354166666667 0.015625 0.0265625 
6 0.7671875 0.86015625 0.017708333333333333 0.027604166666666666 
12 0.04088541666666667 0.7119791666666667 0.04010416666666667 0.096875 
