6 0.9903645833333333 0.9208333333333333 0.0171875 0.026041666666666668 
12 0.7096354166666666 0.8880208333333334 0.06197916666666667 0.11041666666666666 
6 0.4127604166666667 0.7703125 0.028645833333333332 0.04791666666666667 
6 0.37395833333333334 0.7596354166666667 0.01875 0.0296875 
6 0.28046875 0.74375 0.0203125 0.03854166666666667 
6 0.1671875 0.7283854166666667 0.017708333333333333 0.028645833333333332 
6 0.17369791666666667 0.6994791666666667 0.0171875 0.028125 
6 0.15286458333333333 0.7065104166666667 0.022395833333333334 0.04635416666666667 
6 0.1046875 0.7177083333333333 0.013541666666666667 0.023958333333333335 
12 0.9747395833333333 0.9466145833333334 0.050520833333333334 0.10052083333333334 
12 0.8778645833333333 0.94140625 0.06197916666666667 0.1046875 
12 0.8328125 0.9302083333333333 0.0625 0.11145833333333334 
12 0.7721354166666666 0.9088541666666666 0.0953125 0.11770833333333333 
12 0.63125 0.8635416666666667 0.06770833333333333 0.1 
6 0.85859375 0.915625 0.015104166666666667 0.022916666666666665 
12 0.5817708333333333 0.85078125 0.0625 0.09947916666666666 
12 0.5333333333333333 0.83203125 0.036458333333333336 0.08802083333333334 
12 0.5 0.8260416666666667 0.05520833333333333 0.09583333333333334 
12 0.45755208333333336 0.8161458333333333 0.0546875 0.10104166666666667 
12 0.41744791666666664 0.8057291666666667 0.0546875 0.10520833333333333 
12 0.36770833333333336 0.7869791666666667 0.052083333333333336 0.096875 
12 0.27682291666666664 0.7666666666666667 0.05260416666666667 0.09895833333333333 
12 0.23515625 0.7596354166666667 0.05677083333333333 0.1046875 
12 0.19635416666666666 0.7486979166666666 0.04791666666666667 0.0984375 
12 0.14453125 0.7348958333333333 0.05260416666666667 0.09791666666666667 
12 0.10390625 0.7286458333333333 0.04010416666666667 0.09895833333333333 
12 0.05859375 0.7184895833333333 0.0328125 0.0984375 
6 0.5080729166666667 0.8015625 0.019270833333333334 0.03229166666666667 
6 0.553125 0.8263020833333333 0.04479166666666667 0.09114583333333333 
6 0.58828125 0.8302083333333333 0.0328125 0.057291666666666664 
6 0.6427083333333333 0.8421875 0.042708333333333334 0.07291666666666667 
6 0.8809895833333333 0.91328125 0.0171875 0.025520833333333333 
6 0.6098958333333333 0.8276041666666667 0.016666666666666666 0.028125 
6 0.5216145833333333 0.8296875 0.0140625 0.019791666666666666 
6 0.27786458333333336 0.77421875 0.0171875 0.0109375 
6 0.31328125 0.7729166666666667 0.0109375 0.0125 
6 0.18515625 0.7302083333333333 0.016145833333333335 0.027083333333333334 
6 0.3294270833333333 0.7716145833333333 0.015104166666666667 0.0234375 
6 0.2598958333333333 0.74453125 0.015625 0.027604166666666666 
6 0.809375 0.9106770833333333 0.017708333333333333 0.0265625 
6 0.7375 0.8927083333333333 0.0125 0.01875 
6 0.9276041666666667 0.9432291666666667 0.020833333333333332 0.030208333333333334 
6 0.43984375 0.8013020833333333 0.018229166666666668 0.028645833333333332 
4 0.29140625 0.9526041666666667 0.013020833333333334 0.019791666666666666 
4 0.26328125 0.9421875 0.0171875 0.029166666666666667 
4 0.16744791666666667 0.9856770833333334 0.028645833333333332 0.015104166666666667 
4 0.13072916666666667 0.9786458333333333 0.020833333333333332 0.0125 
4 0.10677083333333333 0.9716145833333333 0.021875 0.013020833333333334 
4 0.31328125 0.98515625 0.0203125 0.013020833333333334 
4 0.0421875 0.9203125 0.020833333333333332 0.013541666666666667 
4 0.0734375 0.9653645833333333 0.020833333333333332 0.0140625 
6 0.97421875 0.9065104166666667 0.018229166666666668 0.0265625 
6 0.8908854166666667 0.9169270833333333 0.019270833333333334 0.027604166666666666 
6 0.8450520833333334 0.8989583333333333 0.0265625 0.046875 
6 0.8192708333333333 0.8846354166666667 0.015625 0.0265625 
6 0.7463541666666667 0.86015625 0.017708333333333333 0.027604166666666666 
12 0.020052083333333335 0.7119791666666667 0.04010416666666667 0.096875 
