4 0.6584699453551912 0.4374460742018982 0.046994535519125684 0.03451251078515962 
4 0.6743169398907104 0.4227782571182053 0.05027322404371585 0.03451251078515962 
5 0.7797814207650273 0.1285591026747196 0.08196721311475409 0.055220017256255395 
5 0.4530054644808743 0.6259706643658326 0.09726775956284153 0.11130284728213978 
5 0.3366120218579235 0.5647109577221743 0.08306010928961749 0.057808455565142365 
5 0.3114754098360656 0.5785159620362381 0.06775956284153005 0.04745470232959448 
5 0.28469945355191256 0.594909404659189 0.060109289617486336 0.04055220017256255 
5 0.26939890710382514 0.6182053494391717 0.06666666666666667 0.0457290767903365 
5 0.23934426229508196 0.6371872303710094 0.05245901639344262 0.03710094909404659 
5 0.1989071038251366 0.6786022433132011 0.05683060109289618 0.04055220017256255 
4 0.6934426229508197 0.20319240724762727 0.04480874316939891 0.03364969801553063 
4 0.7081967213114754 0.18766177739430542 0.04590163934426229 0.03537532355478861 
4 0.5836065573770491 0.2825711820534944 0.05245901639344262 0.04055220017256255 
4 0.07595628415300547 0.8153580672993961 0.04918032786885246 0.03451251078515962 
4 0.05683060109289618 0.8261432269197584 0.04590163934426229 0.03537532355478861 
4 0.0453551912568306 0.8408110440034513 0.040437158469945354 0.030198446937014668 
4 0.02896174863387978 0.8554788610871441 0.040437158469945354 0.03192407247627265 
4 0.1808743169398907 0.9672131147540983 0.04262295081967213 0.029335634167385678 
4 0.1918032786885246 0.9508196721311475 0.04480874316939891 0.031061259706643658 
5 0.058469945355191254 0.9361518550474547 0.06666666666666667 0.06557377049180328 
5 0.5278688524590164 0.3809318377911993 0.08306010928961749 0.059534081104400345 
5 0.5355191256830601 0.3485763589301122 0.06557377049180328 0.04486626402070751 
4 0.973224043715847 0.12165660051768766 0.04480874316939891 0.01725625539257981 
4 0.9770491803278688 0.10051768766177739 0.03715846994535519 0.01639344262295082 
4 0.8131147540983606 0.2817083692838654 0.05245901639344262 0.03710094909404659 
4 0.8005464480874317 0.29680759275237273 0.046994535519125684 0.03278688524590164 
4 0.7786885245901639 0.3239861949956859 0.053551912568306013 0.03710094909404659 
4 0.7497267759562841 0.35030198446937016 0.04371584699453552 0.031061259706643658 
4 0.7300546448087432 0.3610871440897325 0.048087431693989074 0.030198446937014668 
5 0.7978142076502732 0.10612597066436583 0.07868852459016394 0.05349439171699741 
