4 0.13723958333333333 0.8997395833333334 0.028645833333333332 0.0203125 
7 0.48203125 0.7578125 0.04739583333333333 0.096875 
7 -0.01171875 0.6544270833333333 0.07760416666666667 0.1078125 
7 0.0640625 0.66328125 0.078125 0.10885416666666667 
7 0.134375 0.6890625 0.078125 0.10833333333333334 
7 0.20598958333333334 0.715625 0.07760416666666667 0.10833333333333334 
7 0.2765625 0.7408854166666666 0.078125 0.10885416666666667 
7 0.40390625 0.7565104166666666 0.0484375 0.0984375 
7 0.5567708333333333 0.7596354166666667 0.04583333333333333 0.0984375 
7 0.8572916666666667 0.9236979166666667 0.04791666666666667 0.0984375 
7 0.60078125 0.9299479166666667 0.0484375 0.09739583333333333 
7 0.67890625 0.9328125 0.049479166666666664 0.09895833333333333 
7 0.7565104166666666 0.934375 0.0484375 0.09791666666666667 
7 0.6325520833333333 0.7611979166666667 0.0484375 0.0984375 
7 0.7072916666666667 0.76328125 0.04791666666666667 0.09947916666666666 
7 0.7833333333333333 0.76484375 0.04791666666666667 0.09947916666666666 
