6 0.47268545140885565 0.12101313320825516 0.013801035077630822 0.04690431519699812 
4 0.3004600345025877 0.8611632270168855 0.012075905692926969 0.08630393996247655 
6 0.16848763657274296 0.4821763602251407 0.025301897642323174 0.04878048780487805 
6 0.1633122484186314 0.39587242026266417 0.03795284646348476 0.0450281425891182 
6 0.18142610695802186 0.4474671669793621 0.010925819436457734 0.07317073170731707 
6 0.12248418631397355 0.38367729831144465 0.03220241518113859 0.054409005628517824 
6 0.08913168487636573 0.3545966228893058 0.03220241518113859 0.0525328330206379 
6 0.0523289246693502 0.325515947467167 0.03105232892466935 0.06566604127579738 
12 0.7259919493962047 0.18761726078799248 0.060379528464634846 0.06378986866791744 
12 0.8280621046578494 0.19136960600375236 0.0655549166187464 0.07129455909943715 
12 0.9131684876365728 0.18292682926829268 0.041403105232892465 0.11819887429643527 
12 0.968372627947096 0.6388367729831145 0.02185163887291547 0.1294559099437148 
12 0.9364577343300747 0.6876172607879925 0.04082806210465785 0.15572232645403378 
12 0.9019551466359977 0.7692307692307693 0.041978148361127086 0.15384615384615385 
12 0.866877515813686 0.8452157598499062 0.04312823461759632 0.15947467166979362 
12 0.8341000575043128 0.926829268292683 0.039677975848188614 0.14634146341463414 
12 0.715928694652099 0.8780487804878049 0.05405405405405406 0.14634146341463414 
12 0.6883266244968372 0.5262664165103189 0.05980448533640023 0.04690431519699812 
12 0.6078205865439908 0.5459662288930581 0.02875215641173088 0.1425891181988743 
12 0.5681426106958022 0.5356472795497186 0.029902242668200116 0.13320825515947468 
12 0.5244393329499712 0.5290806754221389 0.03105232892466935 0.13133208255159476 
12 0.48533640023001723 0.5196998123827392 0.02645198389879241 0.14634146341463414 
12 0.4436457734330075 0.5093808630393997 0.022426682001150087 0.12570356472795496 
12 0.39792984473835535 0.50187617260788 0.027602070155261643 0.13696060037523453 
12 0.35393904542840715 0.49437148217636023 0.030477285796434734 0.14071294559099437 
12 0.2740080506037953 0.48686679174484054 0.025876940770557792 0.12195121951219512 
12 0.2257044278320874 0.4803001876172608 0.03622771707878091 0.13133208255159476 
12 0.15842438182863713 0.4699812382739212 0.03622771707878091 0.12570356472795496 
12 0.1178838412880966 0.450281425891182 0.02875215641173088 0.12382739212007504 
12 0.08108108108108109 0.4277673545966229 0.03105232892466935 0.13883677298311445 
12 0.044853364002300174 0.40337711069418386 0.03220241518113859 0.150093808630394 
6 0.2259919493962047 0.40150093808630394 0.03105232892466935 0.0450281425891182 
6 0.28090856814261067 0.4099437148217636 0.03622771707878091 0.06941838649155722 
6 0.3976423231742381 0.41838649155722324 0.03162737205290397 0.0600375234521576 
6 0.9258194364577343 0.6125703564727955 0.03220241518113859 0.08442776735459662 
4 0.16762507188039102 0.9568480300187617 0.024726854514088556 0.03377110694183865 
4 0.24036802760207016 0.9765478424015009 0.02185163887291547 0.039399624765478425 
4 0.13801035077630822 0.9521575984990619 0.023001725129384705 0.03564727954971857 
6 0.057791834387579066 0.04221388367729831 0.03162737205290397 0.06941838649155722 
6 0.16561242093156986 0.09943714821763602 0.027602070155261643 0.0450281425891182 
6 0.4235192639447959 0.08724202626641651 0.0327774583093732 0.08818011257035648 
6 0.4606095457159287 0.04409005628517824 0.027602070155261643 0.08818011257035648 
6 0.45342150661299596 0.11350844277673545 0.03162737205290397 0.13696060037523453 
6 0.7119033927544566 0.22607879924953095 0.03105232892466935 0.043151969981238276 
6 0.7294422081656124 0.150093808630394 0.020126509488211614 0.0375234521575985 
6 0.7415181138585394 0.22889305816135083 0.025876940770557792 0.03377110694183865 
6 0.8108108108108109 0.22420262664165103 0.034502587694077054 0.054409005628517824 
6 0.9157561817136285 0.25328330206378985 0.02702702702702703 0.0375234521575985 
6 0.8861414606095457 0.7035647279549718 0.03220241518113859 0.0900562851782364 
6 0.35738930419781484 0.40619136960600377 0.02817711328349626 0.03564727954971857 
6 0.8536515238642898 0.7776735459662288 0.025876940770557792 0.07692307692307693 
6 0.8430132259919494 0.8827392120075047 0.02645198389879241 0.10318949343339587 
6 0.816561242093157 0.924953095684803 0.025301897642323174 0.0975609756097561 
6 0.8090856814261069 0.9587242026266416 0.023001725129384705 0.0825515947467167 
6 0.7311673375503163 0.8030018761726079 0.039677975848188614 0.1050656660412758 
6 0.6785508913168488 0.5431519699812383 0.029902242668200116 0.039399624765478425 
6 0.6765382403680276 0.4812382739212008 0.04082806210465785 0.04690431519699812 
6 0.6040828062104658 0.5 0.007475560667050029 0.06941838649155722 
6 0.6273720529039678 0.5206378986866792 0.012650948821161587 0.09193245778611632 
6 0.5261644623346751 0.44652908067542213 0.02645198389879241 0.03377110694183865 
6 0.4695227142035653 0.4849906191369606 0.012075905692926969 0.09193245778611632 
6 0.4606095457159287 0.5065666041275797 0.013801035077630822 0.07129455909943715 
6 0.42926969522714203 0.4915572232645403 0.013225991949396205 0.08630393996247655 
12 0.15899942495687178 0.04409005628517824 0.046578493387004025 0.08442776735459662 
