6 0.7403685092127303 0.25291622481442205 0.006700167504187605 0.010604453870625663 
6 0.4849246231155779 0.1102863202545069 0.018425460636515914 0.009544008483563097 
6 0.46259073143495255 0.11532343584305409 0.017308766052484645 0.01007423117709438 
6 0.4651032942490229 0.1320254506892895 0.01786711334450028 0.010604453870625663 
6 0.4759910664433277 0.16410392364793214 0.018425460636515914 0.01007423117709438 
6 0.4785036292573981 0.172322375397667 0.01786711334450028 0.010604453870625663 
6 0.4812953657174763 0.179745493107105 0.01675041876046901 0.009544008483563097 
6 0.4824120603015075 0.18822905620360553 0.01786711334450028 0.009544008483563097 
6 0.48464544946957006 0.19591728525980912 0.01786711334450028 0.01007423117709438 
6 0.4882747068676717 0.21288441145281017 0.01619207146845338 0.009013785790031814 
6 0.4919039642657733 0.22110286320254507 0.01786711334450028 0.009544008483563097 
6 0.49302065884980456 0.22932131495227995 0.018983807928531545 0.01007423117709438 
6 0.5496929089893914 0.1977730646871686 0.018425460636515914 0.029692470837751856 
6 0.5569514237855946 0.1633085896076352 0.017308766052484645 0.02863202545068929 
6 0.5421552205471803 0.17417815482502652 0.018983807928531545 0.011134676564156946 
6 0.5399218313791178 0.16622481442205728 0.01786711334450028 0.01007423117709438 
6 0.5382467895030709 0.15800636267232238 0.018983807928531545 0.010604453870625663 
6 0.4656616415410385 0.12327677624602333 0.01786711334450028 0.01007423117709438 
6 0.46147403685092125 0.10737009544008484 0.01954215522054718 0.011134676564156946 
6 0.4592406476828587 0.0988865323435843 0.017308766052484645 0.01007423117709438 
6 0.4617532104969291 0.02916224814422057 0.015633724176437745 0.009544008483563097 
6 0.48101619207146845 0.09411452810180276 0.018425460636515914 0.009013785790031814 
6 0.47822445561139026 0.0861611876988335 0.018425460636515914 0.01007423117709438 
6 0.47627024008933555 0.07794273594909862 0.01675041876046901 0.009544008483563097 
6 0.4731993299832496 0.07025450689289502 0.01619207146845338 0.009013785790031814 
6 0.46901172529313234 0.05408271474019088 0.01786711334450028 0.009544008483563097 
6 0.4648241206030151 0.03738069989395546 0.018425460636515914 0.01007423117709438 
6 0.44137353433835846 0.0344644750795334 0.01619207146845338 0.009544008483563097 
6 0.45616973757677276 0.09146341463414634 0.018983807928531545 0.011134676564156946 
6 0.43746510329424904 0.02730646871686108 0.018425460636515914 0.01007423117709438 
6 0.44416527079843665 0.04294803817603393 0.01619207146845338 0.010604453870625663 
6 0.44472361809045224 0.051166489925768825 0.018425460636515914 0.01007423117709438 
6 0.4483528754885539 0.05832449628844114 0.01786711334450028 0.010604453870625663 
6 0.4508654383026242 0.06680805938494168 0.018425460636515914 0.010604453870625663 
6 0.45226130653266333 0.07529162248144221 0.015633724176437745 0.009544008483563097 
6 0.5357342266890005 0.15058324496288442 0.01954215522054718 0.010604453870625663 
6 0.5516471245114462 0.1357370095440085 0.014517029592406477 0.008483563096500531 
6 0.5307091010608599 0.13441145281018027 0.018425460636515914 0.01007423117709438 
6 0.5723059743160246 0.06362672322375397 0.01675041876046901 0.009544008483563097 
6 0.5332216638749302 0.06018027571580064 0.01675041876046901 0.01007423117709438 
6 0.5348967057509771 0.06786850477200425 0.01675041876046901 0.009544008483563097 
6 0.5393634840871022 0.08271474019088017 0.015633724176437745 0.008483563096500531 
6 0.5611390284757118 0.023064687168610817 0.01675041876046901 0.01007423117709438 
6 0.5639307649357901 0.030222693531283137 0.01786711334450028 0.009544008483563097 
6 0.570072585147962 0.05514316012725345 0.01786711334450028 0.010604453870625663 
6 0.5831937465103294 0.0535524920466596 0.006141820212171971 0.009544008483563097 
6 0.5237297599106644 0.03048780487804878 0.014517029592406477 0.007953340402969246 
6 0.5859854829704076 0.06256627783669141 0.006141820212171971 0.009544008483563097 
6 0.5887772194304858 0.07158006362672323 0.006141820212171971 0.009544008483563097 
6 0.5750977107761027 0.07131495227995759 0.01786711334450028 0.01007423117709438 
6 0.609715242881072 0.10021208907741251 0.010050251256281407 0.018027571580063628 
6 0.6186487995533222 0.09941675503711558 0.010050251256281407 0.017497348886532343 
6 0.6353992183137912 0.09517497348886532 0.010050251256281407 0.017497348886532343 
6 0.5284757118927973 0.045068928950159064 0.01619207146845338 0.008483563096500531 
6 0.5206588498045784 0.02332979851537646 0.013958682300390842 0.008483563096500531 
6 0.5510887772194305 0.1275185577942736 0.01675041876046901 0.009013785790031814 
6 0.5206588498045784 0.09358430540827148 0.018425460636515914 0.01007423117709438 
6 0.5474595198213289 0.12062566277836691 0.013958682300390842 0.009013785790031814 
6 0.5452261306532663 0.1129374337221633 0.012841987716359575 0.008483563096500531 
6 0.5279173646007816 0.11717921527041357 0.018425460636515914 0.009544008483563097 
6 0.5432719151312116 0.10577942735949099 0.01340033500837521 0.007953340402969246 
6 0.542713567839196 0.09782608695652174 0.01786711334450028 0.009013785790031814 
6 0.5234505862646566 0.10127253446447508 0.017308766052484645 0.009544008483563097 
6 0.5413176996091569 0.09066808059384941 0.01507537688442211 0.008483563096500531 
6 0.5175879396984925 0.08589607635206786 0.01675041876046901 0.009544008483563097 
6 0.5022333891680625 0.020678685047720042 0.01619207146845338 0.009544008483563097 
6 0.507537688442211 0.04559915164369035 0.015633724176437745 0.008483563096500531 
6 0.5047459519821329 0.036585365853658534 0.018983807928531545 0.009544008483563097 
6 0.5094919039642658 0.053022269353128315 0.01954215522054718 0.010604453870625663 
6 0.513679508654383 0.06919406150583245 0.01786711334450028 0.01007423117709438 
6 0.5161920714684534 0.07767762460233298 0.017308766052484645 0.009013785790031814 
6 0.48269123394751534 0.10233297985153765 0.018425460636515914 0.009544008483563097 
6 0.4871580122836404 0.11850477200424178 0.018425460636515914 0.009013785790031814 
6 0.18955890563930766 0.2709437963944857 0.0072585147962032385 0.009544008483563097 
6 0.4896705750977108 0.1261930010604454 0.018983807928531545 0.010604453870625663 
6 0.423785594639866 0.12486744432661719 0.01675041876046901 0.01007423117709438 
6 0.4276940256839754 0.13229056203605513 0.01786711334450028 0.01007423117709438 
6 0.4285315466219989 0.14103923647932132 0.017308766052484645 0.009544008483563097 
6 0.43132328308207707 0.1492576882290562 0.018425460636515914 0.01007423117709438 
6 0.43299832495812396 0.15721102863202546 0.018425460636515914 0.01007423117709438 
6 0.43467336683417085 0.165694591728526 0.017308766052484645 0.009013785790031814 
6 0.43830262423227245 0.17338282078472958 0.01786711334450028 0.009544008483563097 
6 0.4399776661083194 0.18133616118769882 0.018983807928531545 0.009544008483563097 
6 0.44221105527638194 0.18981972428419935 0.01675041876046901 0.009544008483563097 
6 0.44416527079843665 0.19750795334040297 0.017308766052484645 0.01007423117709438 
6 0.4223897264098269 0.20254506892895016 0.021775544388609715 0.01166489925768823 
6 0.4204355108877722 0.19432661717921526 0.018983807928531545 0.01007423117709438 
6 0.41820212171970966 0.18637327677624602 0.01786711334450028 0.01007423117709438 
6 0.4154103852596315 0.17868504772004243 0.018983807928531545 0.010604453870625663 
6 0.41345616973757676 0.16993637327677624 0.018425460636515914 0.01007423117709438 
6 0.42183137911781127 0.11691410392364793 0.01619207146845338 0.009013785790031814 
6 0.3989391401451703 0.1129374337221633 0.018425460636515914 0.009544008483563097 
6 0.3975432719151312 0.1052492046659597 0.01675041876046901 0.009013785790031814 
6 0.3880513679508654 0.07290562036055143 0.018983807928531545 0.01007423117709438 
6 0.3824678950307091 0.04904559915164369 0.015633724176437745 0.009013785790031814 
6 0.40312674483528754 0.043478260869565216 0.01675041876046901 0.008483563096500531 
6 0.4053601340033501 0.05143160127253447 0.01786711334450028 0.010604453870625663 
6 0.3844221105527638 0.05620360551431601 0.01507537688442211 0.008483563096500531 
6 0.38665549972082636 0.06495227995758218 0.018425460636515914 0.009013785790031814 
6 0.4073143495254048 0.06018027571580064 0.017308766052484645 0.009013785790031814 
6 0.4092685650474595 0.06813361611876988 0.01675041876046901 0.009013785790031814 
6 0.41820212171970966 0.10047720042417815 0.01786711334450028 0.009013785790031814 
6 0.41178112786152987 0.07582184517497349 0.017308766052484645 0.009544008483563097 
6 0.3916806253489671 0.08059384941675504 0.017308766052484645 0.009544008483563097 
6 0.4140145170295924 0.08377518557794274 0.018425460636515914 0.009544008483563097 
6 0.39335566722501397 0.08881230116648993 0.012841987716359575 0.007953340402969246 
6 0.4159687325516471 0.09225874867444327 0.01786711334450028 0.009544008483563097 
6 0.39475153545505304 0.09676564156945917 0.020100502512562814 0.011134676564156946 
6 0.41150195421552205 0.16171792152704137 0.01786711334450028 0.009544008483563097 
6 0.4092685650474595 0.15482502651113467 0.020100502512562814 0.010604453870625663 
6 0.40675600223338915 0.1460763520678685 0.018425460636515914 0.01007423117709438 
6 0.5064209938581797 0.19114528101802758 0.020100502512562814 0.011134676564156946 
6 0.5083752093802345 0.24337221633085895 0.01507537688442211 0.024390243902439025 
6 0.49888330541596876 0.24814422057264052 0.012841987716359575 0.024390243902439025 
6 0.5139586823003909 0.22401908801696713 0.01619207146845338 0.009013785790031814 
6 0.5120044667783361 0.21580063626723223 0.01786711334450028 0.009544008483563097 
6 0.5100502512562815 0.20758218451749735 0.017308766052484645 0.01007423117709438 
6 0.5086543830262423 0.1996288441145281 0.020100502512562814 0.011134676564156946 
6 0.503070910106086 0.18372216330858962 0.01786711334450028 0.01007423117709438 
6 0.5304299274148521 0.23860021208907742 0.014517029592406477 0.02332979851537646 
6 0.503070910106086 0.1747083775185578 0.01786711334450028 0.009013785790031814 
6 0.5008375209380235 0.1670201484623542 0.01675041876046901 0.009544008483563097 
6 0.49776661083193746 0.15933191940615057 0.018425460636515914 0.009013785790031814 
6 0.49581239530988275 0.15058324496288442 0.01786711334450028 0.009544008483563097 
6 0.49413735343383586 0.14236479321314952 0.018983807928531545 0.01007423117709438 
6 0.490787269681742 0.13414634146341464 0.015633724176437745 0.009544008483563097 
6 0.519821328866555 0.24098621420996819 0.014517029592406477 0.022799575821845174 
6 0.4388609715242881 0.2613997879109226 0.014517029592406477 0.024390243902439025 
6 0.4056393076493579 0.1378579003181336 0.018425460636515914 0.009544008483563097 
6 0.42908989391401453 0.22667020148462355 0.018425460636515914 0.01007423117709438 
6 0.4036850921273032 0.12963944856839874 0.01675041876046901 0.009013785790031814 
6 0.4006141820212172 0.12168610816542948 0.01954215522054718 0.011134676564156946 
6 0.4249022892238973 0.2104984093319194 0.020100502512562814 0.010604453870625663 
6 0.4463986599664992 0.20546129374337221 0.01619207146845338 0.009013785790031814 
6 0.44779452819653826 0.21394485683987274 0.015633724176437745 0.009013785790031814 
6 0.4271356783919598 0.21818663838812302 0.014517029592406477 0.009013785790031814 
6 0.45142378559463986 0.22216330858960764 0.018425460636515914 0.009544008483563097 
6 0.4489112227805695 0.2576882290562036 0.01340033500837521 0.022269353128313893 
6 0.45309882747068675 0.23038176033934252 0.01507537688442211 0.007953340402969246 
6 0.43132328308207707 0.23515376458112408 0.02065884980457845 0.011134676564156946 
6 0.4338358458961474 0.24231177094379638 0.020100502512562814 0.010604453870625663 
6 0.45505304299274146 0.23753976670201485 0.01786711334450028 0.009544008483563097 
6 0.47096594081518706 0.25212089077412514 0.017308766052484645 0.025980911983032873 
6 0.45896147403685095 0.25530222693531285 0.01340033500837521 0.021739130434782608 
6 0.6527079843662759 0.09146341463414634 0.010050251256281407 0.017497348886532343 
6 0.6608040201005025 0.08881230116648993 0.009491903964265773 0.016436903499469777 
6 0.6781127861529872 0.08457051961823966 0.01060859854829704 0.017497348886532343 
6 0.6864879955332217 0.08324496288441145 0.008375209380234505 0.013785790031813362 
6 0.7462311557788944 0.3117709437963945 0.011725293132328308 0.018027571580063628 
6 0.7640982691233947 0.3088547189819724 0.01060859854829704 0.016436903499469777 
6 0.7571189279731994 0.2831389183457052 0.011166945840312675 0.018027571580063628 
6 0.7495812395309883 0.2900318133616119 0.01060859854829704 0.015906680805938492 
6 0.7406476828587382 0.2913573700954401 0.011725293132328308 0.01855779427359491 
6 0.731714126186488 0.2948038176033934 0.01060859854829704 0.016967126193001062 
6 0.7227805695142379 0.2953340402969247 0.01060859854829704 0.019088016967126194 
6 0.7141261864879955 0.29772004241781547 0.011166945840312675 0.01855779427359491 
6 0.7051926298157454 0.3009013785790032 0.010050251256281407 0.016436903499469777 
6 0.696538246789503 0.30355249204665957 0.009491903964265773 0.016436903499469777 
6 0.6881630374092685 0.30461293743372214 0.009491903964265773 0.017497348886532343 
6 0.7146845337800112 0.3806998939554613 0.011166945840312675 0.019088016967126194 
6 0.7244556113902848 0.3777836691410392 0.011725293132328308 0.020678685047720042 
6 0.7333891680625348 0.37513255567338283 0.012841987716359575 0.020678685047720042 
6 0.7434394193188163 0.3738069989395546 0.012841987716359575 0.022269353128313893 
6 0.7280848687883864 0.3157476139978791 0.010050251256281407 0.015376458112407211 
6 0.7194304857621441 0.317338282078473 0.009491903964265773 0.016436903499469777 
6 0.7102177554438861 0.31919406150583246 0.010050251256281407 0.016967126193001062 
6 0.6758793969849246 0.32953340402969244 0.009491903964265773 0.017497348886532343 
6 0.6175321049692909 0.33244962884411455 0.01675041876046901 0.030752916224814422 
6 0.631211613623674 0.33907741251325557 0.009491903964265773 0.015376458112407211 
6 0.6393076493579006 0.33695652173913043 0.010050251256281407 0.016436903499469777 
6 0.647962032384143 0.3356309650053022 0.01060859854829704 0.018027571580063628 
6 0.6571747627024009 0.33324496288441147 0.010050251256281407 0.017497348886532343 
6 0.6655499720826354 0.330593849416755 0.00893355667225014 0.014316012725344645 
6 0.6250697934115019 0.3194591728525981 0.01060859854829704 0.01855779427359491 
6 0.7015633724176438 0.32237539766702017 0.009491903964265773 0.018027571580063628 
6 0.6340033500837521 0.3170731707317073 0.011725293132328308 0.019088016967126194 
6 0.6437744276940257 0.3149522799575822 0.010050251256281407 0.018027571580063628 
6 0.6521496370742602 0.3130965005302227 0.010050251256281407 0.017497348886532343 
6 0.6610831937465104 0.3107104984093319 0.011166945840312675 0.018027571580063628 
6 0.6708542713567839 0.30965005302226933 0.01060859854829704 0.016967126193001062 
6 0.6934673366834171 0.32370095440084834 0.010050251256281407 0.016436903499469777 
6 0.7523729759910665 0.3703605514316013 0.01060859854829704 0.01855779427359491 
6 0.7615857063093244 0.36903499469777307 0.011166945840312675 0.019088016967126194 
6 0.7051926298157454 0.3820254506892895 0.01340033500837521 0.021739130434782608 
6 0.7839195979899497 0.4146341463414634 0.01340033500837521 0.02014846235418876 
6 0.7554438860971524 0.3470307529162248 0.011166945840312675 0.017497348886532343 
6 0.7649357900614182 0.34676564156945916 0.00893355667225014 0.014846235418875928 
6 0.7716359575656058 0.3669141039236479 0.011166945840312675 0.021208907741251327 
6 0.7808486878838637 0.36505832449628844 0.01060859854829704 0.019618239660657476 
6 0.7936906756002233 0.41092258748674443 0.013958682300390842 0.022269353128313893 
6 0.7995533221663875 0.43637327677624604 0.014517029592406477 0.022269353128313893 
6 0.7886655499720826 0.4374337221633086 0.012841987716359575 0.02014846235418876 
6 0.7384142936906756 0.35180275715800635 0.01060859854829704 0.017497348886532343 
6 0.7791736460078169 0.4392895015906681 0.012841987716359575 0.020678685047720042 
6 0.7727526521496371 0.41569459172852596 0.012283640424343942 0.02014846235418876 
6 0.7635399218313791 0.4196712619300106 0.011725293132328308 0.01855779427359491 
6 0.7540480178671134 0.4209968186638388 0.011725293132328308 0.02014846235418876 
6 0.7445561139028476 0.4228525980911983 0.012841987716359575 0.020678685047720042 
6 0.7353433835845896 0.4252386002120891 0.011166945840312675 0.019088016967126194 
6 0.7473478503629257 0.3507423117709438 0.01060859854829704 0.016436903499469777 
6 0.7297599106644332 0.3547189819724284 0.011166945840312675 0.018027571580063628 
6 0.6959798994974874 0.3852067868504772 0.011725293132328308 0.019618239660657476 
6 0.6401451702959241 0.3761930010604454 0.01060859854829704 0.017497348886532343 
6 0.6867671691792295 0.3870625662778367 0.012283640424343942 0.019088016967126194 
6 0.6769960915689559 0.38997879109225875 0.013958682300390842 0.02386002120890774 
6 0.6669458403126745 0.3915694591728526 0.012841987716359575 0.020678685047720042 
6 0.6568955890563931 0.3934252386002121 0.011725293132328308 0.02014846235418876 
6 0.6457286432160804 0.39740190880169673 0.012841987716359575 0.020678685047720042 
6 0.6317699609156896 0.38759278897136795 0.01619207146845338 0.030752916224814422 
6 0.6482412060301508 0.3738069989395546 0.010050251256281407 0.018027571580063628 
6 0.7205471803461754 0.3571049840933192 0.01060859854829704 0.016436903499469777 
6 0.6577331099944165 0.37089077412513255 0.010050251256281407 0.013255567338282079 
6 0.6663874930206588 0.3695652173913043 0.009491903964265773 0.014846235418875928 
6 0.6758793969849246 0.36770943796394484 0.01060859854829704 0.017497348886532343 
6 0.6853713009491904 0.3653234358430541 0.01060859854829704 0.016967126193001062 
6 0.7029592406476829 0.36081654294803817 0.010050251256281407 0.015376458112407211 
6 0.7116136236739252 0.3584305408271474 0.01060859854829704 0.018027571580063628 
6 0.6546621998883305 0.2515906680805938 0.01060859854829704 0.01855779427359491 
6 0.6465661641541038 0.25371155885471897 0.00893355667225014 0.014316012725344645 
6 0.6373534338358459 0.2558324496288441 0.011725293132328308 0.01855779427359491 
6 0.5882188721384701 0.2205726405090138 0.013958682300390842 0.02545068928950159 
6 0.6111111111111112 0.13971367974549312 0.01060859854829704 0.017497348886532343 
6 0.6032942490228922 0.1420996818663839 0.01060859854829704 0.016967126193001062 
6 0.5954773869346733 0.15164369034994699 0.01507537688442211 0.02863202545068929 
6 0.6256281407035176 0.15774125132555675 0.009491903964265773 0.016436903499469777 
6 0.6342825237297599 0.15588547189819724 0.010050251256281407 0.016967126193001062 
6 0.6423785594639866 0.15270413573700956 0.009491903964265773 0.014846235418875928 
6 0.5938023450586265 0.20493107104984093 0.01060859854829704 0.016436903499469777 
6 0.6367950865438302 0.13361611876988336 0.01060859854829704 0.018027571580063628 
6 0.6035734226689 0.2022799575821845 0.010050251256281407 0.016436903499469777 
6 0.612786152987158 0.19883351007423117 0.01060859854829704 0.018027571580063628 
6 0.6214405360134003 0.19671261930010606 0.011166945840312675 0.019088016967126194 
6 0.6303740926856505 0.19485683987274655 0.011166945840312675 0.01855779427359491 
6 0.6482412060301508 0.19088016967126192 0.011166945840312675 0.015906680805938492 
6 0.6571747627024009 0.18902439024390244 0.011166945840312675 0.017497348886532343 
6 0.6194863204913457 0.13759278897136798 0.01060859854829704 0.017497348886532343 
6 0.6446119486320492 0.13176033934252385 0.01060859854829704 0.01855779427359491 
6 0.6088777219430486 0.22083775185577942 0.01060859854829704 0.017497348886532343 
6 0.6878838637632607 0.12115588547189819 0.010050251256281407 0.01855779427359491 
6 0.7127303182579564 0.11426299045599152 0.009491903964265773 0.015376458112407211 
6 0.7188721384701284 0.13600212089077413 0.009491903964265773 0.016436903499469777 
6 0.7099385817978783 0.13679745493107104 0.01060859854829704 0.016967126193001062 
6 0.7015633724176438 0.13891834570519618 0.009491903964265773 0.015906680805938492 
6 0.6848129536571748 0.14262990455991517 0.009491903964265773 0.015906680805938492 
6 0.6954215522054717 0.11850477200424178 0.01060859854829704 0.017497348886532343 
6 0.679787828029034 0.12380699893955462 0.009491903964265773 0.016436903499469777 
6 0.653824678950307 0.12963944856839874 0.010050251256281407 0.017497348886532343 
6 0.6705750977107761 0.12645811240721103 0.010050251256281407 0.016436903499469777 
6 0.6624790619765494 0.1275185577942736 0.009491903964265773 0.017497348886532343 
6 0.6750418760469011 0.14501590668080594 0.00893355667225014 0.016436903499469777 
6 0.6680625348967058 0.14634146341463414 0.009491903964265773 0.016967126193001062 
6 0.6594081518704634 0.14872746553552493 0.010050251256281407 0.016436903499469777 
6 0.6504745951982133 0.1511134676564157 0.010050251256281407 0.018027571580063628 
6 0.6658291457286433 0.18716861081654296 0.01060859854829704 0.016967126193001062 
6 0.6267448352875489 0.21712619300106045 0.01060859854829704 0.01855779427359491 
6 0.6284198771635957 0.25848356309650056 0.01060859854829704 0.016436903499469777 
6 0.6694584031267449 0.26961823966065745 0.010050251256281407 0.017497348886532343 
6 0.7266890005583473 0.23435843054082714 0.009491903964265773 0.014846235418875928 
6 0.6993299832495813 0.24125132555673381 0.01060859854829704 0.018027571580063628 
6 0.7130094919039642 0.2590137857900318 0.012283640424343942 0.01855779427359491 
6 0.6901172529313233 0.2436373276776246 0.010050251256281407 0.016436903499469777 
6 0.6811836962590732 0.2449628844114528 0.011166945840312675 0.019088016967126194 
6 0.6781127861529872 0.26749734888653237 0.009491903964265773 0.016436903499469777 
6 0.6605248464544947 0.2717391304347826 0.011166945840312675 0.019618239660657476 
6 0.748464544946957 0.25026511134676566 0.011725293132328308 0.019088016967126194 
6 0.6515912897822446 0.2733297985153765 0.011166945840312675 0.019618239660657476 
6 0.6434952540480179 0.27704135737009544 0.01060859854829704 0.017497348886532343 
6 0.6340033500837521 0.278101802757158 0.01060859854829704 0.01855779427359491 
6 0.6250697934115019 0.28022269353128315 0.01060859854829704 0.017497348886532343 
6 0.602177554438861 0.2759809119830329 0.026242322724734785 0.0408271474019088 
6 0.6186487995533222 0.2608695652173913 0.010050251256281407 0.015906680805938492 
6 0.7361809045226131 0.23223753976670203 0.009491903964265773 0.014846235418875928 
6 0.7456728084868789 0.22932131495227995 0.009491903964265773 0.014316012725344645 
6 0.6362367392518147 0.21474019088016968 0.009491903964265773 0.016967126193001062 
6 0.6809045226130653 0.20440084835630964 0.009491903964265773 0.015376458112407211 
6 0.6446119486320492 0.21155885471898198 0.008375209380234505 0.015906680805938492 
6 0.6529871580122837 0.20996818663838812 0.008375209380234505 0.014846235418875928 
6 0.6627582356225572 0.20943796394485684 0.010050251256281407 0.014846235418875928 
6 0.6714126186487995 0.20705196182396607 0.01060859854829704 0.017497348886532343 
6 0.6744835287548855 0.18504772004241782 0.011166945840312675 0.018027571580063628 
6 0.6839754327191513 0.18319194061505834 0.00893355667225014 0.014316012725344645 
6 0.6979341150195422 0.1996288441145281 0.011166945840312675 0.01855779427359491 
6 0.7071468453378001 0.1996288441145281 0.009491903964265773 0.016436903499469777 
6 0.701284198771636 0.17815482502651114 0.011166945840312675 0.018027571580063628 
6 0.7194304857621441 0.17417815482502652 0.01060859854829704 0.016436903499469777 
6 0.7278056951423786 0.17179215270413573 0.01060859854829704 0.018027571580063628 
6 0.7252931323283082 0.19300106044538706 0.010050251256281407 0.016967126193001062 
6 0.7353433835845896 0.190084835630965 0.00893355667225014 0.016436903499469777 
6 0.7158012283640425 0.1956521739130435 0.011166945840312675 0.019088016967126194 
6 0.22445561139028475 0.07820784729586426 0.018983807928531545 0.011134676564156946 
6 0.22808486878838638 0.08695652173913043 0.02512562814070352 0.013785790031813362 
6 0.23171412618648798 0.09650053022269353 0.024567280848687884 0.013785790031813362 
6 0.5329424902289224 0.4941675503711559 0.011725293132328308 0.02014846235418876 
6 0.5591848129536572 0.6762990455991517 0.013958682300390842 0.02386002120890774 
6 0.5471803461753211 0.6789501590668081 0.014517029592406477 0.02386002120890774 
6 0.5343383584589615 0.6837221633085896 0.014517029592406477 0.025980911983032873 
6 0.5212171970965941 0.6850477200424178 0.01619207146845338 0.02863202545068929 
6 0.5094919039642658 0.6911452810180275 0.012841987716359575 0.024920466595970307 
6 0.5332216638749302 0.6548250265111347 0.01340033500837521 0.022269353128313893 
6 0.5217755443886097 0.6548250265111347 0.013958682300390842 0.024390243902439025 
6 0.5117252931323283 0.6590668080593849 0.013958682300390842 0.024390243902439025 
6 0.5002791736460078 0.6606574761399788 0.014517029592406477 0.02332979851537646 
6 0.5449469570072585 0.6521739130434783 0.01340033500837521 0.022269353128313893 
6 0.5552763819095478 0.6495227995758218 0.013958682300390842 0.022269353128313893 
6 0.5644891122278057 0.6450159066808059 0.01340033500837521 0.022799575821845174 
6 0.48548297040759353 0.6068398727465536 0.013958682300390842 0.022799575821845174 
6 0.49776661083193746 0.6023329798515377 0.012841987716359575 0.02332979851537646 
6 0.507537688442211 0.5994167550371156 0.01340033500837521 0.02386002120890774 
6 0.5723059743160246 0.6728525980911984 0.01675041876046901 0.029692470837751856 
6 0.585427135678392 0.6715270413573701 0.01507537688442211 0.025980911983032873 
6 0.5991066443327749 0.6675503711558854 0.014517029592406477 0.02545068928950159 
6 0.6384701284198772 0.6214209968186638 0.009491903964265773 0.014846235418875928 
6 0.6663874930206588 0.7184517497348887 0.017308766052484645 0.030752916224814422 
6 0.6393076493579006 0.7245493107104984 0.015633724176437745 0.02704135737009544 
6 0.6270240089335567 0.7277306468716861 0.014517029592406477 0.024920466595970307 
6 0.6141820212171971 0.7317073170731707 0.01340033500837521 0.02332979851537646 
6 0.6018983807928532 0.732237539766702 0.015633724176437745 0.027571580063626724 
6 0.6482412060301508 0.6484623541887593 0.02121719709659408 0.043478260869565216 
6 0.6359575656058069 0.6590668080593849 0.015633724176437745 0.02545068928950159 
6 0.5759352317141262 0.644220572640509 0.013958682300390842 0.02332979851537646 
6 0.6233947515354551 0.66118769883351 0.012841987716359575 0.024390243902439025 
6 0.628140703517588 0.6322905620360552 0.012283640424343942 0.020678685047720042 
6 0.6183696259073144 0.6341463414634146 0.01507537688442211 0.02545068928950159 
6 0.6077610273590173 0.6354718981972428 0.01619207146845338 0.02704135737009544 
6 0.5971524288107203 0.6389183457051962 0.013958682300390842 0.024390243902439025 
6 0.5857063093243998 0.6428950159066809 0.012283640424343942 0.021739130434782608 
6 0.5178671133445003 0.5978260869565217 0.012841987716359575 0.021739130434782608 
6 0.5281965382467895 0.5946447507953341 0.014517029592406477 0.024920466595970307 
6 0.5390843104410944 0.5927889713679746 0.013958682300390842 0.02332979851537646 
6 0.570072585147962 0.48462354188759277 0.012283640424343942 0.021208907741251327 
6 0.6147403685092128 0.5755567338282078 0.012283640424343942 0.022799575821845174 
6 0.5817978782802904 0.5821845174973489 0.01340033500837521 0.02332979851537646 
6 0.6074818537130094 0.4936373276776246 0.02233389168062535 0.03711558854718982 
6 0.5865438302624232 0.5071580063626723 0.011725293132328308 0.02386002120890774 
6 0.588498045784478 0.4801166489925769 0.011166945840312675 0.01855779427359491 
6 0.5798436627582356 0.48303287380699894 0.01060859854829704 0.018027571580063628 
6 0.5767727526521497 0.5071580063626723 0.012283640424343942 0.021739130434782608 
6 0.6267448352875489 0.5768822905620361 0.01060859854829704 0.018027571580063628 
6 0.5678391959798995 0.5106044538706257 0.012283640424343942 0.02014846235418876 
6 0.5575097710776102 0.5111346765641569 0.01060859854829704 0.018027571580063628 
6 0.5485762144053601 0.5135206786850477 0.011725293132328308 0.019618239660657476 
6 0.5393634840871022 0.5161717921527041 0.012283640424343942 0.019618239660657476 
6 0.5605806811836963 0.4867444326617179 0.011166945840312675 0.019088016967126194 
6 0.5513679508654383 0.4886002120890774 0.011725293132328308 0.01855779427359491 
6 0.6030150753768844 0.5782078472958643 0.01340033500837521 0.022799575821845174 
6 0.6214405360134003 0.5485153764581124 0.01675041876046901 0.02916224814422057 
6 0.5491345616973757 0.5904029692470838 0.011725293132328308 0.020678685047720042 
6 0.5147962032384142 0.5723753976670202 0.012283640424343942 0.019618239660657476 
6 0.5614182021217197 0.5914634146341463 0.01507537688442211 0.024920466595970307 
6 0.5711892797319933 0.5856309650053022 0.01340033500837521 0.02386002120890774 
6 0.4687325516471245 0.5808589607635207 0.009491903964265773 0.013255567338282079 
6 0.48576214405360135 0.5766171792152704 0.012283640424343942 0.020678685047720042 
6 0.49581239530988275 0.5782078472958643 0.011166945840312675 0.01855779427359491 
6 0.506141820212172 0.5758218451749735 0.01060859854829704 0.018027571580063628 
6 0.5245672808486879 0.5705196182396607 0.012841987716359575 0.019088016967126194 
6 0.5988274706867671 0.5524920466595971 0.011725293132328308 0.02014846235418876 
6 0.5346175321049693 0.5676033934252386 0.01060859854829704 0.017497348886532343 
6 0.5424343941931882 0.5644220572640509 0.011725293132328308 0.017497348886532343 
6 0.5513679508654383 0.5625662778366914 0.011725293132328308 0.019088016967126194 
6 0.5709101060859855 0.5585896076352068 0.012841987716359575 0.020678685047720042 
6 0.5801228364042434 0.5564687168610817 0.012283640424343942 0.020678685047720042 
6 0.5893355667225014 0.5546129374337222 0.011725293132328308 0.021208907741251327 
6 0.6747627024008933 0.75 0.017308766052484645 0.03128313891834571 
6 0.6605248464544947 0.7505302226935313 0.018983807928531545 0.030222693531283137 
6 0.6482412060301508 0.7558324496288441 0.015633724176437745 0.02916224814422057 
12 0.4388609715242881 0.39236479321314954 0.06588498045784479 0.12089077412513255 
12 0.6286990508096035 0.8451749734888653 0.1887213847012842 0.08059384941675504 
12 0.5904522613065326 0.7531813361611877 0.1658291457286432 0.09490986214209968 
12 0.5653266331658291 0.6625132555673383 0.16471245114461194 0.09172852598091198 
12 0.5432719151312116 0.5792682926829268 0.16638749302065886 0.08430540827147402 
12 0.5287548855388051 0.5068928950159067 0.15187046342825236 0.07635206786850478 
12 0.5371300949190396 0.36770943796394484 0.09045226130653267 0.12672322375397668 
12 0.34310441094360694 0.4088016967126193 0.018425460636515914 0.03923647932131495 
12 0.8020658849804578 0.725609756097561 0.15577889447236182 0.08324496288441145 
12 0.3732551647124511 0.40217391304347827 0.01954215522054718 0.0408271474019088 
12 0.31155778894472363 0.43133616118769885 0.04578447794528197 0.039766702014846236 
6 0.16331658291457288 0.09384941675503712 0.021775544388609715 0.01166489925768823 
6 0.1655499720826354 0.1033934252386002 0.026242322724734785 0.014846235418875928 
6 0.16806253489670575 0.11452810180275716 0.024567280848687884 0.013785790031813362 
6 0.16917922948073702 0.12539766702014846 0.024567280848687884 0.014316012725344645 
12 0.8121161362367393 0.8064687168610817 0.1736460078168621 0.06786850477200425 
12 0.7811278615298716 0.6463414634146342 0.1541038525963149 0.07741251325556733 
6 0.1772752652149637 0.1474019088016967 0.02959240647682859 0.015906680805938492 
12 0.6543830262423227 0.08748674443266172 0.10831937465103295 0.04665959703075292 
12 0.2696817420435511 0.18955461293743373 0.10831937465103295 0.24443266171792152 
12 0.35175879396984927 0.17073170731707318 0.10496929089893914 0.24284199363732767 
12 0.42099385817978785 0.15323435843054084 0.0993858179787828 0.23860021208907742 
12 0.4804578447794528 0.13997879109225875 0.09882747068676717 0.23753976670201485 
12 0.5357342266890005 0.11081654294803818 0.0876605248464545 0.2046659597030753 
12 0.5759352317141262 0.05805938494167551 0.053042992741485204 0.11505832449628844 
12 0.6574539363484088 0.13944856839872746 0.12674483528754885 0.06362672322375397 
12 0.7629815745393634 0.5771474019088016 0.15577889447236182 0.07476139978791092 
12 0.6582914572864321 0.19750795334040297 0.14628699050809604 0.06733828207847296 
12 0.6764377442769403 0.2558324496288441 0.15466219988833055 0.06839872746553552 
12 0.692071468453378 0.31362672322375396 0.15131211613623674 0.06839872746553552 
12 0.7071468453378001 0.3722163308589608 0.15131211613623674 0.07211028632025451 
12 0.7266890005583473 0.4395546129374337 0.15466219988833055 0.07423117709437964 
12 0.7442769402568398 0.5074231177094379 0.15298715801228363 0.07317073170731707 
6 0.17476270240089337 0.13547189819724284 0.03126744835287549 0.016436903499469777 
6 0.17922948073701842 0.15853658536585366 0.02680067001675042 0.014846235418875928 
6 0.6359575656058069 0.7584835630965006 0.01786711334450028 0.03340402969247084 
6 0.5499720826353992 0.7454931071049841 0.015633724176437745 0.026511134676564158 
6 0.536571747627024 0.7871155885471898 0.01675041876046901 0.02916224814422057 
6 0.5474595198213289 0.7799575821845175 0.017308766052484645 0.03499469777306469 
6 0.559463986599665 0.7759809119830329 0.01675041876046901 0.030222693531283137 
6 0.5723059743160246 0.7741251325556734 0.01786711334450028 0.03499469777306469 
6 0.5248464544946957 0.7513255567338282 0.014517029592406477 0.024390243902439025 
6 0.5376884422110553 0.7468186638388123 0.01340033500837521 0.028101802757158005 
6 0.5642099385817979 0.7420466595970308 0.01619207146845338 0.025980911983032873 
6 0.19514237855946398 0.3753976670201485 0.02400893355667225 0.018027571580063628 
6 0.5770519262981575 0.7386002120890774 0.01507537688442211 0.02545068928950159 
6 0.5873813512004467 0.7332979851537645 0.014517029592406477 0.02332979851537646 
6 0.5859854829704076 0.7735949098621421 0.018425460636515914 0.031813361611876985 
6 0.5982691233947516 0.7690880169671261 0.01619207146845338 0.03128313891834571 
6 0.6102735901730877 0.764846235418876 0.01675041876046901 0.030222693531283137 
6 0.6231155778894473 0.7635206786850477 0.01675041876046901 0.031813361611876985 
6 0.18732551647124512 0.38547189819724287 0.021775544388609715 0.016967126193001062 
6 0.1984924623115578 0.36452810180275713 0.01954215522054718 0.015376458112407211 
6 0.1823003908431044 0.16967126193001061 0.026242322724734785 0.013785790031813362 
6 0.20295924064768286 0.2468186638388123 0.027359017308766054 0.014316012725344645 
6 0.18592964824120603 0.18027571580063625 0.02680067001675042 0.014846235418875928 
6 0.189000558347292 0.1919406150583245 0.027359017308766054 0.013785790031813362 
6 0.192071468453378 0.20254506892895016 0.03126744835287549 0.015906680805938492 
6 0.1940256839754327 0.21341463414634146 0.027359017308766054 0.015376458112407211 
6 0.19653824678950307 0.22428419936373276 0.02568397543271915 0.013785790031813362 
6 0.19988833054159688 0.23515376458112408 0.02680067001675042 0.014316012725344645 
6 0.2068676716917923 0.257423117709438 0.02847571189279732 0.015376458112407211 
6 0.20240089335566722 0.355779427359491 0.017308766052484645 0.013785790031813362 
6 0.208821887213847 0.2682926829268293 0.024567280848687884 0.013785790031813362 
6 0.21580122836404245 0.2849946977730647 0.031825795644891124 0.014316012725344645 
6 0.21970965940815188 0.29745493107104987 0.031825795644891124 0.012725344644750796 
6 0.2219430485762144 0.31018027571580065 0.02959240647682859 0.013785790031813362 
6 0.21105527638190955 0.323966065747614 0.02233389168062535 0.013785790031813362 
6 0.20770519262981574 0.3480911983032874 0.01786711334450028 0.014316012725344645 
6 0.5432719151312116 0.4917815482502651 0.011166945840312675 0.019618239660657476 
6 0.5231714126186487 0.49390243902439024 0.011166945840312675 0.01855779427359491 
6 0.2370184254606365 0.11585365853658537 0.02400893355667225 0.013255567338282079 
6 0.5293132328308208 0.5193531283138918 0.011166945840312675 0.01855779427359491 
6 0.32021217197096596 0.10498409331919406 0.02065884980457845 0.010604453870625663 
6 0.3458961474036851 0.09994697773064687 0.02065884980457845 0.011134676564156946 
6 0.34394193188163036 0.08934252386002121 0.023450586264656615 0.012195121951219513 
6 0.3394751535455053 0.0803287380699894 0.020100502512562814 0.011134676564156946 
6 0.31909547738693467 0.09464475079533403 0.021775544388609715 0.013255567338282079 
6 0.3149078726968174 0.08669141039236479 0.02233389168062535 0.012195121951219513 
6 0.314070351758794 0.07661717921527042 0.02065884980457845 0.012195121951219513 
6 0.3378001116694584 0.07051961823966066 0.020100502512562814 0.010604453870625663 
6 0.33528754885538803 0.06018027571580064 0.01954215522054718 0.011134676564156946 
6 0.3096035734226689 0.06707317073170732 0.021775544388609715 0.011134676564156946 
6 0.30709101060859856 0.057794273594909865 0.02121719709659408 0.010604453870625663 
6 0.2565605806811837 0.08006362672322376 0.022892238972640984 0.012725344644750796 
6 0.2593523171412619 0.0898727465535525 0.02400893355667225 0.013255567338282079 
6 0.26270240089335567 0.09968186638388123 0.027359017308766054 0.014846235418875928 
6 0.26605248464544945 0.10922587486744433 0.02512562814070352 0.013785790031813362 
6 0.32272473478503627 0.11532343584305409 0.023450586264656615 0.012195121951219513 
6 0.3260748185371301 0.12486744432661719 0.023450586264656615 0.013255567338282079 
6 0.3313791178112786 0.14422057264050903 0.022892238972640984 0.01166489925768823 
6 0.3341708542713568 0.1537645811240721 0.01954215522054718 0.010604453870625663 
6 0.3626465661641541 0.1574761399787911 0.022892238972640984 0.012725344644750796 
6 0.3601340033500838 0.14713679745493108 0.02233389168062535 0.013255567338282079 
6 0.3553880513679509 0.1383881230116649 0.01954215522054718 0.01166489925768823 
6 0.353713009491904 0.1283138918345705 0.022892238972640984 0.013785790031813362 
6 0.3512004466778336 0.11876988335100742 0.023450586264656615 0.012725344644750796 
6 0.3481295365717476 0.10949098621420997 0.01954215522054718 0.011134676564156946 
6 0.3364042434394193 0.1633085896076352 0.02065884980457845 0.010604453870625663 
6 0.3576214405360134 0.2404559915164369 0.022892238972640984 0.012195121951219513 
6 0.3397543271915131 0.17258748674443267 0.021775544388609715 0.011134676564156946 
6 0.3425460636515913 0.1823966065747614 0.022892238972640984 0.012725344644750796 
6 0.3453378001116695 0.19220572640509015 0.022892238972640984 0.011134676564156946 
6 0.3509212730318258 0.2110286320254507 0.022892238972640984 0.01166489925768823 
6 0.3528754885538805 0.22083775185577942 0.02233389168062535 0.011134676564156946 
6 0.3556672250139587 0.2295864262990456 0.018983807928531545 0.009544008483563097 
6 0.2663316582914573 0.11956521739130435 0.02233389168062535 0.012195121951219513 
6 0.2699609156895589 0.1288441145281018 0.022892238972640984 0.012725344644750796 
6 0.2733109994416527 0.13865323435843055 0.02400893355667225 0.013255567338282079 
6 0.2582356225572306 0.19459172852598092 0.02400893355667225 0.012725344644750796 
6 0.27275265214963706 0.25371155885471897 0.026242322724734785 0.014316012725344645 
6 0.271356783919598 0.2436373276776246 0.024567280848687884 0.013255567338282079 
6 0.2677275265214964 0.2340933191940615 0.026242322724734785 0.012195121951219513 
6 0.26549413735343386 0.2245493107104984 0.02512562814070352 0.012195121951219513 
6 0.26353992183137914 0.21447507953340403 0.023450586264656615 0.012195121951219513 
6 0.2610273590173088 0.2046659597030753 0.026242322724734785 0.012725344644750796 
6 0.25600223338916805 0.18531283138918345 0.021775544388609715 0.012195121951219513 
6 0.26744835287548857 0.2913573700954401 0.018983807928531545 0.0344644750795334 
6 0.251535455053043 0.17576882290562035 0.018425460636515914 0.01007423117709438 
6 0.2498604131769961 0.16542948038176034 0.02512562814070352 0.012725344644750796 
6 0.24762702400893355 0.15535524920466595 0.02512562814070352 0.012725344644750796 
6 0.24399776661083195 0.14581124072110285 0.02568397543271915 0.013785790031813362 
6 0.24148520379676158 0.1357370095440085 0.026242322724734785 0.013785790031813362 
6 0.2398101619207147 0.1256627783669141 0.02400893355667225 0.013785790031813362 
6 0.2769402568397543 0.26378579003181335 0.024567280848687884 0.013255567338282079 
6 0.28280290340591846 0.28950159066808057 0.018425460636515914 0.03499469777306469 
6 0.2752652149637074 0.14952279957582185 0.02568397543271915 0.01166489925768823 
6 0.2953657174762702 0.22852598091198303 0.023450586264656615 0.01166489925768823 
6 0.27749860413176997 0.15906680805938495 0.024567280848687884 0.012725344644750796 
6 0.28084868788386375 0.16861081654294804 0.024567280848687884 0.012725344644750796 
6 0.2833612506979341 0.17868504772004243 0.021775544388609715 0.01166489925768823 
6 0.2864321608040201 0.19883351007423117 0.02121719709659408 0.01166489925768823 
6 0.29061976549413737 0.20784729586426298 0.02400893355667225 0.012725344644750796 
6 0.2934115019542155 0.21845174973488865 0.02512562814070352 0.012725344644750796 
6 0.29843662758235623 0.23780487804878048 0.02400893355667225 0.012195121951219513 
6 0.29759910664433276 0.28552492046659594 0.01786711334450028 0.03234358430540827 
6 0.30178671133445 0.24761399787910923 0.02400893355667225 0.012725344644750796 
6 0.30402010050251255 0.25715800636267233 0.022892238972640984 0.01166489925768823 
6 0.3096035734226689 0.26564156945917283 0.017308766052484645 0.009544008483563097 
6 0.31072026800670016 0.2733297985153765 0.017308766052484645 0.009013785790031814 
6 0.32384142936906757 0.28950159066808057 0.01675041876046901 0.02863202545068929 
6 0.31239530988274705 0.29374337221633084 0.01619207146845338 0.027571580063626724 
6 0.36515912897822445 0.16675503711558853 0.020100502512562814 0.011134676564156946 
6 0.3676716917922948 0.17629904559915163 0.01954215522054718 0.011134676564156946 
6 0.37018425460636517 0.18584305408271473 0.02233389168062535 0.012195121951219513 
6 0.5773310999441653 0.4323966065747614 0.011166945840312675 0.019618239660657476 
6 0.5170295924064768 0.4483032873806999 0.012283640424343942 0.019618239660657476 
6 0.5256839754327192 0.44618239660657477 0.012841987716359575 0.020678685047720042 
6 0.542713567839196 0.44141039236479324 0.01340033500837521 0.021739130434782608 
6 0.5516471245114462 0.4408801696712619 0.010050251256281407 0.017497348886532343 
6 0.5608598548297041 0.4374337221633086 0.01060859854829704 0.018027571580063628 
6 0.570072585147962 0.43584305408271473 0.01340033500837521 0.024390243902439025 
6 0.5882188721384701 0.4284199363732768 0.013958682300390842 0.024390243902439025 
6 0.49944165270798435 0.4533404029692471 0.01060859854829704 0.019088016967126194 
6 0.5692350642099386 0.41489925768822905 0.026242322724734785 0.015376458112407211 
6 0.5664433277498604 0.40402969247083775 0.026242322724734785 0.013785790031813362 
6 0.5633724176437744 0.3934252386002121 0.02233389168062535 0.01166489925768823 
6 0.5597431602456728 0.38149522799575825 0.026242322724734785 0.014316012725344645 
6 0.5600223338916807 0.3706256627783669 0.02233389168062535 0.01166489925768823 
6 0.5575097710776102 0.3616118769883351 0.02959240647682859 0.014846235418875928 
6 0.5086543830262423 0.4501590668080594 0.011166945840312675 0.02014846235418876 
6 0.49106644332774985 0.4546659597030753 0.012841987716359575 0.021739130434782608 
6 0.5508096035734227 0.33960763520678683 0.02512562814070352 0.013255567338282079 
6 0.4687325516471245 0.5092788971367974 0.012841987716359575 0.021739130434782608 
6 0.510608598548297 0.5235949098621421 0.011725293132328308 0.020678685047720042 
6 0.5019542155220548 0.5251855779427359 0.011166945840312675 0.019618239660657476 
6 0.49302065884980456 0.5283669141039237 0.011166945840312675 0.01855779427359491 
6 0.48380792853154664 0.5302226935312832 0.011725293132328308 0.02014846235418876 
6 0.47459519821328866 0.5320784729586426 0.011166945840312675 0.019618239660657476 
6 0.45951982132886654 0.5116648992576882 0.010050251256281407 0.016967126193001062 
6 0.477107761027359 0.5060975609756098 0.011725293132328308 0.020678685047720042 
6 0.483249581239531 0.4567868504772004 0.01507537688442211 0.025980911983032873 
6 0.4868788386376326 0.5055673382820784 0.011166945840312675 0.019618239660657476 
6 0.4966499162479062 0.5031813361611877 0.011725293132328308 0.02014846235418876 
6 0.5058626465661642 0.5002651113467657 0.011166945840312675 0.01855779427359491 
6 0.5150753768844221 0.4973488865323436 0.012841987716359575 0.021208907741251327 
6 0.44974874371859297 0.4642099681866384 0.012841987716359575 0.020678685047720042 
6 0.46426577331099944 0.46155885471898195 0.01060859854829704 0.01855779427359491 
6 0.553322166387493 0.34994697773064687 0.029034059184812954 0.014846235418875928 
6 0.5469011725293133 0.3279427359490986 0.027359017308766054 0.015376458112407211 
6 0.3713009491903964 0.19591728525980912 0.02121719709659408 0.012195121951219513 
6 0.3788386376326075 0.2722693531283139 0.017308766052484645 0.03340402969247084 
6 0.43132328308207707 0.34411452810180276 0.035175879396984924 0.019088016967126194 
6 0.4240647682858738 0.331389183457052 0.03740926856504746 0.02014846235418876 
6 0.4056393076493579 0.36320254506892896 0.01954215522054718 0.033934252386002124 
6 0.39112227805695143 0.3769883351007423 0.02847571189279732 0.053022269353128315 
6 0.38023450586264657 0.3955461293743372 0.014517029592406477 0.02545068928950159 
6 0.3925181462869905 0.2690880169671262 0.01675041876046901 0.03128313891834571 
6 0.36683417085427134 0.2735949098621421 0.01786711334450028 0.032873806998939555 
6 0.43634840871021774 0.3695652173913043 0.035175879396984924 0.018027571580063628 
6 0.35315466219988834 0.2733297985153765 0.017308766052484645 0.03552492046659597 
6 0.38637632607481853 0.24390243902439024 0.02233389168062535 0.012725344644750796 
6 0.38274706867671693 0.2340933191940615 0.01954215522054718 0.012195121951219513 
6 0.3805136795086544 0.2250795334040297 0.02400893355667225 0.013255567338282079 
6 0.3777219430485762 0.2150053022269353 0.02065884980457845 0.011134676564156946 
6 0.3738135120044668 0.20519618239660659 0.01954215522054718 0.01166489925768823 
6 0.43299832495812396 0.3571049840933192 0.031825795644891124 0.016436903499469777 
6 0.44025683975432717 0.3820254506892895 0.034059184812953655 0.017497348886532343 
6 0.5429927414852038 0.316542948038176 0.026242322724734785 0.014846235418875928 
6 0.5276381909547738 0.3870625662778367 0.03238414293690676 0.016967126193001062 
6 0.5382467895030709 0.30461293743372214 0.02680067001675042 0.015376458112407211 
6 0.5128419877163596 0.323966065747614 0.02847571189279732 0.013785790031813362 
6 0.5128419877163596 0.33695652173913043 0.035175879396984924 0.016436903499469777 
6 0.5170295924064768 0.3504772004241782 0.03573422668900056 0.016967126193001062 
6 0.5189838079285315 0.36240721102863205 0.030709101060859854 0.014316012725344645 
6 0.5270798436627583 0.3738069989395546 0.027917364600781685 0.014846235418875928 
6 0.5279173646007816 0.40005302226935313 0.034059184812953655 0.015376458112407211 
6 0.4444444444444444 0.3944856839872747 0.03238414293690676 0.015906680805938492 
6 0.5323841429369067 0.41171792152704134 0.02959240647682859 0.014316012725344645 
6 0.5357342266890005 0.42311770943796395 0.031825795644891124 0.015906680805938492 
6 0.45589056393076494 0.44220572640509015 0.03294249022892239 0.018027571580063628 
6 0.45226130653266333 0.4310710498409332 0.027917364600781685 0.014846235418875928 
6 0.4500279173646008 0.41914103923647933 0.03238414293690676 0.017497348886532343 
6 0.44584031267448354 0.4069459172852598 0.031825795644891124 0.016436903499469777 
6 0.7261306532663316 0.4268292682926829 0.011725293132328308 0.021208907741251327 
6 0.7166387493020658 0.42948038176033937 0.013958682300390842 0.02332979851537646 
6 0.7691233947515355 0.4408801696712619 0.011725293132328308 0.019618239660657476 
4 0.5407593523171412 0.9721633085896076 0.01060859854829704 0.006892895015906681 
4 0.9709659408151871 0.5668080593849417 0.011166945840312675 0.01166489925768823 
4 0.9812953657174762 0.5612407211028632 0.009491903964265773 0.011134676564156946 
4 0.97571189279732 0.5641569459172853 0.01060859854829704 0.012725344644750796 
4 0.9807370184254607 0.5874867444326617 0.008375209380234505 0.01166489925768823 
4 0.9628699050809604 0.5819194061505832 0.011725293132328308 0.009013785790031814 
4 0.9854829704075935 0.5848356309650053 0.00893355667225014 0.010604453870625663 
4 0.9905080960357342 0.5813891834570519 0.010050251256281407 0.01007423117709438 
4 0.993858179787828 0.5792682926829268 0.00893355667225014 0.012195121951219513 
4 0.9804578447794529 0.6147932131495228 0.012283640424343942 0.013255567338282079 
4 0.9857621440536013 0.6829268292682927 0.01507537688442211 0.012725344644750796 
4 0.9846454494695701 0.6932661717921527 0.01507537688442211 0.009013785790031814 
4 0.8819095477386935 0.6325556733828208 0.012841987716359575 0.008483563096500531 
4 0.8830262423227248 0.637592788971368 0.012841987716359575 0.007953340402969246 
4 0.8858179787828029 0.6476670201484623 0.01060859854829704 0.006892895015906681 
4 0.8919597989949749 0.6678154825026511 0.012841987716359575 0.009013785790031814 
4 0.9659408151870463 0.5691940615058324 0.010050251256281407 0.01007423117709438 
4 0.9614740368509213 0.5710498409331919 0.00893355667225014 0.01166489925768823 
4 0.9570072585147962 0.573966065747614 0.011166945840312675 0.012195121951219513 
4 0.9184812953657174 0.5949098621420997 0.00893355667225014 0.01166489925768823 
4 0.963428252372976 0.5424178154825027 0.008375209380234505 0.01166489925768823 
4 0.9581239530988275 0.5442735949098622 0.00893355667225014 0.011134676564156946 
4 0.9533780011166946 0.546659597030753 0.008375209380234505 0.01166489925768823 
4 0.9477945281965382 0.5490455991516436 0.009491903964265773 0.011134676564156946 
4 0.913176996091569 0.5821845174973489 0.008375209380234505 0.01166489925768823 
4 0.9142936906756002 0.5904029692470838 0.009491903964265773 0.01007423117709438 
4 0.9288107202680067 0.612407211028632 0.009491903964265773 0.010604453870625663 
4 0.8805136795086543 0.6272534464475079 0.012283640424343942 0.006362672322375398 
4 0.9316024567280848 0.6177094379639448 0.01060859854829704 0.013785790031813362 
4 0.9489112227805695 0.6163838812301167 0.012841987716359575 0.011134676564156946 
4 0.8743718592964824 0.6065747613997879 0.011166945840312675 0.007423117709437964 
4 0.8766052484645449 0.6118769883351007 0.010050251256281407 0.006362672322375398 
4 0.878001116694584 0.6174443266171792 0.01060859854829704 0.006892895015906681 
4 0.8791178112786153 0.6224814422057264 0.011725293132328308 0.006362672322375398 
4 0.9087102177554439 0.7279957582184517 0.013958682300390842 0.007423117709437964 
4 0.9095477386934674 0.7335630965005302 0.011166945840312675 0.005832449628844115 
4 0.9036850921273032 0.6203605514316013 0.009491903964265773 0.005302226935312832 
4 0.5826353992183138 0.9241781548250265 0.009491903964265773 0.006362672322375398 
4 0.7808486878838637 0.9506892895015907 0.011725293132328308 0.006362672322375398 
4 0.7470686767169179 0.9249734888653235 0.00893355667225014 0.01007423117709438 
4 0.7350642099385818 0.9345174973488866 0.01060859854829704 0.009013785790031814 
4 0.6689000558347292 0.9764050901378579 0.012283640424343942 0.007953340402969246 
4 0.6085985482970407 0.9817073170731707 0.007816862088218872 0.011134676564156946 
4 0.6099944165270799 0.9236479321314952 0.011725293132328308 0.007423117709437964 
4 0.5840312674483529 0.929745493107105 0.011166945840312675 0.005832449628844115 
4 0.7763819095477387 0.9347826086956522 0.01060859854829704 0.005302226935312832 
4 0.5887772194304858 0.944591728525981 0.013958682300390842 0.006892895015906681 
4 0.5764935790061418 0.9480381760339343 0.011725293132328308 0.008483563096500531 
4 0.5734226689000559 0.9316012725344645 0.012283640424343942 0.006362672322375398 
4 0.5723059743160246 0.9369034994697774 0.011166945840312675 0.006362672322375398 
4 0.5471803461753211 0.9384941675503712 0.011166945840312675 0.007423117709437964 
4 0.5516471245114462 0.9546659597030753 0.010050251256281407 0.005832449628844115 
4 0.7794528196538246 0.944591728525981 0.012283640424343942 0.006892895015906681 
4 0.7735901730876605 0.9239130434782609 0.01060859854829704 0.006892895015906681 
4 0.9042434394193188 0.6267232237539767 0.01060859854829704 0.007423117709437964 
4 0.916247906197655 0.6699363732767762 0.010050251256281407 0.006892895015906681 
4 0.9159687325516471 0.6291092258748674 0.012841987716359575 0.01007423117709438 
4 0.9061976549413735 0.6328207847295865 0.012283640424343942 0.007953340402969246 
4 0.9106644332774986 0.6452810180275715 0.012283640424343942 0.009544008483563097 
4 0.9221105527638191 0.6553552492046659 0.01060859854829704 0.008483563096500531 
4 0.916247906197655 0.6614528101802757 0.011166945840312675 0.005832449628844115 
4 0.9262981574539364 0.6680805938494168 0.01340033500837521 0.008483563096500531 
4 0.9173646007816862 0.6765641569459173 0.011166945840312675 0.008483563096500531 
4 0.9226689000558347 0.7841993637327678 0.011725293132328308 0.01166489925768823 
4 0.9276940256839754 0.6810710498409331 0.01060859854829704 0.007953340402969246 
4 0.92071468453378 0.6887592788971368 0.010050251256281407 0.006362672322375398 
4 0.9229480737018425 0.6967126193001061 0.010050251256281407 0.008483563096500531 
4 0.9341150195421553 0.6927359490986215 0.012283640424343942 0.009013785790031814 
4 0.9254606365159129 0.707051961823966 0.009491903964265773 0.006892895015906681 
4 0.9148520379676158 0.7484093319194062 0.013958682300390842 0.007953340402969246 
4 0.9684533780011167 0.5397667020148462 0.009491903964265773 0.010604453870625663 
4 0.9729201563372417 0.5379109225874867 0.009491903964265773 0.011134676564156946 
4 0.9779452819653824 0.5349946977730647 0.008375209380234505 0.010604453870625663 
4 0.989391401451703 0.47720042417815484 0.012283640424343942 0.010604453870625663 
4 0.9352317141261864 0.4602332979851538 0.012283640424343942 0.009544008483563097 
4 0.9240647682858738 0.4708377518557794 0.00893355667225014 0.010604453870625663 
4 0.9463986599664992 0.46155885471898195 0.011166945840312675 0.007953340402969246 
4 0.9447236180904522 0.45042417815482505 0.012283640424343942 0.009013785790031814 
4 0.9408151870463428 0.44644750795334043 0.011166945840312675 0.009544008483563097 
4 0.9463986599664992 0.4559915164369035 0.011166945840312675 0.008483563096500531 
4 0.9810161920714685 0.4618239660657476 0.01340033500837521 0.009544008483563097 
4 0.9391401451702959 0.4411452810180276 0.01340033500837521 0.009544008483563097 
4 0.9787828029034059 0.4573170731707317 0.012283640424343942 0.01007423117709438 
4 0.9729201563372417 0.4469777306468717 0.012841987716359575 0.010604453870625663 
4 0.9706867671691792 0.4427359490986214 0.012841987716359575 0.009544008483563097 
4 0.9676158570630933 0.43796394485683987 0.010050251256281407 0.008483563096500531 
4 0.9659408151870463 0.4337221633085896 0.011166945840312675 0.008483563096500531 
4 0.963428252372976 0.42815482502651114 0.011725293132328308 0.01007423117709438 
4 0.9249022892238973 0.4411452810180276 0.011725293132328308 0.009544008483563097 
4 0.9327191513121161 0.4318663838812301 0.011725293132328308 0.009013785790031814 
4 0.9584031267448353 0.419406150583245 0.013958682300390842 0.009544008483563097 
4 0.9396984924623115 0.3282078472958643 0.010050251256281407 0.01166489925768823 
4 0.9008933556672251 0.3480911983032874 0.009491903964265773 0.012195121951219513 
4 0.9095477386934674 0.3430540827147402 0.00893355667225014 0.010604453870625663 
4 0.9156895589056393 0.34146341463414637 0.007816862088218872 0.008483563096500531 
4 0.9212730318257957 0.33748674443266174 0.010050251256281407 0.012195121951219513 
4 0.9285315466219989 0.33244962884411455 0.010050251256281407 0.01166489925768823 
4 0.9341150195421553 0.33006362672322376 0.010050251256281407 0.011134676564156946 
4 0.9444444444444444 0.3263520678685048 0.008375209380234505 0.01007423117709438 
4 0.9288107202680067 0.4241781548250265 0.01060859854829704 0.008483563096500531 
4 0.9491903964265773 0.3231707317073171 0.00893355667225014 0.011134676564156946 
4 0.9159687325516471 0.3693001060445387 0.01060859854829704 0.013255567338282079 
4 0.9209938581797878 0.36585365853658536 0.008375209380234505 0.01166489925768823 
4 0.9324399776661083 0.36240721102863205 0.011166945840312675 0.012195121951219513 
4 0.9151312116136237 0.4244432661717922 0.01340033500837521 0.009013785790031814 
4 0.9257398101619208 0.41914103923647933 0.011166945840312675 0.009013785790031814 
4 0.9600781686208822 0.4233828207847296 0.01060859854829704 0.01007423117709438 
4 0.9533780011166946 0.41171792152704134 0.011725293132328308 0.009013785790031814 
4 0.983249581239531 0.5294273594909862 0.012283640424343942 0.009013785790031814 
4 0.9377442769402569 0.5911983032873807 0.012841987716359575 0.008483563096500531 
4 0.9556113902847572 0.5026511134676565 0.009491903964265773 0.010604453870625663 
4 0.9595198213288666 0.5 0.0072585147962032385 0.009544008483563097 
4 0.9251814628699051 0.5681336161187699 0.012283640424343942 0.009013785790031814 
4 0.9304857621440537 0.5766171792152704 0.01060859854829704 0.009013785790031814 
4 0.9332774986041318 0.5821845174973489 0.011725293132328308 0.008483563096500531 
4 0.9352317141261864 0.587221633085896 0.011166945840312675 0.007953340402969246 
4 0.9483528754885538 0.5352598091198303 0.009491903964265773 0.012195121951219513 
4 0.9472361809045227 0.5063626723223754 0.008375209380234505 0.009544008483563097 
4 0.9522613065326633 0.5323435843054083 0.009491903964265773 0.012725344644750796 
4 0.9575656058068118 0.53101802757158 0.00893355667225014 0.013255567338282079 
4 0.9617532104969291 0.5291622481442205 0.01060859854829704 0.013785790031813362 
4 0.9701284198771636 0.5249204665959704 0.01060859854829704 0.013785790031813362 
4 0.9779452819653824 0.5185577942735949 0.011725293132328308 0.009544008483563097 
4 0.980178671133445 0.5233297985153764 0.012841987716359575 0.009544008483563097 
4 0.9503070910106086 0.503711558854719 0.007816862088218872 0.010604453870625663 
4 0.9416527079843663 0.5079533404029692 0.008375209380234505 0.010604453870625663 
4 0.9503070910106086 0.4074761399787911 0.010050251256281407 0.007953340402969246 
4 0.9391401451702959 0.4968186638388123 0.010050251256281407 0.01166489925768823 
4 0.9475153545505304 0.4027041357370095 0.010050251256281407 0.009013785790031814 
4 0.9463986599664992 0.39660657476139977 0.011166945840312675 0.009544008483563097 
4 0.914572864321608 0.5071580063626723 0.00893355667225014 0.01007423117709438 
4 0.9098269123394751 0.5100742311770944 0.009491903964265773 0.010604453870625663 
4 0.923785594639866 0.5026511134676565 0.009491903964265773 0.01166489925768823 
4 0.9349525404801786 0.4992046659597031 0.008375209380234505 0.011134676564156946 
4 0.9441652707984366 0.49284199363732767 0.010050251256281407 0.012195121951219513 
4 0.9338358458961474 0.513255567338282 0.01060859854829704 0.010604453870625663 
4 0.9503070910106086 0.49151643690349944 0.010050251256281407 0.010604453870625663 
4 0.9597989949748744 0.4872746553552492 0.010050251256281407 0.012725344644750796 
4 0.9662199888330542 0.4851537645811241 0.009491903964265773 0.01166489925768823 
4 0.9084310441094361 0.5262460233297985 0.011166945840312675 0.012195121951219513 
4 0.9187604690117253 0.5209437963944857 0.01060859854829704 0.011134676564156946 
4 0.9240647682858738 0.517762460233298 0.00893355667225014 0.011134676564156946 
4 0.5385259631490787 0.9623541887592789 0.012841987716359575 0.007423117709437964 
4 0.5530429927414852 0.9652704135737009 0.011725293132328308 0.007953340402969246 
4 0.8939140145170296 0.36426299045599153 0.011166945840312675 0.008483563096500531 
4 0.5340591848129537 0.9461823966065748 0.011725293132328308 0.007953340402969246 
6 0.5295924064768286 0.051961823966065745 0.012841987716359575 0.007423117709437964 
6 0.5111669458403126 0.059650053022269355 0.009491903964265773 0.006892895015906681 
6 0.4718034617532105 0.147932131495228 0.01786711334450028 0.009544008483563097 
6 0.522892238972641 0.1102863202545069 0.012841987716359575 0.008483563096500531 
6 0.4528196538246789 0.08271474019088017 0.01340033500837521 0.008483563096500531 
6 0.47096594081518706 0.06018027571580064 0.01060859854829704 0.007953340402969246 
6 0.7529313232830821 0.23356309650053023 0.0072585147962032385 0.01007423117709438 
6 0.7557230597431602 0.24204665959703076 0.008375209380234505 0.009013785790031814 
6 0.7573981016192072 0.24893955461293743 0.006141820212171971 0.006892895015906681 
6 0.7624232272473479 0.26935312831389185 0.006141820212171971 0.007423117709437964 
6 0.7733109994416527 0.309915164369035 0.00446677833612507 0.006892895015906681 
6 0.8045784477945283 0.4220572640509014 0.005583472920156337 0.007423117709437964 
6 0.8012283640424344 0.4151643690349947 0.006700167504187605 0.007423117709437964 
6 0.6859296482412061 0.32873806998939553 0.0072585147962032385 0.007423117709437964 
6 0.6901172529313233 0.33324496288441147 0.006700167504187605 0.004772004241781549 
6 0.5658849804578447 0.0408271474019088 0.009491903964265773 0.006362672322375398 
6 0.5901730876605249 0.10312831389183456 0.015633724176437745 0.022799575821845174 
6 0.5069793411501954 0.3104453870625663 0.03350083752093802 0.016436903499469777 
4 0.41457286432160806 0.4923117709437964 0.011725293132328308 0.007953340402969246 
4 0.4173646007816862 0.5026511134676565 0.01060859854829704 0.007423117709437964 
4 0.4165270798436628 0.49787910922587486 0.011166945840312675 0.006362672322375398 
4 0.3743718592964824 0.49628844114528103 0.011725293132328308 0.006362672322375398 
4 0.40619765494137355 0.46527041357370097 0.012841987716359575 0.006892895015906681 
4 0.41150195421552205 0.4809119830328738 0.01340033500837521 0.008483563096500531 
4 0.4137353433835846 0.4864793213149523 0.012283640424343942 0.007953340402969246 
13 0.27917364600781686 0.560710498409332 0.02568397543271915 0.022799575821845174 
6 0.387213847012842 0.34835630965005304 0.012841987716359575 0.02332979851537646 
6 0.051926298157453935 0.015906680805938492 0.01786711334450028 0.008483563096500531 
6 0.01786711334450028 0.006362672322375398 0.02121719709659408 0.010604453870625663 
4 0.5552763819095478 0.9872746553552492 0.013958682300390842 0.008483563096500531 
12 0.1856504745951982 0.38997879109225875 0.12562814070351758 0.12460233297985154 
6 0.1390284757118928 0.4003181336161188 0.015633724176437745 0.032873806998939555 
11 0.43634840871021774 0.7150053022269353 0.013958682300390842 0.011134676564156946 
6 0.6795086543830262 0.3080593849416755 0.00893355667225014 0.01166489925768823 
6 0.8188163037409268 0.4777306468716861 0.0072585147962032385 0.008483563096500531 
6 0.824678950307091 0.5018557794273595 0.005583472920156337 0.007953340402969246 
6 0.1471245114461195 0.11426299045599152 0.0072585147962032385 0.009013785790031814 
6 0.7867113344500279 0.8290031813361611 0.010050251256281407 0.007953340402969246 
6 0.6105527638190955 0.5511664899257688 0.009491903964265773 0.012195121951219513 
6 0.4785036292573981 0.5813891834570519 0.00893355667225014 0.011134676564156946 
6 0.4564489112227806 0.5360551431601273 0.009491903964265773 0.013785790031813362 
6 0.4648241206030151 0.5368504772004242 0.01060859854829704 0.014316012725344645 
6 0.4455611390284757 0.5113997879109226 0.005583472920156337 0.007953340402969246 
6 0.15214963707426019 0.1320254506892895 0.006141820212171971 0.008483563096500531 
6 0.8330541596873255 0.8181336161187699 0.010050251256281407 0.006362672322375398 
6 0.15466219988833055 0.13997879109225875 0.005583472920156337 0.008483563096500531 
6 0.1568955890563931 0.1492576882290562 0.005583472920156337 0.006892895015906681 
6 0.16862088218872137 0.1914103923647932 0.005583472920156337 0.007423117709437964 
6 0.17839195979899497 0.22773064687168612 0.006141820212171971 0.006892895015906681 
6 0.19932998324958123 0.30593849416755037 0.007816862088218872 0.009544008483563097 
6 0.1968174204355109 0.2971898197242842 0.0072585147962032385 0.009013785790031814 
6 0.5455053042992741 0.870625662778367 0.00893355667225014 0.010604453870625663 
6 0.5251256281407035 0.7918875927889714 0.008375209380234505 0.011134676564156946 
6 0.8271915131211613 0.5111346765641569 0.006141820212171971 0.007423117709437964 
6 0.864321608040201 0.6508483563096501 0.006700167504187605 0.009013785790031814 
6 0.8294249022892239 0.5201484623541888 0.006141820212171971 0.008483563096500531 
6 0.8316582914572864 0.5267762460233298 0.006141820212171971 0.006892895015906681 
6 0.8333333333333334 0.5339342523860021 0.005025125628140704 0.006362672322375398 
6 0.835287548855388 0.54135737009544 0.006700167504187605 0.007423117709437964 
6 0.853713009491904 0.6100212089077413 0.006700167504187605 0.009013785790031814 
6 0.8606923506420994 0.6362672322375398 0.006141820212171971 0.008483563096500531 
6 0.8626465661641541 0.6431601272534464 0.005583472920156337 0.008483563096500531 
6 0.5368509212730318 0.6983032873806999 0.01060859854829704 0.007423117709437964 
4 0.8877721943048577 0.6574761399787911 0.010050251256281407 0.007423117709437964 
6 0.6532663316582915 0.7704135737009544 0.007816862088218872 0.006362672322375398 
6 0.8766052484645449 0.6914103923647932 0.007816862088218872 0.0042417815482502655 
6 0.8774427694025684 0.6951219512195121 0.0072585147962032385 0.0042417815482502655 
6 0.490787269681742 0.66118769883351 0.011166945840312675 0.014846235418875928 
6 0.4966499162479062 0.6831919406150583 0.006141820212171971 0.009013785790031814 
4 0.3777219430485762 0.5066277836691411 0.011725293132328308 0.006892895015906681 
4 0.38107202680067004 0.5188229056203606 0.012841987716359575 0.007953340402969246 
4 0.4193188163037409 0.5084835630965006 0.01340033500837521 0.007423117709437964 
4 0.4980457844779453 0.8022269353128314 0.011166945840312675 0.007423117709437964 
4 0.5072585147962032 0.8319194061505832 0.01060859854829704 0.005302226935312832 
4 0.5044667783361251 0.8274125132555673 0.01060859854829704 0.006892895015906681 
4 0.5027917364600781 0.8226405090137858 0.01060859854829704 0.006892895015906681 
4 0.501675041876047 0.8165429480381761 0.011725293132328308 0.007423117709437964 
4 0.5008375209380235 0.8120360551431601 0.011166945840312675 0.005832449628844115 
4 0.4997208263539922 0.8072640509013785 0.01340033500837521 0.007953340402969246 
4 0.49581239530988275 0.796659597030753 0.014517029592406477 0.009013785790031814 
4 0.5097710776102736 0.8472958642629904 0.011166945840312675 0.006362672322375398 
4 0.46119486320491343 0.672322375397667 0.011166945840312675 0.006362672322375398 
4 0.40787269681742044 0.6566808059384942 0.01060859854829704 0.01007423117709438 
4 0.4316024567280849 0.6503181336161188 0.011166945840312675 0.006892895015906681 
4 0.40480178671133443 0.6521739130434783 0.011166945840312675 0.009544008483563097 
4 0.40117252931323283 0.6460763520678685 0.011725293132328308 0.01007423117709438 
4 0.4288107202680067 0.6333510074231177 0.014517029592406477 0.01007423117709438 
4 0.5080960357342267 0.8369565217391305 0.011166945840312675 0.005832449628844115 
4 0.5108877721943048 0.852863202545069 0.011166945840312675 0.006892895015906681 
4 0.3732551647124511 0.637592788971368 0.01507537688442211 0.009013785790031814 
4 0.4896705750977108 0.9355779427359491 0.010050251256281407 0.013255567338282079 
4 0.5463428252372976 0.9318663838812301 0.011725293132328308 0.006892895015906681 
4 0.5323841429369067 0.9353128313891834 0.01060859854829704 0.006362672322375398 
4 0.5337800111669458 0.9406150583244963 0.012283640424343942 0.006362672322375398 
4 0.4860413176996092 0.9085365853658537 0.01060859854829704 0.012195121951219513 
4 0.480178671133445 0.9117179215270413 0.011166945840312675 0.012195121951219513 
4 0.4849246231155779 0.9382290562036055 0.01060859854829704 0.013255567338282079 
4 0.4949748743718593 0.9329268292682927 0.009491903964265773 0.012195121951219513 
4 0.5117252931323283 0.8584305408271474 0.011725293132328308 0.006362672322375398 
4 0.4997208263539922 0.9302757158006363 0.010050251256281407 0.01007423117709438 
4 0.4715242881072027 0.9162248144220573 0.01060859854829704 0.01166489925768823 
4 0.5195421552205471 0.8849416755037116 0.011725293132328308 0.006362672322375398 
4 0.5178671133445003 0.8791092258748674 0.01060859854829704 0.007423117709437964 
4 0.5170295924064768 0.8740721102863203 0.012283640424343942 0.006892895015906681 
4 0.5128419877163596 0.8632025450689289 0.013958682300390842 0.007423117709437964 
4 0.44779452819653826 0.6171792152704135 0.011166945840312675 0.007423117709437964 
4 0.42294807370184256 0.6118769883351007 0.012841987716359575 0.008483563096500531 
4 0.42183137911781127 0.5182926829268293 0.011725293132328308 0.007953340402969246 
4 0.3553880513679509 0.5689289501590669 0.011725293132328308 0.007423117709437964 
4 0.384142936906756 0.5689289501590669 0.012283640424343942 0.007423117709437964 
4 0.39028475711892796 0.5514316012725344 0.012283640424343942 0.006362672322375398 
4 0.3888888888888889 0.545864262990456 0.012841987716359575 0.006892895015906681 
4 0.37660524846454496 0.5487804878048781 0.01060859854829704 0.007423117709437964 
4 0.35817978782802906 0.5805938494167551 0.011725293132328308 0.007423117709437964 
4 0.3573422668900056 0.5742311770943797 0.011166945840312675 0.007423117709437964 
4 0.34477945281965383 0.577677624602333 0.012841987716359575 0.006892895015906681 
4 0.4109436069235064 0.5678685047720042 0.012283640424343942 0.008483563096500531 
4 0.34477945281965383 0.5835100742311771 0.011725293132328308 0.006892895015906681 
4 0.3472920156337242 0.5935843054082715 0.011166945840312675 0.007953340402969246 
4 0.42908989391401453 0.5477200424178155 0.011725293132328308 0.007423117709437964 
4 0.42741485203796764 0.542152704135737 0.011725293132328308 0.006892895015906681 
4 0.42546063651591287 0.528897136797455 0.012283640424343942 0.006892895015906681 
4 0.42266890005583474 0.5230646871686108 0.011166945840312675 0.007953340402969246 
4 0.38498045784477947 0.5744962884411453 0.011725293132328308 0.005832449628844115 
4 0.39335566722501397 0.5617709437963945 0.01060859854829704 0.006892895015906681 
4 0.4416527079843663 0.5965005302226936 0.011166945840312675 0.006362672322375398 
4 0.40033500837520936 0.587221633085896 0.011166945840312675 0.007953340402969246 
4 0.41903964265773314 0.601272534464475 0.011725293132328308 0.008483563096500531 
4 0.40703517587939697 0.6134676564156946 0.011166945840312675 0.006362672322375398 
4 0.4045226130653266 0.602863202545069 0.01060859854829704 0.007423117709437964 
4 0.4028475711892797 0.5975609756097561 0.011725293132328308 0.007423117709437964 
4 0.39028475711892796 0.605779427359491 0.011166945840312675 0.006892895015906681 
4 0.40145170295924065 0.5930540827147401 0.010050251256281407 0.006892895015906681 
4 0.4168062534896706 0.58881230116649 0.012841987716359575 0.009013785790031814 
4 0.39503070910106086 0.5670731707317073 0.009491903964265773 0.004772004241781549 
4 0.4140145170295924 0.5797985153764581 0.012841987716359575 0.007953340402969246 
4 0.43467336683417085 0.5691940615058324 0.01060859854829704 0.005832449628844115 
4 0.3888888888888889 0.5896076352067868 0.01060859854829704 0.006362672322375398 
4 0.3944723618090452 0.5784729586426299 0.012841987716359575 0.007423117709437964 
4 0.38665549972082636 0.5840402969247084 0.01060859854829704 0.006892895015906681 
4 0.39503070910106086 0.5723753976670202 0.01060859854829704 0.006892895015906681 
4 0.8941931881630374 0.3515376458112407 0.008375209380234505 0.010604453870625663 
4 0.8824678950307091 0.3571049840933192 0.009491903964265773 0.011134676564156946 
6 0.7593523171412618 0.4432661717921527 0.011166945840312675 0.019088016967126194 
6 0.7406476828587382 0.5951749734888653 0.011725293132328308 0.021739130434782608 
6 0.7322724734785037 0.6709968186638389 0.013958682300390842 0.024920466595970307 
6 0.743997766610832 0.6672852598091198 0.013958682300390842 0.022799575821845174 
6 0.7543271915131211 0.6659597030752916 0.01340033500837521 0.02332979851537646 
6 0.7654941373534339 0.6630434782608695 0.012283640424343942 0.02386002120890774 
6 0.775823562255723 0.6595970307529162 0.011725293132328308 0.021208907741251327 
6 0.7861529871580123 0.6574761399787911 0.011166945840312675 0.021208907741251327 
6 0.7981574539363484 0.6540296924708378 0.012841987716359575 0.021739130434782608 
6 0.7130094919039642 0.6484623541887593 0.010050251256281407 0.016967126193001062 
6 0.7230597431602457 0.6466065747613998 0.012283640424343942 0.019618239660657476 
6 0.7342266890005583 0.6444856839872747 0.012283640424343942 0.020678685047720042 
6 0.7437185929648241 0.6418345705196182 0.012283640424343942 0.019618239660657476 
6 0.7543271915131211 0.6391834570519618 0.01340033500837521 0.021739130434782608 
6 0.7635399218313791 0.6365323435843054 0.01060859854829704 0.016436903499469777 
6 0.7727526521496371 0.633881230116649 0.011166945840312675 0.017497348886532343 
6 0.7830820770519263 0.6314952279957582 0.011725293132328308 0.02014846235418876 
6 0.7219430485762144 0.6725874867444327 0.01340033500837521 0.022799575821845174 
6 0.7063093243997767 0.6643690349946978 0.020100502512562814 0.03923647932131495 
6 0.7802903405918481 0.7168610816542949 0.01060859854829704 0.021208907741251327 
6 0.791178112786153 0.7147401908801697 0.012283640424343942 0.022269353128313893 
6 0.8565047459519821 0.6980381760339343 0.01340033500837521 0.022799575821845174 
6 0.8464544946957008 0.7006892895015907 0.01340033500837521 0.022799575821845174 
6 0.8350083752093802 0.7038706256627784 0.012841987716359575 0.022799575821845174 
6 0.820212171970966 0.7036055143160127 0.006700167504187605 0.009544008483563097 
6 0.8123953098827471 0.707847295864263 0.014517029592406477 0.02332979851537646 
6 0.8026242322724735 0.7120890774125133 0.012841987716359575 0.022269353128313893 
6 0.7800111669458403 0.7478791092258749 0.015633724176437745 0.025980911983032873 
6 0.7685650474595198 0.718186638388123 0.013958682300390842 0.02386002120890774 
6 0.7671691792294807 0.7494697773064687 0.014517029592406477 0.025980911983032873 
6 0.7548855388051368 0.7518557794273595 0.014517029592406477 0.02332979851537646 
6 0.7261306532663316 0.73966065747614 0.01954215522054718 0.036055143160127257 
6 0.7356225572305974 0.7277306468716861 0.013958682300390842 0.021739130434782608 
6 0.7467895030709101 0.7232237539766702 0.013958682300390842 0.024390243902439025 
6 0.7568397543271915 0.7197773064687168 0.013958682300390842 0.02386002120890774 
6 0.7922948073701842 0.6299045599151644 0.011166945840312675 0.019088016967126194 
6 0.8012283640424344 0.6280487804878049 0.01340033500837521 0.020678685047720042 
6 0.8107202680067002 0.6261930010604454 0.011166945840312675 0.018027571580063628 
6 0.7152428810720268 0.5768822905620361 0.012283640424343942 0.019088016967126194 
6 0.7903405918481295 0.5588547189819725 0.01060859854829704 0.016967126193001062 
6 0.7624232272473479 0.5652173913043478 0.011725293132328308 0.019088016967126194 
6 0.7529313232830821 0.5673382820784729 0.01060859854829704 0.019088016967126194 
6 0.7437185929648241 0.5697242841993637 0.011166945840312675 0.01855779427359491 
6 0.7342266890005583 0.5721102863202545 0.011166945840312675 0.019088016967126194 
6 0.7250139586823003 0.5744962884411453 0.011725293132328308 0.019618239660657476 
6 0.705750977107761 0.5790031813361611 0.011166945840312675 0.019088016967126194 
6 0.7716359575656058 0.5620360551431601 0.012283640424343942 0.021208907741251327 
6 0.6957007258514796 0.5811240721102863 0.011166945840312675 0.019088016967126194 
6 0.6862088218872139 0.5827147401908802 0.011166945840312675 0.02014846235418876 
6 0.6915131211613623 0.6055143160127253 0.011725293132328308 0.022269353128313893 
6 0.701284198771636 0.6033934252386002 0.011166945840312675 0.019088016967126194 
6 0.711892797319933 0.6015376458112407 0.011166945840312675 0.020678685047720042 
6 0.7211055276381909 0.598356309650053 0.011725293132328308 0.019618239660657476 
6 0.7822445561139029 0.5604453870625663 0.011166945840312675 0.018027571580063628 
6 0.7688442211055276 0.5877518557794273 0.011166945840312675 0.020678685047720042 
6 0.820212171970966 0.6253976670201484 0.010050251256281407 0.015376458112407211 
6 0.820212171970966 0.6503181336161188 0.01340033500837521 0.022799575821845174 
6 0.8297040759352318 0.6216861081654295 0.011166945840312675 0.01855779427359491 
6 0.8394751535455053 0.6195652173913043 0.011725293132328308 0.01855779427359491 
6 0.8484087102177554 0.6158536585365854 0.012841987716359575 0.021739130434782608 
6 0.8534338358458962 0.6423647932131495 0.012841987716359575 0.021739130434782608 
6 0.8422668900055835 0.6444856839872747 0.012841987716359575 0.022799575821845174 
6 0.8310999441652708 0.6474019088016967 0.012841987716359575 0.021208907741251327 
6 0.8096035734226689 0.6524390243902439 0.01340033500837521 0.02386002120890774 
6 0.7780569514237856 0.5845705196182397 0.01060859854829704 0.01855779427359491 
6 0.8361250697934115 0.5718451749734889 0.012841987716359575 0.022799575821845174 
6 0.8257956448911222 0.5742311770943797 0.012283640424343942 0.021208907741251327 
6 0.8157453936348409 0.5750265111346765 0.011166945840312675 0.01855779427359491 
6 0.8065326633165829 0.5782078472958643 0.011725293132328308 0.020678685047720042 
6 0.7970407593523171 0.5808589607635207 0.011725293132328308 0.019618239660657476 
6 0.7878280290340591 0.5829798515376459 0.011166945840312675 0.020678685047720042 
6 0.7917364600781687 0.7439024390243902 0.015633724176437745 0.026511134676564158 
6 0.8031825795644891 0.7409862142099682 0.013958682300390842 0.025980911983032873 
6 0.8151870463428252 0.7375397667020148 0.014517029592406477 0.026511134676564158 
6 0.7029592406476829 0.53101802757158 0.012283640424343942 0.020678685047720042 
6 0.6962590731434952 0.5076882290562036 0.014517029592406477 0.021739130434782608 
6 0.7063093243997767 0.5050371155885471 0.01340033500837521 0.020678685047720042 
6 0.7163595756560581 0.5042417815482503 0.012283640424343942 0.019088016967126194 
6 0.6708542713567839 0.5312831389183457 0.02065884980457845 0.031813361611876985 
6 0.6836962590731435 0.5355249204665959 0.012841987716359575 0.021208907741251327 
6 0.6931881630374093 0.532608695652174 0.012841987716359575 0.020678685047720042 
6 0.711892797319933 0.5286320254506893 0.012283640424343942 0.02014846235418876 
6 0.6769960915689559 0.513255567338282 0.012841987716359575 0.02014846235418876 
6 0.7219430485762144 0.5262460233297985 0.011166945840312675 0.019618239660657476 
6 0.7311557788944724 0.5241251325556734 0.012841987716359575 0.021739130434782608 
6 0.7406476828587382 0.5217391304347826 0.011725293132328308 0.02014846235418876 
6 0.7506979341150195 0.5204135737009544 0.012841987716359575 0.020678685047720042 
6 0.7601898380792853 0.5185577942735949 0.011725293132328308 0.021208907741251327 
6 0.7451144611948632 0.4968186638388123 0.01060859854829704 0.018027571580063628 
6 0.6864879955332217 0.5100742311770944 0.012841987716359575 0.021208907741251327 
6 0.678391959798995 0.43981972428419935 0.01340033500837521 0.021739130434782608 
6 0.7534896705750977 0.4949628844114528 0.01060859854829704 0.019618239660657476 
6 0.7068676716917923 0.4318663838812301 0.011166945840312675 0.019618239660657476 
6 0.7501395868230039 0.4459172852598091 0.01060859854829704 0.019088016967126194 
6 0.740926856504746 0.4483032873806999 0.012283640424343942 0.021739130434782608 
6 0.7311557788944724 0.44989395546129374 0.011725293132328308 0.019618239660657476 
6 0.7222222222222222 0.4528101802757158 0.011725293132328308 0.019088016967126194 
6 0.7130094919039642 0.45493107104984093 0.011166945840312675 0.018027571580063628 
6 0.7029592406476829 0.45705196182396607 0.012283640424343942 0.019088016967126194 
6 0.6878838637632607 0.4369034994697773 0.01340033500837521 0.021208907741251327 
6 0.6675041876046901 0.4427359490986214 0.01060859854829704 0.018027571580063628 
6 0.6940256839754327 0.46049840933191943 0.012283640424343942 0.021739130434782608 
6 0.6848129536571748 0.4623541887592789 0.011725293132328308 0.02014846235418876 
6 0.6747627024008933 0.4642099681866384 0.012841987716359575 0.021739130434782608 
6 0.6652707984366276 0.4660657476139979 0.011725293132328308 0.02014846235418876 
6 0.6510329424902289 0.45970307529162246 0.01675041876046901 0.02863202545068929 
6 0.6580122836404243 0.4435312831389183 0.012841987716359575 0.020678685047720042 
6 0.734785036292574 0.4986744432661718 0.01340033500837521 0.021739130434782608 
6 0.7632607481853713 0.4941675503711559 0.011166945840312675 0.018027571580063628 
6 0.8271915131211613 0.7354188759278897 0.01619207146845338 0.02863202545068929 
6 0.8470128419877163 0.7963944856839873 0.014517029592406477 0.02545068928950159 
6 0.7772194304857621 0.8125662778366914 0.014517029592406477 0.024920466595970307 
6 0.7883863763260748 0.8096500530222693 0.014517029592406477 0.02545068928950159 
6 0.8001116694584032 0.8072640509013785 0.014517029592406477 0.024920466595970307 
6 0.810999441652708 0.8030222693531283 0.013958682300390842 0.025980911983032873 
6 0.8227247347850363 0.8014316012725344 0.01507537688442211 0.025980911983032873 
6 0.8344500279173646 0.7985153764581124 0.01619207146845338 0.027571580063626724 
6 0.8581797878280291 0.7934782608695652 0.014517029592406477 0.025980911983032873 
6 0.774427694025684 0.8319194061505832 0.010050251256281407 0.005302226935312832 
6 0.8802345058626466 0.7887062566277837 0.013958682300390842 0.02386002120890774 
6 0.8911222780569514 0.7855249204665959 0.014517029592406477 0.024920466595970307 
6 0.8746510329424902 0.7245493107104984 0.013958682300390842 0.024920466595970307 
6 0.8626465661641541 0.7261399787910923 0.015633724176437745 0.028101802757158005 
6 0.8509212730318257 0.7290562036055143 0.015633724176437745 0.026511134676564158 
6 0.8389168062534896 0.732237539766702 0.01507537688442211 0.026511134676564158 
6 0.7654941373534339 0.8157476139978791 0.014517029592406477 0.025980911983032873 
6 0.7562814070351759 0.8361611876988335 0.0072585147962032385 0.005302226935312832 
6 0.5549972082635399 0.8584305408271474 0.018983807928531545 0.030752916224814422 
6 0.6395868230039085 0.8396076352067868 0.01954215522054718 0.037645811240721104 
6 0.570072585147962 0.8581654294803818 0.020100502512562814 0.03552492046659597 
6 0.541038525963149 0.8515376458112407 0.00893355667225014 0.014846235418875928 
6 0.5840312674483529 0.8533934252386002 0.02121719709659408 0.037645811240721104 
6 0.5985482970407594 0.8525980911983033 0.01786711334450028 0.030752916224814422 
6 0.6113902847571189 0.8480911983032874 0.018983807928531545 0.0344644750795334 
6 0.6250697934115019 0.8414634146341463 0.018425460636515914 0.03499469777306469 
6 0.6529871580122837 0.8332449628844114 0.01954215522054718 0.03552492046659597 
6 0.7649357900614182 0.834305408271474 0.010050251256281407 0.006892895015906681 
6 0.6663874930206588 0.8295334040296924 0.018425460636515914 0.036585365853658534 
6 0.6817420435510888 0.8313891834570519 0.01786711334450028 0.031813361611876985 
6 0.695142378559464 0.824761399787911 0.018983807928531545 0.0344644750795334 
6 0.7102177554438861 0.8226405090137858 0.020100502512562814 0.037645811240721104 
6 0.7311557788944724 0.823966065747614 0.013958682300390842 0.024390243902439025 
6 0.7414852037967616 0.8191940615058324 0.01675041876046901 0.029692470837751856 
6 0.7314349525404802 0.5967656415694592 0.011166945840312675 0.020678685047720042 
6 0.7504187604690117 0.5925238600212089 0.011166945840312675 0.020678685047720042 
4 0.8749302065884981 0.36240721102863205 0.006700167504187605 0.01007423117709438 
6 0.7593523171412618 0.5896076352067868 0.012283640424343942 0.02014846235418876 
4 0.7155220547180347 0.019883351007423118 0.0072585147962032385 0.01007423117709438 
4 0.7252931323283082 0.016171792152704135 0.00893355667225014 0.012195121951219513 
4 0.7311557788944724 0.014581124072110286 0.008375209380234505 0.011134676564156946 
4 0.7403685092127303 0.012990455991516436 0.007816862088218872 0.011134676564156946 
4 0.7453936348408711 0.011134676564156946 0.007816862088218872 0.01166489925768823 
4 0.7015633724176438 0.009809119830328738 0.008375209380234505 0.011134676564156946 
4 0.7063093243997767 0.009013785790031814 0.007816862088218872 0.01166489925768823 
4 0.7116136236739252 0.007423117709437964 0.0072585147962032385 0.010604453870625663 
4 0.7171970965940815 0.006627783669141039 0.0072585147962032385 0.011134676564156946 
4 0.7222222222222222 0.005302226935312832 0.0072585147962032385 0.010604453870625663 
4 0.7872696817420436 0.012460233297985153 0.011166945840312675 0.007953340402969246 
4 0.785036292573981 0.007423117709437964 0.012283640424343942 0.008483563096500531 
4 0.7811278615298716 0.05275715800636267 0.011166945840312675 0.011134676564156946 
4 0.7599106644332775 0.059650053022269355 0.011166945840312675 0.007953340402969246 
4 0.7554438860971524 0.07582184517497349 0.012283640424343942 0.008483563096500531 
4 0.6990508096035735 0.024125132555673383 0.006700167504187605 0.01007423117709438 
4 0.7051926298157454 0.021739130434782608 0.00893355667225014 0.01166489925768823 
4 0.7853154662199888 0.02863202545068929 0.008375209380234505 0.01166489925768823 
4 0.7303182579564489 0.041357370095440084 0.005583472920156337 0.010604453870625663 
4 0.12562814070351758 0.292152704135737 0.010050251256281407 0.008483563096500531 
4 0.1407035175879397 0.30514316012725345 0.010050251256281407 0.011134676564156946 
4 0.696538246789503 0.04665959703075292 0.0072585147962032385 0.010604453870625663 
4 0.7024008933556672 0.04559915164369035 0.006700167504187605 0.010604453870625663 
4 0.7077051926298158 0.043213149522799574 0.0072585147962032385 0.011134676564156946 
4 0.7127303182579564 0.042417815482502653 0.0072585147962032385 0.01166489925768823 
4 0.7208263539921831 0.04374337221633086 0.006700167504187605 0.01007423117709438 
4 0.7797319932998324 0.030222693531283137 0.009491903964265773 0.01166489925768823 
4 0.7361809045226131 0.04029692470837752 0.006141820212171971 0.008483563096500531 
4 0.7442769402568398 0.03817603393425239 0.007816862088218872 0.010604453870625663 
4 0.7495812395309883 0.03685047720042418 0.006141820212171971 0.01007423117709438 
4 0.7599106644332775 0.03499469777306469 0.007816862088218872 0.010604453870625663 
4 0.7643774427694026 0.03366914103923648 0.007816862088218872 0.01007423117709438 
4 0.7741485203796762 0.031813361611876985 0.008375209380234505 0.010604453870625663 
4 0.768285873813512 0.0911983032873807 0.011166945840312675 0.007423117709437964 
4 0.739251814628699 0.10153764581124072 0.010050251256281407 0.011134676564156946 
4 0.7755443886097152 0.11611876988335101 0.011166945840312675 0.008483563096500531 
4 0.8813512004466778 0.2815482502651113 0.01060859854829704 0.008483563096500531 
4 0.890284757118928 0.2187168610816543 0.011725293132328308 0.009013785790031814 
4 0.8950307091010609 0.2258748674443266 0.01340033500837521 0.008483563096500531 
4 0.9017308766052484 0.23806998939554613 0.011166945840312675 0.009544008483563097 
4 0.9087102177554439 0.24734888653234358 0.011725293132328308 0.009013785790031814 
4 0.879676158570631 0.25212089077412514 0.013958682300390842 0.01007423117709438 
4 0.8651591289782244 0.25715800636267233 0.012841987716359575 0.009544008483563097 
4 0.8838637632607482 0.2865853658536585 0.010050251256281407 0.006892895015906681 
13 0.8160245672808487 0.29692470837751855 0.01507537688442211 0.016967126193001062 
4 0.9262981574539364 0.28207847295864263 0.010050251256281407 0.007423117709437964 
4 0.9274148520379676 0.28791092258748674 0.012283640424343942 0.009544008483563097 
4 0.9324399776661083 0.3154825026511135 0.010050251256281407 0.012725344644750796 
5 0.8933556672250139 0.26696712619300106 0.015633724176437745 0.021739130434782608 
4 0.974036850921273 0.2717391304347826 0.01060859854829704 0.013255567338282079 
4 0.9695700725851479 0.30434782608695654 0.008375209380234505 0.01166489925768823 
4 0.8283082077051926 0.23833510074231176 0.01060859854829704 0.009013785790031814 
4 0.890284757118928 0.04480381760339343 0.012841987716359575 0.009013785790031814 
4 0.7674483528754885 0.12327677624602333 0.009491903964265773 0.006892895015906681 
4 0.7568397543271915 0.16383881230116648 0.01060859854829704 0.010604453870625663 
4 0.7791736460078169 0.13414634146341464 0.012841987716359575 0.007423117709437964 
4 0.7816862088218872 0.1402439024390244 0.011166945840312675 0.007953340402969246 
4 0.7490228922389727 0.13812301166489926 0.01060859854829704 0.01007423117709438 
4 0.7509771077610273 0.14501590668080594 0.010050251256281407 0.011134676564156946 
4 0.7551647124511446 0.1569459172852598 0.011725293132328308 0.01166489925768823 
4 0.775823562255723 0.1561505832449629 0.01060859854829704 0.006892895015906681 
4 0.7587939698492462 0.16914103923647933 0.010050251256281407 0.010604453870625663 
4 0.8860971524288107 0.03897136797454931 0.011166945840312675 0.007953340402969246 
4 0.7872696817420436 0.15906680805938495 0.012283640424343942 0.009544008483563097 
4 0.7772194304857621 0.1678154825026511 0.011166945840312675 0.007953340402969246 
4 0.8302624232272473 0.1702014846235419 0.01340033500837521 0.012725344644750796 
4 0.879676158570631 0.021208907741251327 0.012841987716359575 0.008483563096500531 
4 0.8824678950307091 0.027571580063626724 0.012841987716359575 0.009544008483563097 
4 0.8849804578447794 0.03366914103923648 0.012283640424343942 0.007953340402969246 
4 0.12869905080960356 0.28791092258748674 0.01060859854829704 0.008483563096500531 
4 0.14182021217197097 0.26431601272534466 0.011166945840312675 0.007953340402969246 
4 0.304857621440536 0.008218451749734889 0.00893355667225014 0.012195121951219513 
6 0.5770519262981575 0.07820784729586426 0.013958682300390842 0.007953340402969246 
6 0.3073701842546064 0.41224814422057265 0.021775544388609715 0.016436903499469777 
6 0.527359017308766 0.038441145281018024 0.009491903964265773 0.005832449628844115 
6 0.5586264656616415 0.005302226935312832 0.01060859854829704 0.006362672322375398 
6 0.5695142378559463 0.04745493107104984 0.012283640424343942 0.006892895015906681 
6 0.5809603573422669 0.04480381760339343 0.005025125628140704 0.007953340402969246 
6 0.5784477945281965 0.08589607635206786 0.010050251256281407 0.008483563096500531 
6 0.6273031825795645 0.09676564156945917 0.011725293132328308 0.017497348886532343 
6 0.22613065326633167 0.13043478260869565 0.007816862088218872 0.010604453870625663 
6 0.5508096035734227 0.1805408271474019 0.01060859854829704 0.006892895015906681 
6 0.7292015633724176 0.14342523860021208 0.007816862088218872 0.009013785790031814 
6 0.7311557788944724 0.15190880169671261 0.006141820212171971 0.009013785790031814 
6 0.7381351200446677 0.17629904559915163 0.007816862088218872 0.011134676564156946 
6 0.7412060301507538 0.18531283138918345 0.006141820212171971 0.006892895015906681 
6 0.7428810720268006 0.19220572640509015 0.006141820212171971 0.009013785790031814 
6 0.2300390843104411 0.1492576882290562 0.006700167504187605 0.011134676564156946 
6 0.1044109436069235 0.8981972428419936 0.027917364600781685 0.013785790031813362 
6 0.7783361250697934 0.3244962884411453 0.007816862088218872 0.013785790031813362 
6 0.7875488553880514 0.5106044538706257 0.01060859854829704 0.02014846235418876 
6 0.7694025683975433 0.5145811240721103 0.01340033500837521 0.021739130434782608 
6 0.7721943048576214 0.4891304347826087 0.011166945840312675 0.020678685047720042 
6 0.7825237297599107 0.4878048780487805 0.011725293132328308 0.019088016967126194 
6 0.7922948073701842 0.48541887592788974 0.012283640424343942 0.019618239660657476 
6 0.8015075376884422 0.48197242841993637 0.012841987716359575 0.019088016967126194 
6 0.7786152987158013 0.51033934252386 0.011725293132328308 0.020678685047720042 
6 0.7973199329983249 0.5068928950159067 0.011166945840312675 0.019088016967126194 
6 0.8283082077051926 0.549575821845175 0.011725293132328308 0.01855779427359491 
6 0.8076493579006142 0.5060975609756098 0.011725293132328308 0.021739130434782608 
6 0.8165829145728644 0.5042417815482503 0.01060859854829704 0.019088016967126194 
6 0.8098827470686767 0.47932131495228 0.011725293132328308 0.019088016967126194 
6 0.8001116694584032 0.5551431601272534 0.012283640424343942 0.02014846235418876 
6 0.8096035734226689 0.5540827147401909 0.012283640424343942 0.019088016967126194 
6 0.818537130094919 0.5503711558854719 0.012283640424343942 0.02014846235418876 
6 0.5845896147403685 0.20307529162248145 0.007816862088218872 0.010604453870625663 
6 0.47822445561139026 0.6134676564156946 0.0072585147962032385 0.009544008483563097 
4 0.31072026800670016 0.007423117709437964 0.006141820212171971 0.01166489925768823 
4 0.2498604131769961 0.04957582184517497 0.008375209380234505 0.011134676564156946 
4 0.1328866554997208 0.05434782608695652 0.00893355667225014 0.01007423117709438 
4 0.12367392518146288 0.04612937433722163 0.011725293132328308 0.01166489925768823 
4 0.14489112227805695 0.041622481442205726 0.009491903964265773 0.012195121951219513 
4 0.15326633165829145 0.03870625662778367 0.009491903964265773 0.012725344644750796 
4 0.16024567280848687 0.037910922587486746 0.00893355667225014 0.012195121951219513 
4 0.16806253489670575 0.035790031813361614 0.00893355667225014 0.013255567338282079 
4 0.3093243997766611 0.032873806998939555 0.007816862088218872 0.010604453870625663 
4 0.17197096594081518 0.06680805938494168 0.012283640424343942 0.009544008483563097 
4 0.31434952540480177 0.03128313891834571 0.007816862088218872 0.010604453870625663 
4 0.3210496929089894 0.031018027571580065 0.007816862088218872 0.012195121951219513 
4 0.33668341708542715 0.02704135737009544 0.007816862088218872 0.012725344644750796 
4 0.3528754885538805 0.023594909862142098 0.007816862088218872 0.012195121951219513 
4 0.29955332216638747 0.009544008483563097 0.008375209380234505 0.01166489925768823 
4 0.3905639307649358 0.015376458112407211 0.008375209380234505 0.012725344644750796 
4 0.14042434394193187 0.05275715800636267 0.008375209380234505 0.01007423117709438 
4 0.15717476270240088 0.0707847295864263 0.011725293132328308 0.009013785790031814 
6 0.5287548855388051 0.6418345705196182 0.011166945840312675 0.006892895015906681 
4 0.08068118369625907 0.03419936373276776 0.012841987716359575 0.011134676564156946 
6 0.5728643216080402 0.7253446447507953 0.010050251256281407 0.005302226935312832 
6 0.5139586823003909 0.7497348886532343 0.009491903964265773 0.012725344644750796 
6 0.32858738135120047 0.053817603393425235 0.012841987716359575 0.006892895015906681 
6 0.04578447794528197 0.007953340402969246 0.027917364600781685 0.013785790031813362 
4 0.02763819095477387 0.04692470837751856 0.01507537688442211 0.011134676564156946 
4 0.07370184254606366 0.03632025450689289 0.012283640424343942 0.01007423117709438 
4 0.08793969849246232 0.03260869565217391 0.011725293132328308 0.01007423117709438 
4 0.10329424902289223 0.0911983032873807 0.00893355667225014 0.013785790031813362 
4 0.10134003350083752 0.02863202545068929 0.01507537688442211 0.01166489925768823 
4 0.17978782802903406 0.009013785790031814 0.01340033500837521 0.009544008483563097 
4 0.076214405360134 0.07237539766702014 0.008375209380234505 0.012195121951219513 
4 0.015354550530429927 0.1129374337221633 0.008375209380234505 0.014846235418875928 
4 0.031546621998883306 0.10975609756097561 0.009491903964265773 0.012725344644750796 
4 0.06476828587381352 0.10259809119830329 0.015633724176437745 0.009013785790031814 
12 0.19011725293132328 0.2118239660657476 0.09659408151870463 0.23806998939554613 
