4 0.7635177128651336 0.02614138438880707 0.015537600994406464 0.03166421207658321 
4 0.0127408328154133 0.5500736377025037 0.015537600994406464 0.029455081001472753 
8 0.8502175264139217 0.13622974963181148 0.0944686140459913 0.16789396170839468 
1 0.33840894965817275 0.3913843888070692 0.20323182100683654 0.2496318114874816 
1 0.35829707893101304 0.7628865979381443 0.14481044126786824 0.17083946980854198 
1 0.6631448104412678 0.6958762886597938 0.13300186451211932 0.1634756995581738 
7 0.7949036668738346 0.3483063328424153 0.07458048477315103 0.14138438880706922 
7 0.8794282162834058 0.33063328424153166 0.07085146053449347 0.14138438880706922 
4 0.9524549409571162 0.015463917525773196 0.0254816656308266 0.016200294550810016 
4 0.9561839651957738 0.042341678939617086 0.0254816656308266 0.015463917525773196 
4 0.9229334990677439 0.09057437407952872 0.014916096954630205 0.029455081001472753 
4 0.9645742697327533 0.09720176730486009 0.02610316967060286 0.016200294550810016 
4 0.9620882535736482 0.07069219440353461 0.023617153511497825 0.014727540500736377 
4 0.9729645742697327 0.13991163475699558 0.020509633312616533 0.011782032400589101 
4 0.9745183343691733 0.18409425625920472 0.023617153511497825 0.016200294550810016 
4 0.9192044748290864 0.18593519882179677 0.012430080795525171 0.030191458026509573 
4 0.03853325046612803 0.707658321060383 0.012430080795525171 0.027982326951399118 
4 0.9875699192044748 0.23711340206185566 0.023617153511497825 0.017673048600883652 
4 0.04599129894344313 0.7650957290132547 0.012430080795525171 0.029455081001472753 
4 0.07022995649471722 0.9156848306332842 0.027346177750155375 0.021354933726067747 
4 0.9536979490366687 0.029823269513991165 0.022995649471721565 0.016936671575846832 
4 0.9021131137352393 0.06921944035346098 0.014294592914853946 0.026509572901325478 
4 0.9602237414543194 0.05412371134020619 0.027346177750155375 0.018409425625920472 
4 0.6594157862026103 0.009572901325478646 0.022374145431945307 0.017673048600883652 
4 0.6606587942821628 0.022091310751104567 0.022374145431945307 0.016200294550810016 
4 0.718769422001243 0.011413843888070692 0.026724673710379118 0.019882179675994108 
4 0.9679925419515227 0.11450662739322533 0.022995649471721565 0.019882179675994108 
4 0.9745183343691733 0.15316642120765833 0.023617153511497825 0.017673048600883652 
4 0.9822871348663766 0.9002209131075111 0.019266625233064015 0.018409425625920472 
4 0.7830950901180858 0.914580265095729 0.014916096954630205 0.029455081001472753 
4 0.7896208825357365 0.8663475699558174 0.024238657551274082 0.019882179675994108 
4 0.9791796146674954 0.20986745213549338 0.027967681789931635 0.016200294550810016 
8 0.7725295214418894 0.15279823269513992 0.09571162212554382 0.1715758468335788 
