4 0.04754505904288378 0.6712076583210603 0.011808576755748913 0.0066273932253313695 
6 0.33064014916096957 0.5011045655375552 0.031075201988812928 0.018409425625920472 
6 0.254816656308266 0.40832106038291605 0.009944064636420136 0.018409425625920472 
6 0.26289620882535736 0.40463917525773196 0.011187072715972654 0.019882179675994108 
6 0.30391547545059044 0.38365243004418265 0.03356121814791796 0.025036818851251842 
6 0.3107520198881293 0.3961708394698085 0.028589185829707892 0.017673048600883652 
6 0.3160348042262275 0.4101620029455081 0.030453697949036667 0.017673048600883652 
6 0.31914232442510876 0.42415316642120765 0.027967681789931635 0.017673048600883652 
6 0.3210068365444375 0.43924889543446244 0.030453697949036667 0.019882179675994108 
6 0.32318210068365444 0.45508100147275404 0.032318210068365445 0.020618556701030927 
6 0.32753262896208823 0.47017673048600883 0.03356121814791796 0.021354933726067747 
6 0.32877563704164076 0.48564064801178203 0.028589185829707892 0.016936671575846832 
6 0.3356121814791796 0.5165684830633285 0.03356121814791796 0.021354933726067747 
6 0.4266625233064015 0.3549337260677467 0.022995649471721565 0.014727540500736377 
6 0.33934120571783716 0.5320324005891016 0.032318210068365445 0.018409425625920472 
6 0.3418272218769422 0.5474963181148749 0.031075201988812928 0.018409425625920472 
6 0.3440024860161591 0.5640648011782032 0.027967681789931635 0.016200294550810016 
6 0.346177750155376 0.5798969072164949 0.03356121814791796 0.019882179675994108 
6 0.34990677439403356 0.5957290132547864 0.028589185829707892 0.016200294550810016 
6 0.353325046612803 0.6104565537555229 0.031696706028589185 0.01914580265095729 
6 0.37414543194530764 0.6248159057437408 0.057178371659415785 0.028718703976435934 
6 0.3840894965817278 0.6030927835051546 0.022374145431945307 0.016200294550810016 
6 0.3840894965817278 0.5887334315169367 0.024860161591050343 0.013991163475699559 
6 0.3788067122436296 0.572901325478645 0.02175264139216905 0.014727540500736377 
6 0.24673710379117464 0.4116347569955817 0.011187072715972654 0.01914580265095729 
6 0.23865755127408328 0.41494845360824745 0.011187072715972654 0.021354933726067747 
6 0.23057799875699192 0.41863033873343153 0.009944064636420136 0.018409425625920472 
6 0.2144188937228092 0.4263622974963181 0.009944064636420136 0.017673048600883652 
6 0.08732131758856433 0.6314432989690721 0.019266625233064015 0.012518409425625921 
6 0.08576755748912368 0.6229749631811488 0.018645121193287758 0.011782032400589101 
6 0.10379117464263518 0.617820324005891 0.019888129272840272 0.013254786450662739 
6 0.0839030453697949 0.6152430044182622 0.018645121193287758 0.012518409425625921 
6 0.08266003729024239 0.6067746686303387 0.01740211311373524 0.013254786450662739 
6 0.0997513983840895 0.6008836524300442 0.019266625233064015 0.013254786450662739 
6 0.08110627719080174 0.5990427098674521 0.018023617153511497 0.013991163475699559 
6 0.0764449968924798 0.583578792341679 0.01740211311373524 0.012518409425625921 
6 0.22343070229956494 0.5125184094256259 0.01678060907395898 0.030927835051546393 
6 0.2122436295835923 0.5176730486008837 0.01678060907395898 0.03240058910162003 
6 0.20074580484773152 0.522459499263623 0.01740211311373524 0.03313696612665685 
6 0.18924798011187072 0.5276141384388807 0.018023617153511497 0.03313696612665685 
6 0.17743940335612182 0.5320324005891016 0.015537600994406464 0.03166421207658321 
6 0.16687383467992542 0.5371870397643593 0.01678060907395898 0.03313696612665685 
6 0.1559975139838409 0.5427098674521355 0.014916096954630205 0.030927835051546393 
6 0.14947172156619018 0.45618556701030927 0.010565568676196395 0.021354933726067747 
6 0.16500932256059664 0.4480854197349043 0.010565568676196395 0.019882179675994108 
6 0.17339962709757614 0.44550810014727543 0.011187072715972654 0.020618556701030927 
6 0.18178993163455562 0.44035346097201766 0.010565568676196395 0.020618556701030927 
6 0.18986948415164698 0.4381443298969072 0.011808576755748913 0.022091310751104567 
6 0.20571783716594158 0.43004418262150224 0.009944064636420136 0.017673048600883652 
6 0.37632069608452456 0.5581737849779087 0.02175264139216905 0.014727540500736377 
6 0.37321317588564323 0.5434462444771723 0.02175264139216905 0.013254786450662739 
6 0.37321317588564323 0.5279823269513991 0.027967681789931635 0.016200294550810016 
6 0.4331883157240522 0.5368188512518409 0.022374145431945307 0.014727540500736377 
6 0.437538844002486 0.562960235640648 0.023617153511497825 0.013991163475699559 
6 0.44002486016159104 0.5769513991163475 0.02610316967060286 0.013991163475699559 
6 0.454319453076445 0.5909425625920471 0.041019266625233065 0.021354933726067747 
6 0.4670602858918583 0.5717967599410898 0.022995649471721565 0.013991163475699559 
6 0.4648850217526414 0.5600147275405007 0.022374145431945307 0.013991163475699559 
6 0.46333126165320077 0.5478645066273933 0.022995649471721565 0.014727540500736377 
6 0.4608452454940957 0.5364506627393225 0.022995649471721565 0.013991163475699559 
6 0.4586699813548788 0.5250368188512519 0.022374145431945307 0.013254786450662739 
6 0.4546302050963331 0.5128865979381443 0.020509633312616533 0.012518409425625921 
6 0.4540087010565569 0.5007363770250368 0.022995649471721565 0.014727540500736377 
6 0.4512119328775637 0.4896907216494845 0.022374145431945307 0.013254786450662739 
6 0.44965817277812303 0.47717231222385864 0.022995649471721565 0.014727540500736377 
6 0.44717215661901805 0.46686303387334316 0.02175264139216905 0.013254786450662739 
6 0.44655065257924176 0.4536082474226804 0.02175264139216905 0.013254786450662739 
6 0.4440646364201367 0.4425625920471281 0.02175264139216905 0.013254786450662739 
6 0.44095711622125544 0.43041237113402064 0.024238657551274082 0.015463917525773196 
6 0.4387818520820385 0.42047128129602357 0.02113113735239279 0.013254786450662739 
6 0.4372280919825979 0.40942562592047127 0.022995649471721565 0.014727540500736377 
6 0.435052827843381 0.39874815905743743 0.023617153511497825 0.015463917525773196 
6 0.43256681168427596 0.38807069219440354 0.02113113735239279 0.011782032400589101 
6 0.4310130515848353 0.37739322533136965 0.024238657551274082 0.013991163475699559 
6 0.4344313238036047 0.5504418262150221 0.024860161591050343 0.013991163475699559 
6 0.4285270354257303 0.5239322533136966 0.024238657551274082 0.015463917525773196 
6 0.3685518955873213 0.5132547864506627 0.024860161591050343 0.014727540500736377 
6 0.4275947793660659 0.5095729013254786 0.022374145431945307 0.013254786450662739 
6 0.36544437538844005 0.49852724594992637 0.024860161591050343 0.014727540500736377 
6 0.362958359229335 0.48306332842415317 0.02610316967060286 0.016200294550810016 
6 0.3589185829707893 0.4690721649484536 0.022995649471721565 0.016200294550810016 
6 0.3573648228713487 0.4536082474226804 0.02610316967060286 0.017673048600883652 
6 0.35394655065257924 0.43924889543446244 0.02175264139216905 0.015463917525773196 
6 0.3523927905531386 0.42415316642120765 0.024860161591050343 0.016200294550810016 
6 0.34990677439403356 0.4105301914580265 0.023617153511497825 0.013991163475699559 
6 0.3464885021752641 0.39764359351988215 0.0254816656308266 0.016200294550810016 
6 0.34462399005593536 0.38402061855670105 0.024238657551274082 0.015463917525773196 
6 0.3387197016780609 0.35714285714285715 0.02610316967060286 0.016200294550810016 
6 0.4002486016159105 0.3553019145802651 0.024860161591050343 0.015463917525773196 
6 0.4024238657551274 0.3703976435935199 0.02175264139216905 0.014727540500736377 
6 0.4045991298943443 0.38475699558173787 0.02113113735239279 0.012518409425625921 
6 0.4067743940335612 0.39874815905743743 0.022995649471721565 0.015463917525773196 
6 0.4089496581727781 0.41494845360824745 0.018645121193287758 0.012518409425625921 
6 0.41112492231199504 0.4270986745213549 0.0254816656308266 0.014727540500736377 
6 0.4139216904909882 0.44072164948453607 0.02610316967060286 0.016936671575846832 
6 0.418272218769422 0.4536082474226804 0.023617153511497825 0.014727540500736377 
6 0.4195152268489745 0.4679675994108984 0.023617153511497825 0.013991163475699559 
6 0.4223119950279677 0.48159057437407954 0.0254816656308266 0.016200294550810016 
6 0.4247980111870727 0.4955817378497791 0.0254816656308266 0.014727540500736377 
6 0.10845245494095712 0.6413843888070693 0.01678060907395898 0.011782032400589101 
6 0.09167184586699814 0.656480117820324 0.018023617153511497 0.012518409425625921 
6 0.09695463020509633 0.6638438880706922 0.019888129272840272 0.013991163475699559 
6 0.37507768800497204 0.7455817378497791 0.029210689869484153 0.018409425625920472 
6 0.4067743940335612 0.7319587628865979 0.026724673710379118 0.017673048600883652 
6 0.4027346177750155 0.7187039764359352 0.02610316967060286 0.016200294550810016 
6 0.4002486016159105 0.7032400589101621 0.032318210068365445 0.020618556701030927 
6 0.32535736482287136 0.8888070692194403 0.01678060907395898 0.011782032400589101 
6 0.3166563082660037 0.8770250368188512 0.030453697949036667 0.01914580265095729 
6 0.3141702921068987 0.8622974963181149 0.031696706028589185 0.01914580265095729 
6 0.3098197638284649 0.8468335787923417 0.030453697949036667 0.020618556701030927 
6 0.310130515848353 0.8306332842415317 0.032318210068365445 0.020618556701030927 
6 0.3060907395898073 0.81480117820324 0.035425730267246734 0.022827687776141383 
6 0.3054692355500311 0.7989690721649485 0.03791174642635177 0.023564064801178203 
6 0.3017402113113735 0.7831369661266568 0.03791174642635177 0.022827687776141383 
6 0.29366065879428216 0.7525773195876289 0.035425730267246734 0.022091310751104567 
6 0.20882535736482288 0.853460972017673 0.024860161591050343 0.025036818851251842 
6 0.20633934120571784 0.894698085419735 0.039776258545680544 0.036818851251840944 
6 0.20944686140459912 0.8726067746686303 0.04226227470478558 0.03829160530191458 
6 0.24176507147296458 0.8799705449189985 0.02113113735239279 0.044182621502209134 
6 0.26724673710379115 0.8924889543446245 0.022374145431945307 0.013254786450662739 
6 0.2865133623368552 0.8744477172312224 0.02113113735239279 0.013991163475699559 
6 0.2843380981976383 0.8637702503681886 0.020509633312616533 0.013254786450662739 
6 0.2815413300186451 0.8523564064801178 0.018645121193287758 0.012518409425625921 
6 0.2799875699192045 0.8424153166421208 0.019266625233064015 0.013254786450662739 
6 0.3694841516469857 0.729381443298969 0.035425730267246734 0.021354933726067747 
6 0.3781852082038533 0.7606774668630338 0.031696706028589185 0.020618556701030927 
6 0.2759477936606588 0.821060382916053 0.01740211311373524 0.011782032400589101 
6 0.40863890615289 0.7463181148748159 0.026724673710379118 0.018409425625920472 
6 0.5009322560596644 0.7205449189985272 0.02610316967060286 0.016936671575846832 
6 0.49627097576134244 0.7069219440353461 0.024238657551274082 0.017673048600883652 
6 0.4698570540708515 0.7150220913107511 0.027346177750155375 0.01914580265095729 
6 0.4670602858918583 0.7013991163475699 0.026724673710379118 0.018409425625920472 
6 0.4934742075823493 0.6936671575846833 0.023617153511497825 0.016200294550810016 
6 0.4906774394033561 0.6793078055964654 0.022995649471721565 0.015463917525773196 
6 0.463952765692977 0.6874079528718704 0.026724673710379118 0.018409425625920472 
6 0.4704785581106277 0.6689985272459499 0.037290242386575516 0.022827687776141383 
6 0.3906152889993785 0.8236377025036818 0.031696706028589185 0.019882179675994108 
6 0.3927905531385954 0.8394698085419735 0.036047234307022995 0.022091310751104567 
6 0.3971410814170292 0.855301914580265 0.028589185829707892 0.018409425625920472 
6 0.4353635798632691 0.8586156111929307 0.024238657551274082 0.017673048600883652 
6 0.43163455562461156 0.8438880706921944 0.026724673710379118 0.016200294550810016 
6 0.4288377874456184 0.8291605301914581 0.028589185829707892 0.017673048600883652 
6 0.42697327532628965 0.8144329896907216 0.027346177750155375 0.01914580265095729 
6 0.4226227470478558 0.801178203240059 0.028589185829707892 0.017673048600883652 
6 0.4204474829086389 0.7875552282768777 0.027967681789931635 0.018409425625920472 
6 0.3844002486016159 0.792341678939617 0.030453697949036667 0.01914580265095729 
6 0.38160348042262277 0.7768777614138439 0.032318210068365445 0.01914580265095729 
6 0.41671845866998136 0.7728276877761414 0.027967681789931635 0.019882179675994108 
6 0.4117464263517713 0.759941089837997 0.024238657551274082 0.017673048600883652 
6 0.2747047855811063 0.8328424153166422 0.022374145431945307 0.014727540500736377 
6 0.27315102548166564 0.8100147275405007 0.020509633312616533 0.013254786450662739 
6 0.10845245494095712 0.6682621502209131 0.022995649471721565 0.015463917525773196 
6 0.17153511497824736 0.7227540500736377 0.02113113735239279 0.04344624447717231 
6 0.14045991298943444 0.7455817378497791 0.02983219390926041 0.06848306332842416 
6 0.12119328775637042 0.7301178203240059 0.00870105655686762 0.022827687776141383 
6 0.1124922311995028 0.6995581737849779 0.011187072715972654 0.025036818851251842 
6 0.11932877563704164 0.6984536082474226 0.011187072715972654 0.024300441826215022 
6 0.12554381603480422 0.6940353460972017 0.012430080795525171 0.027245949926362298 
6 0.137041640770665 0.6251840942562592 0.01678060907395898 0.011782032400589101 
6 0.13517712865133624 0.617820324005891 0.019266625233064015 0.013254786450662739 
6 0.13238036047234308 0.6111929307805597 0.016159105034182723 0.011782032400589101 
6 0.1305158483530143 0.6038291605301914 0.01740211311373524 0.011782032400589101 
6 0.04692355500310752 0.5832106038291606 0.015537600994406464 0.008836524300441826 
6 0.05127408328154133 0.5964653902798233 0.015537600994406464 0.011782032400589101 
6 0.052517091361093844 0.6038291605301914 0.015537600994406464 0.011782032400589101 
6 0.05220633934120572 0.6119293078055965 0.014916096954630205 0.011782032400589101 
6 0.054381603480422626 0.6189248895434463 0.014294592914853946 0.011045655375552283 
6 0.056867619639527654 0.6266568483063328 0.014294592914853946 0.010309278350515464 
6 0.058732131758856436 0.6406480117820325 0.015537600994406464 0.010309278350515464 
6 0.06028589185829708 0.6480117820324006 0.016159105034182723 0.011782032400589101 
6 0.062150403977625855 0.6550073637702504 0.016159105034182723 0.011045655375552283 
6 0.06494717215661902 0.6623711340206185 0.01678060907395898 0.011045655375552283 
6 0.06494717215661902 0.6704712812960235 0.01678060907395898 0.011045655375552283 
6 0.06712243629583592 0.6782032400589102 0.019888129272840272 0.013254786450662739 
6 0.16096954630205096 0.7522091310751104 0.023617153511497825 0.05964653902798233 
6 0.18396519577377252 0.7168630338733432 0.012430080795525171 0.03460972017673049 
6 0.29894344313238036 0.7669366715758469 0.031075201988812928 0.018409425625920472 
6 0.14418893722809198 0.6539027982326951 0.02113113735239279 0.014727540500736377 
6 0.2697327532628962 0.7790868924889544 0.02113113735239279 0.047128129602356406 
6 0.254816656308266 0.7835051546391752 0.016159105034182723 0.033873343151693665 
6 0.30391547545059044 0.6284977908689249 0.02113113735239279 0.04197349042709867 
6 0.2877563704164077 0.634020618556701 0.024860161591050343 0.05154639175257732 
6 0.27315102548166564 0.6406480117820325 0.022995649471721565 0.042709867452135494 
6 0.29024238657551277 0.5857879234167894 0.024860161591050343 0.04639175257731959 
6 0.2753262896208825 0.5850515463917526 0.01740211311373524 0.03313696612665685 
6 0.26382846488502176 0.5909425625920471 0.018023617153511497 0.03313696612665685 
6 0.24984462399005594 0.5946244477172312 0.02113113735239279 0.04050073637702504 
6 0.23741454319453076 0.6012518409425626 0.01740211311373524 0.03460972017673049 
6 0.22529521441889372 0.6075110456553755 0.019266625233064015 0.036818851251840944 
6 0.17339962709757614 0.6270250368188512 0.019888129272840272 0.0390279823269514 
6 0.18614045991298944 0.6222385861561119 0.018023617153511497 0.035346097201767304 
6 0.19888129272840274 0.6181885125184094 0.018645121193287758 0.03608247422680412 
6 0.21162212554381604 0.6122974963181149 0.020509633312616533 0.0390279823269514 
6 0.25295214418893724 0.6424889543446245 0.02113113735239279 0.03755522827687776 
6 0.23927905531385954 0.6520618556701031 0.023617153511497825 0.04933726067746686 
6 0.22529521441889372 0.6638438880706922 0.02175264139216905 0.04197349042709867 
6 0.20851460534493474 0.6726804123711341 0.02175264139216905 0.04786450662739323 
6 0.19018023617153512 0.6723122238586157 0.022374145431945307 0.045655375552282766 
6 0.13890615288999378 0.6399116347569955 0.019266625233064015 0.013254786450662739 
6 0.4285270354257303 0.36561119293078054 0.024238657551274082 0.013991163475699559 
6 0.42417650714729643 0.343519882179676 0.020509633312616533 0.012518409425625921 
4 0.04661280298321939 0.6605301914580265 0.013673088875077687 0.010309278350515464 
6 0.7507768800497203 0.37628865979381443 0.014916096954630205 0.010309278350515464 
6 0.7352392790553138 0.29933726067746685 0.02113113735239279 0.012518409425625921 
6 0.7377252952144189 0.31075110456553756 0.019888129272840272 0.011782032400589101 
6 0.7106898694841517 0.31443298969072164 0.0254816656308266 0.016200294550810016 
6 0.7131758856432567 0.33026509572901325 0.029210689869484153 0.018409425625920472 
6 0.7399005593536357 0.32032400589101623 0.020509633312616533 0.013254786450662739 
6 0.7411435674331883 0.3317378497790869 0.014294592914853946 0.009572901325478646 
6 0.7153511497824736 0.34572901325478644 0.028589185829707892 0.016936671575846832 
6 0.7181479179614667 0.36082474226804123 0.030453697949036667 0.017673048600883652 
6 0.7470478558110628 0.35309278350515466 0.02113113735239279 0.012518409425625921 
6 0.7221876942200124 0.3748159057437408 0.022374145431945307 0.013254786450662739 
6 0.7243629583592294 0.3899116347569956 0.027967681789931635 0.016936671575846832 
6 0.42200124300807956 0.3335787923416789 0.018645121193287758 0.011782032400589101 
6 0.757302672467371 0.40832106038291605 0.020509633312616533 0.012518409425625921 
6 0.7311995027967682 0.4178939617083947 0.027967681789931635 0.018409425625920472 
6 0.7336855189558732 0.4318851251840943 0.027967681789931635 0.016936671575846832 
6 0.7610316967060285 0.43041237113402064 0.01678060907395898 0.011045655375552283 
6 0.764449968924798 0.44072164948453607 0.016159105034182723 0.011045655375552283 
6 0.7364822871348664 0.44550810014727543 0.02983219390926041 0.01914580265095729 
6 0.7569919204474829 0.4572901325478645 0.039776258545680544 0.022091310751104567 
6 0.7942821628340584 0.37297496318114876 0.013673088875077687 0.011045655375552283 
6 0.7967681789931634 0.38291605301914583 0.009944064636420136 0.008836524300441826 
6 0.8048477315102548 0.4270986745213549 0.018645121193287758 0.011782032400589101 
6 0.7082038533250467 0.30007363770250367 0.026724673710379118 0.018409425625920472 
6 0.7318210068365444 0.2772459499263623 0.02175264139216905 0.012518409425625921 
6 0.7026103169670603 0.2857142857142857 0.029210689869484153 0.017673048600883652 
6 0.728402734617775 0.2665684830633284 0.02113113735239279 0.013254786450662739 
6 0.6681168427594779 0.4263622974963181 0.023617153511497825 0.014727540500736377 
6 0.6448104412678682 0.4473490427098675 0.024238657551274082 0.013991163475699559 
6 0.670602858918583 0.43888070692194403 0.023617153511497825 0.014727540500736377 
6 0.673088875077688 0.4521354933726068 0.023617153511497825 0.014727540500736377 
6 0.6507147296457427 0.4734904270986745 0.024860161591050343 0.016200294550810016 
6 0.6765071472964574 0.46612665684830634 0.024238657551274082 0.016200294550810016 
6 0.6786824114356743 0.4793814432989691 0.022374145431945307 0.016200294550810016 
6 0.6522684897451834 0.48637702503681884 0.0254816656308266 0.015463917525773196 
6 0.6733996270975762 0.4952135493372607 0.03791174642635177 0.021354933726067747 
6 0.7737725295214419 0.2765095729013255 0.014916096954630205 0.011045655375552283 
6 0.7650714729645742 0.23527245949926362 0.014916096954630205 0.011045655375552283 
6 0.6889372280919825 0.20986745213549338 0.026724673710379118 0.017673048600883652 
6 0.716283405842138 0.20066273932253315 0.01678060907395898 0.012518409425625921 
6 0.7184586699813549 0.2109720176730486 0.019888129272840272 0.012518409425625921 
6 0.6917339962709758 0.22459499263622976 0.02983219390926041 0.020618556701030927 
6 0.694841516469857 0.24042709867452136 0.027346177750155375 0.018409425625920472 
6 0.7203231821006837 0.22275405007363772 0.016159105034182723 0.011045655375552283 
6 0.7215661901802362 0.23379970544919 0.016159105034182723 0.011045655375552283 
6 0.7262274704785581 0.2555228276877761 0.020509633312616533 0.013254786450662739 
6 0.6979490366687383 0.25589101620029453 0.031075201988812928 0.019882179675994108 
6 0.7022995649471722 0.27172312223858613 0.02610316967060286 0.016200294550810016 
6 0.8023617153511498 0.46023564064801176 0.02610316967060286 0.027982326951399118 
6 0.8126165320074581 0.49742268041237114 0.026724673710379118 0.03166421207658321 
6 0.8182100683654444 0.5132547864506627 0.027967681789931635 0.017673048600883652 
6 0.8760099440646364 0.2765095729013255 0.026724673710379118 0.016936671575846832 
6 0.8819142324425109 0.3026509572901325 0.028589185829707892 0.01914580265095729 
6 0.8887507768800498 0.31958762886597936 0.031075201988812928 0.020618556701030927 
6 0.8890615288999378 0.34609720176730485 0.018023617153511497 0.014727540500736377 
6 0.8896830329397141 0.33726067746686306 0.0254816656308266 0.016200294550810016 
6 0.8927905531385955 0.3582474226804124 0.032939714108141706 0.022827687776141383 
12 0.846177750155376 0.6174521354933726 0.06774394033561218 0.20839469808541974 
12 0.7784338098197638 0.2916053019145803 0.05531385954008701 0.21207658321060383 
12 0.7228091982597887 0.32142857142857145 0.09695463020509633 0.280559646539028 
12 0.6423244251087632 0.3645066273932253 0.09881914232442511 0.2709867452135493 
12 0.7849596022374146 0.6395434462444771 0.08328154133001865 0.20397643593519882 
12 0.7131758856432567 0.6682621502209131 0.07893101305158484 0.195139911634757 
12 0.6448104412678682 0.6940353460972017 0.07520198881292728 0.18335787923416788 
12 0.5692977004350528 0.7209131075110456 0.07955251709136109 0.17820324005891017 
12 0.49098819142324424 0.7511045655375552 0.08079552517091361 0.16642120765832105 
12 0.3993163455562461 0.7879234167893961 0.09011808576755749 0.17673048600883653 
12 0.23275326289620882 0.6343888070692194 0.14356743318831572 0.13917525773195877 
12 0.20509633312616532 0.5044182621502209 0.12802983219390926 0.10898379970544919 
12 0.20509633312616532 0.42783505154639173 0.12927284027346178 0.07952871870397643 
12 0.5661901802361715 0.39727540500736375 0.09198259788688626 0.280559646539028 
12 0.5 0.4252577319587629 0.09011808576755749 0.2702503681885125 
12 0.43039154754505904 0.4569219440353461 0.09136109384711001 0.2702503681885125 
6 0.8778744561839652 0.28792341678939615 0.018023617153511497 0.011782032400589101 
6 0.8663766314481044 0.25589101620029453 0.019888129272840272 0.009572901325478646 
6 0.8241143567433188 0.5279823269513991 0.023617153511497825 0.016200294550810016 
6 0.8906152889993785 0.23195876288659795 0.018645121193287758 0.036818851251840944 
6 0.8281541330018645 0.5427098674521355 0.020509633312616533 0.013254786450662739 
6 0.8306401491609695 0.5533873343151694 0.019266625233064015 0.013991163475699559 
6 0.8343691733996271 0.5703240058910162 0.022995649471721565 0.013991163475699559 
6 0.8362336855189558 0.5824742268041238 0.022995649471721565 0.014727540500736377 
6 0.8408949658172779 0.5931516936671576 0.016159105034182723 0.011045655375552283 
6 0.8499067743940336 0.6332842415316642 0.015537600994406464 0.011782032400589101 
6 0.8523927905531385 0.6428571428571429 0.01678060907395898 0.011782032400589101 
6 0.8536357986326911 0.6531664212076583 0.01678060907395898 0.010309278350515464 
6 0.8564325668116842 0.6627393225331369 0.016159105034182723 0.011782032400589101 
6 0.8589185829707893 0.6734167893961709 0.01740211311373524 0.011045655375552283 
6 0.8620261031696707 0.695139911634757 0.01740211311373524 0.011782032400589101 
6 0.8657551274083282 0.7058173784977909 0.018645121193287758 0.012518409425625921 
6 0.949347420758235 0.3122238586156112 0.03791174642635177 0.026509572901325478 
6 0.9381603480422622 0.28313696612665684 0.018023617153511497 0.011045655375552283 
6 0.940024860161591 0.2695139911634757 0.029210689869484153 0.01914580265095729 
6 0.9322560596643878 0.23858615611192932 0.023617153511497825 0.020618556701030927 
6 0.9210689869484152 0.22901325478645065 0.014916096954630205 0.025036818851251842 
6 0.9129894344313239 0.203240058910162 0.018645121193287758 0.044182621502209134 
6 0.8648228713486638 0.21354933726067746 0.014294592914853946 0.027982326951399118 
6 0.8747669359850839 0.21354933726067746 0.011808576755748913 0.025036818851251842 
6 0.8800497203231821 0.20213549337260678 0.012430080795525171 0.024300441826215022 
6 0.6423244251087632 0.4329896907216495 0.022995649471721565 0.016200294550810016 
6 0.6665630826600373 0.41273932253313694 0.026724673710379118 0.015463917525773196 
6 0.6640770665009322 0.39948453608247425 0.024238657551274082 0.015463917525773196 
6 0.5292106898694842 0.5084683357879234 0.02175264139216905 0.013991163475699559 
6 0.533561218147918 0.5309278350515464 0.020509633312616533 0.011782032400589101 
6 0.5114978247358608 0.5272459499263623 0.01740211311373524 0.042709867452135494 
6 0.5248601615910503 0.5592783505154639 0.03915475450590429 0.024300441826215022 
6 0.536047234307023 0.5408689248895434 0.020509633312616533 0.012518409425625921 
6 0.5786202610316967 0.5202503681885126 0.02113113735239279 0.011045655375552283 
6 0.5761342448725917 0.509941089837997 0.016159105034182723 0.011045655375552283 
6 0.5748912367930391 0.49852724594992637 0.018645121193287758 0.013254786450662739 
6 0.5730267246737104 0.48748159057437407 0.014916096954630205 0.008836524300441826 
6 0.5692977004350528 0.47717231222385864 0.02113113735239279 0.013254786450662739 
6 0.5683654443753885 0.46575846833578793 0.02175264139216905 0.012518409425625921 
6 0.5665009322560597 0.45471281296023564 0.019266625233064015 0.012518409425625921 
6 0.5627719080174021 0.44440353460972015 0.020509633312616533 0.012518409425625921 
6 0.559975139838409 0.4219440353460972 0.019888129272840272 0.013254786450662739 
6 0.5565568676196395 0.4116347569955817 0.02175264139216905 0.013254786450662739 
6 0.5537600994406464 0.38880706921944036 0.019888129272840272 0.013254786450662739 
6 0.5509633312616532 0.37812960235640647 0.019266625233064015 0.012518409425625921 
6 0.5494095711622126 0.36855670103092786 0.019888129272840272 0.012518409425625921 
6 0.5475450590428838 0.35640648011782033 0.019888129272840272 0.013254786450662739 
6 0.5459912989434431 0.34536082474226804 0.019266625233064015 0.013254786450662739 
6 0.54319453076445 0.33505154639175255 0.02113113735239279 0.014727540500736377 
6 0.541019266625233 0.3243740795287187 0.019266625233064015 0.012518409425625921 
6 0.5316967060285892 0.5191458026509573 0.02175264139216905 0.013254786450662739 
6 0.5261031696706029 0.49815905743740796 0.019266625233064015 0.013991163475699559 
6 0.5357364822871349 0.3026509572901325 0.02113113735239279 0.014727540500736377 
6 0.5229956494717216 0.48748159057437407 0.015537600994406464 0.010309278350515464 
6 0.39620882535736485 0.3402061855670103 0.019266625233064015 0.013254786450662739 
6 0.3949658172778123 0.32989690721649484 0.015537600994406464 0.010309278350515464 
6 0.4226227470478558 0.32216494845360827 0.02113113735239279 0.013991163475699559 
6 0.4636420136730889 0.31038291605301915 0.019888129272840272 0.013991163475699559 
6 0.48881292728402737 0.3026509572901325 0.020509633312616533 0.013254786450662739 
6 0.46737103791174645 0.32142857142857145 0.01740211311373524 0.012518409425625921 
6 0.49192044748290864 0.31516936671575846 0.019266625233064015 0.013254786450662739 
6 0.4934742075823493 0.32658321060382917 0.014916096954630205 0.011045655375552283 
6 0.4947172156619018 0.3383652430044183 0.02113113735239279 0.013991163475699559 
6 0.4757613424487259 0.35088365243004416 0.019266625233064015 0.04197349042709867 
6 0.4959602237414543 0.35014727540500734 0.018645121193287758 0.012518409425625921 
6 0.4990677439403356 0.36192930780559646 0.018645121193287758 0.012518409425625921 
6 0.5018645121193288 0.37334315169366716 0.02175264139216905 0.014727540500736377 
6 0.48694841516469856 0.39948453608247425 0.019266625233064015 0.04933726067746686 
6 0.5074580484773151 0.3961708394698085 0.020509633312616533 0.014727540500736377 
6 0.5114978247358608 0.41936671575846834 0.02113113735239279 0.013991163475699559 
6 0.5136730888750777 0.43114874815905746 0.020509633312616533 0.012518409425625921 
6 0.49720323182100684 0.45581737849779086 0.023617153511497825 0.06480117820324006 
6 0.5189558732131759 0.45471281296023564 0.02113113735239279 0.013991163475699559 
6 0.5201988812927284 0.46649484536082475 0.01740211311373524 0.012518409425625921 
6 0.5223741454319453 0.47643593519882177 0.014294592914853946 0.011782032400589101 
6 0.5394655065257924 0.312960235640648 0.019888129272840272 0.013254786450662739 
6 0.559975139838409 0.2960235640648012 0.019888129272840272 0.014727540500736377 
6 0.6603480422622747 0.3858615611192931 0.024238657551274082 0.014727540500736377 
6 0.6280298321939093 0.36818851251840945 0.024238657551274082 0.014727540500736377 
6 0.6230577998756992 0.34167893961708395 0.022995649471721565 0.014727540500736377 
6 0.6193287756370417 0.3287923416789396 0.024238657551274082 0.015463917525773196 
6 0.6180857675574891 0.31443298969072164 0.022995649471721565 0.014727540500736377 
6 0.6168427594779367 0.3015463917525773 0.024238657551274082 0.015463917525773196 
6 0.612802983219391 0.28865979381443296 0.022374145431945307 0.014727540500736377 
6 0.6096954630205096 0.2757731958762887 0.02610316967060286 0.016936671575846832 
6 0.6075201988812927 0.2617820324005891 0.022995649471721565 0.015463917525773196 
6 0.6037911746426352 0.24926362297496318 0.024238657551274082 0.016936671575846832 
6 0.6019266625233064 0.23748159057437407 0.019266625233064015 0.012518409425625921 
6 0.6302050963331262 0.22827687776141384 0.023617153511497825 0.013254786450662739 
6 0.6333126165320074 0.24005891016200295 0.023617153511497825 0.014727540500736377 
6 0.6354878806712244 0.2544182621502209 0.020509633312616533 0.013991163475699559 
6 0.6379738968303293 0.26804123711340205 0.0254816656308266 0.014727540500736377 
6 0.6395276569297701 0.2816642120765832 0.022374145431945307 0.015463917525773196 
6 0.6426351771286514 0.29455081001472755 0.022374145431945307 0.014727540500736377 
6 0.6438781852082038 0.3078055964653903 0.022374145431945307 0.014727540500736377 
6 0.6469857054070851 0.32032400589101623 0.022374145431945307 0.016200294550810016 
6 0.6504039776258546 0.33394698085419733 0.022995649471721565 0.015463917525773196 
6 0.653822249844624 0.34683357879234167 0.027346177750155375 0.016200294550810016 
6 0.6547545059042884 0.3604565537555228 0.022995649471721565 0.013991163475699559 
6 0.6578620261031697 0.37334315169366716 0.022995649471721565 0.014727540500736377 
6 0.627408328154133 0.3538291605301915 0.024238657551274082 0.015463917525773196 
6 0.6311373523927906 0.3803387334315169 0.0254816656308266 0.015463917525773196 
6 0.5618396519577378 0.3070692194403535 0.022374145431945307 0.013254786450662739 
6 0.6336233685518956 0.3943298969072165 0.027967681789931635 0.018409425625920472 
6 0.5643256681168427 0.3181148748159057 0.019888129272840272 0.011782032400589101 
6 0.5655686761963953 0.3287923416789396 0.018645121193287758 0.012518409425625921 
6 0.5686761963952766 0.3398379970544919 0.022374145431945307 0.013991163475699559 
6 0.5692977004350528 0.35014727540500734 0.018645121193287758 0.012518409425625921 
6 0.5717837165941578 0.36192930780559646 0.018645121193287758 0.012518409425625921 
6 0.5748912367930391 0.37260677466863035 0.02113113735239279 0.013254786450662739 
6 0.5767557489123679 0.38328424153166424 0.02113113735239279 0.013991163475699559 
6 0.5786202610316967 0.3946980854197349 0.019888129272840272 0.011782032400589101 
6 0.581727781230578 0.40463917525773196 0.022374145431945307 0.013991163475699559 
6 0.5845245494095712 0.4274668630338733 0.019266625233064015 0.012518409425625921 
6 0.5876320696084525 0.4374079528718704 0.02175264139216905 0.014727540500736377 
6 0.5901180857675575 0.4484536082474227 0.020509633312616533 0.013254786450662739 
6 0.5907395898073338 0.45986745213549335 0.019266625233064015 0.012518409425625921 
6 0.593847110006215 0.47091310751104565 0.022995649471721565 0.013991163475699559 
6 0.5957116221255438 0.48232695139911635 0.018023617153511497 0.011782032400589101 
6 0.5981976382846489 0.49263622974963184 0.020509633312616533 0.013254786450662739 
6 0.5981976382846489 0.5040500736377025 0.018023617153511497 0.011045655375552283 
6 0.6037911746426352 0.5147275405007363 0.020509633312616533 0.013254786450662739 
6 0.5922933499067744 0.5309278350515464 0.03356121814791796 0.01914580265095729 
6 0.6395276569297701 0.42010309278350516 0.022374145431945307 0.015463917525773196 
6 0.637041640770665 0.40758468335787923 0.023617153511497825 0.015463917525773196 
6 0.4742075823492853 0.7282768777614138 0.02610316967060286 0.017673048600883652 
6 0.47700435052827844 0.7437407952871871 0.022995649471721565 0.016200294550810016 
6 0.5034182722187694 0.7349042709867453 0.024860161591050343 0.016200294550810016 
4 0.6861404599129894 0.06369661266568483 0.012430080795525171 0.011045655375552283 
4 0.7834058421379739 0.08247422680412371 0.01305158483530143 0.010309278350515464 
4 0.7793660658794282 0.06885125184094257 0.014916096954630205 0.011045655375552283 
4 0.776258545680547 0.05522827687776141 0.014916096954630205 0.011782032400589101 
4 0.7392790553138595 0.08689248895434462 0.014294592914853946 0.011782032400589101 
4 0.735550031075202 0.07106038291605302 0.01305158483530143 0.011045655375552283 
4 0.7299564947172157 0.04933726067746686 0.015537600994406464 0.010309278350515464 
4 0.7318210068365444 0.05670103092783505 0.01305158483530143 0.010309278350515464 
4 0.7433188315724052 0.044182621502209134 0.014916096954630205 0.010309278350515464 
4 0.6914232442510876 0.0780559646539028 0.014294592914853946 0.010309278350515464 
4 0.6883157240522063 0.07069219440353461 0.01305158483530143 0.010309278350515464 
4 0.6839651957737726 0.055964653902798235 0.01305158483530143 0.011782032400589101 
6 0.5049720323182101 0.7477908689248896 0.024238657551274082 0.016936671575846832 
4 0.6824114356743319 0.04933726067746686 0.013673088875077687 0.010309278350515464 
4 0.6789931634555625 0.042709867452135494 0.011808576755748913 0.008836524300441826 
4 0.6774394033561218 0.03571428571428571 0.012430080795525171 0.009572901325478646 
4 0.6357986326911125 0.08505154639175258 0.014916096954630205 0.009572901325478646 
4 0.6339341205717837 0.07731958762886598 0.014916096954630205 0.011782032400589101 
4 0.6519577377252952 0.0817378497790869 0.012430080795525171 0.008836524300441826 
4 0.6504039776258546 0.07511045655375552 0.01305158483530143 0.010309278350515464 
4 0.6348663766314481 0.012150220913107511 0.009322560596643879 0.013991163475699559 
4 0.6100062150403978 0.10419734904270987 0.014294592914853946 0.012518409425625921 
4 0.6215040397762586 0.15795287187039764 0.011187072715972654 0.019882179675994108 
4 0.7815413300186451 0.07584683357879234 0.014294592914853946 0.010309278350515464 
4 0.7681789931634556 0.02466863033873343 0.012430080795525171 0.011045655375552283 
4 0.7628962088253574 0.009204712812960236 0.01305158483530143 0.012518409425625921 
4 0.9045991298943443 0.029455081001472753 0.009322560596643879 0.017673048600883652 
4 0.9011808576755749 0.6785714285714286 0.011187072715972654 0.008100147275405008 
4 0.8986948415164698 0.6712076583210603 0.012430080795525171 0.009572901325478646 
4 0.8949658172778123 0.6494845360824743 0.011187072715972654 0.008836524300441826 
4 0.8934120571783717 0.6428571428571429 0.011808576755748913 0.010309278350515464 
4 0.8924798011187073 0.6351251840942562 0.009944064636420136 0.009572901325478646 
4 0.9269732753262896 0.6509572901325479 0.014294592914853946 0.010309278350515464 
4 0.90863890615289 0.5636966126656848 0.012430080795525171 0.009572901325478646 
4 0.9123679303915475 0.5846833578792342 0.013673088875077687 0.010309278350515464 
4 0.8825357364822871 0.5960972017673049 0.011187072715972654 0.008100147275405008 
4 0.8974518334369174 0.5983063328424153 0.00870105655686762 0.015463917525773196 
4 0.8763206960845246 0.5681148748159057 0.011187072715972654 0.009572901325478646 
4 0.8729024238657551 0.5522827687776142 0.011808576755748913 0.010309278350515464 
4 0.8691733996270976 0.5320324005891016 0.015537600994406464 0.011045655375552283 
4 0.867619639527657 0.5187776141384389 0.014916096954630205 0.009572901325478646 
4 0.9185829707893102 0.4642857142857143 0.013673088875077687 0.012518409425625921 
4 0.9160969546302051 0.4491899852724595 0.012430080795525171 0.011782032400589101 
4 0.8924798011187073 0.42857142857142855 0.011187072715972654 0.017673048600883652 
4 0.8986948415164698 0.4263622974963181 0.009944064636420136 0.016200294550810016 
4 0.9049098819142325 0.422680412371134 0.011187072715972654 0.017673048600883652 
4 0.9328775637041641 0.3748159057437408 0.013673088875077687 0.011782032400589101 
4 0.9484151646985706 0.33726067746686306 0.009944064636420136 0.016200294550810016 
4 0.6236793039154754 0.1955081001472754 0.010565568676196395 0.016936671575846832 
4 0.5988191423244251 0.20544918998527245 0.009322560596643879 0.016200294550810016 
4 0.559975139838409 0.22128129602356406 0.009944064636420136 0.015463917525773196 
6 0.35954008701056556 0.7669366715758469 0.009322560596643879 0.013991163475699559 
6 0.5282784338098198 0.8287923416789397 0.012430080795525171 0.009572901325478646 
6 0.9334990677439403 0.9661266568483063 0.0074580484773151025 0.013254786450662739 
6 0.9260410192666252 0.9403534609720177 0.00870105655686762 0.011782032400589101 
6 0.9241765071472965 0.9282032400589102 0.00870105655686762 0.012518409425625921 
6 0.7799875699192045 0.9823269513991163 0.013673088875077687 0.011782032400589101 
6 0.8001864512119329 0.9521354933726067 0.011808576755748913 0.008836524300441826 
6 0.846177750155376 0.9499263622974963 0.011808576755748913 0.010309278350515464 
6 0.8638906152889994 0.9193667157584683 0.012430080795525171 0.009572901325478646 
6 0.7228091982597887 0.916421207658321 0.011187072715972654 0.009572901325478646 
6 0.6389061528899938 0.9410898379970545 0.014916096954630205 0.010309278350515464 
6 0.5605966438781852 0.991899852724595 0.028589185829707892 0.016200294550810016 
6 0.5565568676196395 0.977540500736377 0.026724673710379118 0.018409425625920472 
6 0.5229956494717216 0.9889543446244478 0.029210689869484153 0.017673048600883652 
6 0.5198881292728402 0.9764359351988218 0.0254816656308266 0.014727540500736377 
6 0.6572405220633935 0.9915316642120766 0.027967681789931635 0.016936671575846832 
6 0.06929770043505283 0.8055964653902798 0.01305158483530143 0.010309278350515464 
6 0.03791174642635177 0.7971281296023565 0.01740211311373524 0.012518409425625921 
6 0.13362336855189558 0.48306332842415317 0.00870105655686762 0.013254786450662739 
6 0.29863269111249224 0.3711340206185567 0.010565568676196395 0.011782032400589101 
6 0.30919825978868865 0.36634756995581735 0.009322560596643879 0.008100147275405008 
6 0.28371659415786205 0.390279823269514 0.01305158483530143 0.011782032400589101 
6 0.6500932256059664 0.7820324005891016 0.018645121193287758 0.013254786450662739 
6 0.19266625233064014 0.9075846833578792 0.027346177750155375 0.027245949926362298 
4 0.5671224362958359 0.22054491899852724 0.010565568676196395 0.016936671575846832 
12 0.24673710379117464 0.843519882179676 0.19018023617153512 0.20692194403534608 
4 0.5724052206339342 0.1796759941089838 0.009944064636420136 0.017673048600883652 
4 0.54816656308266 0.18961708394698085 0.011187072715972654 0.018409425625920472 
4 0.5180236171535115 0.20176730486008837 0.010565568676196395 0.014727540500736377 
4 0.5114978247358608 0.24410898379970544 0.009944064636420136 0.018409425625920472 
4 0.4978247358607831 0.25 0.00870105655686762 0.016936671575846832 
4 0.4605344934742076 0.26435935198821797 0.009944064636420136 0.01914580265095729 
6 0.3663766314481044 0.7102356406480118 0.03791174642635177 0.03166421207658321 
4 0.28371659415786205 0.34977908689248893 0.014294592914853946 0.011782032400589101 
4 0.0711622125543816 0.47606774668630336 0.011808576755748913 0.009572901325478646 
4 0.04692355500310752 0.49337260677466865 0.009322560596643879 0.017673048600883652 
4 0.06867619639527657 0.5198821796759941 0.010565568676196395 0.010309278350515464 
4 0.10068365444375388 0.44698085419734906 0.013673088875077687 0.011782032400589101 
4 0.10285891858297079 0.4543446244477172 0.014294592914853946 0.010309278350515464 
4 0.10254816656308266 0.47017673048600883 0.011187072715972654 0.009572901325478646 
4 0.10348042262274705 0.47717231222385864 0.014294592914853946 0.010309278350515464 
4 0.09291485394655065 0.5368188512518409 0.008079552517091361 0.016200294550810016 
4 0.06774394033561218 0.5445508100147275 0.00870105655686762 0.015463917525773196 
4 0.015226848974518334 0.6601620029455081 0.011808576755748913 0.015463917525773196 
4 0.012119328775637041 0.6531664212076583 0.01305158483530143 0.017673048600883652 
4 0.0074580484773151025 0.6365979381443299 0.013673088875077687 0.016936671575846832 
4 0.006215040397762586 0.6185567010309279 0.011187072715972654 0.014727540500736377 
4 0.9045991298943443 0.6910898379970545 0.01305158483530143 0.011045655375552283 
4 0.9058421379738968 0.6977172312223858 0.01305158483530143 0.009572901325478646 
4 0.9356743318831573 0.6863033873343152 0.008079552517091361 0.016200294550810016 
6 0.15879428216283406 0.5121502209131075 0.006836544437538844 0.009572901325478646 
6 0.20758234928527036 0.4105301914580265 0.009944064636420136 0.009572901325478646 
6 0.2694220012430081 0.3946980854197349 0.010565568676196395 0.007363770250368188 
6 0.2650714729645743 0.3854933726067747 0.008079552517091361 0.008100147275405008 
6 0.2862026103169671 0.37628865979381443 0.009322560596643879 0.008836524300441826 
6 0.27781230577998756 0.3803387334315169 0.00870105655686762 0.009572901325478646 
6 0.9105034182722188 0.9333578792341679 0.013673088875077687 0.012518409425625921 
6 0.9210689869484152 0.9878497790868925 0.014916096954630205 0.012518409425625921 
4 0.2973896830329397 0.930780559646539 0.01678060907395898 0.016200294550810016 
4 0.44561839651957735 0.9657584683357879 0.012430080795525171 0.012518409425625921 
4 0.4617775015537601 0.959499263622975 0.013673088875077687 0.013254786450662739 
4 0.3527035425730267 0.9679675994108984 0.009322560596643879 0.016936671575846832 
4 0.34897451833436915 0.9175257731958762 0.014294592914853946 0.014727540500736377 
4 0.35829707893101304 0.914580265095729 0.014294592914853946 0.016200294550810016 
4 0.3669981354878807 0.9123711340206185 0.014294592914853946 0.014727540500736377 
4 0.40615288999378496 0.9315169366715759 0.011808576755748913 0.017673048600883652 
4 0.41671845866998136 0.9432989690721649 0.010565568676196395 0.016200294550810016 
4 0.42510876320696084 0.9410898379970545 0.011187072715972654 0.016200294550810016 
4 0.382224984462399 0.9061119293078056 0.01740211311373524 0.015463917525773196 
4 0.4319453076444997 0.9241531664212077 0.012430080795525171 0.017673048600883652 
4 0.44033561218147915 0.9204712812960235 0.011808576755748913 0.01914580265095729 
4 0.44841516469857057 0.9189985272459499 0.010565568676196395 0.017673048600883652 
6 0.1963952765692977 0.41531664212076586 0.011187072715972654 0.008836524300441826 
6 0.14947172156619018 0.5106774668630338 0.008079552517091361 0.013991163475699559 
4 0.4692355500310752 0.8781296023564065 0.016159105034182723 0.012518409425625921 
6 0.23617153511497824 0.8538291605301914 0.012430080795525171 0.018409425625920472 
4 0.04319453076444997 0.6472754050073638 0.01305158483530143 0.010309278350515464 
4 0.041330018645121196 0.6391752577319587 0.01305158483530143 0.010309278350515464 
4 0.03915475450590429 0.632179675994109 0.012430080795525171 0.009572901325478646 
4 0.03791174642635177 0.6237113402061856 0.013673088875077687 0.010309278350515464 
4 0.035736482287134864 0.6167157584683358 0.015537600994406464 0.011045655375552283 
6 0.04195152268489745 0.5695876288659794 0.011808576755748913 0.0066273932253313695 
6 0.04319453076444997 0.5747422680412371 0.011808576755748913 0.009572901325478646 
6 0.5338719701678061 0.2820324005891016 0.011187072715972654 0.008836524300441826 
4 0.622436295835923 0.044182621502209134 0.01305158483530143 0.011782032400589101 
4 0.6451211932877564 0.06111929307805596 0.011187072715972654 0.010309278350515464 
4 0.7228091982597887 0.028718703976435934 0.016159105034182723 0.013254786450662739 
6 0.776569297700435 0.2978645066273932 0.01305158483530143 0.009572901325478646 
6 0.6811684275947794 0.20029455081001474 0.004972032318210068 0.008836524300441826 
6 0.723430702299565 0.24374079528718703 0.013673088875077687 0.008836524300441826 
6 0.17246737103791174 0.6925625920471281 0.011808576755748913 0.008100147275405008 
6 0.1454319453076445 0.6903534609720177 0.011187072715972654 0.022827687776141383 
6 0.6457426973275326 0.7595729013254786 0.011187072715972654 0.009572901325478646 
6 0.728402734617775 0.6737849779086893 0.011187072715972654 0.008836524300441826 
6 0.7625854568054692 0.21723122238586157 0.009944064636420136 0.008836524300441826 
6 0.7700435052827843 0.2547864506627393 0.013673088875077687 0.011782032400589101 
6 0.3259788688626476 0.8409425625920471 0.008079552517091361 0.011782032400589101 
4 0.45711622125543816 0.9153166421207658 0.010565568676196395 0.01914580265095729 
4 0.5500310752019888 0.9363033873343152 0.0074580484773151025 0.015463917525773196 
4 0.9412678682411436 0.6844624447717231 0.006836544437538844 0.015463917525773196 
4 0.8290863890615289 0.8125920471281296 0.00870105655686762 0.019882179675994108 
4 0.8387197016780609 0.7702503681885126 0.009322560596643879 0.020618556701030927 
4 0.8887507768800498 0.7547864506627393 0.00870105655686762 0.017673048600883652 
4 0.8763206960845246 0.7588365243004418 0.00870105655686762 0.016936671575846832 
4 0.8704164077066501 0.7603092783505154 0.009322560596643879 0.018409425625920472 
4 0.8825357364822871 0.7566273932253313 0.00870105655686762 0.018409425625920472 
4 0.8952765692977004 0.7525773195876289 0.008079552517091361 0.016200294550810016 
4 0.8850217526413922 0.7960235640648011 0.00870105655686762 0.016200294550810016 
4 0.9095711622125544 0.7882916053019146 0.009322560596643879 0.016936671575846832 
4 0.8710379117464263 0.8361561119293078 0.009322560596643879 0.018409425625920472 
4 0.8955873213175886 0.8291605301914581 0.009944064636420136 0.01914580265095729 
4 0.9148539465506526 0.8247422680412371 0.009944064636420136 0.017673048600883652 
4 0.958980733374767 0.8541973490427098 0.00870105655686762 0.017673048600883652 
4 0.9940957116221255 0.811119293078056 0.009322560596643879 0.016936671575846832 
4 0.9835301429459291 0.8483063328424153 0.008079552517091361 0.016200294550810016 
4 0.9574269732753263 0.819219440353461 0.009322560596643879 0.016936671575846832 
4 0.9512119328775637 0.8214285714285714 0.009322560596643879 0.015463917525773196 
4 0.987880671224363 0.7102356406480118 0.008079552517091361 0.015463917525773196 
4 0.9679925419515227 0.7131811487481591 0.009322560596643879 0.018409425625920472 
4 0.9627097576134245 0.7161266568483063 0.00870105655686762 0.016936671575846832 
4 0.95680546923555 0.7187039764359352 0.008079552517091361 0.017673048600883652 
4 0.9499689247980112 0.7205449189985272 0.010565568676196395 0.018409425625920472 
4 0.8262896208825358 0.7842415316642121 0.01678060907395898 0.010309278350515464 
4 0.8042262274704786 0.8195876288659794 0.00870105655686762 0.017673048600883652 
4 0.6121814791796146 0.8781296023564065 0.00870105655686762 0.015463917525773196 
4 0.7868241143567433 0.7853460972017673 0.009944064636420136 0.018409425625920472 
4 0.6187072715972654 0.8766568483063328 0.006836544437538844 0.015463917525773196 
4 0.6239900559353636 0.8748159057437408 0.00870105655686762 0.016200294550810016 
4 0.6056556867619639 0.8796023564064801 0.008079552517091361 0.015463917525773196 
4 0.6171535114978247 0.9127393225331369 0.0074580484773151025 0.015463917525773196 
4 0.6236793039154754 0.9108983799705449 0.006836544437538844 0.013254786450662739 
4 0.629894344313238 0.9112665684830633 0.006836544437538844 0.013991163475699559 
4 0.6472964574269733 0.9042709867452136 0.008079552517091361 0.016200294550810016 
4 0.6305158483530143 0.8722385861561119 0.008079552517091361 0.016936671575846832 
4 0.6783716594157863 0.8954344624447718 0.006836544437538844 0.014727540500736377 
4 0.6668738346799254 0.8991163475699558 0.00870105655686762 0.017673048600883652 
4 0.6963952765692977 0.8479381443298969 0.008079552517091361 0.016936671575846832 
4 0.6845866998135488 0.8159057437407953 0.009322560596643879 0.016200294550810016 
4 0.7280919825978869 0.8015463917525774 0.009322560596643879 0.018409425625920472 
4 0.709136109384711 0.8869661266568483 0.00870105655686762 0.016936671575846832 
4 0.7526413921690491 0.8737113402061856 0.00870105655686762 0.018409425625920472 
4 0.7358607830950901 0.8391016200294551 0.00870105655686762 0.015463917525773196 
4 0.7566811684275948 0.7952871870397643 0.009322560596643879 0.017673048600883652 
4 0.7635177128651336 0.7919734904270986 0.008079552517091361 0.016936671575846832 
4 0.7747047855811062 0.7897643593519882 0.008079552517091361 0.018409425625920472 
4 0.7914853946550653 0.8236377025036818 0.009322560596643879 0.018409425625920472 
4 0.7995649471721566 0.7812960235640648 0.006836544437538844 0.017673048600883652 
6 0.4853946550652579 0.2912371134020619 0.01740211311373524 0.012518409425625921 
5 0.9353635798632691 0.5051546391752577 0.016159105034182723 0.011782032400589101 
5 0.8449347420758235 0.06958762886597938 0.015537600994406464 0.012518409425625921 
6 0.728402734617775 0.68519882179676 0.018645121193287758 0.012518409425625921 
6 0.7215661901802362 0.6487481590574374 0.019888129272840272 0.013254786450662739 
6 0.7197016780609073 0.6365979381443299 0.016159105034182723 0.012518409425625921 
6 0.7165941578620261 0.6262886597938144 0.019888129272840272 0.012518409425625921 
6 0.714108141702921 0.6148748159057438 0.01740211311373524 0.011782032400589101 
6 0.7119328775637042 0.6027245949926362 0.020509633312616533 0.013991163475699559 
6 0.7094468614045991 0.5913107511045655 0.020509633312616533 0.013254786450662739 
6 0.6920447482908639 0.5699558173784978 0.036668738346799255 0.023564064801178203 
6 0.6165320074580485 0.6200294550810015 0.02113113735239279 0.014727540500736377 
6 0.6215040397762586 0.6428571428571429 0.02113113735239279 0.014727540500736377 
6 0.6239900559353636 0.6550073637702504 0.019888129272840272 0.013991163475699559 
6 0.6270975761342449 0.6660530191458026 0.018645121193287758 0.013991163475699559 
6 0.6286513362336855 0.678939617083947 0.02175264139216905 0.014727540500736377 
6 0.6314481044126787 0.6903534609720177 0.02113113735239279 0.013991163475699559 
6 0.6364201367308887 0.7128129602356407 0.02113113735239279 0.014727540500736377 
6 0.6395276569297701 0.7245949926362297 0.022374145431945307 0.016200294550810016 
6 0.642013673088875 0.7356406480117821 0.019888129272840272 0.013254786450662739 
6 0.6432566811684276 0.7470544918998527 0.022374145431945307 0.015463917525773196 
6 0.6494717215661902 0.7687776141384389 0.02113113735239279 0.014727540500736377 
6 0.642013673088875 0.6251840942562592 0.02113113735239279 0.014727540500736377 
6 0.6448104412678682 0.6365979381443299 0.020509633312616533 0.013991163475699559 
6 0.6469857054070851 0.6476435935198822 0.018645121193287758 0.012518409425625921 
6 0.7243629583592294 0.6605301914580265 0.020509633312616533 0.013254786450662739 
6 0.7318210068365444 0.6955081001472754 0.020509633312616533 0.013991163475699559 
6 0.6535114978247358 0.6704712812960235 0.02175264139216905 0.013991163475699559 
6 0.7346177750155376 0.7080265095729014 0.016159105034182723 0.012518409425625921 
6 0.8182100683654444 0.729381443298969 0.022995649471721565 0.015463917525773196 
6 0.7541951522684898 0.5567010309278351 0.019266625233064015 0.013254786450662739 
6 0.7613424487259167 0.5390279823269514 0.04599129894344313 0.026509572901325478 
6 0.6830329397141082 0.5876288659793815 0.02113113735239279 0.014727540500736377 
6 0.6864512119328776 0.5986745213549337 0.020509633312616533 0.013254786450662739 
6 0.6876942200124301 0.6104565537555229 0.02175264139216905 0.014727540500736377 
6 0.6942200124300808 0.6325478645066274 0.018645121193287758 0.013254786450662739 
6 0.6967060285891858 0.6450662739322534 0.02113113735239279 0.014727540500736377 
6 0.7010565568676196 0.6682621502209131 0.014916096954630205 0.011045655375552283 
6 0.7029210689869484 0.6796759941089838 0.019888129272840272 0.013254786450662739 
6 0.7063393412057178 0.6910898379970545 0.02175264139216905 0.013991163475699559 
6 0.7088253573648229 0.7028718703976435 0.02175264139216905 0.013991163475699559 
6 0.7106898694841517 0.7142857142857143 0.020509633312616533 0.013254786450662739 
6 0.716283405842138 0.7367452135493373 0.02175264139216905 0.015463917525773196 
6 0.7197016780609073 0.7474226804123711 0.018645121193287758 0.011782032400589101 
6 0.7212554381603481 0.7588365243004418 0.014294592914853946 0.011045655375552283 
6 0.747669359850839 0.7639911634756995 0.014916096954630205 0.011045655375552283 
6 0.7448725916718458 0.7540500736377025 0.019266625233064015 0.011782032400589101 
6 0.7423865755127408 0.741899852724595 0.02175264139216905 0.013991163475699559 
6 0.738036047234307 0.7297496318114874 0.014294592914853946 0.011782032400589101 
6 0.7374145431945308 0.7190721649484536 0.020509633312616533 0.013991163475699559 
6 0.6494717215661902 0.6597938144329897 0.019888129272840272 0.013254786450662739 
6 0.6541330018645121 0.6829896907216495 0.019266625233064015 0.012518409425625921 
6 0.8104412678682411 0.7025036818851251 0.02610316967060286 0.016200294550810016 
6 0.5954008701056557 0.78240058910162 0.02113113735239279 0.013991163475699559 
6 0.6000621504039776 0.8081737849779087 0.020509633312616533 0.013991163475699559 
6 0.5770665009322561 0.7013991163475699 0.02175264139216905 0.015463917525773196 
6 0.5752019888129273 0.6866715758468336 0.024238657551274082 0.015463917525773196 
6 0.5711622125543816 0.6737849779086893 0.023617153511497825 0.016200294550810016 
6 0.5699192044748291 0.6579528718703976 0.02610316967060286 0.016936671575846832 
6 0.5428837787445618 0.6627393225331369 0.020509633312616533 0.014727540500736377 
6 0.5403977625854568 0.6516936671575847 0.019266625233064015 0.013254786450662739 
6 0.5652579241765071 0.6439617083946981 0.019266625233064015 0.012518409425625921 
6 0.5484773151025482 0.6329160530191458 0.045369794903666875 0.028718703976435934 
6 0.49844623990055936 0.8398379970544919 0.024860161591050343 0.016936671575846832 
6 0.49285270354257305 0.8269513991163475 0.027346177750155375 0.01914580265095729 
6 0.4937849596022374 0.812960235640648 0.020509633312616533 0.014727540500736377 
6 0.5205096333126166 0.8177466863033873 0.024238657551274082 0.016936671575846832 
6 0.5186451211932878 0.8041237113402062 0.024238657551274082 0.016200294550810016 
6 0.5155376009944065 0.7897643593519882 0.026724673710379118 0.015463917525773196 
6 0.48756991920447484 0.7978645066273933 0.024238657551274082 0.016936671575846832 
6 0.4860161591050342 0.7838733431516937 0.024860161591050343 0.016936671575846832 
6 0.5124300807955252 0.7757731958762887 0.02175264139216905 0.015463917525773196 
6 0.5080795525170914 0.7625184094256259 0.022995649471721565 0.013991163475699559 
6 0.483219390926041 0.7702503681885126 0.022995649471721565 0.016200294550810016 
6 0.4785581106277191 0.7573637702503682 0.028589185829707892 0.018409425625920472 
6 0.5994406463642014 0.7952871870397643 0.02175264139216905 0.014727540500736377 
6 0.5929148539465506 0.7687776141384389 0.024860161591050343 0.014727540500736377 
6 0.6569297700435053 0.6940353460972017 0.019888129272840272 0.013991163475699559 
6 0.59136109384711 0.7547864506627393 0.026724673710379118 0.016200294550810016 
6 0.6594157862026103 0.7065537555228277 0.018645121193287758 0.012518409425625921 
6 0.6625233064014916 0.7183357879234168 0.022374145431945307 0.013991163475699559 
6 0.6646985705407085 0.729381443298969 0.018023617153511497 0.012518409425625921 
6 0.6690490988191423 0.7507363770250368 0.019266625233064015 0.013991163475699559 
6 0.6727781230577998 0.7628865979381443 0.011808576755748913 0.008836524300441826 
6 0.675574891236793 0.7735640648011782 0.011187072715972654 0.009572901325478646 
6 0.6395276569297701 0.6130338733431517 0.019888129272840272 0.013991163475699559 
6 0.6233685518955874 0.6038291605301914 0.041019266625233065 0.023564064801178203 
6 0.5674331883157241 0.7779823269513991 0.02113113735239279 0.015463917525773196 
6 0.5643256681168427 0.7669366715758469 0.02113113735239279 0.013991163475699559 
6 0.5630826600372902 0.7544182621502209 0.02113113735239279 0.013991163475699559 
6 0.560285891858297 0.7430044182621502 0.02175264139216905 0.014727540500736377 
6 0.5574891236793039 0.7312223858615611 0.019888129272840272 0.013254786450662739 
6 0.5562461155997513 0.7190721649484536 0.02113113735239279 0.013991163475699559 
6 0.5512740832815414 0.7080265095729014 0.022374145431945307 0.015463917525773196 
6 0.550652579241765 0.6962444771723122 0.019888129272840272 0.013991163475699559 
6 0.5475450590428838 0.68519882179676 0.019888129272840272 0.013991163475699559 
6 0.545680546923555 0.6737849779086893 0.02113113735239279 0.014727540500736377 
6 0.5804847731510255 0.7150220913107511 0.022374145431945307 0.016200294550810016 
6 0.5835922933499068 0.7290132547864506 0.022374145431945307 0.014727540500736377 
6 0.5863890615288999 0.7422680412371134 0.022995649471721565 0.014727540500736377 
6 0.8135487880671224 0.7157584683357879 0.024860161591050343 0.016200294550810016 
6 0.807644499689248 0.6896170839469808 0.024238657551274082 0.015463917525773196 
5 0.5705407085146054 0.054860088365243004 0.027346177750155375 0.019882179675994108 
6 0.7287134866376631 0.9506627393225331 0.02175264139216905 0.013254786450662739 
6 0.7768800497203232 0.9598674521354934 0.02113113735239279 0.016936671575846832 
6 0.7734617775015538 0.9491899852724595 0.020509633312616533 0.014727540500736377 
6 0.7700435052827843 0.9385125184094256 0.02113113735239279 0.015463917525773196 
6 0.7691112492231199 0.9256259204712813 0.018023617153511497 0.016200294550810016 
6 0.7660037290242386 0.9149484536082474 0.018023617153511497 0.012518409425625921 
6 0.7622747047855811 0.9042709867452136 0.02175264139216905 0.014727540500736377 
6 0.7899316345556247 0.9072164948453608 0.01740211311373524 0.013254786450662739 
6 0.7924176507147297 0.9182621502209131 0.019888129272840272 0.014727540500736377 
6 0.7986326911124922 0.9418262150220913 0.019888129272840272 0.013254786450662739 
6 0.8026724673710379 0.9653902798232695 0.018023617153511497 0.013254786450662739 
6 0.8064014916096954 0.9771723122238586 0.019266625233064015 0.013254786450662739 
6 0.8079552517091361 0.9871134020618557 0.02113113735239279 0.013991163475699559 
6 0.8353014294592915 0.8950662739322534 0.01740211311373524 0.013991163475699559 
6 0.8570540708514606 0.8987481590574374 0.016159105034182723 0.011045655375552283 
6 0.8601615910503418 0.9086892488954345 0.01740211311373524 0.011782032400589101 
6 0.8387197016780609 0.9175257731958762 0.019266625233064015 0.013254786450662739 
6 0.8408949658172779 0.9296759941089838 0.01740211311373524 0.013991163475699559 
6 0.8651336233685519 0.9296759941089838 0.01740211311373524 0.012518409425625921 
6 0.8433809819763829 0.9399852724594993 0.02113113735239279 0.015463917525773196 
6 0.8483530142945929 0.9631811487481591 0.019888129272840272 0.016200294550810016 
6 0.8514605344934743 0.9753313696612665 0.019888129272840272 0.015463917525773196 
6 0.7787445618396519 0.9720176730486009 0.01740211311373524 0.013254786450662739 
6 0.7302672467371037 0.9620765832106039 0.018645121193287758 0.013991163475699559 
6 0.879738968303294 0.9933726067746687 0.01678060907395898 0.011782032400589101 
6 0.733064014916097 0.9734904270986745 0.019266625233064015 0.013254786450662739 
13 0.7684897451833437 0.156480117820324 0.035425730267246734 0.04344624447717231 
6 0.09571162212554382 0.7065537555228277 0.011187072715972654 0.022827687776141383 
6 0.08266003729024239 0.7102356406480118 0.011187072715972654 0.028718703976435934 
6 0.07582349285270354 0.7131811487481591 0.011187072715972654 0.028718703976435934 
6 0.07022995649471722 0.7153902798232695 0.013673088875077687 0.030191458026509573 
6 0.646674953387197 0.9513991163475699 0.02175264139216905 0.016200294550810016 
6 0.622436295835923 0.9893225331369662 0.024238657551274082 0.018409425625920472 
6 0.6215040397762586 0.9738586156111929 0.023617153511497825 0.016936671575846832 
6 0.6146674953387197 0.9473490427098674 0.023617153511497825 0.015463917525773196 
6 0.6168427594779367 0.961340206185567 0.020509633312616533 0.016936671575846832 
6 0.6491609695463021 0.9646539027982327 0.02175264139216905 0.016200294550810016 
6 0.651336233685519 0.9790132547864506 0.022374145431945307 0.015463917525773196 
6 0.7097576134244873 0.9804860088365243 0.019888129272840272 0.013991163475699559 
6 0.7069608452454941 0.9690721649484536 0.02175264139216905 0.016200294550810016 
6 0.7038533250466128 0.9580265095729014 0.020509633312616533 0.014727540500736377 
6 0.7016780609073959 0.945139911634757 0.01740211311373524 0.013991163475699559 
6 0.6991920447482909 0.9340942562592047 0.016159105034182723 0.012518409425625921 
6 0.6951522684897452 0.9237849779086893 0.015537600994406464 0.012518409425625921 
6 0.7231199502796768 0.9263622974963182 0.019266625233064015 0.011782032400589101 
6 0.7262274704785581 0.9381443298969072 0.020509633312616533 0.014727540500736377 
6 0.7349285270354258 0.9841678939617083 0.020509633312616533 0.013991163475699559 
6 0.8536357986326911 0.9867452135493373 0.020509633312616533 0.014727540500736377 
6 0.8778744561839652 0.9823269513991163 0.018023617153511497 0.011782032400589101 
6 0.8060907395898074 0.6752577319587629 0.022374145431945307 0.016200294550810016 
6 0.24673710379117464 0.501840942562592 0.016159105034182723 0.030191458026509573 
6 0.790863890615289 0.7404270986745214 0.019266625233064015 0.012518409425625921 
6 0.7896208825357365 0.7304860088365243 0.015537600994406464 0.011782032400589101 
6 0.7880671224362958 0.7179675994108984 0.018645121193287758 0.013254786450662739 
6 0.7846488502175264 0.7069219440353461 0.015537600994406464 0.011782032400589101 
6 0.781230577998757 0.6958762886597938 0.018645121193287758 0.013254786450662739 
6 0.7796768178993163 0.6859351988217968 0.019266625233064015 0.012518409425625921 
6 0.7771908017402113 0.6741531664212077 0.02175264139216905 0.015463917525773196 
6 0.7756370416407706 0.6616347569955817 0.019888129272840272 0.013991163475699559 
6 0.771597265382225 0.6502209131075111 0.022995649471721565 0.014727540500736377 
6 0.7653822249844624 0.6156111929307806 0.020509633312616533 0.014727540500736377 
6 0.7576134244872592 0.5802650957290133 0.02113113735239279 0.014727540500736377 
6 0.7557489123679304 0.5681148748159057 0.019888129272840272 0.012518409425625921 
6 0.7781230577998757 0.551178203240059 0.023617153511497825 0.015463917525773196 
6 0.7802983219390927 0.5662739322533137 0.02175264139216905 0.014727540500736377 
6 0.7830950901180858 0.5795287187039765 0.02113113735239279 0.014727540500736377 
6 0.786202610316967 0.593519882179676 0.019888129272840272 0.014727540500736377 
6 0.7899316345556247 0.6067746686303387 0.019888129272840272 0.014727540500736377 
6 0.7914853946550653 0.6207658321060383 0.02175264139216905 0.016200294550810016 
6 0.795835922933499 0.634020618556701 0.024238657551274082 0.017673048600883652 
6 0.798011187072716 0.6472754050073638 0.02113113735239279 0.016200294550810016 
6 0.8020509633312617 0.6623711340206185 0.024238657551274082 0.015463917525773196 
6 0.23492852703542574 0.5069955817378498 0.01740211311373524 0.03313696612665685 
6 0.25730267246737104 0.4963181148748159 0.01740211311373524 0.03240058910162003 
6 0.872591671845867 0.961340206185567 0.019888129272840272 0.012518409425625921 
6 0.26786824114356744 0.4841678939617084 0.019888129272840272 0.0390279823269514 
6 0.8704164077066501 0.9510309278350515 0.019266625233064015 0.013991163475699559 
6 0.9204474829086389 0.977540500736377 0.019888129272840272 0.013991163475699559 
6 0.9185829707893102 0.9664948453608248 0.019888129272840272 0.015463917525773196 
6 0.9151646985705407 0.9554491899852725 0.018023617153511497 0.013991163475699559 
6 0.9123679303915475 0.9436671575846833 0.018645121193287758 0.013991163475699559 
6 0.9045991298943443 0.9094256259204713 0.020509633312616533 0.013254786450662739 
6 0.8996270975761342 0.874079528718704 0.011808576755748913 0.010309278350515464 
6 0.9030453697949037 0.8976435935198822 0.019888129272840272 0.014727540500736377 
13 0.9720323182100684 0.5857879234167894 0.05593536357986327 0.05964653902798233 
6 0.07240522063393412 0.822901325478645 0.024238657551274082 0.016936671575846832 
6 0.16625233064014916 0.501840942562592 0.014294592914853946 0.02577319587628866 
6 0.17588564325668116 0.49852724594992637 0.012430080795525171 0.022091310751104567 
6 0.18489745183343692 0.4944771723122239 0.014294592914853946 0.027245949926362298 
6 0.19359850839030454 0.4900589101620029 0.014294592914853946 0.02577319587628866 
6 0.2038533250466128 0.48637702503681884 0.014916096954630205 0.02577319587628866 
6 0.2144188937228092 0.4841678939617084 0.011187072715972654 0.018409425625920472 
6 0.2218769422001243 0.47606774668630336 0.012430080795525171 0.024300441826215022 
6 0.23088875077688004 0.4742268041237113 0.01305158483530143 0.023564064801178203 
6 0.24114356743318832 0.4723858615611193 0.011187072715972654 0.019882179675994108 
6 0.24922311995027968 0.46686303387334316 0.012430080795525171 0.023564064801178203 
6 0.25761342448725916 0.4631811487481591 0.011808576755748913 0.020618556701030927 
12 0.3458669981354879 0.4944771723122239 0.10130515848353014 0.2658321060382916 
