4 0.2078125 0.7354166666666667 0.00625 0.0125 
4 0.42578125 0.86953125 0.011979166666666667 0.0067708333333333336 
4 0.5893229166666667 0.30052083333333335 0.011979166666666667 0.00625 
4 0.9231770833333334 0.5388020833333333 0.013020833333333334 0.009895833333333333 
4 0.91953125 0.54453125 0.013020833333333334 0.008854166666666666 
4 0.8447916666666667 0.6473958333333333 0.005208333333333333 0.0125 
4 0.9067708333333333 0.5934895833333333 0.008333333333333333 0.013020833333333334 
4 0.9052083333333333 0.9921875 0.011458333333333333 0.005208333333333333 
4 0.8604166666666667 0.9903645833333333 0.013541666666666667 0.0067708333333333336 
4 0.7057291666666666 0.8903645833333333 0.010416666666666666 0.013020833333333334 
4 0.7130208333333333 0.8223958333333333 0.005208333333333333 0.0125 
5 0.85625 0.6901041666666666 0.021875 0.009375 
4 0.8283854166666667 0.7809895833333333 0.0109375 0.0067708333333333336 
4 0.8143229166666667 0.7348958333333333 0.013020833333333334 0.00625 
4 0.8291666666666667 0.72890625 0.013541666666666667 0.0067708333333333336 
4 0.8528645833333334 0.7184895833333333 0.013020833333333334 0.005729166666666666 
4 0.8619791666666666 0.6450520833333333 0.010416666666666666 0.0067708333333333336 
4 0.7854166666666667 0.6510416666666666 0.0125 0.011458333333333333 
4 0.815625 0.6346354166666667 0.014583333333333334 0.009895833333333333 
4 0.7388020833333333 0.628125 0.013020833333333334 0.013541666666666667 
4 0.48854166666666665 0.4778645833333333 0.013541666666666667 0.0067708333333333336 
4 0.5013020833333334 0.9533854166666667 0.0109375 0.005729166666666666 
4 0.5776041666666667 0.9309895833333334 0.008333333333333333 0.013020833333333334 
4 0.9625 0.5953125 0.00625 0.0125 
4 0.56796875 0.93359375 0.0078125 0.013020833333333334 
4 0.41692708333333334 0.859375 0.0109375 0.007291666666666667 
4 0.4205729166666667 0.815625 0.0140625 0.008333333333333333 
0 0.7846354166666667 0.7630208333333334 0.08177083333333333 0.07916666666666666 
0 0.7755208333333333 0.678125 0.09375 0.08020833333333334 
0 0.7747395833333334 0.590625 0.10885416666666667 0.103125 
0 0.47682291666666665 0.5182291666666666 0.10989583333333333 0.10729166666666666 
0 0.36953125 0.5591145833333333 0.0765625 0.07864583333333333 
0 0.47994791666666664 0.6190104166666667 0.0796875 0.0859375 
0 0.503125 0.6971354166666667 0.103125 0.0953125 
0 0.4828125 0.7859375 0.10625 0.10729166666666666 
0 0.240625 0.9075520833333334 0.09479166666666666 0.08177083333333333 
0 0.14296875 0.7778645833333333 0.1015625 0.1046875 
0 0.14557291666666666 0.7015625 0.07760416666666667 0.078125 
0 0.13255208333333332 0.6268229166666667 0.10572916666666667 0.10364583333333334 
0 0.14401041666666667 0.5510416666666667 0.09947916666666666 0.09791666666666667 
4 0.2513020833333333 0.7372395833333333 0.009895833333333333 0.009895833333333333 
4 0.26015625 0.85703125 0.011979166666666667 0.005729166666666666 
4 0.43645833333333334 0.7484375 0.010416666666666666 0.011458333333333333 
4 0.43046875 0.7453125 0.009895833333333333 0.011458333333333333 
4 0.42630208333333336 0.7411458333333333 0.0078125 0.009375 
4 0.41692708333333334 0.7325520833333333 0.008854166666666666 0.0109375 
4 0.4 0.7299479166666667 0.00625 0.013020833333333334 
4 0.27760416666666665 0.79375 0.0125 0.00625 
4 0.26015625 0.74375 0.013020833333333334 0.011458333333333333 
4 0.25755208333333335 0.73359375 0.0140625 0.0109375 
4 0.24739583333333334 0.7408854166666666 0.011458333333333333 0.0109375 
4 0.24609375 0.7463541666666667 0.011979166666666667 0.010416666666666666 
4 0.24296875 0.7515625 0.009895833333333333 0.009375 
4 0.21875 0.7049479166666667 0.010416666666666666 0.0109375 
4 0.35859375 0.6158854166666666 0.005729166666666666 0.0109375 
4 0.4200520833333333 0.5653645833333333 0.0067708333333333336 0.013020833333333334 
4 0.18567708333333333 0.5192708333333333 0.011979166666666667 0.00625 
4 0.08359375 0.5489583333333333 0.0067708333333333336 0.013541666666666667 
4 0.37213541666666666 0.31744791666666666 0.013020833333333334 0.005729166666666666 
5 0.5341145833333333 0.5481770833333334 0.008854166666666666 0.022395833333333334 
4 0.5213541666666667 0.5388020833333333 0.005208333333333333 0.013020833333333334 
4 0.7307291666666667 0.44869791666666664 0.010416666666666666 0.005729166666666666 
0 0.08515625 0.2908854166666667 0.0984375 0.09947916666666666 
