4 0.08984375 0.5434895833333333 0.013020833333333334 0.009895833333333333 
4 0.08619791666666667 0.54921875 0.013020833333333334 0.008854166666666666 
4 0.011458333333333333 0.6520833333333333 0.005208333333333333 0.0125 
4 0.0734375 0.5981770833333333 0.008333333333333333 0.013020833333333334 
4 0.071875 0.996875 0.011458333333333333 0.005208333333333333 
4 0.027083333333333334 0.9950520833333333 0.013541666666666667 0.0067708333333333336 
5 0.022916666666666665 0.6947916666666667 0.021875 0.009375 
4 0.01953125 0.7231770833333333 0.013020833333333334 0.005729166666666666 
4 0.028645833333333332 0.6497395833333334 0.010416666666666666 0.0067708333333333336 
4 0.12916666666666668 0.6 0.00625 0.0125 
4 0.19010416666666666 0.5419270833333333 0.011458333333333333 0.0078125 
4 0.19140625 0.5515625 0.0067708333333333336 0.011458333333333333 
4 0.49661458333333336 0.39114583333333336 0.011979166666666667 0.00625 
4 0.6979166666666666 0.47291666666666665 0.011458333333333333 0.013541666666666667 
4 0.78359375 0.38203125 0.013020833333333334 0.0067708333333333336 
4 0.7411458333333333 0.37083333333333335 0.007291666666666667 0.014583333333333334 
4 0.7341145833333333 0.37057291666666664 0.0067708333333333336 0.0140625 
4 0.7223958333333333 0.37057291666666664 0.00625 0.013020833333333334 
4 0.7106770833333333 0.37135416666666665 0.0078125 0.011458333333333333 
4 0.6838541666666667 0.37447916666666664 0.007291666666666667 0.013541666666666667 
4 0.5471354166666667 0.43984375 0.0140625 0.0078125 
4 0.5239583333333333 0.38645833333333335 0.009375 0.0125 
4 0.4901041666666667 0.39609375 0.013541666666666667 0.009895833333333333 
4 0.22161458333333334 0.5421875 0.0067708333333333336 0.0125 
4 0.5958333333333333 0.8028645833333333 0.00625 0.0109375 
4 0.5895833333333333 0.8026041666666667 0.00625 0.011458333333333333 
4 0.2171875 0.9106770833333333 0.015625 0.0067708333333333336 
4 0.17005208333333333 0.73125 0.011979166666666667 0.005208333333333333 
4 0.2421875 0.6018229166666667 0.00625 0.013020833333333334 
4 0.26927083333333335 0.59921875 0.007291666666666667 0.0140625 
4 0.22942708333333334 0.471875 0.009895833333333333 0.010416666666666666 
4 0.22369791666666666 0.4747395833333333 0.0109375 0.0109375 
4 0.26067708333333334 0.53828125 0.0067708333333333336 0.011979166666666667 
4 0.9033854166666667 0.6578125 0.008854166666666666 0.016666666666666666 
0 0.7130208333333333 0.13984375 0.071875 0.0765625 
0 0.4856770833333333 0.15572916666666667 0.07552083333333333 0.08020833333333334 
0 0.3333333333333333 0.24765625 0.090625 0.09010416666666667 
0 0.44583333333333336 0.88046875 0.10416666666666667 0.09947916666666666 
0 0.5158854166666667 0.8067708333333333 0.07864583333333333 0.06979166666666667 
0 0.5403645833333334 0.6760416666666667 0.0703125 0.07604166666666666 
0 0.5177083333333333 0.521875 0.10208333333333333 0.10416666666666667 
0 0.26015625 0.8377604166666667 0.1015625 0.07864583333333333 
0 0.878125 0.12630208333333334 0.059375 0.0578125 
0 0.7596354166666667 0.47291666666666665 0.09947916666666666 0.09791666666666667 
0 0.7486979166666666 0.55390625 0.07760416666666667 0.06822916666666666 
0 0.7841145833333333 0.63515625 0.0734375 0.07447916666666667 
0 0.8453125 0.78984375 0.071875 0.07239583333333334 
4 0.8950520833333333 0.65859375 0.005729166666666666 0.011979166666666667 
4 0.80234375 0.8145833333333333 0.0078125 0.013541666666666667 
4 0.5708333333333333 0.9958333333333333 0.010416666666666666 0.004166666666666667 
4 0.4015625 0.9921875 0.010416666666666666 0.00625 
4 0.4203125 0.9908854166666666 0.011458333333333333 0.005729166666666666 
4 0.43411458333333336 0.9713541666666666 0.013020833333333334 0.00625 
4 0.44765625 0.9796875 0.0109375 0.00625 
4 0.46979166666666666 0.9791666666666666 0.011458333333333333 0.007291666666666667 
4 0.4778645833333333 0.9859375 0.0109375 0.005208333333333333 
4 0.509375 0.9822916666666667 0.011458333333333333 0.005208333333333333 
4 0.54453125 0.9536458333333333 0.011979166666666667 0.00625 
4 0.5606770833333333 0.9598958333333333 0.009895833333333333 0.005208333333333333 
4 0.57265625 0.9513020833333333 0.0109375 0.0067708333333333336 
4 0.5763020833333333 0.9575520833333333 0.0109375 0.005729166666666666 
4 0.58515625 0.95 0.0109375 0.00625 
4 0.5888020833333333 0.9567708333333333 0.009895833333333333 0.007291666666666667 
4 0.59921875 0.95859375 0.011979166666666667 0.008854166666666666 
4 0.596875 0.9502604166666667 0.0125 0.0067708333333333336 
4 0.61171875 0.9481770833333333 0.0109375 0.005729166666666666 
4 0.61171875 0.9557291666666666 0.0109375 0.00625 
4 0.6486979166666667 0.9533854166666667 0.011979166666666667 0.005729166666666666 
4 0.6346354166666667 0.9473958333333333 0.0140625 0.005208333333333333 
4 0.6234375 0.95546875 0.010416666666666666 0.005729166666666666 
4 0.6096354166666667 0.9640625 0.011979166666666667 0.00625 
4 0.38255208333333335 0.9932291666666667 0.0109375 0.00625 
4 0.3692708333333333 0.9872395833333333 0.010416666666666666 0.005729166666666666 
4 0.35859375 0.9955729166666667 0.011979166666666667 0.0067708333333333336 
5 0.4122395833333333 0.9841145833333333 0.0265625 0.0078125 
4 0.8140625 0.9729166666666667 0.010416666666666666 0.00625 
4 0.8098958333333334 0.9661458333333334 0.011458333333333333 0.005208333333333333 
4 0.21875 0.9794270833333333 0.011458333333333333 0.005729166666666666 
4 0.21119791666666668 0.9940104166666667 0.011979166666666667 0.0067708333333333336 
4 0.18854166666666666 0.9958333333333333 0.009375 0.005208333333333333 
5 0.25703125 0.98359375 0.025520833333333333 0.008854166666666666 
5 0.24505208333333334 0.9916666666666667 0.0171875 0.00625 
4 0.2630208333333333 0.9955729166666667 0.010416666666666666 0.005729166666666666 
4 0.34036458333333336 0.9901041666666667 0.011979166666666667 0.007291666666666667 
4 0.2708333333333333 0.975 0.0125 0.005208333333333333 
4 0.290625 0.9927083333333333 0.011458333333333333 0.007291666666666667 
4 0.2981770833333333 0.98671875 0.011979166666666667 0.0067708333333333336 
4 0.31614583333333335 0.9723958333333333 0.011458333333333333 0.00625 
4 0.3145833333333333 0.9802083333333333 0.011458333333333333 0.008333333333333333 
4 0.31302083333333336 0.9927083333333333 0.011458333333333333 0.007291666666666667 
4 0.3255208333333333 0.9971354166666667 0.010416666666666666 0.0046875 
4 0.32421875 0.9854166666666667 0.0109375 0.00625 
4 0.35208333333333336 0.98203125 0.010416666666666666 0.0067708333333333336 
4 0.6247395833333333 0.9921875 0.011979166666666667 0.005208333333333333 
4 0.5760416666666667 0.9861979166666667 0.011458333333333333 0.005729166666666666 
4 0.8877604166666667 0.8434895833333333 0.005729166666666666 0.011979166666666667 
4 0.6111979166666667 0.9828125 0.009895833333333333 0.00625 
5 0.5078125 0.9635416666666666 0.015625 0.00625 
5 0.5453125 0.9638020833333333 0.016666666666666666 0.0109375 
5 0.5828125 0.9690104166666667 0.015625 0.0046875 
5 0.7848958333333333 0.9658854166666667 0.019791666666666666 0.005729166666666666 
5 0.8739583333333333 0.9643229166666667 0.017708333333333333 0.0067708333333333336 
5 0.84375 0.96171875 0.026041666666666668 0.0078125 
4 0.9020833333333333 0.8473958333333333 0.00625 0.011458333333333333 
4 0.9020833333333333 0.8609375 0.005208333333333333 0.011458333333333333 
4 0.9020833333333333 0.8760416666666667 0.005208333333333333 0.010416666666666666 
4 0.89609375 0.965625 0.013020833333333334 0.005208333333333333 
4 0.9013020833333333 0.9479166666666666 0.009895833333333333 0.011458333333333333 
4 0.8893229166666666 0.9330729166666667 0.0067708333333333336 0.011979166666666667 
4 0.8921875 0.9158854166666667 0.005208333333333333 0.0109375 
4 0.8846354166666667 0.9151041666666667 0.0067708333333333336 0.0125 
4 0.9010416666666666 0.9111979166666667 0.005208333333333333 0.0109375 
4 0.8921875 0.9026041666666667 0.005208333333333333 0.011458333333333333 
4 0.9010416666666666 0.8947916666666667 0.00625 0.0125 
4 0.8869791666666667 0.8901041666666667 0.005208333333333333 0.010416666666666666 
4 0.8940104166666667 0.8841145833333334 0.0046875 0.011979166666666667 
4 0.8958333333333334 0.8697916666666666 0.005208333333333333 0.011458333333333333 
4 0.8875 0.8627604166666667 0.004166666666666667 0.009895833333333333 
5 0.4505208333333333 0.9609375 0.01875 0.00625 
5 0.20416666666666666 0.9869791666666666 0.022916666666666665 0.007291666666666667 
5 0.32890625 0.8588541666666667 0.0109375 0.020833333333333332 
4 0.72890625 0.9580729166666667 0.0109375 0.005729166666666666 
4 0.621875 0.9752604166666666 0.0125 0.005729166666666666 
4 0.6471354166666666 0.9674479166666666 0.009895833333333333 0.005729166666666666 
4 0.66171875 0.9546875 0.011979166666666667 0.007291666666666667 
4 0.66015625 0.9731770833333333 0.0140625 0.0046875 
4 0.678125 0.971875 0.010416666666666666 0.005208333333333333 
4 0.6708333333333333 0.9669270833333333 0.0125 0.005729166666666666 
4 0.6921875 0.9591145833333333 0.011458333333333333 0.005729166666666666 
4 0.7096354166666666 0.9705729166666667 0.0109375 0.0046875 
4 0.7078125 0.9588541666666667 0.010416666666666666 0.004166666666666667 
4 0.7296875 0.9645833333333333 0.010416666666666666 0.004166666666666667 
5 0.8127604166666667 0.9604166666666667 0.018229166666666668 0.00625 
4 0.7598958333333333 0.9651041666666667 0.010416666666666666 0.005208333333333333 
4 0.7190104166666667 0.97734375 0.011979166666666667 0.0046875 
4 0.77890625 0.971875 0.011979166666666667 0.005208333333333333 
4 0.7770833333333333 0.95859375 0.011458333333333333 0.0046875 
4 0.8299479166666667 0.9677083333333333 0.0109375 0.00625 
4 0.83203125 0.9791666666666666 0.013020833333333334 0.00625 
4 0.8890625 0.9708333333333333 0.010416666666666666 0.005208333333333333 
4 0.8635416666666667 0.9755208333333333 0.010416666666666666 0.00625 
4 0.8565104166666667 0.96953125 0.009895833333333333 0.005729166666666666 
