4 0.775 0.42213541666666665 0.007291666666666667 0.013020833333333334 
4 0.5903645833333333 0.07083333333333333 0.009895833333333333 0.00625 
4 0.5575520833333333 0.07838541666666667 0.011979166666666667 0.0078125 
4 0.5442708333333334 0.08255208333333333 0.0125 0.0067708333333333336 
4 0.5677083333333334 0.1671875 0.004166666666666667 0.010416666666666666 
4 0.58203125 0.16536458333333334 0.0067708333333333336 0.009895833333333333 
4 0.56171875 0.1609375 0.0078125 0.011458333333333333 
4 0.6221354166666667 0.15703125 0.009895833333333333 0.0067708333333333336 
4 0.62890625 0.14947916666666666 0.0109375 0.00625 
4 0.59453125 0.3346354166666667 0.011979166666666667 0.0067708333333333336 
4 0.5817708333333333 0.3453125 0.011458333333333333 0.004166666666666667 
4 0.5546875 0.346875 0.009375 0.004166666666666667 
4 0.5260416666666666 0.36171875 0.005208333333333333 0.0109375 
4 0.60546875 0.3690104166666667 0.0109375 0.0109375 
4 0.67578125 0.4236979166666667 0.008854166666666666 0.0109375 
4 0.5075520833333333 0.44166666666666665 0.0046875 0.010416666666666666 
4 0.6098958333333333 0.509375 0.009375 0.010416666666666666 
4 0.6716145833333333 0.5104166666666666 0.0067708333333333336 0.011458333333333333 
4 0.5182291666666666 0.5846354166666666 0.005208333333333333 0.011979166666666667 
4 0.6072916666666667 0.6328125 0.005208333333333333 0.0125 
4 0.58046875 0.6627604166666666 0.005729166666666666 0.011979166666666667 
4 0.6088541666666667 0.6651041666666667 0.00625 0.0125 
4 0.6356770833333333 0.6822916666666666 0.011979166666666667 0.010416666666666666 
4 0.5544270833333333 0.8299479166666667 0.0067708333333333336 0.011979166666666667 
4 0.5697916666666667 0.8309895833333333 0.00625 0.011979166666666667 
4 0.5434895833333333 0.89453125 0.005729166666666666 0.011979166666666667 
4 0.6513020833333333 0.8390625 0.009895833333333333 0.010416666666666666 
4 0.7015625 0.8809895833333333 0.00625 0.013020833333333334 
4 0.7830729166666667 0.95859375 0.0067708333333333336 0.0109375 
4 0.7971354166666667 0.97421875 0.009895833333333333 0.005729166666666666 
4 0.8872395833333333 0.96640625 0.009895833333333333 0.005729166666666666 
4 0.5778645833333333 0.0734375 0.0109375 0.00625 
4 0.603125 0.06614583333333333 0.011458333333333333 0.008333333333333333 
4 0.6216145833333333 0.046875 0.009895833333333333 0.00625 
0 0.3888020833333333 0.19322916666666667 0.12760416666666666 0.12395833333333334 
0 0.5846354166666666 0.42421875 0.15260416666666668 0.1671875 
0 0.246875 0.5705729166666667 0.16979166666666667 0.1609375 
0 0.63125 0.74453125 0.13645833333333332 0.12447916666666667 
0 0.625 0.9098958333333333 0.15208333333333332 0.16145833333333334 
0 0.88125 0.88125 0.14270833333333333 0.14166666666666666 
0 0.8822916666666667 0.7489583333333333 0.125 0.12083333333333333 
0 0.8752604166666667 0.61484375 0.1609375 0.14114583333333333 
0 0.8609375 0.4817708333333333 0.13958333333333334 0.12395833333333334 
4 0.12708333333333333 0.24739583333333334 0.009375 0.0125 
4 0.09166666666666666 0.7247395833333333 0.007291666666666667 0.015104166666666667 
4 0.09479166666666666 0.80390625 0.00625 0.0140625 
4 0.12057291666666667 0.8036458333333333 0.0078125 0.013541666666666667 
4 0.04895833333333333 0.9888020833333333 0.010416666666666666 0.0140625 
4 0.4765625 0.05911458333333333 0.00625 0.011979166666666667 
4 0.8309895833333333 0.9348958333333334 0.005729166666666666 0.009375 
4 0.7380208333333333 0.9143229166666667 0.010416666666666666 0.005729166666666666 
4 0.8416666666666667 0.93125 0.007291666666666667 0.011458333333333333 
4 0.8604166666666667 0.8046875 0.010416666666666666 0.009375 
4 0.9083333333333333 0.3033854166666667 0.009375 0.005729166666666666 
4 0.8869791666666667 0.6856770833333333 0.00625 0.0109375 
4 0.8611979166666667 0.6841145833333333 0.005729166666666666 0.008854166666666666 
4 0.65703125 0.6296875 0.011979166666666667 0.009375 
4 0.84765625 0.5247395833333334 0.009895833333333333 0.009895833333333333 
4 0.8588541666666667 0.525 0.0125 0.008333333333333333 
4 0.8403645833333333 0.5341145833333333 0.013020833333333334 0.011979166666666667 
4 0.6765625 0.5109375 0.004166666666666667 0.009375 
4 0.6856770833333333 0.51328125 0.0046875 0.009895833333333333 
4 0.7861979166666667 0.3763020833333333 0.013020833333333334 0.005729166666666666 
4 0.7947916666666667 0.37083333333333335 0.011458333333333333 0.005208333333333333 
4 0.7963541666666667 0.36484375 0.011458333333333333 0.005729166666666666 
4 0.79140625 0.34661458333333334 0.0109375 0.0046875 
4 0.89453125 0.30442708333333335 0.0109375 0.0067708333333333336 
