4 0.6755208333333333 0.42213541666666665 0.007291666666666667 0.013020833333333334 
4 0.4908854166666667 0.07083333333333333 0.009895833333333333 0.00625 
4 0.45807291666666666 0.07838541666666667 0.011979166666666667 0.0078125 
4 0.44479166666666664 0.08255208333333333 0.0125 0.0067708333333333336 
4 0.46822916666666664 0.1671875 0.004166666666666667 0.010416666666666666 
4 0.4825520833333333 0.16536458333333334 0.0067708333333333336 0.009895833333333333 
4 0.4622395833333333 0.1609375 0.0078125 0.011458333333333333 
4 0.52265625 0.15703125 0.009895833333333333 0.0067708333333333336 
4 0.5294270833333333 0.14947916666666666 0.0109375 0.00625 
4 0.49505208333333334 0.3346354166666667 0.011979166666666667 0.0067708333333333336 
4 0.4822916666666667 0.3453125 0.011458333333333333 0.004166666666666667 
4 0.4552083333333333 0.346875 0.009375 0.004166666666666667 
4 0.4265625 0.36171875 0.005208333333333333 0.0109375 
4 0.5059895833333333 0.3690104166666667 0.0109375 0.0109375 
4 0.5763020833333333 0.4236979166666667 0.008854166666666666 0.0109375 
4 0.4080729166666667 0.44166666666666665 0.0046875 0.010416666666666666 
4 0.5104166666666666 0.509375 0.009375 0.010416666666666666 
4 0.5721354166666667 0.5104166666666666 0.0067708333333333336 0.011458333333333333 
4 0.41875 0.5846354166666666 0.005208333333333333 0.011979166666666667 
4 0.5078125 0.6328125 0.005208333333333333 0.0125 
4 0.48098958333333336 0.6627604166666666 0.005729166666666666 0.011979166666666667 
4 0.509375 0.6651041666666667 0.00625 0.0125 
4 0.5361979166666667 0.6822916666666666 0.011979166666666667 0.010416666666666666 
4 0.4549479166666667 0.8299479166666667 0.0067708333333333336 0.011979166666666667 
4 0.4703125 0.8309895833333333 0.00625 0.011979166666666667 
4 0.4440104166666667 0.89453125 0.005729166666666666 0.011979166666666667 
4 0.5518229166666667 0.8390625 0.009895833333333333 0.010416666666666666 
4 0.6020833333333333 0.8809895833333333 0.00625 0.013020833333333334 
4 0.68359375 0.95859375 0.0067708333333333336 0.0109375 
4 0.69765625 0.97421875 0.009895833333333333 0.005729166666666666 
4 0.7877604166666666 0.96640625 0.009895833333333333 0.005729166666666666 
4 0.4783854166666667 0.0734375 0.0109375 0.00625 
4 0.5036458333333333 0.06614583333333333 0.011458333333333333 0.008333333333333333 
4 0.9958333333333333 0.18020833333333333 0.00625 0.010416666666666666 
4 0.5221354166666666 0.046875 0.009895833333333333 0.00625 
0 0.28932291666666665 0.19322916666666667 0.12760416666666666 0.12395833333333334 
0 0.48515625 0.42421875 0.15260416666666668 0.1671875 
0 0.14739583333333334 0.5705729166666667 0.16979166666666667 0.1609375 
0 0.5317708333333333 0.74453125 0.13645833333333332 0.12447916666666667 
0 0.5255208333333333 0.9098958333333333 0.15208333333333332 0.16145833333333334 
0 0.7817708333333333 0.88125 0.14270833333333333 0.14166666666666666 
0 0.7828125 0.7489583333333333 0.125 0.12083333333333333 
0 0.77578125 0.61484375 0.1609375 0.14114583333333333 
0 0.7614583333333333 0.4817708333333333 0.13958333333333334 0.12395833333333334 
4 0.027604166666666666 0.24739583333333334 0.009375 0.0125 
4 0.02109375 0.8036458333333333 0.0078125 0.013541666666666667 
4 0.3770833333333333 0.05911458333333333 0.00625 0.011979166666666667 
4 0.7315104166666667 0.9348958333333334 0.005729166666666666 0.009375 
4 0.6385416666666667 0.9143229166666667 0.010416666666666666 0.005729166666666666 
4 0.7421875 0.93125 0.007291666666666667 0.011458333333333333 
4 0.7609375 0.8046875 0.010416666666666666 0.009375 
4 0.9916666666666667 0.003125 0.005208333333333333 0.014583333333333334 
4 0.9833333333333333 -0.002864583333333333 0.005208333333333333 0.011979166666666667 
4 0.9848958333333333 0.040625 0.005208333333333333 0.013541666666666667 
4 0.9895833333333334 0.04244791666666667 0.004166666666666667 0.009895833333333333 
5 0.9953125 0.04635416666666667 0.00625 0.015625 
5 0.99453125 0.12552083333333333 0.0109375 0.015625 
4 0.9963541666666667 0.10338541666666666 0.005208333333333333 0.0109375 
4 0.99375 0.15 0.005208333333333333 0.010416666666666666 
4 0.8088541666666667 0.3033854166666667 0.009375 0.005729166666666666 
4 0.7875 0.6856770833333333 0.00625 0.0109375 
4 0.76171875 0.6841145833333333 0.005729166666666666 0.008854166666666666 
4 0.5575520833333333 0.6296875 0.011979166666666667 0.009375 
4 0.7481770833333333 0.5247395833333334 0.009895833333333333 0.009895833333333333 
4 0.759375 0.525 0.0125 0.008333333333333333 
4 0.7408854166666666 0.5341145833333333 0.013020833333333334 0.011979166666666667 
4 0.5770833333333333 0.5109375 0.004166666666666667 0.009375 
4 0.5861979166666667 0.51328125 0.0046875 0.009895833333333333 
4 0.68671875 0.3763020833333333 0.013020833333333334 0.005729166666666666 
4 0.6953125 0.37083333333333335 0.011458333333333333 0.005208333333333333 
4 0.696875 0.36484375 0.011458333333333333 0.005729166666666666 
4 0.6919270833333333 0.34661458333333334 0.0109375 0.0046875 
4 0.7950520833333333 0.30442708333333335 0.0109375 0.0067708333333333336 
