7 0.46924829157175396 0.8809523809523809 0.05694760820045558 0.10737628384687208 
4 0.5296127562642369 0.9435107376283847 0.05011389521640091 0.017740429505135387 
5 0.6924829157175398 0.8716153127917834 0.022779043280182234 0.040149393090569564 
5 0.5375854214123007 0.9215686274509803 0.05239179954441914 0.02054154995331466 
8 0.9390660592255126 0.6050420168067226 0.12186788154897495 0.18487394957983194 
7 0.3428246013667426 0.6302521008403361 0.10250569476082004 0.16433239962651727 
7 0.48348519362186787 0.6349206349206349 0.10364464692482915 0.16433239962651727 
7 0.6315489749430524 0.6185807656395892 0.10136674259681093 0.16526610644257703 
7 0.785876993166287 0.623249299719888 0.10250569476082004 0.16526610644257703 
7 0.826879271070615 0.34407096171802054 0.10022779043280182 0.16526610644257703 
7 0.6457858769931663 0.33753501400560226 0.10022779043280182 0.16526610644257703 
7 0.4920273348519362 0.33239962651727356 0.10250569476082004 0.16619981325863678 
