0 0.17864583333333334 0.665625 0.08020833333333334 0.09270833333333334 
0 0.43802083333333336 0.3770833333333333 0.12916666666666668 0.12916666666666668 
0 0.559375 0.35885416666666664 0.13958333333333334 0.13645833333333332 
0 0.31796875 0.39479166666666665 0.1234375 0.125 
0 0.26875 0.4283854166666667 0.07916666666666666 0.06927083333333334 
0 0.23229166666666667 0.38619791666666664 0.08645833333333333 0.08489583333333334 
0 0.19947916666666668 0.5260416666666666 0.146875 0.15833333333333333 
0 0.15807291666666667 0.5895833333333333 0.12447916666666667 0.13541666666666666 
0 0.11744791666666667 0.68671875 0.07239583333333334 0.07447916666666667 
0 0.10807291666666667 0.5205729166666667 0.049479166666666664 0.05260416666666667 
0 0.6348958333333333 0.38359375 0.096875 0.09947916666666666 
0 0.49921875 0.3997395833333333 0.06510416666666667 0.06614583333333333 
0 0.40703125 0.8450520833333334 0.11302083333333333 0.10885416666666667 
0 0.4203125 0.7526041666666666 0.059375 0.078125 
0 0.6364583333333333 0.646875 0.08125 0.06770833333333333 
0 0.653125 0.740625 0.13020833333333334 0.10833333333333334 
0 0.8817708333333333 0.7302083333333333 0.09375 0.08333333333333333 
0 0.9502604166666667 0.85625 0.08177083333333333 0.07708333333333334 
0 1.0421875 0.8059895833333334 0.17291666666666666 0.1734375 
5 0.4356770833333333 0.8716145833333333 0.04635416666666667 0.04010416666666667 
5 0.7903645833333334 0.9333333333333333 0.04010416666666667 0.019791666666666666 
4 0.9682291666666667 0.7997395833333333 0.028125 0.011979166666666667 
4 0.71796875 0.9809895833333333 0.0203125 0.0140625 
4 0.74765625 0.9888020833333333 0.021354166666666667 0.013020833333333334 
4 0.8135416666666667 0.9622395833333334 0.016666666666666666 0.024479166666666666 
4 0.82734375 0.9677083333333333 0.0140625 0.025 
0 0.78515625 0.7861979166666667 0.0921875 0.0921875 
4 0.9856770833333334 0.32708333333333334 0.027604166666666666 0.010416666666666666 
4 0.98515625 0.3390625 0.0265625 0.009375 
4 0.9838541666666667 0.3606770833333333 0.022916666666666665 0.0109375 
4 0.9802083333333333 0.3880208333333333 0.020833333333333332 0.009375 
4 0.8328125 0.35989583333333336 0.015625 0.026041666666666668 
4 0.065625 0.46432291666666664 0.020833333333333332 0.008854166666666666 
4 0.062239583333333334 0.4083333333333333 0.024479166666666666 0.011458333333333333 
0 0.82109375 0.8669270833333333 0.09635416666666667 0.08489583333333334 
