4 0.5903645833333333 0.8588541666666667 0.009895833333333333 0.00625 
4 0.5575520833333333 0.86640625 0.011979166666666667 0.0078125 
4 0.5442708333333334 0.8705729166666667 0.0125 0.0067708333333333336 
4 0.5677083333333334 0.9552083333333333 0.004166666666666667 0.010416666666666666 
4 0.58203125 0.9533854166666667 0.0067708333333333336 0.009895833333333333 
4 0.56171875 0.9489583333333333 0.0078125 0.011458333333333333 
4 0.6221354166666667 0.9450520833333333 0.009895833333333333 0.0067708333333333336 
4 0.62890625 0.9375 0.0109375 0.00625 
4 0.5778645833333333 0.8614583333333333 0.0109375 0.00625 
4 0.603125 0.8541666666666666 0.011458333333333333 0.008333333333333333 
4 0.6216145833333333 0.8348958333333333 0.009895833333333333 0.00625 
0 0.540625 0.4901041666666667 0.15520833333333334 0.13645833333333332 
0 0.8213541666666667 0.19583333333333333 0.17395833333333333 0.17083333333333334 
0 0.7994791666666666 0.4588541666666667 0.15520833333333334 0.13229166666666667 
0 0.81015625 0.5927083333333333 0.16302083333333334 0.13854166666666667 
0 0.16875 0.36666666666666664 0.12604166666666666 0.12291666666666666 
0 0.3888020833333333 0.98125 0.12760416666666666 0.12395833333333334 
4 0.13619791666666667 0.3932291666666667 0.0109375 0.007291666666666667 
4 0.14479166666666668 0.40208333333333335 0.011458333333333333 0.005208333333333333 
4 0.21432291666666667 0.41640625 0.0046875 0.008854166666666666 
4 0.5052083333333334 0.4119791666666667 0.014583333333333334 0.007291666666666667 
4 0.46458333333333335 0.60703125 0.00625 0.011979166666666667 
4 0.52421875 0.6747395833333333 0.005729166666666666 0.009895833333333333 
4 0.5458333333333333 0.6747395833333333 0.005208333333333333 0.011979166666666667 
4 0.5713541666666667 0.66796875 0.010416666666666666 0.0109375 
4 0.5697916666666667 0.684375 0.010416666666666666 0.013541666666666667 
4 0.4765625 0.8471354166666667 0.00625 0.011979166666666667 
4 0.8044270833333333 0.35598958333333336 0.0109375 0.005729166666666666 
4 0.8833333333333333 0.33697916666666666 0.0125 0.00625 
4 0.7734375 0.17421875 0.0125 0.005729166666666666 
4 0.8940104166666667 0.20104166666666667 0.008854166666666666 0.0125 
4 1.0018229166666666 0.6528645833333333 0.011979166666666667 0.009895833333333333 
4 0.996875 0.6575520833333334 0.013541666666666667 0.011979166666666667 
4 0.8375 0.6838541666666667 0.00625 0.0125 
4 0.8026041666666667 0.371875 0.011458333333333333 0.005208333333333333 
4 0.72734375 0.42109375 0.0046875 0.009895833333333333 
4 0.778125 0.5015625 0.010416666666666666 0.010416666666666666 
4 0.7697916666666667 0.66796875 0.008333333333333333 0.011979166666666667 
4 0.7708333333333334 0.5104166666666666 0.010416666666666666 0.009375 
4 0.7770833333333333 0.6731770833333334 0.009375 0.011979166666666667 
4 0.7828125 0.6705729166666666 0.008333333333333333 0.011979166666666667 
4 0.7869791666666667 0.66796875 0.008333333333333333 0.013020833333333334 
4 0.7973958333333333 0.6638020833333333 0.011458333333333333 0.013020833333333334 
4 0.8109375 0.6552083333333333 0.009375 0.011458333333333333 
4 0.8263020833333333 0.6580729166666667 0.011979166666666667 0.005729166666666666 
4 0.8372395833333334 0.6559895833333333 0.009895833333333333 0.005729166666666666 
4 0.8502604166666666 0.6549479166666666 0.011979166666666667 0.005729166666666666 
4 0.87578125 0.6536458333333334 0.013020833333333334 0.00625 
4 0.7205729166666667 0.5817708333333333 0.011979166666666667 0.007291666666666667 
4 0.8546875 0.5364583333333334 0.008333333333333333 0.011458333333333333 
4 0.8841145833333334 0.5109375 0.009895833333333333 0.010416666666666666 
4 0.8778645833333333 0.5221354166666666 0.0046875 0.008854166666666666 
0 0.3541666666666667 0.5424479166666667 0.13645833333333332 0.14947916666666666 
