4 0.4908854166666667 0.8588541666666667 0.009895833333333333 0.00625 
4 0.45807291666666666 0.86640625 0.011979166666666667 0.0078125 
4 0.44479166666666664 0.8705729166666667 0.0125 0.0067708333333333336 
4 0.46822916666666664 0.9552083333333333 0.004166666666666667 0.010416666666666666 
4 0.4825520833333333 0.9533854166666667 0.0067708333333333336 0.009895833333333333 
4 0.4622395833333333 0.9489583333333333 0.0078125 0.011458333333333333 
4 0.52265625 0.9450520833333333 0.009895833333333333 0.0067708333333333336 
4 0.5294270833333333 0.9375 0.0109375 0.00625 
4 0.4783854166666667 0.8614583333333333 0.0109375 0.00625 
4 0.5036458333333333 0.8541666666666666 0.011458333333333333 0.008333333333333333 
4 0.9958333333333333 0.9682291666666667 0.00625 0.010416666666666666 
4 0.5221354166666666 0.8348958333333333 0.009895833333333333 0.00625 
0 0.44114583333333335 0.4901041666666667 0.15520833333333334 0.13645833333333332 
0 0.721875 0.19583333333333333 0.17395833333333333 0.17083333333333334 
0 0.7 0.4588541666666667 0.15520833333333334 0.13229166666666667 
0 0.7106770833333333 0.5927083333333333 0.16302083333333334 0.13854166666666667 
0 0.06927083333333334 0.36666666666666664 0.12604166666666666 0.12291666666666666 
0 0.28932291666666665 0.98125 0.12760416666666666 0.12395833333333334 
4 0.03671875 0.3932291666666667 0.0109375 0.007291666666666667 
4 0.0453125 0.40208333333333335 0.011458333333333333 0.005208333333333333 
4 0.11484375 0.41640625 0.0046875 0.008854166666666666 
4 0.40572916666666664 0.4119791666666667 0.014583333333333334 0.007291666666666667 
4 0.3651041666666667 0.60703125 0.00625 0.011979166666666667 
4 0.42473958333333334 0.6747395833333333 0.005729166666666666 0.009895833333333333 
4 0.44635416666666666 0.6747395833333333 0.005208333333333333 0.011979166666666667 
4 0.471875 0.66796875 0.010416666666666666 0.0109375 
4 0.4703125 0.684375 0.010416666666666666 0.013541666666666667 
4 0.3770833333333333 0.8471354166666667 0.00625 0.011979166666666667 
4 0.7049479166666667 0.35598958333333336 0.0109375 0.005729166666666666 
4 0.7838541666666666 0.33697916666666666 0.0125 0.00625 
4 0.6739583333333333 0.17421875 0.0125 0.005729166666666666 
4 0.79453125 0.20104166666666667 0.008854166666666666 0.0125 
4 0.9388020833333334 0.14244791666666667 0.0067708333333333336 0.0140625 
4 0.9072916666666667 0.6484375 0.011458333333333333 0.010416666666666666 
4 0.90234375 0.6528645833333333 0.011979166666666667 0.009895833333333333 
4 0.8973958333333333 0.6575520833333334 0.013541666666666667 0.011979166666666667 
4 0.7380208333333333 0.6838541666666667 0.00625 0.0125 
4 0.9955729166666667 0.6513020833333333 0.009895833333333333 0.011979166666666667 
4 0.9838541666666667 0.6588541666666666 0.009375 0.011458333333333333 
4 0.9799479166666667 0.671875 0.005729166666666666 0.011458333333333333 
4 0.9841145833333333 0.6809895833333334 0.0046875 0.0109375 
4 0.9763020833333333 0.6890625 0.005729166666666666 0.011458333333333333 
4 0.9846354166666667 0.6958333333333333 0.005729166666666666 0.010416666666666666 
4 0.9880208333333333 0.7125 0.007291666666666667 0.011458333333333333 
4 0.978125 0.7104166666666667 0.004166666666666667 0.010416666666666666 
4 0.98828125 0.7486979166666666 0.005729166666666666 0.0109375 
4 0.9932291666666667 0.72109375 0.005208333333333333 0.0109375 
4 0.9877604166666667 0.7302083333333333 0.005729166666666666 0.010416666666666666 
4 0.9888020833333333 0.771875 0.009895833333333333 0.010416666666666666 
4 0.9916666666666667 0.7911458333333333 0.005208333333333333 0.014583333333333334 
4 0.9833333333333333 0.78515625 0.005208333333333333 0.011979166666666667 
4 0.9848958333333333 0.8286458333333333 0.005208333333333333 0.013541666666666667 
4 0.9895833333333334 0.83046875 0.004166666666666667 0.009895833333333333 
5 0.9953125 0.834375 0.00625 0.015625 
5 0.99453125 0.9135416666666667 0.0109375 0.015625 
4 0.9963541666666667 0.89140625 0.005208333333333333 0.0109375 
4 0.99375 0.9380208333333333 0.005208333333333333 0.010416666666666666 
4 0.703125 0.371875 0.011458333333333333 0.005208333333333333 
4 0.6278645833333333 0.42109375 0.0046875 0.009895833333333333 
4 0.6786458333333333 0.5015625 0.010416666666666666 0.010416666666666666 
4 0.6703125 0.66796875 0.008333333333333333 0.011979166666666667 
4 0.6713541666666667 0.5104166666666666 0.010416666666666666 0.009375 
4 0.6776041666666667 0.6731770833333334 0.009375 0.011979166666666667 
4 0.6833333333333333 0.6705729166666666 0.008333333333333333 0.011979166666666667 
4 0.6875 0.66796875 0.008333333333333333 0.013020833333333334 
4 0.6979166666666666 0.6638020833333333 0.011458333333333333 0.013020833333333334 
4 0.7114583333333333 0.6552083333333333 0.009375 0.011458333333333333 
4 0.7268229166666667 0.6580729166666667 0.011979166666666667 0.005729166666666666 
4 0.7377604166666667 0.6559895833333333 0.009895833333333333 0.005729166666666666 
4 0.75078125 0.6549479166666666 0.011979166666666667 0.005729166666666666 
4 0.7763020833333333 0.6536458333333334 0.013020833333333334 0.00625 
4 0.62109375 0.5817708333333333 0.011979166666666667 0.007291666666666667 
4 0.7552083333333334 0.5364583333333334 0.008333333333333333 0.011458333333333333 
4 0.7846354166666667 0.5109375 0.009895833333333333 0.010416666666666666 
4 0.7783854166666667 0.5221354166666666 0.0046875 0.008854166666666666 
0 0.2546875 0.5424479166666667 0.13645833333333332 0.14947916666666666 
