4 0.6755208333333333 0.3768229166666667 0.007291666666666667 0.013020833333333334 
4 0.4908854166666667 0.025520833333333333 0.009895833333333333 0.00625 
4 0.45807291666666666 0.03307291666666667 0.011979166666666667 0.0078125 
4 0.44479166666666664 0.03723958333333333 0.0125 0.0067708333333333336 
4 0.46822916666666664 0.121875 0.004166666666666667 0.010416666666666666 
4 0.4825520833333333 0.12005208333333334 0.0067708333333333336 0.009895833333333333 
4 0.4622395833333333 0.115625 0.0078125 0.011458333333333333 
4 0.52265625 0.11171875 0.009895833333333333 0.0067708333333333336 
4 0.5294270833333333 0.10416666666666667 0.0109375 0.00625 
4 0.49505208333333334 0.28932291666666665 0.011979166666666667 0.0067708333333333336 
4 0.4822916666666667 0.3 0.011458333333333333 0.004166666666666667 
4 0.4552083333333333 0.3015625 0.009375 0.004166666666666667 
4 0.4265625 0.31640625 0.005208333333333333 0.0109375 
4 0.5059895833333333 0.32369791666666664 0.0109375 0.0109375 
4 0.5763020833333333 0.37838541666666664 0.008854166666666666 0.0109375 
4 0.4080729166666667 0.3963541666666667 0.0046875 0.010416666666666666 
4 0.5104166666666666 0.4640625 0.009375 0.010416666666666666 
4 0.5721354166666667 0.46510416666666665 0.0067708333333333336 0.011458333333333333 
4 0.41875 0.5393229166666667 0.005208333333333333 0.011979166666666667 
4 0.5078125 0.5875 0.005208333333333333 0.0125 
4 0.48098958333333336 0.6174479166666667 0.005729166666666666 0.011979166666666667 
4 0.509375 0.6197916666666666 0.00625 0.0125 
4 0.5361979166666667 0.6369791666666667 0.011979166666666667 0.010416666666666666 
4 0.4549479166666667 0.7846354166666667 0.0067708333333333336 0.011979166666666667 
4 0.4703125 0.7856770833333333 0.00625 0.011979166666666667 
4 0.4440104166666667 0.84921875 0.005729166666666666 0.011979166666666667 
4 0.5518229166666667 0.79375 0.009895833333333333 0.010416666666666666 
4 0.6020833333333333 0.8356770833333333 0.00625 0.013020833333333334 
4 0.68359375 0.91328125 0.0067708333333333336 0.0109375 
4 0.69765625 0.92890625 0.009895833333333333 0.005729166666666666 
4 0.7877604166666666 0.92109375 0.009895833333333333 0.005729166666666666 
4 0.4783854166666667 0.028125 0.0109375 0.00625 
4 0.5036458333333333 0.020833333333333332 0.011458333333333333 0.008333333333333333 
4 0.9958333333333333 0.13489583333333333 0.00625 0.010416666666666666 
4 0.5221354166666666 0.0015625 0.009895833333333333 0.00625 
0 0.28932291666666665 0.14791666666666667 0.12760416666666666 0.12395833333333334 
0 0.48515625 0.37890625 0.15260416666666668 0.1671875 
0 0.14739583333333334 0.5252604166666667 0.16979166666666667 0.1609375 
0 0.5317708333333333 0.69921875 0.13645833333333332 0.12447916666666667 
0 0.5255208333333333 0.8645833333333334 0.15208333333333332 0.16145833333333334 
0 0.7817708333333333 0.8359375 0.14270833333333333 0.14166666666666666 
0 0.7828125 0.7036458333333333 0.125 0.12083333333333333 
0 0.77578125 0.56953125 0.1609375 0.14114583333333333 
0 0.7614583333333333 0.43645833333333334 0.13958333333333334 0.12395833333333334 
4 0.027604166666666666 0.20208333333333334 0.009375 0.0125 
4 0.02109375 0.7583333333333333 0.0078125 0.013541666666666667 
4 0.3770833333333333 0.013802083333333333 0.00625 0.011979166666666667 
4 0.7315104166666667 0.8895833333333333 0.005729166666666666 0.009375 
4 0.6385416666666667 0.8690104166666667 0.010416666666666666 0.005729166666666666 
4 0.7421875 0.8859375 0.007291666666666667 0.011458333333333333 
4 0.7609375 0.759375 0.010416666666666666 0.009375 
5 0.9953125 0.0010416666666666667 0.00625 0.015625 
5 0.99453125 0.08020833333333334 0.0109375 0.015625 
4 0.9963541666666667 0.05807291666666667 0.005208333333333333 0.0109375 
4 0.99375 0.1046875 0.005208333333333333 0.010416666666666666 
4 0.8088541666666667 0.25807291666666665 0.009375 0.005729166666666666 
4 0.7875 0.6403645833333333 0.00625 0.0109375 
4 0.76171875 0.6388020833333333 0.005729166666666666 0.008854166666666666 
4 0.5575520833333333 0.584375 0.011979166666666667 0.009375 
4 0.7481770833333333 0.47942708333333334 0.009895833333333333 0.009895833333333333 
4 0.759375 0.4796875 0.0125 0.008333333333333333 
4 0.7408854166666666 0.48880208333333336 0.013020833333333334 0.011979166666666667 
4 0.5770833333333333 0.465625 0.004166666666666667 0.009375 
4 0.5861979166666667 0.46796875 0.0046875 0.009895833333333333 
4 0.68671875 0.33098958333333334 0.013020833333333334 0.005729166666666666 
4 0.6953125 0.3255208333333333 0.011458333333333333 0.005208333333333333 
4 0.696875 0.31953125 0.011458333333333333 0.005729166666666666 
4 0.6919270833333333 0.30130208333333336 0.0109375 0.0046875 
4 0.7950520833333333 0.2591145833333333 0.0109375 0.0067708333333333336 
