4 0.2078125 0.7401041666666667 0.00625 0.0125 
4 0.42578125 0.87421875 0.011979166666666667 0.0067708333333333336 
4 0.5893229166666667 0.30520833333333336 0.011979166666666667 0.00625 
4 0.9231770833333334 0.5434895833333333 0.013020833333333334 0.009895833333333333 
4 0.91953125 0.54921875 0.013020833333333334 0.008854166666666666 
4 0.8447916666666667 0.6520833333333333 0.005208333333333333 0.0125 
4 0.9067708333333333 0.5981770833333333 0.008333333333333333 0.013020833333333334 
4 0.9052083333333333 0.996875 0.011458333333333333 0.005208333333333333 
4 0.8604166666666667 0.9950520833333333 0.013541666666666667 0.0067708333333333336 
4 0.7057291666666666 0.8950520833333333 0.010416666666666666 0.013020833333333334 
4 0.7130208333333333 0.8270833333333333 0.005208333333333333 0.0125 
5 0.85625 0.6947916666666667 0.021875 0.009375 
4 0.8283854166666667 0.7856770833333333 0.0109375 0.0067708333333333336 
4 0.8143229166666667 0.7395833333333334 0.013020833333333334 0.00625 
4 0.8291666666666667 0.73359375 0.013541666666666667 0.0067708333333333336 
4 0.8528645833333334 0.7231770833333333 0.013020833333333334 0.005729166666666666 
4 0.8619791666666666 0.6497395833333334 0.010416666666666666 0.0067708333333333336 
4 0.7854166666666667 0.6557291666666667 0.0125 0.011458333333333333 
4 0.815625 0.6393229166666666 0.014583333333333334 0.009895833333333333 
4 0.7388020833333333 0.6328125 0.013020833333333334 0.013541666666666667 
4 0.48854166666666665 0.4825520833333333 0.013541666666666667 0.0067708333333333336 
4 0.5013020833333334 0.9580729166666667 0.0109375 0.005729166666666666 
4 0.5776041666666667 0.9356770833333333 0.008333333333333333 0.013020833333333334 
4 0.9625 0.6 0.00625 0.0125 
4 0.56796875 0.93828125 0.0078125 0.013020833333333334 
4 0.41692708333333334 0.8640625 0.0109375 0.007291666666666667 
4 0.4205729166666667 0.8203125 0.0140625 0.008333333333333333 
0 0.7846354166666667 0.7677083333333333 0.08177083333333333 0.07916666666666666 
0 0.7755208333333333 0.6828125 0.09375 0.08020833333333334 
0 0.7747395833333334 0.5953125 0.10885416666666667 0.103125 
0 0.47682291666666665 0.5229166666666667 0.10989583333333333 0.10729166666666666 
0 0.36953125 0.5638020833333334 0.0765625 0.07864583333333333 
0 0.47994791666666664 0.6236979166666666 0.0796875 0.0859375 
0 0.503125 0.7018229166666666 0.103125 0.0953125 
0 0.4828125 0.790625 0.10625 0.10729166666666666 
0 0.240625 0.9122395833333333 0.09479166666666666 0.08177083333333333 
0 0.14296875 0.7825520833333334 0.1015625 0.1046875 
0 0.14557291666666666 0.70625 0.07760416666666667 0.078125 
0 0.13255208333333332 0.6315104166666666 0.10572916666666667 0.10364583333333334 
0 0.14401041666666667 0.5557291666666667 0.09947916666666666 0.09791666666666667 
4 0.2513020833333333 0.7419270833333333 0.009895833333333333 0.009895833333333333 
4 0.26015625 0.86171875 0.011979166666666667 0.005729166666666666 
4 0.43645833333333334 0.753125 0.010416666666666666 0.011458333333333333 
4 0.43046875 0.75 0.009895833333333333 0.011458333333333333 
4 0.42630208333333336 0.7458333333333333 0.0078125 0.009375 
4 0.41692708333333334 0.7372395833333333 0.008854166666666666 0.0109375 
4 0.4 0.7346354166666667 0.00625 0.013020833333333334 
4 0.27760416666666665 0.7984375 0.0125 0.00625 
4 0.26015625 0.7484375 0.013020833333333334 0.011458333333333333 
4 0.25755208333333335 0.73828125 0.0140625 0.0109375 
4 0.24739583333333334 0.7455729166666667 0.011458333333333333 0.0109375 
4 0.24609375 0.7510416666666667 0.011979166666666667 0.010416666666666666 
4 0.24296875 0.75625 0.009895833333333333 0.009375 
4 0.21875 0.7096354166666666 0.010416666666666666 0.0109375 
4 0.35859375 0.6205729166666667 0.005729166666666666 0.0109375 
4 0.4200520833333333 0.5700520833333333 0.0067708333333333336 0.013020833333333334 
4 0.18567708333333333 0.5239583333333333 0.011979166666666667 0.00625 
4 0.08359375 0.5536458333333333 0.0067708333333333336 0.013541666666666667 
4 0.37213541666666666 0.3221354166666667 0.013020833333333334 0.005729166666666666 
5 0.5341145833333333 0.5528645833333333 0.008854166666666666 0.022395833333333334 
4 0.5213541666666667 0.5434895833333333 0.005208333333333333 0.013020833333333334 
4 0.7307291666666667 0.45338541666666665 0.010416666666666666 0.005729166666666666 
0 0.08515625 0.2955729166666667 0.0984375 0.09947916666666666 
