4 0.18151041666666667 0.5388020833333333 0.013020833333333334 0.009895833333333333 
4 0.17786458333333333 0.54453125 0.013020833333333334 0.008854166666666666 
4 0.103125 0.6473958333333333 0.005208333333333333 0.0125 
4 0.16510416666666666 0.5934895833333333 0.008333333333333333 0.013020833333333334 
4 0.16354166666666667 0.9921875 0.011458333333333333 0.005208333333333333 
4 0.11875 0.9903645833333333 0.013541666666666667 0.0067708333333333336 
5 0.11458333333333333 0.6901041666666666 0.021875 0.009375 
4 0.08671875 0.7809895833333333 0.0109375 0.0067708333333333336 
4 0.07265625 0.7348958333333333 0.013020833333333334 0.00625 
4 0.0875 0.72890625 0.013541666666666667 0.0067708333333333336 
4 0.11119791666666666 0.7184895833333333 0.013020833333333334 0.005729166666666666 
4 0.1203125 0.6450520833333333 0.010416666666666666 0.0067708333333333336 
4 0.04375 0.6510416666666666 0.0125 0.011458333333333333 
4 0.07395833333333333 0.6346354166666667 0.014583333333333334 0.009895833333333333 
4 -0.002864583333333333 0.628125 0.013020833333333334 0.013541666666666667 
4 0.22083333333333333 0.5953125 0.00625 0.0125 
4 0.28177083333333336 0.5372395833333333 0.011458333333333333 0.0078125 
4 0.2830729166666667 0.546875 0.0067708333333333336 0.011458333333333333 
4 0.58828125 0.38645833333333335 0.011979166666666667 0.00625 
4 0.7895833333333333 0.46822916666666664 0.011458333333333333 0.013541666666666667 
4 0.8752604166666667 0.37734375 0.013020833333333334 0.0067708333333333336 
4 0.8328125 0.36614583333333334 0.007291666666666667 0.014583333333333334 
4 0.82578125 0.3658854166666667 0.0067708333333333336 0.0140625 
4 0.8140625 0.3658854166666667 0.00625 0.013020833333333334 
4 0.80234375 0.36666666666666664 0.0078125 0.011458333333333333 
4 0.7755208333333333 0.3697916666666667 0.007291666666666667 0.013541666666666667 
4 0.6388020833333333 0.43515625 0.0140625 0.0078125 
4 0.615625 0.38177083333333334 0.009375 0.0125 
4 0.5817708333333333 0.39140625 0.013541666666666667 0.009895833333333333 
4 0.31328125 0.5375 0.0067708333333333336 0.0125 
4 0.6875 0.7981770833333334 0.00625 0.0109375 
4 0.68125 0.7979166666666667 0.00625 0.011458333333333333 
4 0.30885416666666665 0.9059895833333333 0.015625 0.0067708333333333336 
4 0.26171875 0.7265625 0.011979166666666667 0.005208333333333333 
4 0.3338541666666667 0.5971354166666667 0.00625 0.013020833333333334 
4 0.3609375 0.59453125 0.007291666666666667 0.0140625 
4 0.32109375 0.4671875 0.009895833333333333 0.010416666666666666 
4 0.31536458333333334 0.4700520833333333 0.0109375 0.0109375 
4 0.35234375 0.53359375 0.0067708333333333336 0.011979166666666667 
4 0.9950520833333333 0.653125 0.008854166666666666 0.016666666666666666 
0 0.8046875 0.13515625 0.071875 0.0765625 
0 0.57734375 0.15104166666666666 0.07552083333333333 0.08020833333333334 
0 0.425 0.24296875 0.090625 0.09010416666666667 
0 0.5375 0.87578125 0.10416666666666667 0.09947916666666666 
0 0.6075520833333333 0.8020833333333334 0.07864583333333333 0.06979166666666667 
0 0.63203125 0.6713541666666667 0.0703125 0.07604166666666666 
0 0.609375 0.5171875 0.10208333333333333 0.10416666666666667 
0 0.35182291666666665 0.8330729166666667 0.1015625 0.07864583333333333 
0 0.04296875 0.7630208333333334 0.08177083333333333 0.07916666666666666 
0 0.033854166666666664 0.678125 0.09375 0.08020833333333334 
0 0.03307291666666667 0.590625 0.10885416666666667 0.103125 
0 0.9697916666666667 0.12161458333333333 0.059375 0.0578125 
0 0.8513020833333333 0.46822916666666664 0.09947916666666666 0.09791666666666667 
0 0.8403645833333333 0.54921875 0.07760416666666667 0.06822916666666666 
0 0.87578125 0.63046875 0.0734375 0.07447916666666667 
0 0.9369791666666667 0.78515625 0.071875 0.07239583333333334 
4 0.98671875 0.65390625 0.005729166666666666 0.011979166666666667 
4 0.8940104166666667 0.8098958333333334 0.0078125 0.013541666666666667 
4 0.6625 0.9911458333333333 0.010416666666666666 0.004166666666666667 
4 0.49322916666666666 0.9875 0.010416666666666666 0.00625 
4 0.5119791666666667 0.9861979166666667 0.011458333333333333 0.005729166666666666 
4 0.52578125 0.9666666666666667 0.013020833333333334 0.00625 
4 0.5393229166666667 0.975 0.0109375 0.00625 
4 0.5614583333333333 0.9744791666666667 0.011458333333333333 0.007291666666666667 
4 0.56953125 0.98125 0.0109375 0.005208333333333333 
4 0.6010416666666667 0.9776041666666667 0.011458333333333333 0.005208333333333333 
4 0.6361979166666667 0.9489583333333333 0.011979166666666667 0.00625 
4 0.65234375 0.9552083333333333 0.009895833333333333 0.005208333333333333 
4 0.6643229166666667 0.9466145833333334 0.0109375 0.0067708333333333336 
4 0.66796875 0.9528645833333333 0.0109375 0.005729166666666666 
4 0.6768229166666667 0.9453125 0.0109375 0.00625 
4 0.68046875 0.9520833333333333 0.009895833333333333 0.007291666666666667 
4 0.6908854166666667 0.95390625 0.011979166666666667 0.008854166666666666 
4 0.6885416666666667 0.9455729166666667 0.0125 0.0067708333333333336 
4 0.7033854166666667 0.9434895833333333 0.0109375 0.005729166666666666 
4 0.7033854166666667 0.9510416666666667 0.0109375 0.00625 
4 0.7403645833333333 0.9486979166666667 0.011979166666666667 0.005729166666666666 
4 0.7263020833333333 0.9427083333333334 0.0140625 0.005208333333333333 
4 0.7151041666666667 0.95078125 0.010416666666666666 0.005729166666666666 
4 0.7013020833333333 0.959375 0.011979166666666667 0.00625 
4 0.47421875 0.9885416666666667 0.0109375 0.00625 
4 0.4609375 0.9825520833333333 0.010416666666666666 0.005729166666666666 
4 0.45026041666666666 0.9908854166666666 0.011979166666666667 0.0067708333333333336 
5 0.50390625 0.9794270833333333 0.0265625 0.0078125 
4 0.9057291666666667 0.9682291666666667 0.010416666666666666 0.00625 
4 0.9015625 0.9614583333333333 0.011458333333333333 0.005208333333333333 
4 0.3104166666666667 0.9747395833333333 0.011458333333333333 0.005729166666666666 
4 0.3028645833333333 0.9893229166666667 0.011979166666666667 0.0067708333333333336 
4 0.28020833333333334 0.9911458333333333 0.009375 0.005208333333333333 
5 0.34869791666666666 0.97890625 0.025520833333333333 0.008854166666666666 
5 0.33671875 0.9869791666666666 0.0171875 0.00625 
4 0.3546875 0.9908854166666666 0.010416666666666666 0.005729166666666666 
4 0.43203125 0.9854166666666667 0.011979166666666667 0.007291666666666667 
4 0.3625 0.9703125 0.0125 0.005208333333333333 
4 0.38229166666666664 0.9880208333333333 0.011458333333333333 0.007291666666666667 
4 0.38984375 0.98203125 0.011979166666666667 0.0067708333333333336 
4 0.4078125 0.9677083333333333 0.011458333333333333 0.00625 
4 0.40625 0.9755208333333333 0.011458333333333333 0.008333333333333333 
4 0.4046875 0.9880208333333333 0.011458333333333333 0.007291666666666667 
4 0.4171875 0.9924479166666667 0.010416666666666666 0.0046875 
4 0.4158854166666667 0.9807291666666667 0.0109375 0.00625 
4 0.44375 0.97734375 0.010416666666666666 0.0067708333333333336 
4 0.71640625 0.9875 0.011979166666666667 0.005208333333333333 
4 0.6677083333333333 0.9815104166666667 0.011458333333333333 0.005729166666666666 
4 0.9794270833333333 0.8388020833333333 0.005729166666666666 0.011979166666666667 
4 0.7028645833333333 0.978125 0.009895833333333333 0.00625 
5 0.5994791666666667 0.9588541666666667 0.015625 0.00625 
5 0.6369791666666667 0.9591145833333333 0.016666666666666666 0.0109375 
5 0.6744791666666666 0.9643229166666667 0.015625 0.0046875 
5 0.8765625 0.9611979166666667 0.019791666666666666 0.005729166666666666 
5 0.965625 0.9596354166666666 0.017708333333333333 0.0067708333333333336 
5 0.9354166666666667 0.95703125 0.026041666666666668 0.0078125 
4 0.99375 0.8427083333333333 0.00625 0.011458333333333333 
4 0.99375 0.85625 0.005208333333333333 0.011458333333333333 
4 0.99375 0.8713541666666667 0.005208333333333333 0.010416666666666666 
4 0.9877604166666667 0.9609375 0.013020833333333334 0.005208333333333333 
4 0.99296875 0.9432291666666667 0.009895833333333333 0.011458333333333333 
4 0.9809895833333333 0.9283854166666666 0.0067708333333333336 0.011979166666666667 
4 0.9838541666666667 0.9111979166666667 0.005208333333333333 0.0109375 
4 0.9763020833333333 0.9104166666666667 0.0067708333333333336 0.0125 
4 0.9927083333333333 0.9065104166666667 0.005208333333333333 0.0109375 
4 0.9838541666666667 0.8979166666666667 0.005208333333333333 0.011458333333333333 
4 0.9927083333333333 0.8901041666666667 0.00625 0.0125 
4 0.9786458333333333 0.8854166666666666 0.005208333333333333 0.010416666666666666 
4 0.9856770833333334 0.8794270833333333 0.0046875 0.011979166666666667 
4 0.9875 0.8651041666666667 0.005208333333333333 0.011458333333333333 
4 0.9791666666666666 0.8580729166666666 0.004166666666666667 0.009895833333333333 
5 0.5421875 0.95625 0.01875 0.00625 
5 0.29583333333333334 0.9822916666666667 0.022916666666666665 0.007291666666666667 
5 0.4205729166666667 0.8541666666666666 0.0109375 0.020833333333333332 
4 0.8205729166666667 0.9533854166666667 0.0109375 0.005729166666666666 
4 0.7135416666666666 0.9705729166666667 0.0125 0.005729166666666666 
4 0.7388020833333333 0.9627604166666667 0.009895833333333333 0.005729166666666666 
4 0.7533854166666667 0.95 0.011979166666666667 0.007291666666666667 
4 0.7518229166666667 0.9684895833333333 0.0140625 0.0046875 
4 0.7697916666666667 0.9671875 0.010416666666666666 0.005208333333333333 
4 0.7625 0.9622395833333334 0.0125 0.005729166666666666 
4 0.7838541666666666 0.9544270833333334 0.011458333333333333 0.005729166666666666 
4 0.8013020833333333 0.9658854166666667 0.0109375 0.0046875 
4 0.7994791666666666 0.9541666666666667 0.010416666666666666 0.004166666666666667 
4 0.8213541666666667 0.9598958333333333 0.010416666666666666 0.004166666666666667 
5 0.9044270833333333 0.9557291666666666 0.018229166666666668 0.00625 
4 0.8515625 0.9604166666666667 0.010416666666666666 0.005208333333333333 
4 0.8106770833333333 0.97265625 0.011979166666666667 0.0046875 
4 0.8705729166666667 0.9671875 0.011979166666666667 0.005208333333333333 
4 0.86875 0.95390625 0.011458333333333333 0.0046875 
4 0.9216145833333333 0.9630208333333333 0.0109375 0.00625 
4 0.9236979166666667 0.9744791666666667 0.013020833333333334 0.00625 
4 0.9807291666666667 0.9661458333333334 0.010416666666666666 0.005208333333333333 
4 0.9552083333333333 0.9708333333333333 0.010416666666666666 0.00625 
4 0.9481770833333333 0.96484375 0.009895833333333333 0.005729166666666666 
