4 0.9553314121037464 0.9269301470588235 0.027377521613832854 0.035845588235294115 
4 0.8955331412103746 0.4797794117647059 0.027377521613832854 0.034926470588235295 
8 0.2770172910662824 0.4365808823529412 0.15922190201729106 0.20772058823529413 
7 0.520893371757925 0.9048713235294118 0.1340057636887608 0.17738970588235295 
7 0.6109510086455331 0.8019301470588235 0.13256484149855907 0.17555147058823528 
7 0.6840778097982709 0.7169117647058824 0.1361671469740634 0.17830882352941177 
7 0.7600864553314121 0.6305147058823529 0.1340057636887608 0.17647058823529413 
7 0.8332132564841499 0.8694852941176471 0.13904899135446686 0.16911764705882354 
4 0.07889048991354466 0.10018382352941177 0.02377521613832853 0.029411764705882353 
4 0.0234149855907781 0.16314338235294118 0.026657060518731988 0.035845588235294115 
4 0.06484149855907781 0.5680147058823529 0.024495677233429394 0.03125 
4 0.10734870317002881 0.7348345588235294 0.024495677233429394 0.03400735294117647 
4 0.7680115273775217 0.20772058823529413 0.027377521613832854 0.034926470588235295 
4 0.6646253602305475 0.2614889705882353 0.02521613832853026 0.035845588235294115 
4 0.6671469740634006 0.15946691176470587 0.025936599423631124 0.03400735294117647 
4 0.7481988472622478 0.17601102941176472 0.029538904899135448 0.035845588235294115 
4 0.1538184438040346 0.017003676470588234 0.026657060518731988 0.03216911764705882 
4 0.9045389048991355 0.984375 0.026657060518731988 0.03308823529411765 
4 0.0882564841498559 0.6047794117647058 0.028097982708933718 0.04044117647058824 
4 0.11167146974063401 0.6364889705882353 0.027377521613832854 0.035845588235294115 
4 0.09762247838616715 0.6792279411764706 0.028097982708933718 0.03676470588235294 
4 0.06844380403458213 0.6829044117647058 0.027377521613832854 0.034926470588235295 
4 0.08537463976945245 0.7063419117647058 0.028097982708933718 0.035845588235294115 
4 0.14661383285302593 0.7945772058823529 0.026657060518731988 0.03400735294117647 
4 0.125 0.7619485294117647 0.028097982708933718 0.03676470588235294 
4 0.2849423631123919 0.8809742647058824 0.029538904899135448 0.03768382352941176 
4 0.7478386167146974 0.27389705882352944 0.027377521613832854 0.03676470588235294 
4 0.6873198847262247 0.1879595588235294 0.025936599423631124 0.035845588235294115 
4 0.8238472622478387 0.3786764705882353 0.026657060518731988 0.03676470588235294 
4 0.8036743515850144 0.3478860294117647 0.029538904899135448 0.03768382352941176 
4 0.8649135446685879 0.43566176470588236 0.026657060518731988 0.03676470588235294 
4 0.837536023054755 0.29044117647058826 0.03674351585014409 0.03860294117647059 
8 0.1729106628242075 0.2844669117647059 0.15561959654178675 0.20496323529411764 
