4 0.9833029751062538 0.799288256227758 0.013964784456587736 0.0298932384341637 
4 0.13479052823315119 0.9889679715302491 0.020643594414086218 0.02206405693950178 
7 0.5625379477838495 0.24661921708185053 0.07710989678202793 0.14163701067615658 
7 0.6451123254401943 0.2701067615658363 0.07589556769884638 0.1402135231316726 
7 0.7255616272009715 0.29323843416370104 0.07650273224043716 0.13807829181494663 
7 0.5206435944140863 0.45266903914590745 0.07589556769884638 0.13950177935943062 
7 0.6017000607164542 0.4761565836298932 0.07650273224043716 0.13950177935943062 
7 0.6827565270188221 0.499644128113879 0.07710989678202793 0.13950177935943062 
7 0.8041894353369763 0.5348754448398576 0.07589556769884638 0.1387900355871886 
7 0.847298117789921 0.3281138790035587 0.07710989678202793 0.13950177935943062 
13 0.33272616879174255 0.7373665480427046 0.25136612021857924 0.27473309608540925 
4 0.018822100789313904 0.6323843416370106 0.020643594414086218 0.02491103202846975 
4 0.051001821493624776 0.8177935943060498 0.02185792349726776 0.024199288256227757 
4 0.023679417122040074 0.7921708185053381 0.020643594414086218 0.025622775800711744 
4 0.03066180935033394 0.8693950177935943 0.021250758955676987 0.02491103202846975 
4 0.09502125075895568 0.8669039145907473 0.022465088038858532 0.025622775800711744 
4 0.11566484517304189 0.8882562277580072 0.022465088038858532 0.025622775800711744 
4 0.15361262902246509 0.9345195729537367 0.02185792349726776 0.024199288256227757 
4 0.1323618700667881 0.9081850533807829 0.020643594414086218 0.024199288256227757 
4 0.06678809957498483 0.907829181494662 0.02185792349726776 0.02491103202846975 
4 0.07316332726168792 0.8430604982206406 0.026108075288403157 0.027758007117437724 
4 0.08652094717668488 0.9277580071174377 0.022465088038858532 0.027758007117437724 
4 0.04796599878567092 0.8875444839857651 0.020643594414086218 0.024199288256227757 
4 0.10170006071645415 0.9473309608540925 0.023679417122040074 0.02704626334519573 
4 0.11809350333940498 0.9679715302491103 0.022465088038858532 0.02704626334519573 
7 0.48178506375227687 0.22277580071174377 0.07710989678202793 0.13950177935943062 
