6 0.9682291666666667 0.5739583333333333 0.01875 0.014583333333333334 
6 0.97265625 0.58203125 0.0171875 0.013020833333333334 
6 0.9768229166666667 0.58984375 0.013020833333333334 0.009895833333333333 
6 0.9799479166666667 0.5981770833333333 0.0140625 0.011979166666666667 
6 0.9848958333333333 0.6052083333333333 0.016666666666666666 0.011458333333333333 
6 0.9875 0.6135416666666667 0.015625 0.011458333333333333 
6 0.99140625 0.62109375 0.0140625 0.0109375 
6 0.9955729166666667 0.62890625 0.0140625 0.0109375 
6 0.97578125 0.6388020833333333 0.018229166666666668 0.0140625 
6 0.9802083333333333 0.646875 0.016666666666666666 0.0125 
6 0.98203125 0.6549479166666666 0.018229166666666668 0.0140625 
6 1.0057291666666666 0.6421875 0.01875 0.013541666666666667 
6 0.9630208333333333 0.5669270833333333 0.016666666666666666 0.013020833333333334 
6 0.9606770833333333 0.55859375 0.018229166666666668 0.0140625 
6 0.9559895833333333 0.5515625 0.016145833333333335 0.0125 
6 0.94140625 0.5455729166666666 0.033854166666666664 0.025520833333333333 
6 0.88125 0.5908854166666667 0.01875 0.0140625 
6 0.8869791666666667 0.575 0.029166666666666667 0.020833333333333332 
6 0.9028645833333333 0.5794270833333334 0.019270833333333334 0.0140625 
6 0.9059895833333333 0.5888020833333333 0.016145833333333335 0.013020833333333334 
6 0.9109375 0.59609375 0.017708333333333333 0.0140625 
6 0.9153645833333334 0.60546875 0.0171875 0.013020833333333334 
6 0.9197916666666667 0.6135416666666667 0.01875 0.014583333333333334 
6 0.9244791666666666 0.621875 0.017708333333333333 0.013541666666666667 
6 0.9283854166666666 0.63046875 0.0171875 0.013020833333333334 
6 0.9328125 0.63828125 0.01875 0.015104166666666667 
6 0.93671875 0.6466145833333333 0.018229166666666668 0.0140625 
6 0.9200520833333333 0.6661458333333333 0.019270833333333334 0.014583333333333334 
6 0.92421875 0.675 0.018229166666666668 0.013541666666666667 
6 0.9276041666666667 0.68359375 0.019791666666666666 0.015104166666666667 
6 0.9411458333333333 0.6549479166666666 0.017708333333333333 0.0140625 
6 0.9455729166666667 0.6625 0.016145833333333335 0.0125 
6 0.9494791666666667 0.67109375 0.016666666666666666 0.013020833333333334 
6 0.9723958333333333 0.63125 0.017708333333333333 0.0125 
6 0.9682291666666667 0.6234375 0.017708333333333333 0.013541666666666667 
6 0.9653645833333333 0.615625 0.016145833333333335 0.0125 
6 0.9604166666666667 0.6072916666666667 0.01875 0.013541666666666667 
6 0.9567708333333333 0.6 0.016666666666666666 0.0125 
6 0.9533854166666667 0.5921875 0.0171875 0.0125 
6 0.94921875 0.5846354166666666 0.016145833333333335 0.011979166666666667 
6 0.9442708333333333 0.5778645833333333 0.017708333333333333 0.013020833333333334 
6 0.9401041666666666 0.5692708333333333 0.01875 0.014583333333333334 
6 0.9359375 0.5614583333333333 0.014583333333333334 0.011458333333333333 
4 0.9453125 0.16588541666666667 0.007291666666666667 0.0109375 
6 0.4979166666666667 0.8234375 0.019791666666666666 0.014583333333333334 
6 0.5856770833333333 0.7815104166666667 0.016145833333333335 0.011979166666666667 
6 0.5575520833333333 0.7817708333333333 0.021354166666666667 0.015625 
6 0.5515625 0.7502604166666667 0.034375 0.025520833333333333 
6 0.5380208333333333 0.8447916666666667 0.01875 0.014583333333333334 
6 0.54296875 0.8528645833333334 0.019270833333333334 0.0140625 
6 0.5479166666666667 0.8609375 0.020833333333333332 0.015625 
6 0.55625 0.8770833333333333 0.01875 0.014583333333333334 
6 0.5278645833333333 0.8817708333333333 0.0203125 0.015625 
6 0.5192708333333333 0.86484375 0.019791666666666666 0.0140625 
6 0.5138020833333333 0.85703125 0.019270833333333334 0.0140625 
6 0.5106770833333333 0.8479166666666667 0.019270833333333334 0.013541666666666667 
6 0.5059895833333333 0.83984375 0.0234375 0.016145833333333335 
6 0.5028645833333333 0.8309895833333333 0.0203125 0.015104166666666667 
6 0.49270833333333336 0.8153645833333333 0.021875 0.016145833333333335 
6 0.5341145833333333 0.8359375 0.019270833333333334 0.014583333333333334 
6 0.5286458333333334 0.828125 0.019791666666666666 0.014583333333333334 
6 0.5263020833333333 0.8192708333333333 0.021354166666666667 0.014583333333333334 
6 0.5203125 0.8119791666666667 0.019791666666666666 0.014583333333333334 
6 0.5158854166666667 0.803125 0.019270833333333334 0.014583333333333334 
6 0.5130208333333334 0.79453125 0.020833333333333332 0.015104166666666667 
6 0.5075520833333333 0.7859375 0.0203125 0.014583333333333334 
6 0.4903645833333333 0.8065104166666667 0.0171875 0.013020833333333334 
6 0.48541666666666666 0.79765625 0.021875 0.0171875 
6 0.4901041666666667 0.78203125 0.034375 0.024479166666666666 
6 0.4122395833333333 0.98515625 0.030729166666666665 0.009895833333333333 
6 0.4127604166666667 0.9739583333333334 0.028645833333333332 0.010416666666666666 
6 0.4114583333333333 0.9627604166666667 0.026041666666666668 0.009895833333333333 
6 0.98984375 0.5208333333333334 0.0296875 0.021875 
6 0.9893229166666667 0.5330729166666667 0.0171875 0.013020833333333334 
6 0.9942708333333333 0.5393229166666667 0.016666666666666666 0.011979166666666667 
6 0.99765625 0.5471354166666667 0.0171875 0.013020833333333334 
6 1.0010416666666666 0.55390625 0.01875 0.013020833333333334 
6 1.0049479166666666 0.5614583333333333 0.016145833333333335 0.0125 
6 0.8848958333333333 0.5994791666666667 0.020833333333333332 0.015625 
6 0.8885416666666667 0.6088541666666667 0.019791666666666666 0.014583333333333334 
6 0.8940104166666667 0.6161458333333333 0.019270833333333334 0.014583333333333334 
6 0.6567708333333333 0.559375 0.022916666666666665 0.03229166666666667 
6 0.8390625 0.48411458333333335 0.026041666666666668 0.018229166666666668 
6 0.7888020833333333 0.4875 0.022395833333333334 0.030208333333333334 
6 0.778125 0.49322916666666666 0.017708333333333333 0.025 
6 0.7580729166666667 0.5044270833333333 0.0203125 0.028645833333333332 
6 0.7484375 0.5104166666666666 0.017708333333333333 0.026041666666666668 
6 0.73671875 0.5127604166666667 0.0171875 0.024479166666666666 
6 0.728125 0.5197916666666667 0.019791666666666666 0.027083333333333334 
6 0.7174479166666666 0.52421875 0.021354166666666667 0.028645833333333332 
6 0.7059895833333333 0.5299479166666666 0.022395833333333334 0.028645833333333332 
6 0.6955729166666667 0.5361979166666667 0.021354166666666667 0.027604166666666666 
6 0.6872395833333333 0.5403645833333334 0.016145833333333335 0.0203125 
6 0.678125 0.5466145833333333 0.019791666666666666 0.030729166666666665 
6 0.6684895833333333 0.5518229166666667 0.022395833333333334 0.030729166666666665 
6 0.64609375 0.56484375 0.0203125 0.028645833333333332 
6 0.8986979166666667 0.6239583333333333 0.0203125 0.014583333333333334 
6 0.63515625 0.56875 0.022395833333333334 0.03125 
6 0.6234375 0.5752604166666667 0.020833333333333332 0.0296875 
6 0.6125 0.58125 0.022916666666666665 0.03125 
6 0.6005208333333333 0.5885416666666666 0.026041666666666668 0.035416666666666666 
6 0.5890625 0.5934895833333333 0.021875 0.030729166666666665 
6 0.57890625 0.5979166666666667 0.019270833333333334 0.028125 
6 0.5690104166666666 0.6036458333333333 0.0203125 0.029166666666666667 
6 0.5578125 0.61015625 0.023958333333333335 0.0328125 
6 0.546875 0.6138020833333333 0.020833333333333332 0.028645833333333332 
6 0.5377604166666666 0.62265625 0.019270833333333334 0.0265625 
6 0.5265625 0.6278645833333333 0.025 0.033854166666666664 
6 0.5138020833333333 0.6328125 0.024479166666666666 0.03333333333333333 
6 0.5020833333333333 0.6372395833333333 0.025 0.030729166666666665 
6 0.7533854166666667 0.45989583333333334 0.011979166666666667 0.016666666666666666 
6 0.7580729166666667 0.45703125 0.0109375 0.016145833333333335 
6 0.7635416666666667 0.45364583333333336 0.011458333333333333 0.015625 
6 0.7184895833333333 0.4395833333333333 0.015104166666666667 0.0125 
6 0.8041666666666667 0.72421875 0.023958333333333335 0.0171875 
6 0.8096354166666667 0.7333333333333333 0.0234375 0.015625 
6 0.8125 0.74375 0.01875 0.013541666666666667 
6 0.7822916666666667 0.74765625 0.023958333333333335 0.0171875 
6 0.71796875 0.76640625 0.0171875 0.013020833333333334 
6 0.61328125 0.7486979166666666 0.015104166666666667 0.011979166666666667 
6 0.6505208333333333 0.8203125 0.013541666666666667 0.010416666666666666 
6 0.7036458333333333 0.7924479166666667 0.014583333333333334 0.0109375 
6 0.7794270833333333 0.44557291666666665 0.0109375 0.016145833333333335 
6 0.7739583333333333 0.44869791666666664 0.011458333333333333 0.016145833333333335 
6 0.76796875 0.44973958333333336 0.011979166666666667 0.016145833333333335 
6 0.7953125 0.42135416666666664 0.009375 0.013541666666666667 
6 0.7903645833333334 0.4203125 0.0078125 0.014583333333333334 
6 0.7861979166666667 0.4192708333333333 0.0078125 0.014583333333333334 
6 0.7815104166666667 0.41770833333333335 0.0078125 0.014583333333333334 
6 0.7776041666666667 0.41640625 0.007291666666666667 0.015104166666666667 
6 0.7729166666666667 0.415625 0.007291666666666667 0.015625 
6 0.76875 0.41458333333333336 0.007291666666666667 0.015625 
6 0.7380208333333333 0.40677083333333336 0.008333333333333333 0.015625 
6 0.7328125 0.40546875 0.008333333333333333 0.015104166666666667 
6 0.7276041666666667 0.4044270833333333 0.008333333333333333 0.015104166666666667 
6 0.721875 0.40390625 0.009375 0.016145833333333335 
6 0.7333333333333333 0.4703125 0.015625 0.0125 
6 0.7299479166666667 0.46536458333333336 0.011979166666666667 0.009895833333333333 
6 0.72734375 0.4549479166666667 0.015104166666666667 0.009895833333333333 
6 0.7255208333333333 0.45 0.013541666666666667 0.010416666666666666 
6 0.7216145833333333 0.44505208333333335 0.015104166666666667 0.0109375 
6 0.36171875 0.73203125 0.0296875 0.024479166666666666 
6 0.35546875 0.7221354166666667 0.025520833333333333 0.0203125 
6 0.3578125 0.7059895833333333 0.023958333333333335 0.009895833333333333 
6 0.44166666666666665 0.6231770833333333 0.021875 0.008854166666666666 
6 0.4440104166666667 0.6026041666666667 0.0203125 0.007291666666666667 
6 0.4427083333333333 0.5921875 0.019791666666666666 0.007291666666666667 
6 0.44453125 0.5825520833333333 0.015104166666666667 0.0067708333333333336 
6 0.8411458333333334 0.6752604166666667 0.021875 0.016145833333333335 
6 0.8361979166666667 0.6674479166666667 0.024479166666666666 0.0171875 
6 0.83203125 0.6591145833333333 0.0234375 0.0171875 
6 0.82421875 0.6419270833333334 0.022395833333333334 0.0171875 
6 0.81953125 0.6333333333333333 0.0234375 0.016666666666666666 
6 0.81484375 0.6255208333333333 0.0234375 0.016666666666666666 
6 0.8098958333333334 0.6151041666666667 0.028125 0.020833333333333332 
6 0.8325520833333333 0.6033854166666667 0.0234375 0.018229166666666668 
6 0.8385416666666666 0.61328125 0.020833333333333332 0.016145833333333335 
6 0.8427083333333333 0.62109375 0.021875 0.016145833333333335 
6 0.8479166666666667 0.6291666666666667 0.022916666666666665 0.017708333333333333 
6 0.85234375 0.6380208333333334 0.021354166666666667 0.016666666666666666 
6 0.85625 0.64609375 0.020833333333333332 0.016145833333333335 
6 0.8609375 0.6544270833333333 0.021875 0.016145833333333335 
6 0.8645833333333334 0.66328125 0.019791666666666666 0.015104166666666667 
6 0.86875 0.6721354166666667 0.01875 0.0140625 
6 0.8739583333333333 0.6796875 0.020833333333333332 0.015625 
6 0.878125 0.6877604166666667 0.021875 0.016145833333333335 
6 0.8822916666666667 0.69609375 0.015625 0.013020833333333334 
6 0.8877604166666667 0.7036458333333333 0.0171875 0.0125 
6 0.91484375 0.6580729166666667 0.022395833333333334 0.016145833333333335 
6 0.91015625 0.6502604166666667 0.022395833333333334 0.016145833333333335 
6 0.9067708333333333 0.6411458333333333 0.020833333333333332 0.014583333333333334 
6 0.9026041666666667 0.6325520833333333 0.019791666666666666 0.015104166666666667 
6 0.4421875 0.6130208333333333 0.022916666666666665 0.009375 
6 0.44036458333333334 0.6385416666666667 0.0234375 0.016666666666666666 
6 0.35833333333333334 0.6950520833333333 0.022916666666666665 0.008854166666666666 
6 0.4453125 0.6481770833333333 0.028125 0.021354166666666667 
6 0.3567708333333333 0.6833333333333333 0.028125 0.011458333333333333 
6 0.35833333333333334 0.6721354166666667 0.026041666666666668 0.0109375 
6 0.35859375 0.6611979166666667 0.025520833333333333 0.009895833333333333 
6 0.35833333333333334 0.6481770833333333 0.027083333333333334 0.0109375 
6 0.359375 0.6364583333333333 0.025 0.009375 
6 0.35989583333333336 0.6244791666666667 0.022916666666666665 0.009375 
6 0.36041666666666666 0.6122395833333333 0.028125 0.009895833333333333 
6 0.3606770833333333 0.6 0.0265625 0.011458333333333333 
6 0.35989583333333336 0.5872395833333334 0.027083333333333334 0.0109375 
6 0.39088541666666665 0.596875 0.019270833333333334 0.008333333333333333 
6 0.39166666666666666 0.60625 0.019791666666666666 0.007291666666666667 
6 0.39114583333333336 0.6169270833333333 0.019791666666666666 0.0078125 
6 0.390625 0.6265625 0.022916666666666665 0.008333333333333333 
6 0.39036458333333335 0.6361979166666667 0.024479166666666666 0.008854166666666666 
6 0.38984375 0.6458333333333334 0.021354166666666667 0.008333333333333333 
6 0.38984375 0.6557291666666667 0.0234375 0.008333333333333333 
6 0.38828125 0.6651041666666667 0.024479166666666666 0.008333333333333333 
6 0.3888020833333333 0.6747395833333333 0.0234375 0.0078125 
6 0.3893229166666667 0.6846354166666667 0.024479166666666666 0.008854166666666666 
6 0.384375 0.6932291666666667 0.015625 0.00625 
6 0.38515625 0.7083333333333334 0.0203125 0.0125 
6 0.3885416666666667 0.7182291666666667 0.027083333333333334 0.01875 
6 0.49192708333333335 0.64375 0.0234375 0.03229166666666667 
6 0.48203125 0.6515625 0.0265625 0.036458333333333336 
6 0.4747395833333333 0.6557291666666667 0.019270833333333334 0.026041666666666668 
6 0.46015625 0.6859375 0.0359375 0.027083333333333334 
6 0.4513020833333333 0.6736979166666667 0.03802083333333333 0.027604166666666666 
6 0.4153645833333333 0.9510416666666667 0.027604166666666666 0.009375 
6 0.41744791666666664 0.9244791666666666 0.013020833333333334 0.017708333333333333 
6 0.4375 0.91328125 0.0125 0.016145833333333335 
6 0.3203125 0.34270833333333334 0.016666666666666666 0.00625 
6 0.2955729166666667 0.3533854166666667 0.018229166666666668 0.0067708333333333336 
6 0.2955729166666667 0.36302083333333335 0.019270833333333334 0.007291666666666667 
6 0.29453125 0.3723958333333333 0.0203125 0.008333333333333333 
6 0.29296875 0.38177083333333334 0.0171875 0.00625 
6 0.2942708333333333 0.39348958333333334 0.021875 0.0109375 
6 0.290625 0.40598958333333335 0.022916666666666665 0.008854166666666666 
6 0.31666666666666665 0.4109375 0.021875 0.0125 
6 0.31796875 0.39765625 0.013020833333333334 0.0067708333333333336 
6 0.31796875 0.38958333333333334 0.0140625 0.00625 
6 0.31875 0.37942708333333336 0.016666666666666666 0.0067708333333333336 
6 0.31927083333333334 0.37057291666666664 0.010416666666666666 0.0046875 
6 0.31979166666666664 0.3606770833333333 0.016666666666666666 0.0067708333333333336 
6 0.31953125 0.35182291666666665 0.018229166666666668 0.0067708333333333336 
6 0.32083333333333336 0.3333333333333333 0.017708333333333333 0.007291666666666667 
6 0.45 0.44114583333333335 0.025 0.009375 
6 0.32109375 0.32395833333333335 0.019270833333333334 0.007291666666666667 
6 0.2950520833333333 0.3171875 0.021354166666666667 0.007291666666666667 
6 0.2955729166666667 0.2986979166666667 0.018229166666666668 0.0067708333333333336 
6 0.29583333333333334 0.2903645833333333 0.0125 0.005729166666666666 
6 0.21276041666666667 0.27786458333333336 0.0296875 0.0078125 
6 0.21223958333333334 0.29270833333333335 0.030729166666666665 0.011458333333333333 
6 0.21328125 0.3059895833333333 0.0265625 0.0109375 
6 0.21171875 0.31875 0.027604166666666666 0.010416666666666666 
6 0.2109375 0.33125 0.029166666666666667 0.009375 
6 0.21171875 0.3453125 0.028645833333333332 0.010416666666666666 
6 0.20963541666666666 0.3578125 0.030729166666666665 0.010416666666666666 
6 0.20989583333333334 0.37161458333333336 0.03125 0.011979166666666667 
6 0.2234375 0.390625 0.040625 0.016666666666666666 
6 0.29609375 0.34479166666666666 0.0171875 0.00625 
6 0.29583333333333334 0.33541666666666664 0.01875 0.008333333333333333 
6 0.29661458333333335 0.3260416666666667 0.019270833333333334 0.008333333333333333 
6 0.359375 0.31484375 0.01875 0.0067708333333333336 
6 0.4515625 0.41953125 0.026041666666666668 0.009895833333333333 
6 0.4515625 0.40859375 0.026041666666666668 0.009895833333333333 
6 0.45208333333333334 0.39817708333333335 0.025 0.0078125 
6 0.453125 0.38645833333333335 0.022916666666666665 0.009375 
6 0.45208333333333334 0.375 0.025 0.009375 
6 0.4515625 0.36354166666666665 0.026041666666666668 0.010416666666666666 
6 0.45234375 0.35208333333333336 0.024479166666666666 0.009375 
6 0.45 0.34036458333333336 0.020833333333333332 0.008854166666666666 
6 0.45026041666666666 0.3302083333333333 0.019270833333333334 0.008333333333333333 
6 0.35911458333333335 0.36302083333333335 0.0171875 0.007291666666666667 
6 0.35833333333333334 0.37161458333333336 0.014583333333333334 0.0067708333333333336 
6 0.35833333333333334 0.37942708333333336 0.016666666666666666 0.0078125 
6 0.35859375 0.38828125 0.0171875 0.0078125 
6 0.35885416666666664 0.39557291666666666 0.014583333333333334 0.005729166666666666 
6 0.3580729166666667 0.4044270833333333 0.015104166666666667 0.005729166666666666 
6 0.3854166666666667 0.4166666666666667 0.03125 0.011458333333333333 
6 0.38645833333333335 0.40572916666666664 0.027083333333333334 0.007291666666666667 
6 0.38776041666666666 0.3958333333333333 0.024479166666666666 0.010416666666666666 
6 0.38567708333333334 0.3848958333333333 0.024479166666666666 0.008333333333333333 
6 0.38567708333333334 0.37421875 0.025520833333333333 0.008854166666666666 
6 0.3848958333333333 0.36328125 0.022916666666666665 0.008854166666666666 
6 0.38697916666666665 0.3536458333333333 0.019791666666666666 0.008333333333333333 
6 0.38645833333333335 0.34270833333333334 0.021875 0.007291666666666667 
6 0.359375 0.33958333333333335 0.0125 0.00625 
6 0.36015625 0.33177083333333335 0.015104166666666667 0.00625 
6 0.38828125 0.33151041666666664 0.0203125 0.0078125 
6 0.3875 0.321875 0.021875 0.008333333333333333 
6 0.24192708333333332 0.3776041666666667 0.021354166666666667 0.008333333333333333 
6 0.24192708333333332 0.3690104166666667 0.022395833333333334 0.008854166666666666 
6 0.24322916666666666 0.35885416666666664 0.022916666666666665 0.008333333333333333 
12 0.5848958333333333 0.80625 0.09270833333333334 0.12604166666666666 
12 0.6950520833333333 0.7481770833333333 0.08802083333333334 0.12135416666666667 
12 0.77734375 0.7059895833333333 0.10052083333333334 0.1296875 
12 0.8502604166666666 0.6669270833333333 0.09635416666666667 0.12760416666666666 
12 0.9151041666666667 0.634375 0.08958333333333333 0.125 
12 0.9713541666666666 0.6046875 0.0875 0.12395833333333334 
12 1.0244791666666666 0.5760416666666667 0.08645833333333333 0.12395833333333334 
7 0.6752604166666667 0.47161458333333334 0.025520833333333333 0.0328125 
7 0.7013020833333333 0.4713541666666667 0.025520833333333333 0.03229166666666667 
7 0.6546875 0.49635416666666665 0.025 0.03229166666666667 
7 0.6369791666666667 0.50546875 0.025 0.0328125 
13 0.61328125 0.5171875 0.027604166666666666 0.03333333333333333 
12 0.6463541666666667 0.5611979166666666 0.36354166666666665 0.21302083333333333 
12 0.4479166666666667 0.6604166666666667 0.06145833333333333 0.06354166666666666 
12 0.44635416666666666 0.5994791666666667 0.026041666666666668 0.06145833333333333 
12 0.22916666666666666 0.6041666666666666 0.15 0.09583333333333334 
12 0.2596354166666667 0.7033854166666667 0.0984375 0.0859375 
12 0.2799479166666667 0.7580729166666667 0.05260416666666667 0.0453125 
12 0.3734375 0.6596354166666667 0.059375 0.16510416666666666 
12 0.1640625 0.48463541666666665 0.08333333333333333 0.14114583333333333 
12 0.27447916666666666 0.49609375 0.06354166666666666 0.1171875 
12 0.371875 0.5109375 0.06458333333333334 0.11145833333333334 
12 0.45 0.5122395833333333 0.030208333333333334 0.11197916666666667 
12 0.45390625 0.39088541666666665 0.0328125 0.1171875 
12 0.3736979166666667 0.35703125 0.049479166666666664 0.11302083333333333 
12 0.3067708333333333 0.35 0.04375 0.11875 
12 0.22526041666666666 0.3296875 0.05572916666666667 0.125 
12 0.6401041666666667 0.7776041666666667 0.08854166666666667 0.12291666666666666 
12 0.5208333333333334 0.8393229166666667 0.09270833333333334 0.1265625 
6 0.24244791666666668 0.3484375 0.018229166666666668 0.007291666666666667 
12 0.43723958333333335 0.8809895833333333 0.13177083333333334 0.14427083333333332 
6 0.2421875 0.3377604166666667 0.01875 0.008854166666666666 
6 0.2421875 0.32864583333333336 0.019791666666666666 0.008333333333333333 
6 0.24348958333333334 0.31953125 0.0203125 0.0067708333333333336 
6 0.24375 0.3098958333333333 0.020833333333333332 0.00625 
6 0.24427083333333333 0.30052083333333335 0.019791666666666666 0.007291666666666667 
6 0.24609375 0.27395833333333336 0.0140625 0.005208333333333333 
6 0.24427083333333333 0.28229166666666666 0.017708333333333333 0.007291666666666667 
6 0.2453125 0.29192708333333334 0.020833333333333332 0.0067708333333333336 
6 0.14401041666666667 0.26145833333333335 0.0328125 0.0125 
6 0.14244791666666667 0.27369791666666665 0.024479166666666666 0.0109375 
6 0.12005208333333334 0.2734375 0.0078125 0.016666666666666666 
6 0.14244791666666667 0.28671875 0.027604166666666666 0.009895833333333333 
6 0.14114583333333333 0.29973958333333334 0.028125 0.009895833333333333 
6 0.14088541666666668 0.31223958333333335 0.027604166666666666 0.009895833333333333 
6 0.140625 0.325 0.028125 0.011458333333333333 
6 0.13984375 0.33880208333333334 0.027604166666666666 0.0109375 
6 0.13958333333333334 0.35182291666666665 0.026041666666666668 0.009895833333333333 
6 0.140625 0.36432291666666666 0.027083333333333334 0.0109375 
6 0.13463541666666667 0.37864583333333335 0.03177083333333333 0.0125 
6 0.11484375 0.34869791666666666 0.013020833333333334 0.0390625 
6 0.11666666666666667 0.30364583333333334 0.014583333333333334 0.03229166666666667 
6 0.05520833333333333 0.30078125 0.04791666666666667 0.0796875 
6 0.017447916666666667 0.21484375 0.03177083333333333 0.0171875 
6 0.01484375 0.22786458333333334 0.0296875 0.018229166666666668 
6 0.06875 0.24036458333333333 0.009375 0.0234375 
6 0.10520833333333333 0.24817708333333333 0.009375 0.0265625 
6 0.09036458333333333 0.24947916666666667 0.0109375 0.027083333333333334 
6 0.45026041666666666 0.43046875 0.024479166666666666 0.009895833333333333 
6 0.4510416666666667 0.4635416666666667 0.020833333333333332 0.009375 
6 0.4510416666666667 0.9065104166666667 0.0125 0.016145833333333335 
6 0.2526041666666667 0.6716145833333333 0.04375 0.011979166666666667 
6 0.15598958333333332 0.4981770833333333 0.024479166666666666 0.009895833333333333 
6 0.15833333333333333 0.5098958333333333 0.025 0.009375 
6 0.19010416666666666 0.49765625 0.026041666666666668 0.009895833333333333 
6 0.19114583333333332 0.5088541666666667 0.025 0.008333333333333333 
6 0.17682291666666666 0.5393229166666667 0.03802083333333333 0.011979166666666667 
6 0.17265625 0.5247395833333334 0.043229166666666666 0.0140625 
6 0.20520833333333333 0.5315104166666667 0.0125 0.030729166666666665 
6 0.17916666666666667 0.5518229166666667 0.03229166666666667 0.011979166666666667 
6 0.2125 0.5705729166666667 0.05625 0.016145833333333335 
6 0.23489583333333333 0.5888020833333333 0.04479166666666667 0.0140625 
6 0.23828125 0.6075520833333333 0.04010416666666667 0.015104166666666667 
6 0.22890625 0.6234375 0.05260416666666667 0.013541666666666667 
6 0.23541666666666666 0.6403645833333333 0.04583333333333333 0.0140625 
6 0.24973958333333332 0.6856770833333333 0.0390625 0.013020833333333334 
6 0.4479166666666667 0.47317708333333336 0.025 0.009895833333333333 
6 0.2526041666666667 0.7002604166666667 0.041666666666666664 0.013020833333333334 
6 0.25755208333333335 0.7135416666666666 0.03177083333333333 0.010416666666666666 
6 0.25833333333333336 0.7255208333333333 0.027083333333333334 0.009375 
6 0.25859375 0.7372395833333333 0.027604166666666666 0.008854166666666666 
6 0.26458333333333334 0.753125 0.013541666666666667 0.010416666666666666 
6 0.26848958333333334 0.7588541666666667 0.018229166666666668 0.013541666666666667 
6 0.2830729166666667 0.7739583333333333 0.028645833333333332 0.021875 
6 0.27005208333333336 0.7682291666666666 0.022395833333333334 0.016666666666666666 
6 0.2921875 0.7315104166666667 0.026041666666666668 0.0109375 
6 0.29244791666666664 0.71875 0.025520833333333333 0.009375 
6 0.29322916666666665 0.7065104166666667 0.027083333333333334 0.009895833333333333 
6 0.29375 0.6942708333333333 0.025 0.009375 
6 0.29453125 0.6830729166666667 0.0234375 0.009895833333333333 
6 0.15442708333333333 0.4864583333333333 0.030729166666666665 0.011458333333333333 
6 0.19010416666666666 0.4856770833333333 0.027083333333333334 0.009895833333333333 
6 0.15104166666666666 0.47265625 0.036458333333333336 0.011979166666666667 
6 0.15130208333333334 0.4578125 0.0359375 0.0125 
6 0.4830729166666667 0.8953125 0.0171875 0.014583333333333334 
6 0.47708333333333336 0.88671875 0.019791666666666666 0.015104166666666667 
6 0.4734375 0.87890625 0.019791666666666666 0.015104166666666667 
6 0.46848958333333335 0.8705729166666667 0.019270833333333334 0.015104166666666667 
6 0.46510416666666665 0.8622395833333333 0.01875 0.0140625 
6 0.46041666666666664 0.8533854166666667 0.01875 0.015104166666666667 
6 0.45416666666666666 0.8458333333333333 0.01875 0.014583333333333334 
6 0.45208333333333334 0.8372395833333334 0.019791666666666666 0.015104166666666667 
6 0.44765625 0.8286458333333333 0.019270833333333334 0.014583333333333334 
6 0.44296875 0.8205729166666667 0.019270833333333334 0.0140625 
6 0.4265625 0.8145833333333333 0.04375 0.030208333333333334 
6 0.43020833333333336 0.8942708333333333 0.05625 0.036458333333333336 
6 0.3736979166666667 0.8708333333333333 0.0109375 0.01875 
6 0.42161458333333335 0.8463541666666666 0.028645833333333332 0.020833333333333332 
6 0.421875 0.8598958333333333 0.03333333333333333 0.026041666666666668 
6 0.42526041666666664 0.8765625 0.04635416666666667 0.034375 
6 0.01640625 0.52734375 0.030729166666666665 0.011979166666666667 
6 0.008333333333333333 0.49921875 0.011458333333333333 0.034895833333333334 
6 0.021354166666666667 0.49973958333333335 0.014583333333333334 0.033854166666666664 
6 0.1796875 0.4122395833333333 0.03333333333333333 0.011979166666666667 
6 0.1375 0.4114583333333333 0.029166666666666667 0.011458333333333333 
6 0.14505208333333333 0.4283854166666667 0.04739583333333333 0.013020833333333334 
6 0.14609375 0.4434895833333333 0.04114583333333333 0.0140625 
6 0.19140625 0.4278645833333333 0.025520833333333333 0.009895833333333333 
6 0.19140625 0.4390625 0.025520833333333333 0.009375 
6 0.1921875 0.45026041666666666 0.028125 0.009895833333333333 
6 0.18958333333333333 0.46145833333333336 0.025 0.010416666666666666 
6 0.2950520833333333 0.6713541666666667 0.027604166666666666 0.010416666666666666 
6 0.2833333333333333 0.6580729166666667 0.036458333333333336 0.0109375 
6 0.28151041666666665 0.6450520833333333 0.03177083333333333 0.011979166666666667 
6 0.3567708333333333 0.56171875 0.020833333333333332 0.008854166666666666 
6 0.35651041666666666 0.5393229166666667 0.028645833333333332 0.0109375 
6 0.3567708333333333 0.5265625 0.028125 0.010416666666666666 
6 0.35885416666666664 0.51484375 0.027083333333333334 0.009895833333333333 
6 0.35833333333333334 0.5026041666666666 0.029166666666666667 0.010416666666666666 
6 0.359375 0.490625 0.027083333333333334 0.009375 
6 0.36015625 0.4783854166666667 0.027604166666666666 0.009895833333333333 
6 0.3580729166666667 0.46588541666666666 0.027604166666666666 0.0109375 
6 0.36015625 0.45260416666666664 0.03177083333333333 0.011458333333333333 
6 0.39401041666666664 0.4609375 0.024479166666666666 0.008333333333333333 
6 0.3932291666666667 0.46953125 0.023958333333333335 0.0078125 
6 0.3927083333333333 0.47942708333333334 0.023958333333333335 0.008854166666666666 
6 0.39140625 0.48880208333333336 0.022395833333333334 0.008854166666666666 
6 0.3927083333333333 0.4986979166666667 0.023958333333333335 0.008854166666666666 
6 0.390625 0.5078125 0.021875 0.008333333333333333 
6 0.39088541666666665 0.5169270833333334 0.0234375 0.0078125 
6 0.38984375 0.52578125 0.021354166666666667 0.008854166666666666 
6 0.3885416666666667 0.5346354166666667 0.020833333333333332 0.0078125 
6 0.390625 0.54375 0.025 0.009375 
6 0.3885416666666667 0.5536458333333333 0.01875 0.008333333333333333 
6 0.44505208333333335 0.5614583333333333 0.019270833333333334 0.007291666666666667 
6 0.44557291666666665 0.5518229166666667 0.0234375 0.0078125 
6 0.44505208333333335 0.5424479166666667 0.022395833333333334 0.008854166666666666 
6 0.44505208333333335 0.5325520833333334 0.024479166666666666 0.009895833333333333 
6 0.4466145833333333 0.5231770833333333 0.0203125 0.008854166666666666 
6 0.44817708333333334 0.5135416666666667 0.0203125 0.008333333333333333 
6 0.4466145833333333 0.4942708333333333 0.0234375 0.010416666666666666 
6 0.45026041666666666 0.48359375 0.0203125 0.0078125 
6 0.35598958333333336 0.5505208333333333 0.0296875 0.010416666666666666 
6 0.35963541666666665 0.5747395833333333 0.030729166666666665 0.0109375 
6 0.2825520833333333 0.63203125 0.030729166666666665 0.0109375 
6 0.39348958333333334 0.5755208333333334 0.024479166666666666 0.009375 
6 0.2833333333333333 0.61953125 0.035416666666666666 0.013020833333333334 
6 0.284375 0.6078125 0.035416666666666666 0.011458333333333333 
6 0.28541666666666665 0.5955729166666667 0.035416666666666666 0.013020833333333334 
6 0.28489583333333335 0.5838541666666667 0.03333333333333333 0.011458333333333333 
6 0.2830729166666667 0.5716145833333334 0.027604166666666666 0.0109375 
6 0.25416666666666665 0.5432291666666667 0.03333333333333333 0.011458333333333333 
6 0.2565104166666667 0.5317708333333333 0.027604166666666666 0.009375 
6 0.2546875 0.5190104166666667 0.030208333333333334 0.0109375 
6 0.2591145833333333 0.5067708333333333 0.0265625 0.010416666666666666 
6 0.25625 0.49505208333333334 0.028125 0.0109375 
6 0.25807291666666665 0.4828125 0.028645833333333332 0.009375 
6 0.25703125 0.47109375 0.025520833333333333 0.009895833333333333 
6 0.25885416666666666 0.45859375 0.025 0.009895833333333333 
6 0.25885416666666666 0.44635416666666666 0.026041666666666668 0.010416666666666666 
6 0.2640625 0.4328125 0.035416666666666666 0.011458333333333333 
6 0.29244791666666664 0.44296875 0.0234375 0.0078125 
6 0.29270833333333335 0.45286458333333335 0.026041666666666668 0.0109375 
6 0.29296875 0.46458333333333335 0.025520833333333333 0.009375 
6 0.2908854166666667 0.47630208333333335 0.025520833333333333 0.0109375 
6 0.29192708333333334 0.48802083333333335 0.0296875 0.011458333333333333 
6 0.28932291666666665 0.49947916666666664 0.0234375 0.010416666666666666 
6 0.28984375 0.5109375 0.025520833333333333 0.010416666666666666 
6 0.28932291666666665 0.5221354166666666 0.025520833333333333 0.009895833333333333 
6 0.2890625 0.53359375 0.028125 0.009895833333333333 
6 0.28984375 0.5466145833333333 0.025520833333333333 0.0078125 
6 0.29010416666666666 0.5583333333333333 0.021875 0.007291666666666667 
6 0.3927083333333333 0.5861979166666667 0.023958333333333335 0.009895833333333333 
6 0.7989583333333333 0.7151041666666667 0.023958333333333335 0.016666666666666666 
6 0.7765625 0.73828125 0.026041666666666668 0.018229166666666668 
6 0.7721354166666666 0.7294270833333333 0.024479166666666666 0.0171875 
4 0.9166666666666666 0.8854166666666666 0.011458333333333333 0.009375 
4 0.8947916666666667 0.8875 0.011458333333333333 0.009375 
4 0.8916666666666667 0.8645833333333334 0.00625 0.011458333333333333 
4 0.9028645833333333 0.8580729166666666 0.0067708333333333336 0.011979166666666667 
4 0.98984375 0.7114583333333333 0.0078125 0.011458333333333333 
4 0.9947916666666666 0.7088541666666667 0.008333333333333333 0.0125 
4 0.91796875 0.7192708333333333 0.011979166666666667 0.010416666666666666 
4 0.7270833333333333 0.8424479166666666 0.008333333333333333 0.011979166666666667 
4 0.9161458333333333 0.875 0.013541666666666667 0.011458333333333333 
4 0.8856770833333333 0.9002604166666667 0.0109375 0.011979166666666667 
4 0.9153645833333334 0.92265625 0.0067708333333333336 0.0109375 
4 0.9247395833333333 0.90546875 0.0067708333333333336 0.013020833333333334 
4 0.71796875 0.84609375 0.0078125 0.0109375 
4 0.7135416666666666 0.8486979166666667 0.009375 0.011979166666666667 
4 0.7091145833333333 0.85078125 0.0078125 0.0109375 
4 0.70078125 0.85546875 0.008854166666666666 0.013020833333333334 
4 0.690625 0.8609375 0.010416666666666666 0.014583333333333334 
4 0.7877604166666666 0.8005208333333333 0.013020833333333334 0.009375 
4 0.8356770833333333 0.8104166666666667 0.013020833333333334 0.011458333333333333 
4 0.8427083333333333 0.8065104166666667 0.011458333333333333 0.009895833333333333 
4 0.88359375 0.78515625 0.013020833333333334 0.0109375 
4 0.8622395833333333 0.7979166666666667 0.0109375 0.008333333333333333 
4 0.7848958333333333 0.9869791666666666 0.008333333333333333 0.010416666666666666 
4 0.7927083333333333 0.9731770833333333 0.013541666666666667 0.009895833333333333 
4 0.7880208333333333 0.9638020833333333 0.011458333333333333 0.008854166666666666 
4 0.8125 0.9536458333333333 0.013541666666666667 0.011458333333333333 
4 0.8169270833333333 0.9635416666666666 0.0140625 0.011458333333333333 
4 0.821875 0.97421875 0.013541666666666667 0.0109375 
4 0.83125 0.9625 0.0125 0.009375 
4 0.8276041666666667 0.9583333333333334 0.011458333333333333 0.009375 
4 0.82578125 0.9536458333333333 0.013020833333333334 0.009375 
4 0.8229166666666666 0.94921875 0.010416666666666666 0.008854166666666666 
4 0.8208333333333333 0.9442708333333333 0.0125 0.009375 
4 0.8177083333333334 0.93984375 0.010416666666666666 0.008854166666666666 
4 0.8143229166666667 0.9348958333333334 0.009895833333333333 0.009375 
4 0.8119791666666667 0.9302083333333333 0.010416666666666666 0.008333333333333333 
4 0.86875 0.9505208333333334 0.00625 0.010416666666666666 
4 0.9489583333333333 0.8911458333333333 0.00625 0.0125 
4 0.9395833333333333 0.89765625 0.005208333333333333 0.0109375 
4 0.7221354166666667 0.8440104166666667 0.008854166666666666 0.0109375 
4 0.7346354166666667 0.8377604166666667 0.008854166666666666 0.011979166666666667 
6 0.22291666666666668 0.5567708333333333 0.009375 0.005208333333333333 
4 0.7213541666666666 0.8731770833333333 0.008333333333333333 0.013020833333333334 
4 0.45208333333333334 0.20390625 0.00625 0.0109375 
4 0.44869791666666664 0.20234375 0.0067708333333333336 0.0109375 
4 0.44427083333333334 0.20130208333333333 0.00625 0.0109375 
4 0.4309895833333333 0.19765625 0.0067708333333333336 0.0109375 
4 0.42682291666666666 0.19635416666666666 0.0067708333333333336 0.0125 
4 0.42161458333333335 0.19557291666666668 0.0067708333333333336 0.0109375 
4 0.403125 0.18958333333333333 0.007291666666666667 0.011458333333333333 
4 0.39869791666666665 0.18828125 0.0067708333333333336 0.011979166666666667 
4 0.39375 0.18697916666666667 0.00625 0.011458333333333333 
4 0.13098958333333333 0.17864583333333334 0.0109375 0.005208333333333333 
4 0.8591145833333333 0.7778645833333333 0.008854166666666666 0.0109375 
6 0.20572916666666666 0.5885416666666666 0.008333333333333333 0.005208333333333333 
6 0.3450520833333333 0.7755208333333333 0.008854166666666666 0.007291666666666667 
4 0.7440104166666667 0.8325520833333333 0.009895833333333333 0.011979166666666667 
6 0.040364583333333336 0.8325520833333333 0.005729166666666666 0.008854166666666666 
6 0.17760416666666667 0.5645833333333333 0.010416666666666666 0.005208333333333333 
6 0.35833333333333334 0.35442708333333334 0.013541666666666667 0.005729166666666666 
6 0.038802083333333334 0.24505208333333334 0.0078125 0.0109375 
4 0.9578125 0.8888020833333333 0.007291666666666667 0.0140625 
6 0.3890625 0.44947916666666665 0.029166666666666667 0.011458333333333333 
6 0.40625 0.8703125 0.007291666666666667 0.009375 
6 0.43125 0.9166666666666666 0.013541666666666667 0.016666666666666666 
6 0.4921875 0.9114583333333334 0.015625 0.013541666666666667 
6 0.4908854166666667 0.9013020833333333 0.0203125 0.016145833333333335 
6 0.8494791666666667 0.9908854166666666 0.021875 0.016145833333333335 
6 0.8807291666666667 0.98671875 0.027083333333333334 0.019270833333333334 
6 0.8768229166666667 0.9768229166666667 0.0265625 0.019270833333333334 
4 0.6453125 0.8697916666666666 0.009375 0.0125 
4 0.6565104166666667 0.9072916666666667 0.009895833333333333 0.0125 
4 0.57265625 0.9513020833333333 0.008854166666666666 0.011979166666666667 
4 0.7270833333333333 0.9005208333333333 0.008333333333333333 0.011458333333333333 
4 0.9713541666666666 0.44765625 0.010416666666666666 0.0067708333333333336 
4 0.98515625 0.7143229166666667 0.0078125 0.013020833333333334 
4 0.9791666666666666 0.7171875 0.008333333333333333 0.013541666666666667 
4 0.9692708333333333 0.7234375 0.009375 0.013541666666666667 
4 0.76328125 0.85078125 0.008854166666666666 0.011979166666666667 
4 0.8622395833333333 0.8854166666666666 0.009895833333333333 0.011458333333333333 
4 0.7223958333333333 0.903125 0.008333333333333333 0.010416666666666666 
6 0.94921875 0.98203125 0.0265625 0.021354166666666667 
6 0.9427083333333334 0.9708333333333333 0.026041666666666668 0.017708333333333333 
6 0.9346354166666667 0.96171875 0.024479166666666666 0.0171875 
4 0.5989583333333334 0.9864583333333333 0.005208333333333333 0.0125 
4 0.5622395833333333 0.9565104166666667 0.0109375 0.0140625 
4 0.5450520833333333 0.9356770833333333 0.009895833333333333 0.011979166666666667 
4 0.5395833333333333 0.9265625 0.008333333333333333 0.011458333333333333 
4 0.5502604166666667 0.9216145833333333 0.008854166666666666 0.009895833333333333 
4 0.5591145833333333 0.91640625 0.009895833333333333 0.011979166666666667 
4 0.5546875 0.9190104166666667 0.009375 0.009895833333333333 
4 0.55234375 0.9606770833333333 0.011979166666666667 0.015104166666666667 
4 0.5817708333333333 0.9479166666666666 0.008333333333333333 0.010416666666666666 
4 0.5880208333333333 0.9140625 0.010416666666666666 0.013541666666666667 
4 0.5776041666666667 0.9067708333333333 0.008333333333333333 0.011458333333333333 
4 0.5859375 0.9015625 0.008333333333333333 0.011458333333333333 
4 0.5916666666666667 0.89921875 0.008333333333333333 0.0109375 
4 0.6 0.8947916666666667 0.010416666666666666 0.0125 
4 0.6182291666666667 0.8861979166666667 0.010416666666666666 0.0109375 
4 0.6221354166666667 0.8825520833333333 0.0109375 0.011979166666666667 
4 0.6630208333333333 0.9052083333333333 0.009375 0.0125 
4 0.59921875 0.9375 0.009895833333333333 0.0125 
4 0.7403645833333333 0.8932291666666666 0.0109375 0.013541666666666667 
4 0.7481770833333333 0.8895833333333333 0.0078125 0.0125 
4 0.7765625 0.8440104166666667 0.008333333333333333 0.011979166666666667 
4 0.77265625 0.84609375 0.008854166666666666 0.011979166666666667 
4 0.75 0.8567708333333334 0.010416666666666666 0.0125 
4 0.7427083333333333 0.8619791666666666 0.009375 0.0125 
4 0.7294270833333333 0.8692708333333333 0.0109375 0.013541666666666667 
4 0.7125 0.8786458333333333 0.009375 0.011458333333333333 
4 0.7565104166666666 0.8263020833333333 0.009895833333333333 0.009895833333333333 
4 0.7510416666666667 0.8286458333333333 0.009375 0.011458333333333333 
4 0.5846354166666666 0.9859375 0.005729166666666666 0.0125 
4 0.6049479166666667 0.9861979166666667 0.0067708333333333336 0.011979166666666667 
6 0.9299479166666667 0.9518229166666666 0.028645833333333332 0.021354166666666667 
4 0.61171875 0.9861979166666667 0.0067708333333333336 0.0109375 
6 0.990625 0.9838541666666667 0.036458333333333336 0.023958333333333335 
6 0.9825520833333333 0.97109375 0.034895833333333334 0.025520833333333333 
6 0.9765625 0.9580729166666667 0.034375 0.024479166666666666 
6 0.97109375 0.946875 0.034895833333333334 0.021875 
6 0.96328125 0.9325520833333333 0.0328125 0.021354166666666667 
4 0.6924479166666667 0.965625 0.009895833333333333 0.011458333333333333 
4 0.6880208333333333 0.96875 0.009375 0.011458333333333333 
4 0.6841145833333333 0.9723958333333333 0.0109375 0.011458333333333333 
4 0.6802083333333333 0.9752604166666666 0.011458333333333333 0.0109375 
4 0.6755208333333333 0.97890625 0.009375 0.0109375 
4 0.515625 0.9528645833333333 0.010416666666666666 0.0078125 
4 0.5140625 0.94765625 0.0125 0.0078125 
4 0.5122395833333333 0.9424479166666667 0.0109375 0.008854166666666666 
4 0.67265625 0.9466145833333334 0.009895833333333333 0.009895833333333333 
4 0.6682291666666667 0.9505208333333334 0.010416666666666666 0.011458333333333333 
4 0.65703125 0.9598958333333333 0.0109375 0.010416666666666666 
4 0.65234375 0.9638020833333333 0.009895833333333333 0.0109375 
4 0.6484375 0.9684895833333333 0.011458333333333333 0.013020833333333334 
4 0.6440104166666667 0.9713541666666666 0.009895833333333333 0.0125 
4 0.6325520833333333 0.9770833333333333 0.009895833333333333 0.0125 
4 0.6377604166666667 0.9744791666666667 0.0109375 0.0125 
4 0.6278645833333333 0.9802083333333333 0.009895833333333333 0.013541666666666667 
4 0.6221354166666667 0.9817708333333334 0.009895833333333333 0.0125 
4 0.61640625 0.98359375 0.009895833333333333 0.0109375 
6 0.76640625 0.7208333333333333 0.0265625 0.019791666666666666 
4 0.16875 0.22734375 0.009375 0.011979166666666667 
4 0.22421875 0.17057291666666666 0.0078125 0.0109375 
4 0.21875 0.16875 0.008333333333333333 0.0125 
4 0.2986979166666667 0.26015625 0.0078125 0.0109375 
4 0.30052083333333335 0.22395833333333334 0.007291666666666667 0.011458333333333333 
4 0.27890625 0.22083333333333333 0.0067708333333333336 0.010416666666666666 
4 0.2703125 0.2526041666666667 0.008333333333333333 0.011458333333333333 
4 0.26171875 0.16848958333333333 0.0109375 0.0067708333333333336 
4 0.24036458333333333 0.17447916666666666 0.0067708333333333336 0.0125 
4 0.26510416666666664 0.18307291666666667 0.00625 0.0109375 
4 0.20208333333333334 0.16380208333333332 0.00625 0.0109375 
4 0.18255208333333334 0.15651041666666668 0.0078125 0.0109375 
4 0.17161458333333332 0.15494791666666666 0.0078125 0.011979166666666667 
4 0.17994791666666668 0.22916666666666666 0.008854166666666666 0.0125 
4 0.17682291666666666 0.20130208333333333 0.0078125 0.0109375 
4 0.4830729166666667 0.28489583333333335 0.0078125 0.011458333333333333 
4 0.165625 0.19869791666666667 0.008333333333333333 0.0109375 
4 0.16666666666666666 0.16953125 0.008333333333333333 0.0109375 
4 0.16197916666666667 0.16744791666666667 0.007291666666666667 0.0109375 
4 0.13203125 0.159375 0.011979166666666667 0.004166666666666667 
4 0.13177083333333334 0.16927083333333334 0.010416666666666666 0.005208333333333333 
4 0.13046875 0.18463541666666666 0.011979166666666667 0.005729166666666666 
4 0.12864583333333332 0.21067708333333332 0.011458333333333333 0.0067708333333333336 
4 0.12786458333333334 0.215625 0.0109375 0.005208333333333333 
4 0.11744791666666667 0.171875 0.0109375 0.010416666666666666 
4 0.11614583333333334 0.17864583333333334 0.010416666666666666 0.009375 
4 0.11614583333333334 0.18515625 0.010416666666666666 0.011979166666666667 
4 0.11432291666666666 0.19921875 0.009895833333333333 0.0109375 
4 0.1125 0.2125 0.011458333333333333 0.010416666666666666 
4 0.2911458333333333 0.19114583333333332 0.007291666666666667 0.013541666666666667 
4 0.30807291666666664 0.19401041666666666 0.0078125 0.0109375 
4 0.34140625 0.18776041666666668 0.011979166666666667 0.0078125 
4 0.30546875 0.16432291666666668 0.0067708333333333336 0.011979166666666667 
4 0.45703125 0.27838541666666666 0.0078125 0.011979166666666667 
4 0.4473958333333333 0.2760416666666667 0.007291666666666667 0.011458333333333333 
4 0.44166666666666665 0.2752604166666667 0.00625 0.0109375 
4 0.43723958333333335 0.27265625 0.005729166666666666 0.009895833333333333 
4 0.44505208333333335 0.26015625 0.013020833333333334 0.008854166666666666 
4 0.44765625 0.25078125 0.0109375 0.0078125 
4 0.4270833333333333 0.2703125 0.007291666666666667 0.010416666666666666 
4 0.41901041666666666 0.234375 0.0078125 0.011458333333333333 
4 0.37994791666666666 0.2838541666666667 0.0078125 0.0125 
4 0.3609375 0.27760416666666665 0.009375 0.011458333333333333 
4 0.39296875 0.21119791666666668 0.0067708333333333336 0.0109375 
4 0.39765625 0.20390625 0.011979166666666667 0.0078125 
4 0.4544270833333333 0.22838541666666667 0.009895833333333333 0.0078125 
4 0.44036458333333334 0.22369791666666666 0.011979166666666667 0.0078125 
4 0.4354166666666667 0.19947916666666668 0.00625 0.010416666666666666 
4 0.45651041666666664 0.20494791666666667 0.005729166666666666 0.0109375 
4 0.46171875 0.20703125 0.005729166666666666 0.009895833333333333 
4 0.41640625 0.19401041666666666 0.0067708333333333336 0.009895833333333333 
4 0.41119791666666666 0.19244791666666666 0.005729166666666666 0.008854166666666666 
4 0.40729166666666666 0.19192708333333333 0.007291666666666667 0.009895833333333333 
4 0.3885416666666667 0.18567708333333333 0.00625 0.009895833333333333 
4 0.3846354166666667 0.18463541666666666 0.0046875 0.009895833333333333 
4 0.23541666666666666 0.1734375 0.007291666666666667 0.011458333333333333 
4 0.27057291666666666 0.15546875 0.0078125 0.011979166666666667 
4 0.28020833333333334 0.15833333333333333 0.007291666666666667 0.0125 
4 0.2859375 0.159375 0.008333333333333333 0.011458333333333333 
4 0.29635416666666664 0.16223958333333333 0.008333333333333333 0.011979166666666667 
4 0.07526041666666666 0.19921875 0.013020833333333334 0.009895833333333333 
4 0.05677083333333333 0.18697916666666667 0.010416666666666666 0.005208333333333333 
4 0.04479166666666667 0.1609375 0.005208333333333333 0.010416666666666666 
6 0.6841145833333333 0.3489583333333333 0.0109375 0.007291666666666667 
6 0.8583333333333333 0.7088541666666667 0.019791666666666666 0.015625 
6 0.8533854166666667 0.7010416666666667 0.022395833333333334 0.016666666666666666 
6 0.8494791666666667 0.6924479166666667 0.020833333333333332 0.015104166666666667 
6 0.8447916666666667 0.684375 0.022916666666666665 0.016666666666666666 
6 0.6169270833333333 0.8377604166666667 0.016145833333333335 0.0140625 
6 0.6791666666666667 0.69609375 0.019791666666666666 0.015104166666666667 
6 0.66328125 0.6927083333333334 0.034895833333333334 0.023958333333333335 
6 0.29348958333333336 0.7453125 0.028645833333333332 0.014583333333333334 
6 0.3854166666666667 0.3125 0.010416666666666666 0.00625 
6 0.35989583333333336 0.30833333333333335 0.013541666666666667 0.00625 
6 0.3221354166666667 0.3026041666666667 0.0109375 0.007291666666666667 
6 0.20911458333333333 0.2640625 0.0234375 0.015625 
6 0.7942708333333334 0.70625 0.023958333333333335 0.017708333333333333 
6 0.7893229166666667 0.69765625 0.0234375 0.018229166666666668 
6 0.7841145833333333 0.6877604166666667 0.0234375 0.018229166666666668 
6 0.7791666666666667 0.6794270833333333 0.023958333333333335 0.018229166666666668 
6 0.7731770833333333 0.6705729166666666 0.0234375 0.018229166666666668 
6 0.76953125 0.6609375 0.022395833333333334 0.016666666666666666 
6 0.7643229166666666 0.6520833333333333 0.022395833333333334 0.016666666666666666 
6 0.76015625 0.6419270833333334 0.0234375 0.015104166666666667 
6 0.73515625 0.6536458333333334 0.027604166666666666 0.020833333333333332 
6 0.7377604166666667 0.6653645833333334 0.025520833333333333 0.018229166666666668 
6 0.7424479166666667 0.675 0.025520833333333333 0.01875 
6 0.7473958333333334 0.68359375 0.027083333333333334 0.018229166666666668 
6 0.7518229166666667 0.6932291666666667 0.025520833333333333 0.019791666666666666 
6 0.7572916666666667 0.7018229166666666 0.027083333333333334 0.019270833333333334 
6 0.76171875 0.7111979166666667 0.024479166666666666 0.018229166666666668 
6 0.9119791666666667 0.7544270833333333 0.009375 0.011979166666666667 
6 0.6997395833333333 0.353125 0.0067708333333333336 0.009375 
4 0.026822916666666665 0.17760416666666667 0.0109375 0.00625 
6 0.6533854166666667 0.43411458333333336 0.009895833333333333 0.011979166666666667 
6 0.6669270833333333 0.359375 0.0067708333333333336 0.013541666666666667 
6 0.6736979166666667 0.3697916666666667 0.005729166666666666 0.010416666666666666 
6 0.6596354166666667 0.3658854166666667 0.0067708333333333336 0.009895833333333333 
6 0.75703125 0.41171875 0.0078125 0.013020833333333334 
6 0.6833333333333333 0.4078125 0.007291666666666667 0.010416666666666666 
6 0.6736979166666667 0.40078125 0.009895833333333333 0.011979166666666667 
6 0.66015625 0.3927083333333333 0.0109375 0.013541666666666667 
6 0.6513020833333333 0.38567708333333334 0.0109375 0.011979166666666667 
6 0.6450520833333333 0.3841145833333333 0.008854166666666666 0.0078125 
6 0.6252604166666667 0.37734375 0.0078125 0.009895833333333333 
6 0.6221354166666667 0.37526041666666665 0.008854166666666666 0.008854166666666666 
6 0.6197916666666666 0.3734375 0.007291666666666667 0.010416666666666666 
6 0.6161458333333333 0.37135416666666665 0.008333333333333333 0.010416666666666666 
6 0.603125 0.36354166666666665 0.007291666666666667 0.009375 
6 0.60078125 0.3611979166666667 0.008854166666666666 0.009895833333333333 
6 0.5971354166666667 0.35833333333333334 0.008854166666666666 0.010416666666666666 
6 0.81796875 0.42604166666666665 0.005729166666666666 0.010416666666666666 
6 0.81171875 0.4244791666666667 0.0046875 0.009375 
6 0.8080729166666667 0.42421875 0.0046875 0.008854166666666666 
6 0.8046875 0.4231770833333333 0.004166666666666667 0.009895833333333333 
6 0.8005208333333333 0.4236979166666667 0.00625 0.0109375 
6 0.8317708333333333 0.4510416666666667 0.009375 0.005208333333333333 
6 0.8622395833333333 0.4505208333333333 0.0078125 0.009375 
6 0.7973958333333333 0.478125 0.008333333333333333 0.008333333333333333 
6 0.7177083333333333 0.4010416666666667 0.008333333333333333 0.014583333333333334 
6 0.7114583333333333 0.3997395833333333 0.009375 0.015104166666666667 
6 0.7018229166666666 0.3963541666666667 0.009895833333333333 0.014583333333333334 
4 0.47682291666666665 0.2833333333333333 0.0067708333333333336 0.011458333333333333 
4 0.5005208333333333 0.2908854166666667 0.008333333333333333 0.011979166666666667 
5 0.99375 0.21119791666666668 0.025 0.013020833333333334 
4 0.5666666666666667 0.4401041666666667 0.011458333333333333 0.011458333333333333 
4 0.5856770833333333 0.48359375 0.008854166666666666 0.011979166666666667 
4 0.5778645833333333 0.48046875 0.008854166666666666 0.011979166666666667 
4 0.5552083333333333 0.4674479166666667 0.011458333333333333 0.013020833333333334 
4 0.5911458333333334 0.45729166666666665 0.010416666666666666 0.0125 
4 0.6044270833333333 0.4515625 0.008854166666666666 0.009375 
4 0.5981770833333333 0.44869791666666664 0.009895833333333333 0.009895833333333333 
4 0.5934895833333333 0.44479166666666664 0.009895833333333333 0.011458333333333333 
4 0.48411458333333335 0.45989583333333334 0.0140625 0.005208333333333333 
4 0.48489583333333336 0.4395833333333333 0.014583333333333334 0.004166666666666667 
4 0.48411458333333335 0.43385416666666665 0.0140625 0.005208333333333333 
4 0.48541666666666666 0.42682291666666666 0.013541666666666667 0.005729166666666666 
4 0.4861979166666667 0.4203125 0.011979166666666667 0.005208333333333333 
4 0.4856770833333333 0.4046875 0.013020833333333334 0.005208333333333333 
4 0.553125 0.43125 0.010416666666666666 0.011458333333333333 
4 0.41119791666666666 0.29192708333333334 0.008854166666666666 0.0109375 
4 0.5625 0.4276041666666667 0.010416666666666666 0.011458333333333333 
4 0.5552083333333333 0.42083333333333334 0.010416666666666666 0.010416666666666666 
4 0.6377604166666667 0.4427083333333333 0.009895833333333333 0.011458333333333333 
4 0.62734375 0.43333333333333335 0.008854166666666666 0.010416666666666666 
4 0.6479166666666667 0.40078125 0.010416666666666666 0.0109375 
4 0.6375 0.39427083333333335 0.010416666666666666 0.010416666666666666 
4 0.6315104166666666 0.39296875 0.0109375 0.013020833333333334 
4 0.62578125 0.390625 0.009895833333333333 0.011458333333333333 
4 0.6091145833333333 0.3802083333333333 0.009895833333333333 0.010416666666666666 
4 0.6002604166666666 0.375 0.011979166666666667 0.010416666666666666 
4 0.59296875 0.3690104166666667 0.009895833333333333 0.0109375 
4 0.5890625 0.365625 0.009375 0.010416666666666666 
4 0.5994791666666667 0.4171875 0.009375 0.011458333333333333 
4 0.5625 0.48854166666666665 0.005208333333333333 0.011458333333333333 
4 0.5567708333333333 0.48671875 0.005208333333333333 0.011979166666666667 
4 0.82734375 0.246875 0.0140625 0.009375 
4 0.8026041666666667 0.2716145833333333 0.013541666666666667 0.0078125 
5 0.94375 0.18932291666666667 0.013541666666666667 0.0234375 
4 0.9591145833333333 0.18489583333333334 0.008854166666666666 0.013541666666666667 
4 0.9986979166666666 0.43385416666666665 0.0109375 0.007291666666666667 
4 0.9973958333333334 0.44375 0.0125 0.008333333333333333 
4 0.9721354166666667 0.44192708333333336 0.011979166666666667 0.008854166666666666 
4 0.9627604166666667 0.440625 0.0078125 0.0125 
4 0.9536458333333333 0.44166666666666665 0.007291666666666667 0.011458333333333333 
4 0.9442708333333333 0.43645833333333334 0.007291666666666667 0.011458333333333333 
4 0.9018229166666667 0.42552083333333335 0.0078125 0.011458333333333333 
4 0.98046875 0.40911458333333334 0.0109375 0.0078125 
4 0.9817708333333334 0.4036458333333333 0.010416666666666666 0.007291666666666667 
4 0.9888020833333333 0.3770833333333333 0.0109375 0.008333333333333333 
4 0.9934895833333334 0.36770833333333336 0.009895833333333333 0.00625 
4 0.9958333333333333 0.35833333333333334 0.0125 0.007291666666666667 
4 0.9807291666666667 0.32005208333333335 0.011458333333333333 0.008854166666666666 
4 0.85078125 0.30703125 0.0078125 0.0109375 
4 0.5614583333333333 0.39088541666666665 0.009375 0.0109375 
4 0.5721354166666667 0.38333333333333336 0.009895833333333333 0.0125 
4 0.55078125 0.36770833333333336 0.009895833333333333 0.0125 
4 0.6643229166666667 0.26223958333333336 0.005729166666666666 0.009895833333333333 
4 0.6419270833333334 0.25625 0.008854166666666666 0.0125 
4 0.6309895833333333 0.25364583333333335 0.0078125 0.0125 
4 0.6205729166666667 0.2518229166666667 0.0078125 0.0140625 
4 0.6111979166666667 0.24817708333333333 0.0078125 0.011979166666666667 
4 0.60625 0.24661458333333333 0.007291666666666667 0.0109375 
4 0.5950520833333334 0.24401041666666667 0.0067708333333333336 0.011979166666666667 
4 0.6690104166666667 0.23463541666666668 0.011979166666666667 0.0078125 
4 0.5854166666666667 0.240625 0.008333333333333333 0.010416666666666666 
4 0.5739583333333333 0.23776041666666667 0.008333333333333333 0.011979166666666667 
4 0.5692708333333333 0.23671875 0.005208333333333333 0.0109375 
4 0.5635416666666667 0.23515625 0.007291666666666667 0.011979166666666667 
4 0.5575520833333333 0.23125 0.0067708333333333336 0.010416666666666666 
4 0.5059895833333333 0.27734375 0.009895833333333333 0.0067708333333333336 
4 0.509375 0.26927083333333335 0.010416666666666666 0.007291666666666667 
4 0.5140625 0.2552083333333333 0.011458333333333333 0.007291666666666667 
4 0.4895833333333333 0.24895833333333334 0.0125 0.007291666666666667 
4 0.49140625 0.23932291666666666 0.0109375 0.0078125 
4 0.4859375 0.36328125 0.013541666666666667 0.005729166666666666 
4 0.4875 0.35260416666666666 0.013541666666666667 0.005208333333333333 
4 0.48802083333333335 0.34791666666666665 0.0125 0.00625 
4 0.47734375 0.31015625 0.0067708333333333336 0.0109375 
4 0.46041666666666664 0.30625 0.008333333333333333 0.011458333333333333 
4 0.44817708333333334 0.3028645833333333 0.0067708333333333336 0.011979166666666667 
4 0.44140625 0.30052083333333335 0.0078125 0.009375 
4 0.43671875 0.2994791666666667 0.0078125 0.010416666666666666 
4 0.4283854166666667 0.29583333333333334 0.0078125 0.010416666666666666 
4 0.42291666666666666 0.2942708333333333 0.005208333333333333 0.010416666666666666 
4 0.6578125 0.2604166666666667 0.008333333333333333 0.010416666666666666 
4 0.5721354166666667 0.2609375 0.0067708333333333336 0.010416666666666666 
4 0.5588541666666667 0.37421875 0.010416666666666666 0.013020833333333334 
4 0.55234375 0.26875 0.005729166666666666 0.010416666666666666 
4 0.5729166666666666 0.36171875 0.011458333333333333 0.0109375 
4 0.5802083333333333 0.3611979166666667 0.009375 0.0109375 
4 0.5442708333333334 0.33697916666666666 0.011458333333333333 0.007291666666666667 
4 0.5440104166666667 0.3296875 0.011979166666666667 0.008333333333333333 
4 0.6052083333333333 0.30963541666666666 0.008333333333333333 0.013020833333333334 
4 0.6114583333333333 0.31015625 0.008333333333333333 0.011979166666666667 
4 0.6450520833333333 0.32005208333333335 0.0067708333333333336 0.011979166666666667 
4 0.6359375 0.31692708333333336 0.00625 0.013020833333333334 
4 0.6260416666666667 0.3143229166666667 0.007291666666666667 0.011979166666666667 
4 0.615625 0.31276041666666665 0.007291666666666667 0.011979166666666667 
4 0.60078125 0.3078125 0.0067708333333333336 0.011458333333333333 
4 0.5908854166666667 0.30520833333333336 0.0067708333333333336 0.0125 
4 0.5809895833333333 0.3026041666666667 0.0067708333333333336 0.010416666666666666 
4 0.5752604166666667 0.30130208333333336 0.005729166666666666 0.011979166666666667 
4 0.5716145833333334 0.2994791666666667 0.005729166666666666 0.011458333333333333 
4 0.5666666666666667 0.2989583333333333 0.007291666666666667 0.011458333333333333 
4 0.56015625 0.29661458333333335 0.0078125 0.0140625 
4 0.6486979166666667 0.2953125 0.008854166666666666 0.011458333333333333 
4 0.6755208333333333 0.31354166666666666 0.0125 0.008333333333333333 
4 0.5950520833333334 0.28177083333333336 0.0078125 0.010416666666666666 
4 0.6255208333333333 0.2903645833333333 0.008333333333333333 0.013020833333333334 
4 0.6328125 0.27760416666666665 0.007291666666666667 0.010416666666666666 
4 0.6049479166666667 0.2833333333333333 0.0078125 0.010416666666666666 
4 0.58671875 0.2786458333333333 0.0078125 0.010416666666666666 
4 0.5778645833333333 0.2760416666666667 0.0067708333333333336 0.010416666666666666 
4 0.56953125 0.27317708333333335 0.0067708333333333336 0.0109375 
4 0.5604166666666667 0.2708333333333333 0.007291666666666667 0.010416666666666666 
12 0.13776041666666666 0.30911458333333336 0.0390625 0.13385416666666666 
