4 0.9375 0.26015625 0.009375 0.011979166666666667 
6 0.8794270833333333 0.43723958333333335 0.0140625 0.0109375 
6 0.7473958333333334 0.4265625 0.01875 0.014583333333333334 
6 0.7518229166666667 0.43463541666666666 0.0171875 0.013020833333333334 
6 0.7559895833333333 0.44244791666666666 0.013020833333333334 0.009895833333333333 
6 0.7591145833333334 0.45078125 0.0140625 0.011979166666666667 
6 0.7640625 0.4578125 0.016666666666666666 0.011458333333333333 
6 0.7666666666666667 0.4661458333333333 0.015625 0.011458333333333333 
6 0.7705729166666667 0.47369791666666666 0.0140625 0.0109375 
6 0.7747395833333334 0.48151041666666666 0.0140625 0.0109375 
6 0.7549479166666667 0.49140625 0.018229166666666668 0.0140625 
6 0.759375 0.49947916666666664 0.016666666666666666 0.0125 
6 0.7611979166666667 0.5075520833333333 0.018229166666666668 0.0140625 
6 0.7848958333333333 0.4947916666666667 0.01875 0.013541666666666667 
6 0.8830729166666667 0.44427083333333334 0.0140625 0.0125 
6 0.8744791666666667 0.42994791666666665 0.014583333333333334 0.0109375 
6 0.8403645833333333 0.41067708333333336 0.0140625 0.009895833333333333 
6 0.8692708333333333 0.4231770833333333 0.014583333333333334 0.011979166666666667 
6 0.8645833333333334 0.4161458333333333 0.014583333333333334 0.011458333333333333 
6 0.8598958333333333 0.409375 0.013541666666666667 0.010416666666666666 
6 0.8567708333333334 0.40182291666666664 0.0125 0.009895833333333333 
6 0.8528645833333334 0.39505208333333336 0.013020833333333334 0.009895833333333333 
6 0.8489583333333334 0.38697916666666665 0.013541666666666667 0.010416666666666666 
6 0.8455729166666667 0.3802083333333333 0.015104166666666667 0.011458333333333333 
6 0.84140625 0.3723958333333333 0.0140625 0.011458333333333333 
6 0.8375 0.365625 0.013541666666666667 0.011458333333333333 
6 0.8598958333333333 0.4479166666666667 0.014583333333333334 0.011458333333333333 
6 0.8565104166666667 0.43984375 0.0140625 0.009895833333333333 
6 0.85234375 0.43255208333333334 0.0140625 0.009895833333333333 
6 0.8484375 0.42552083333333335 0.013541666666666667 0.010416666666666666 
6 0.7421875 0.41953125 0.016666666666666666 0.013020833333333334 
6 0.73984375 0.41119791666666666 0.018229166666666668 0.0140625 
6 0.73515625 0.4041666666666667 0.016145833333333335 0.0125 
6 0.7205729166666667 0.39817708333333335 0.033854166666666664 0.025520833333333333 
6 0.6604166666666667 0.4434895833333333 0.01875 0.0140625 
6 0.6661458333333333 0.4276041666666667 0.029166666666666667 0.020833333333333332 
6 0.68203125 0.43203125 0.019270833333333334 0.0140625 
6 0.68515625 0.44140625 0.016145833333333335 0.013020833333333334 
6 0.6901041666666666 0.44869791666666664 0.017708333333333333 0.0140625 
6 0.69453125 0.45807291666666666 0.0171875 0.013020833333333334 
6 0.6989583333333333 0.4661458333333333 0.01875 0.014583333333333334 
6 0.7036458333333333 0.4744791666666667 0.017708333333333333 0.013541666666666667 
6 0.7075520833333333 0.4830729166666667 0.0171875 0.013020833333333334 
6 0.7119791666666667 0.4908854166666667 0.01875 0.015104166666666667 
6 0.7158854166666667 0.49921875 0.018229166666666668 0.0140625 
6 0.69921875 0.51875 0.019270833333333334 0.014583333333333334 
6 0.7033854166666667 0.5276041666666667 0.018229166666666668 0.013541666666666667 
6 0.7067708333333333 0.5361979166666667 0.019791666666666666 0.015104166666666667 
6 0.7203125 0.5075520833333333 0.017708333333333333 0.0140625 
6 0.7247395833333333 0.5151041666666667 0.016145833333333335 0.0125 
6 0.7286458333333333 0.5236979166666667 0.016666666666666666 0.013020833333333334 
6 0.7515625 0.48385416666666664 0.017708333333333333 0.0125 
6 0.7473958333333334 0.47604166666666664 0.017708333333333333 0.013541666666666667 
6 0.74453125 0.46822916666666664 0.016145833333333335 0.0125 
6 0.7395833333333334 0.45989583333333334 0.01875 0.013541666666666667 
6 0.7359375 0.45260416666666664 0.016666666666666666 0.0125 
6 0.7325520833333333 0.44479166666666664 0.0171875 0.0125 
6 0.7283854166666667 0.43723958333333335 0.016145833333333335 0.011979166666666667 
6 0.7234375 0.43046875 0.017708333333333333 0.013020833333333334 
6 0.7192708333333333 0.421875 0.01875 0.014583333333333334 
6 0.7151041666666667 0.4140625 0.014583333333333334 0.011458333333333333 
6 0.8440104166666667 0.41848958333333336 0.016145833333333335 0.011979166666666667 
6 0.8361979166666667 0.4036458333333333 0.0140625 0.010416666666666666 
4 0.7244791666666667 0.018489583333333334 0.007291666666666667 0.0109375 
6 0.27708333333333335 0.6760416666666667 0.019791666666666666 0.014583333333333334 
6 0.36484375 0.6341145833333334 0.016145833333333335 0.011979166666666667 
6 0.33671875 0.634375 0.021354166666666667 0.015625 
6 0.3307291666666667 0.6028645833333334 0.034375 0.025520833333333333 
6 0.3171875 0.6973958333333333 0.01875 0.014583333333333334 
6 0.3221354166666667 0.70546875 0.019270833333333334 0.0140625 
6 0.32708333333333334 0.7135416666666666 0.020833333333333332 0.015625 
6 0.33541666666666664 0.7296875 0.01875 0.014583333333333334 
6 0.30703125 0.734375 0.0203125 0.015625 
6 0.2984375 0.7174479166666666 0.019791666666666666 0.0140625 
6 0.29296875 0.7096354166666666 0.019270833333333334 0.0140625 
6 0.28984375 0.7005208333333334 0.019270833333333334 0.013541666666666667 
6 0.28515625 0.6924479166666667 0.0234375 0.016145833333333335 
6 0.28203125 0.68359375 0.0203125 0.015104166666666667 
6 0.271875 0.66796875 0.021875 0.016145833333333335 
6 0.8328125 0.3963541666666667 0.014583333333333334 0.011458333333333333 
6 0.31328125 0.6885416666666667 0.019270833333333334 0.014583333333333334 
6 0.3078125 0.6807291666666667 0.019791666666666666 0.014583333333333334 
6 0.30546875 0.671875 0.021354166666666667 0.014583333333333334 
6 0.2994791666666667 0.6645833333333333 0.019791666666666666 0.014583333333333334 
6 0.2950520833333333 0.6557291666666667 0.019270833333333334 0.014583333333333334 
6 0.2921875 0.6471354166666666 0.020833333333333332 0.015104166666666667 
6 0.28671875 0.6385416666666667 0.0203125 0.014583333333333334 
6 0.26953125 0.6591145833333333 0.0171875 0.013020833333333334 
6 0.26458333333333334 0.6502604166666667 0.021875 0.0171875 
6 0.26927083333333335 0.6346354166666667 0.034375 0.024479166666666666 
6 0.19140625 0.8377604166666667 0.030729166666666665 0.009895833333333333 
6 0.19192708333333333 0.8265625 0.028645833333333332 0.010416666666666666 
6 0.190625 0.8153645833333333 0.026041666666666668 0.009895833333333333 
6 0.821875 0.375 0.013541666666666667 0.010416666666666666 
6 0.7690104166666667 0.3734375 0.0296875 0.021875 
6 0.7684895833333333 0.38567708333333334 0.0171875 0.013020833333333334 
6 0.7864583333333334 0.37578125 0.011458333333333333 0.008854166666666666 
6 0.82890625 0.3890625 0.0140625 0.010416666666666666 
6 0.825 0.38255208333333335 0.013541666666666667 0.0109375 
6 0.7734375 0.3919270833333333 0.016666666666666666 0.011979166666666667 
6 0.7768229166666667 0.3997395833333333 0.0171875 0.013020833333333334 
6 0.7802083333333333 0.40651041666666665 0.01875 0.013020833333333334 
6 0.7841145833333333 0.4140625 0.016145833333333335 0.0125 
6 0.7893229166666667 0.4205729166666667 0.016145833333333335 0.011979166666666667 
6 0.7932291666666667 0.42734375 0.015625 0.011979166666666667 
6 0.79609375 0.4354166666666667 0.0171875 0.0125 
6 0.8 0.4427083333333333 0.017708333333333333 0.014583333333333334 
6 0.803125 0.44973958333333336 0.016666666666666666 0.011979166666666667 
6 0.8067708333333333 0.45703125 0.017708333333333333 0.013020833333333334 
6 0.8111979166666666 0.4640625 0.018229166666666668 0.013541666666666667 
6 0.8145833333333333 0.471875 0.016666666666666666 0.0125 
6 0.81875 0.4786458333333333 0.017708333333333333 0.0125 
6 0.8385416666666666 0.46796875 0.013541666666666667 0.009895833333333333 
6 0.8354166666666667 0.4609375 0.013541666666666667 0.010416666666666666 
6 0.83125 0.45390625 0.015625 0.011979166666666667 
6 0.82578125 0.4471354166666667 0.013020833333333334 0.0109375 
6 0.8177083333333334 0.43255208333333334 0.013541666666666667 0.0109375 
6 0.8145833333333333 0.42578125 0.014583333333333334 0.0109375 
6 0.8109375 0.41796875 0.014583333333333334 0.0109375 
6 0.8059895833333334 0.41119791666666666 0.0140625 0.0109375 
6 0.8026041666666667 0.4041666666666667 0.014583333333333334 0.011458333333333333 
6 0.7986979166666667 0.3971354166666667 0.0140625 0.0109375 
6 0.79609375 0.3890625 0.015104166666666667 0.011458333333333333 
6 0.7911458333333333 0.3828125 0.013541666666666667 0.010416666666666666 
6 0.6640625 0.45208333333333334 0.020833333333333332 0.015625 
6 0.6677083333333333 0.46145833333333336 0.019791666666666666 0.014583333333333334 
6 0.6731770833333334 0.46875 0.019270833333333334 0.014583333333333334 
6 0.4359375 0.4119791666666667 0.022916666666666665 0.03229166666666667 
6 0.6182291666666667 0.33671875 0.026041666666666668 0.018229166666666668 
6 0.56796875 0.34010416666666665 0.022395833333333334 0.030208333333333334 
6 0.5572916666666666 0.3458333333333333 0.017708333333333333 0.025 
6 0.5372395833333333 0.35703125 0.0203125 0.028645833333333332 
6 0.5276041666666667 0.36302083333333335 0.017708333333333333 0.026041666666666668 
6 0.5158854166666667 0.3653645833333333 0.0171875 0.024479166666666666 
6 0.5072916666666667 0.3723958333333333 0.019791666666666666 0.027083333333333334 
6 0.49661458333333336 0.3768229166666667 0.021354166666666667 0.028645833333333332 
6 0.48515625 0.38255208333333335 0.022395833333333334 0.028645833333333332 
6 0.4747395833333333 0.3888020833333333 0.021354166666666667 0.027604166666666666 
6 0.46640625 0.39296875 0.016145833333333335 0.0203125 
6 0.45729166666666665 0.39921875 0.019791666666666666 0.030729166666666665 
6 0.44765625 0.4044270833333333 0.022395833333333334 0.030729166666666665 
6 0.42526041666666664 0.41744791666666664 0.0203125 0.028645833333333332 
6 0.6778645833333333 0.4765625 0.0203125 0.014583333333333334 
6 0.41432291666666665 0.42135416666666664 0.022395833333333334 0.03125 
6 0.40260416666666665 0.4278645833333333 0.020833333333333332 0.0296875 
6 0.39166666666666666 0.43385416666666665 0.022916666666666665 0.03125 
6 0.3796875 0.44114583333333335 0.026041666666666668 0.035416666666666666 
6 0.36822916666666666 0.44609375 0.021875 0.030729166666666665 
6 0.3580729166666667 0.4505208333333333 0.019270833333333334 0.028125 
6 0.34817708333333336 0.45625 0.0203125 0.029166666666666667 
6 0.33697916666666666 0.4627604166666667 0.023958333333333335 0.0328125 
6 0.3260416666666667 0.46640625 0.020833333333333332 0.028645833333333332 
6 0.31692708333333336 0.4752604166666667 0.019270833333333334 0.0265625 
6 0.30572916666666666 0.48046875 0.025 0.033854166666666664 
6 0.29296875 0.48541666666666666 0.024479166666666666 0.03333333333333333 
6 0.28125 0.48984375 0.025 0.030729166666666665 
6 0.5325520833333334 0.3125 0.011979166666666667 0.016666666666666666 
6 0.5372395833333333 0.30963541666666666 0.0109375 0.016145833333333335 
6 0.5427083333333333 0.30625 0.011458333333333333 0.015625 
6 0.49765625 0.2921875 0.015104166666666667 0.0125 
6 0.5833333333333334 0.5768229166666666 0.023958333333333335 0.0171875 
6 0.5888020833333333 0.5859375 0.0234375 0.015625 
6 0.5916666666666667 0.5963541666666666 0.01875 0.013541666666666667 
6 0.5614583333333333 0.6002604166666666 0.023958333333333335 0.0171875 
6 0.49713541666666666 0.6190104166666667 0.0171875 0.013020833333333334 
6 0.3924479166666667 0.6013020833333333 0.015104166666666667 0.011979166666666667 
6 0.4296875 0.6729166666666667 0.013541666666666667 0.010416666666666666 
6 0.4828125 0.6450520833333333 0.014583333333333334 0.0109375 
6 0.55859375 0.2981770833333333 0.0109375 0.016145833333333335 
6 0.553125 0.30130208333333336 0.011458333333333333 0.016145833333333335 
6 0.5471354166666667 0.30234375 0.011979166666666667 0.016145833333333335 
6 0.5744791666666667 0.27395833333333336 0.009375 0.013541666666666667 
6 0.56953125 0.27291666666666664 0.0078125 0.014583333333333334 
6 0.5653645833333333 0.271875 0.0078125 0.014583333333333334 
6 0.5606770833333333 0.2703125 0.0078125 0.014583333333333334 
6 0.5567708333333333 0.26901041666666664 0.007291666666666667 0.015104166666666667 
6 0.5520833333333334 0.2682291666666667 0.007291666666666667 0.015625 
6 0.5479166666666667 0.2671875 0.007291666666666667 0.015625 
6 0.5171875 0.259375 0.008333333333333333 0.015625 
6 0.5119791666666667 0.25807291666666665 0.008333333333333333 0.015104166666666667 
6 0.5067708333333333 0.25703125 0.008333333333333333 0.015104166666666667 
6 0.5010416666666667 0.2565104166666667 0.009375 0.016145833333333335 
6 0.5125 0.3229166666666667 0.015625 0.0125 
6 0.5091145833333334 0.31796875 0.011979166666666667 0.009895833333333333 
6 0.5065104166666666 0.30755208333333334 0.015104166666666667 0.009895833333333333 
6 0.5046875 0.3026041666666667 0.013541666666666667 0.010416666666666666 
6 0.50078125 0.29765625 0.015104166666666667 0.0109375 
6 0.14088541666666668 0.5846354166666666 0.0296875 0.024479166666666666 
6 0.13463541666666667 0.5747395833333333 0.025520833333333333 0.0203125 
6 0.13697916666666668 0.55859375 0.023958333333333335 0.009895833333333333 
6 0.22083333333333333 0.47578125 0.021875 0.008854166666666666 
6 0.22317708333333333 0.4552083333333333 0.0203125 0.007291666666666667 
6 0.221875 0.44479166666666664 0.019791666666666666 0.007291666666666667 
6 0.22369791666666666 0.43515625 0.015104166666666667 0.0067708333333333336 
6 0.6203125 0.5278645833333333 0.021875 0.016145833333333335 
6 0.6153645833333333 0.5200520833333333 0.024479166666666666 0.0171875 
6 0.6111979166666667 0.51171875 0.0234375 0.0171875 
6 0.6033854166666667 0.49453125 0.022395833333333334 0.0171875 
6 0.5986979166666667 0.4859375 0.0234375 0.016666666666666666 
6 0.5940104166666667 0.478125 0.0234375 0.016666666666666666 
6 0.5890625 0.46770833333333334 0.028125 0.020833333333333332 
6 0.61171875 0.45598958333333334 0.0234375 0.018229166666666668 
6 0.6177083333333333 0.46588541666666666 0.020833333333333332 0.016145833333333335 
6 0.621875 0.47369791666666666 0.021875 0.016145833333333335 
6 0.6270833333333333 0.4817708333333333 0.022916666666666665 0.017708333333333333 
6 0.6315104166666666 0.490625 0.021354166666666667 0.016666666666666666 
6 0.6354166666666666 0.4986979166666667 0.020833333333333332 0.016145833333333335 
6 0.6401041666666667 0.50703125 0.021875 0.016145833333333335 
6 0.64375 0.5158854166666667 0.019791666666666666 0.015104166666666667 
6 0.6479166666666667 0.5247395833333334 0.01875 0.0140625 
6 0.653125 0.5322916666666667 0.020833333333333332 0.015625 
6 0.6572916666666667 0.5403645833333334 0.021875 0.016145833333333335 
6 0.6614583333333334 0.5486979166666667 0.015625 0.013020833333333334 
6 0.6669270833333333 0.55625 0.0171875 0.0125 
6 0.6940104166666666 0.5106770833333333 0.022395833333333334 0.016145833333333335 
6 0.6893229166666667 0.5028645833333333 0.022395833333333334 0.016145833333333335 
6 0.6859375 0.49375 0.020833333333333332 0.014583333333333334 
6 0.6817708333333333 0.48515625 0.019791666666666666 0.015104166666666667 
6 0.22135416666666666 0.465625 0.022916666666666665 0.009375 
6 0.21953125 0.49114583333333334 0.0234375 0.016666666666666666 
6 0.1375 0.54765625 0.022916666666666665 0.008854166666666666 
6 0.22447916666666667 0.50078125 0.028125 0.021354166666666667 
6 0.1359375 0.5359375 0.028125 0.011458333333333333 
6 0.1375 0.5247395833333334 0.026041666666666668 0.0109375 
6 0.13776041666666666 0.5138020833333333 0.025520833333333333 0.009895833333333333 
6 0.1375 0.50078125 0.027083333333333334 0.0109375 
6 0.13854166666666667 0.4890625 0.025 0.009375 
6 0.1390625 0.47708333333333336 0.022916666666666665 0.009375 
6 0.13958333333333334 0.46484375 0.028125 0.009895833333333333 
6 0.13984375 0.45260416666666664 0.0265625 0.011458333333333333 
6 0.1390625 0.43984375 0.027083333333333334 0.0109375 
6 0.17005208333333333 0.44947916666666665 0.019270833333333334 0.008333333333333333 
6 0.17083333333333334 0.4588541666666667 0.019791666666666666 0.007291666666666667 
6 0.1703125 0.46953125 0.019791666666666666 0.0078125 
6 0.16979166666666667 0.4791666666666667 0.022916666666666665 0.008333333333333333 
6 0.16953125 0.48880208333333336 0.024479166666666666 0.008854166666666666 
6 0.16901041666666666 0.4984375 0.021354166666666667 0.008333333333333333 
6 0.16901041666666666 0.5083333333333333 0.0234375 0.008333333333333333 
6 0.16744791666666667 0.5177083333333333 0.024479166666666666 0.008333333333333333 
6 0.16796875 0.52734375 0.0234375 0.0078125 
6 0.16848958333333333 0.5372395833333333 0.024479166666666666 0.008854166666666666 
6 0.16354166666666667 0.5458333333333333 0.015625 0.00625 
6 0.16432291666666668 0.5609375 0.0203125 0.0125 
6 0.16770833333333332 0.5708333333333333 0.027083333333333334 0.01875 
6 0.27109375 0.49635416666666665 0.0234375 0.03229166666666667 
6 0.26119791666666664 0.5041666666666667 0.0265625 0.036458333333333336 
6 0.25390625 0.5083333333333333 0.019270833333333334 0.026041666666666668 
6 0.23932291666666666 0.5385416666666667 0.0359375 0.027083333333333334 
6 0.23046875 0.5263020833333333 0.03802083333333333 0.027604166666666666 
6 0.19453125 0.8036458333333333 0.027604166666666666 0.009375 
6 0.19661458333333334 0.7770833333333333 0.013020833333333334 0.017708333333333333 
6 0.21666666666666667 0.7658854166666667 0.0125 0.016145833333333335 
6 0.09947916666666666 0.1953125 0.016666666666666666 0.00625 
6 0.07473958333333333 0.20598958333333334 0.018229166666666668 0.0067708333333333336 
6 0.07473958333333333 0.215625 0.019270833333333334 0.007291666666666667 
6 0.07369791666666667 0.225 0.0203125 0.008333333333333333 
6 0.07213541666666666 0.234375 0.0171875 0.00625 
6 0.0734375 0.24609375 0.021875 0.0109375 
6 0.06979166666666667 0.25859375 0.022916666666666665 0.008854166666666666 
6 0.09583333333333334 0.2635416666666667 0.021875 0.0125 
6 0.09713541666666667 0.25026041666666665 0.013020833333333334 0.0067708333333333336 
6 0.09713541666666667 0.2421875 0.0140625 0.00625 
6 0.09791666666666667 0.23203125 0.016666666666666666 0.0067708333333333336 
6 0.0984375 0.22317708333333333 0.010416666666666666 0.0046875 
6 0.09895833333333333 0.21328125 0.016666666666666666 0.0067708333333333336 
6 0.09869791666666666 0.20442708333333334 0.018229166666666668 0.0067708333333333336 
6 0.1 0.1859375 0.017708333333333333 0.007291666666666667 
6 0.22916666666666666 0.29375 0.025 0.009375 
6 0.10026041666666667 0.1765625 0.019270833333333334 0.007291666666666667 
6 0.07421875 0.16979166666666667 0.021354166666666667 0.007291666666666667 
6 0.07473958333333333 0.15130208333333334 0.018229166666666668 0.0067708333333333336 
6 0.075 0.14296875 0.0125 0.005729166666666666 
6 -0.008072916666666667 0.13046875 0.0296875 0.0078125 
6 -0.00859375 0.1453125 0.030729166666666665 0.011458333333333333 
6 -0.007552083333333333 0.15859375 0.0265625 0.0109375 
6 -0.009114583333333334 0.17135416666666667 0.027604166666666666 0.010416666666666666 
6 -0.009895833333333333 0.18385416666666668 0.029166666666666667 0.009375 
6 -0.009114583333333334 0.19791666666666666 0.028645833333333332 0.010416666666666666 
6 -0.011197916666666667 0.21041666666666667 0.030729166666666665 0.010416666666666666 
6 -0.0109375 0.22421875 0.03125 0.011979166666666667 
6 0.0026041666666666665 0.24322916666666666 0.040625 0.016666666666666666 
6 0.07526041666666666 0.19739583333333333 0.0171875 0.00625 
6 0.075 0.18802083333333333 0.01875 0.008333333333333333 
6 0.07578125 0.17864583333333334 0.019270833333333334 0.008333333333333333 
6 0.13854166666666667 0.16744791666666667 0.01875 0.0067708333333333336 
6 0.23072916666666668 0.2721354166666667 0.026041666666666668 0.009895833333333333 
6 0.23072916666666668 0.26119791666666664 0.026041666666666668 0.009895833333333333 
6 0.23125 0.25078125 0.025 0.0078125 
6 0.23229166666666667 0.2390625 0.022916666666666665 0.009375 
6 0.23125 0.22760416666666666 0.025 0.009375 
6 0.23072916666666668 0.21614583333333334 0.026041666666666668 0.010416666666666666 
6 0.23151041666666666 0.2046875 0.024479166666666666 0.009375 
6 0.22916666666666666 0.19296875 0.020833333333333332 0.008854166666666666 
6 0.22942708333333334 0.1828125 0.019270833333333334 0.008333333333333333 
6 0.13828125 0.215625 0.0171875 0.007291666666666667 
6 0.1375 0.22421875 0.014583333333333334 0.0067708333333333336 
6 0.1375 0.23203125 0.016666666666666666 0.0078125 
6 0.13776041666666666 0.24088541666666666 0.0171875 0.0078125 
6 0.13802083333333334 0.24817708333333333 0.014583333333333334 0.005729166666666666 
6 0.13723958333333333 0.25703125 0.015104166666666667 0.005729166666666666 
6 0.16458333333333333 0.26927083333333335 0.03125 0.011458333333333333 
6 0.165625 0.25833333333333336 0.027083333333333334 0.007291666666666667 
6 0.16692708333333334 0.2484375 0.024479166666666666 0.010416666666666666 
6 0.16484375 0.2375 0.024479166666666666 0.008333333333333333 
6 0.16484375 0.22682291666666668 0.025520833333333333 0.008854166666666666 
6 0.1640625 0.21588541666666666 0.022916666666666665 0.008854166666666666 
6 0.16614583333333333 0.20625 0.019791666666666666 0.008333333333333333 
6 0.165625 0.1953125 0.021875 0.007291666666666667 
6 0.13854166666666667 0.1921875 0.0125 0.00625 
6 0.13932291666666666 0.184375 0.015104166666666667 0.00625 
6 0.16744791666666667 0.18411458333333333 0.0203125 0.0078125 
6 0.16666666666666666 0.17447916666666666 0.021875 0.008333333333333333 
6 0.02109375 0.23020833333333332 0.021354166666666667 0.008333333333333333 
6 0.02109375 0.22161458333333334 0.022395833333333334 0.008854166666666666 
6 0.022395833333333334 0.21145833333333333 0.022916666666666665 0.008333333333333333 
12 0.3640625 0.6588541666666666 0.09270833333333334 0.12604166666666666 
12 0.47421875 0.60078125 0.08802083333333334 0.12135416666666667 
12 0.5565104166666667 0.55859375 0.10052083333333334 0.1296875 
12 0.6294270833333333 0.51953125 0.09635416666666667 0.12760416666666666 
12 0.6942708333333333 0.4869791666666667 0.08958333333333333 0.125 
12 0.7505208333333333 0.45729166666666665 0.0875 0.12395833333333334 
12 0.8036458333333333 0.42864583333333334 0.08645833333333333 0.12395833333333334 
12 0.8515625 0.40989583333333335 0.07604166666666666 0.10208333333333333 
7 0.4544270833333333 0.32421875 0.025520833333333333 0.0328125 
7 0.48046875 0.32395833333333335 0.025520833333333333 0.03229166666666667 
7 0.43385416666666665 0.3489583333333333 0.025 0.03229166666666667 
7 0.4161458333333333 0.3580729166666667 0.025 0.0328125 
13 0.3924479166666667 0.3697916666666667 0.027604166666666666 0.03333333333333333 
12 0.42552083333333335 0.41380208333333335 0.36354166666666665 0.21302083333333333 
12 0.22708333333333333 0.5130208333333334 0.06145833333333333 0.06354166666666666 
12 0.22552083333333334 0.45208333333333334 0.026041666666666668 0.06145833333333333 
12 0.008333333333333333 0.45677083333333335 0.15 0.09583333333333334 
12 0.038802083333333334 0.5559895833333334 0.0984375 0.0859375 
12 0.05911458333333333 0.6106770833333334 0.05260416666666667 0.0453125 
12 0.15260416666666668 0.5122395833333333 0.059375 0.16510416666666666 
12 0.05364583333333333 0.34869791666666666 0.06354166666666666 0.1171875 
12 0.15104166666666666 0.36354166666666665 0.06458333333333334 0.11145833333333334 
12 0.22916666666666666 0.36484375 0.030208333333333334 0.11197916666666667 
12 0.23307291666666666 0.24348958333333334 0.0328125 0.1171875 
12 0.15286458333333333 0.20963541666666666 0.049479166666666664 0.11302083333333333 
12 0.0859375 0.20260416666666667 0.04375 0.11875 
12 0.004427083333333333 0.18229166666666666 0.05572916666666667 0.125 
12 0.4192708333333333 0.6302083333333334 0.08854166666666667 0.12291666666666666 
12 0.3 0.6919270833333333 0.09270833333333334 0.1265625 
6 0.021614583333333333 0.20104166666666667 0.018229166666666668 0.007291666666666667 
12 0.21640625 0.73359375 0.13177083333333334 0.14427083333333332 
6 0.021354166666666667 0.19036458333333334 0.01875 0.008854166666666666 
6 0.021354166666666667 0.18125 0.019791666666666666 0.008333333333333333 
6 0.02265625 0.17213541666666668 0.0203125 0.0067708333333333336 
6 0.022916666666666665 0.1625 0.020833333333333332 0.00625 
6 0.0234375 0.153125 0.019791666666666666 0.007291666666666667 
6 0.025260416666666667 0.1265625 0.0140625 0.005208333333333333 
6 0.0234375 0.13489583333333333 0.017708333333333333 0.007291666666666667 
6 0.024479166666666666 0.14453125 0.020833333333333332 0.0067708333333333336 
6 0.22942708333333334 0.2830729166666667 0.024479166666666666 0.009895833333333333 
6 0.23020833333333332 0.31614583333333335 0.020833333333333332 0.009375 
6 0.23020833333333332 0.7591145833333334 0.0125 0.016145833333333335 
6 0.03177083333333333 0.52421875 0.04375 0.011979166666666667 
6 -0.008333333333333333 0.4231770833333333 0.05625 0.016145833333333335 
6 0.0140625 0.44140625 0.04479166666666667 0.0140625 
6 0.017447916666666667 0.46015625 0.04010416666666667 0.015104166666666667 
6 0.008072916666666667 0.47604166666666664 0.05260416666666667 0.013541666666666667 
6 0.014583333333333334 0.49296875 0.04583333333333333 0.0140625 
6 0.02890625 0.53828125 0.0390625 0.013020833333333334 
6 0.22708333333333333 0.32578125 0.025 0.009895833333333333 
6 0.03177083333333333 0.5528645833333333 0.041666666666666664 0.013020833333333334 
6 0.03671875 0.5661458333333333 0.03177083333333333 0.010416666666666666 
6 0.0375 0.578125 0.027083333333333334 0.009375 
6 0.037760416666666664 0.58984375 0.027604166666666666 0.008854166666666666 
6 0.04375 0.6057291666666667 0.013541666666666667 0.010416666666666666 
6 0.04765625 0.6114583333333333 0.018229166666666668 0.013541666666666667 
6 0.062239583333333334 0.6265625 0.028645833333333332 0.021875 
6 0.04921875 0.6208333333333333 0.022395833333333334 0.016666666666666666 
6 0.07135416666666666 0.5841145833333333 0.026041666666666668 0.0109375 
6 0.07161458333333333 0.5713541666666667 0.025520833333333333 0.009375 
6 0.07239583333333334 0.5591145833333333 0.027083333333333334 0.009895833333333333 
6 0.07291666666666667 0.546875 0.025 0.009375 
6 0.07369791666666667 0.5356770833333333 0.0234375 0.009895833333333333 
6 0.26223958333333336 0.7479166666666667 0.0171875 0.014583333333333334 
6 0.25625 0.7393229166666667 0.019791666666666666 0.015104166666666667 
6 0.2526041666666667 0.7315104166666667 0.019791666666666666 0.015104166666666667 
6 0.24765625 0.7231770833333333 0.019270833333333334 0.015104166666666667 
6 0.24427083333333333 0.71484375 0.01875 0.0140625 
6 0.23958333333333334 0.7059895833333333 0.01875 0.015104166666666667 
6 0.23333333333333334 0.6984375 0.01875 0.014583333333333334 
6 0.23125 0.68984375 0.019791666666666666 0.015104166666666667 
6 0.22682291666666668 0.68125 0.019270833333333334 0.014583333333333334 
6 0.22213541666666667 0.6731770833333334 0.019270833333333334 0.0140625 
6 0.20572916666666666 0.6671875 0.04375 0.030208333333333334 
6 0.209375 0.746875 0.05625 0.036458333333333336 
6 0.15286458333333333 0.7234375 0.0109375 0.01875 
6 0.20078125 0.6989583333333333 0.028645833333333332 0.020833333333333332 
6 0.20104166666666667 0.7125 0.03333333333333333 0.026041666666666668 
6 0.20442708333333334 0.7291666666666666 0.04635416666666667 0.034375 
6 0.07421875 0.5239583333333333 0.027604166666666666 0.010416666666666666 
6 0.0625 0.5106770833333333 0.036458333333333336 0.0109375 
6 0.06067708333333333 0.49765625 0.03177083333333333 0.011979166666666667 
6 0.1359375 0.41432291666666665 0.020833333333333332 0.008854166666666666 
6 0.13567708333333334 0.3919270833333333 0.028645833333333332 0.0109375 
6 0.1359375 0.37916666666666665 0.028125 0.010416666666666666 
6 0.13802083333333334 0.36744791666666665 0.027083333333333334 0.009895833333333333 
6 0.1375 0.35520833333333335 0.029166666666666667 0.010416666666666666 
6 0.13854166666666667 0.34322916666666664 0.027083333333333334 0.009375 
6 0.13932291666666666 0.33098958333333334 0.027604166666666666 0.009895833333333333 
6 0.13723958333333333 0.3184895833333333 0.027604166666666666 0.0109375 
6 0.13932291666666666 0.30520833333333336 0.03177083333333333 0.011458333333333333 
6 0.17317708333333334 0.31354166666666666 0.024479166666666666 0.008333333333333333 
6 0.17239583333333333 0.3221354166666667 0.023958333333333335 0.0078125 
6 0.171875 0.33203125 0.023958333333333335 0.008854166666666666 
6 0.17057291666666666 0.34140625 0.022395833333333334 0.008854166666666666 
6 0.171875 0.35130208333333335 0.023958333333333335 0.008854166666666666 
6 0.16979166666666667 0.36041666666666666 0.021875 0.008333333333333333 
6 0.17005208333333333 0.36953125 0.0234375 0.0078125 
6 0.16901041666666666 0.37838541666666664 0.021354166666666667 0.008854166666666666 
6 0.16770833333333332 0.38723958333333336 0.020833333333333332 0.0078125 
6 0.16979166666666667 0.3963541666666667 0.025 0.009375 
6 0.16770833333333332 0.40625 0.01875 0.008333333333333333 
6 0.22421875 0.4140625 0.019270833333333334 0.007291666666666667 
6 0.22473958333333333 0.4044270833333333 0.0234375 0.0078125 
6 0.22421875 0.39505208333333336 0.022395833333333334 0.008854166666666666 
6 0.22421875 0.38515625 0.024479166666666666 0.009895833333333333 
6 0.22578125 0.37578125 0.0203125 0.008854166666666666 
6 0.22734375 0.36614583333333334 0.0203125 0.008333333333333333 
6 0.22578125 0.346875 0.0234375 0.010416666666666666 
6 0.22942708333333334 0.33619791666666665 0.0203125 0.0078125 
6 0.13515625 0.403125 0.0296875 0.010416666666666666 
6 0.13880208333333333 0.42734375 0.030729166666666665 0.0109375 
6 0.06171875 0.48463541666666665 0.030729166666666665 0.0109375 
6 0.17265625 0.428125 0.024479166666666666 0.009375 
6 0.0625 0.47213541666666664 0.035416666666666666 0.013020833333333334 
6 0.06354166666666666 0.46041666666666664 0.035416666666666666 0.011458333333333333 
6 0.06458333333333334 0.44817708333333334 0.035416666666666666 0.013020833333333334 
6 0.0640625 0.43645833333333334 0.03333333333333333 0.011458333333333333 
6 0.062239583333333334 0.42421875 0.027604166666666666 0.0109375 
6 0.03333333333333333 0.3958333333333333 0.03333333333333333 0.011458333333333333 
6 0.03567708333333333 0.384375 0.027604166666666666 0.009375 
6 0.033854166666666664 0.37161458333333336 0.030208333333333334 0.0109375 
6 0.03828125 0.359375 0.0265625 0.010416666666666666 
6 0.035416666666666666 0.34765625 0.028125 0.0109375 
6 0.03723958333333333 0.33541666666666664 0.028645833333333332 0.009375 
6 0.03619791666666667 0.32369791666666664 0.025520833333333333 0.009895833333333333 
6 0.03802083333333333 0.3111979166666667 0.025 0.009895833333333333 
6 0.03802083333333333 0.2989583333333333 0.026041666666666668 0.010416666666666666 
6 0.043229166666666666 0.28541666666666665 0.035416666666666666 0.011458333333333333 
6 0.07161458333333333 0.2955729166666667 0.0234375 0.0078125 
6 0.071875 0.30546875 0.026041666666666668 0.0109375 
6 0.07213541666666666 0.3171875 0.025520833333333333 0.009375 
6 0.07005208333333333 0.32890625 0.025520833333333333 0.0109375 
6 0.07109375 0.340625 0.0296875 0.011458333333333333 
6 0.06848958333333334 0.35208333333333336 0.0234375 0.010416666666666666 
6 0.06901041666666667 0.36354166666666665 0.025520833333333333 0.010416666666666666 
6 0.06848958333333334 0.37473958333333335 0.025520833333333333 0.009895833333333333 
6 0.06822916666666666 0.38619791666666664 0.028125 0.009895833333333333 
6 0.06901041666666667 0.39921875 0.025520833333333333 0.0078125 
6 0.06927083333333334 0.4109375 0.021875 0.007291666666666667 
6 0.171875 0.4388020833333333 0.023958333333333335 0.009895833333333333 
6 0.578125 0.5677083333333334 0.023958333333333335 0.016666666666666666 
6 0.5557291666666667 0.5908854166666667 0.026041666666666668 0.018229166666666668 
6 0.5513020833333333 0.58203125 0.024479166666666666 0.0171875 
4 0.9716145833333333 0.45859375 0.0078125 0.009895833333333333 
4 0.6958333333333333 0.7380208333333333 0.011458333333333333 0.009375 
4 0.6739583333333333 0.7401041666666667 0.011458333333333333 0.009375 
4 0.6708333333333333 0.7171875 0.00625 0.011458333333333333 
4 0.68203125 0.7106770833333333 0.0067708333333333336 0.011979166666666667 
4 0.7690104166666667 0.5640625 0.0078125 0.011458333333333333 
4 0.7739583333333333 0.5614583333333333 0.008333333333333333 0.0125 
4 0.6971354166666667 0.571875 0.011979166666666667 0.010416666666666666 
4 0.8526041666666667 0.5411458333333333 0.00625 0.011458333333333333 
4 0.8606770833333334 0.4875 0.011979166666666667 0.013541666666666667 
4 0.8947916666666667 0.46848958333333335 0.011458333333333333 0.011979166666666667 
4 0.9768229166666667 0.4705729166666667 0.008854166666666666 0.009895833333333333 
4 0.9671875 0.47239583333333335 0.008333333333333333 0.010416666666666666 
4 0.9770833333333333 0.45625 0.010416666666666666 0.0125 
4 0.9625 0.4625 0.008333333333333333 0.011458333333333333 
4 0.50625 0.6950520833333333 0.008333333333333333 0.011979166666666667 
4 0.9578125 0.4661458333333333 0.008333333333333333 0.010416666666666666 
4 0.9546875 0.46927083333333336 0.007291666666666667 0.008333333333333333 
4 0.9934895833333334 0.41432291666666665 0.009895833333333333 0.009895833333333333 
4 0.9893229166666667 0.41692708333333334 0.008854166666666666 0.0109375 
4 0.9841145833333333 0.41901041666666666 0.008854166666666666 0.0109375 
4 0.9815104166666667 0.4205729166666667 0.0078125 0.009895833333333333 
4 0.9763020833333333 0.4236979166666667 0.008854166666666666 0.0109375 
4 0.9671875 0.4278645833333333 0.008333333333333333 0.0109375 
4 0.9580729166666667 0.4328125 0.0078125 0.011458333333333333 
4 0.9533854166666667 0.4356770833333333 0.0067708333333333336 0.0109375 
4 0.9494791666666667 0.43697916666666664 0.008333333333333333 0.0125 
4 0.9447916666666667 0.43854166666666666 0.008333333333333333 0.010416666666666666 
4 0.9890625 0.40520833333333334 0.010416666666666666 0.0125 
4 0.6953125 0.7276041666666667 0.013541666666666667 0.011458333333333333 
4 0.66484375 0.7528645833333333 0.0109375 0.011979166666666667 
4 0.69453125 0.7752604166666667 0.0067708333333333336 0.0109375 
4 0.70390625 0.7580729166666667 0.0067708333333333336 0.013020833333333334 
4 0.49713541666666666 0.6986979166666667 0.0078125 0.0109375 
4 0.49270833333333336 0.7013020833333333 0.009375 0.011979166666666667 
4 0.48828125 0.7033854166666667 0.0078125 0.0109375 
4 0.47994791666666664 0.7080729166666667 0.008854166666666666 0.013020833333333334 
4 0.46979166666666666 0.7135416666666666 0.010416666666666666 0.014583333333333334 
4 0.5669270833333333 0.653125 0.013020833333333334 0.009375 
4 0.61484375 0.6630208333333333 0.013020833333333334 0.011458333333333333 
4 0.621875 0.6591145833333333 0.011458333333333333 0.009895833333333333 
4 0.6627604166666666 0.6377604166666667 0.013020833333333334 0.0109375 
4 0.64140625 0.6505208333333333 0.0109375 0.008333333333333333 
4 0.5640625 0.8395833333333333 0.008333333333333333 0.010416666666666666 
4 0.571875 0.82578125 0.013541666666666667 0.009895833333333333 
4 0.5671875 0.81640625 0.011458333333333333 0.008854166666666666 
4 0.5916666666666667 0.80625 0.013541666666666667 0.011458333333333333 
4 0.59609375 0.8161458333333333 0.0140625 0.011458333333333333 
4 0.6010416666666667 0.8268229166666666 0.013541666666666667 0.0109375 
4 0.6104166666666667 0.8151041666666666 0.0125 0.009375 
4 0.6067708333333334 0.8109375 0.011458333333333333 0.009375 
4 0.6049479166666667 0.80625 0.013020833333333334 0.009375 
4 0.6020833333333333 0.8018229166666667 0.010416666666666666 0.008854166666666666 
4 0.6 0.796875 0.0125 0.009375 
4 0.596875 0.7924479166666667 0.010416666666666666 0.008854166666666666 
4 0.5934895833333333 0.7875 0.009895833333333333 0.009375 
4 0.5911458333333334 0.7828125 0.010416666666666666 0.008333333333333333 
4 0.6479166666666667 0.803125 0.00625 0.010416666666666666 
4 0.728125 0.74375 0.00625 0.0125 
4 0.71875 0.7502604166666667 0.005208333333333333 0.0109375 
4 0.9848958333333333 0.40677083333333336 0.010416666666666666 0.010416666666666666 
4 0.9802083333333333 0.409375 0.009375 0.0125 
4 0.9713541666666666 0.41432291666666665 0.010416666666666666 0.011979166666666667 
4 0.9708333333333333 0.16015625 0.007291666666666667 0.009895833333333333 
4 0.959375 0.15677083333333333 0.007291666666666667 0.011458333333333333 
4 0.95390625 0.1546875 0.0078125 0.011458333333333333 
4 0.9481770833333333 0.15364583333333334 0.0078125 0.010416666666666666 
4 0.9502604166666667 0.16796875 0.0078125 0.011979166666666667 
4 0.9442708333333333 0.16588541666666667 0.008333333333333333 0.011979166666666667 
4 0.93828125 0.16458333333333333 0.0067708333333333336 0.010416666666666666 
4 0.9322916666666666 0.1640625 0.007291666666666667 0.010416666666666666 
4 0.92734375 0.16145833333333334 0.0078125 0.0125 
4 0.9361979166666666 0.15182291666666667 0.0078125 0.013020833333333334 
4 0.9291666666666667 0.14947916666666666 0.007291666666666667 0.011458333333333333 
4 0.91875 0.14557291666666666 0.00625 0.011979166666666667 
4 0.91328125 0.14505208333333333 0.0067708333333333336 0.011979166666666667 
4 0.9041666666666667 0.15442708333333333 0.007291666666666667 0.009895833333333333 
4 0.8979166666666667 0.15442708333333333 0.005208333333333333 0.009895833333333333 
4 0.9059895833333333 0.19869791666666667 0.0109375 0.0078125 
4 0.8854166666666666 0.19192708333333333 0.011458333333333333 0.008854166666666666 
4 0.8705729166666667 0.1875 0.0109375 0.008333333333333333 
4 0.8588541666666667 0.1765625 0.010416666666666666 0.00625 
4 0.8575520833333333 0.18359375 0.009895833333333333 0.0067708333333333336 
4 0.9958333333333333 0.0265625 0.007291666666666667 0.0125 
4 0.9934895833333334 0.018229166666666668 0.0067708333333333336 0.0125 
4 0.9869791666666666 0.010416666666666666 0.007291666666666667 0.011458333333333333 
4 0.9875 0.05182291666666667 0.011458333333333333 0.005729166666666666 
4 0.97109375 0.04609375 0.008854166666666666 0.013020833333333334 
4 0.9653645833333333 0.04895833333333333 0.009895833333333333 0.0125 
4 0.9528645833333333 0.05677083333333333 0.008854166666666666 0.010416666666666666 
4 0.9528645833333333 0.071875 0.0109375 0.0125 
4 0.9653645833333333 0.15833333333333333 0.0078125 0.010416666666666666 
4 0.9559895833333333 0.16901041666666666 0.0067708333333333336 0.009895833333333333 
4 0.9622395833333334 0.41770833333333335 0.0078125 0.011458333333333333 
4 0.9614583333333333 0.17135416666666667 0.007291666666666667 0.011458333333333333 
4 0.9526041666666667 0.42291666666666666 0.009375 0.013541666666666667 
4 0.9395833333333333 0.4296875 0.008333333333333333 0.010416666666666666 
4 0.9864583333333333 0.37526041666666665 0.008333333333333333 0.009895833333333333 
4 0.9799479166666667 0.36614583333333334 0.009895833333333333 0.0125 
4 0.9622395833333334 0.37447916666666664 0.009895833333333333 0.011458333333333333 
4 0.9669270833333333 0.3848958333333333 0.008854166666666666 0.011458333333333333 
4 0.9536458333333333 0.39114583333333336 0.010416666666666666 0.013541666666666667 
4 0.9252604166666667 0.4041666666666667 0.008854166666666666 0.010416666666666666 
4 0.9403645833333333 0.39921875 0.0067708333333333336 0.009895833333333333 
4 0.9296875 0.3921875 0.010416666666666666 0.011458333333333333 
4 0.9677083333333333 0.20442708333333334 0.008333333333333333 0.0109375 
4 0.9622395833333334 0.2015625 0.008854166666666666 0.011458333333333333 
4 0.9567708333333333 0.1984375 0.008333333333333333 0.011458333333333333 
4 0.9411458333333333 0.1890625 0.010416666666666666 0.0125 
4 0.9708333333333333 0.13385416666666666 0.008333333333333333 0.0125 
4 0.9640625 0.13255208333333332 0.007291666666666667 0.0109375 
4 0.9578125 0.13098958333333333 0.00625 0.008854166666666666 
4 0.9473958333333333 0.12708333333333333 0.008333333333333333 0.013541666666666667 
4 0.990625 0.17864583333333334 0.00625 0.011458333333333333 
4 0.98515625 0.17734375 0.0078125 0.011979166666666667 
4 0.9942708333333333 0.16588541666666667 0.007291666666666667 0.0109375 
4 0.9885416666666667 0.16510416666666666 0.007291666666666667 0.010416666666666666 
4 0.98203125 0.1625 0.0078125 0.011458333333333333 
4 0.9770833333333333 0.16197916666666667 0.008333333333333333 0.011458333333333333 
4 0.9791666666666666 0.17552083333333332 0.007291666666666667 0.011458333333333333 
4 0.97265625 0.17421875 0.0078125 0.011979166666666667 
4 0.9666666666666667 0.17265625 0.007291666666666667 0.013020833333333334 
4 0.5013020833333334 0.6966145833333334 0.008854166666666666 0.0109375 
4 0.5138020833333333 0.6903645833333333 0.008854166666666666 0.011979166666666667 
4 0.93515625 0.06796875 0.009895833333333333 0.013020833333333334 
6 0.0020833333333333333 0.409375 0.009375 0.005208333333333333 
4 0.5005208333333333 0.72578125 0.008333333333333333 0.013020833333333334 
4 0.23125 0.05651041666666667 0.00625 0.0109375 
4 0.22786458333333334 0.054947916666666666 0.0067708333333333336 0.0109375 
4 0.2234375 0.05390625 0.00625 0.0109375 
4 0.21015625 0.05026041666666667 0.0067708333333333336 0.0109375 
4 0.20598958333333334 0.04895833333333333 0.0067708333333333336 0.0125 
4 0.20078125 0.048177083333333336 0.0067708333333333336 0.0109375 
4 0.18229166666666666 0.0421875 0.007291666666666667 0.011458333333333333 
4 0.17786458333333333 0.04088541666666667 0.0067708333333333336 0.011979166666666667 
4 0.17291666666666666 0.03958333333333333 0.00625 0.011458333333333333 
4 0.63828125 0.63046875 0.008854166666666666 0.0109375 
6 0.12421875 0.628125 0.008854166666666666 0.007291666666666667 
4 0.5231770833333333 0.68515625 0.009895833333333333 0.011979166666666667 
6 0.1375 0.20703125 0.013541666666666667 0.005729166666666666 
4 0.7369791666666666 0.74140625 0.007291666666666667 0.0140625 
6 0.16822916666666668 0.3020833333333333 0.029166666666666667 0.011458333333333333 
6 0.18541666666666667 0.7229166666666667 0.007291666666666667 0.009375 
6 0.21041666666666667 0.7692708333333333 0.013541666666666667 0.016666666666666666 
6 0.2713541666666667 0.7640625 0.015625 0.013541666666666667 
6 0.27005208333333336 0.75390625 0.0203125 0.016145833333333335 
6 0.6286458333333333 0.8434895833333333 0.021875 0.016145833333333335 
6 0.6598958333333333 0.8393229166666667 0.027083333333333334 0.019270833333333334 
6 0.6559895833333333 0.8294270833333334 0.0265625 0.019270833333333334 
4 0.4244791666666667 0.7223958333333333 0.009375 0.0125 
4 0.4356770833333333 0.7598958333333333 0.009895833333333333 0.0125 
4 0.35182291666666665 0.80390625 0.008854166666666666 0.011979166666666667 
4 0.50625 0.753125 0.008333333333333333 0.011458333333333333 
4 0.9932291666666667 0.13880208333333333 0.00625 0.008854166666666666 
4 0.9885416666666667 0.13854166666666667 0.00625 0.010416666666666666 
4 0.98203125 0.13619791666666667 0.0078125 0.0109375 
4 0.9760416666666667 0.13489583333333333 0.008333333333333333 0.011458333333333333 
4 0.9520833333333333 0.19557291666666668 0.009375 0.013020833333333334 
4 0.946875 0.1921875 0.009375 0.0125 
4 0.9213541666666667 0.15911458333333334 0.008333333333333333 0.0109375 
4 0.909375 0.15651041666666668 0.007291666666666667 0.009895833333333333 
4 0.9653645833333333 0.22838541666666667 0.011979166666666667 0.009895833333333333 
4 0.7885416666666667 0.2546875 0.013541666666666667 0.008333333333333333 
4 0.790625 0.30416666666666664 0.011458333333333333 0.007291666666666667 
4 0.7885416666666667 0.3098958333333333 0.0125 0.00625 
4 0.7505208333333333 0.30026041666666664 0.010416666666666666 0.0067708333333333336 
4 0.9953125 0.4473958333333333 0.009375 0.013541666666666667 
4 0.990625 0.44947916666666665 0.010416666666666666 0.0125 
4 0.9864583333333333 0.4515625 0.008333333333333333 0.0125 
4 0.9916666666666667 0.4622395833333333 0.009375 0.0109375 
4 0.98671875 0.46432291666666664 0.008854166666666666 0.0109375 
4 0.9817708333333334 0.4666666666666667 0.008333333333333333 0.010416666666666666 
4 0.890625 0.5018229166666667 0.011458333333333333 0.0140625 
4 0.8770833333333333 0.5080729166666667 0.011458333333333333 0.013020833333333334 
4 0.7643229166666666 0.5669270833333333 0.0078125 0.013020833333333334 
4 0.7583333333333333 0.5697916666666667 0.008333333333333333 0.013541666666666667 
4 0.7484375 0.5760416666666667 0.009375 0.013541666666666667 
4 0.5424479166666667 0.7033854166666667 0.008854166666666666 0.011979166666666667 
4 0.64140625 0.7380208333333333 0.009895833333333333 0.011458333333333333 
4 0.5015625 0.7557291666666667 0.008333333333333333 0.010416666666666666 
6 0.7283854166666667 0.8346354166666666 0.0265625 0.021354166666666667 
6 0.721875 0.8234375 0.026041666666666668 0.017708333333333333 
6 0.7138020833333333 0.8143229166666667 0.024479166666666666 0.0171875 
4 0.378125 0.8390625 0.005208333333333333 0.0125 
4 0.34140625 0.8091145833333333 0.0109375 0.0140625 
4 0.32421875 0.78828125 0.009895833333333333 0.011979166666666667 
4 0.31875 0.7791666666666667 0.008333333333333333 0.011458333333333333 
4 0.3294270833333333 0.77421875 0.008854166666666666 0.009895833333333333 
4 0.33828125 0.7690104166666667 0.009895833333333333 0.011979166666666667 
4 0.3338541666666667 0.7716145833333333 0.009375 0.009895833333333333 
4 0.33151041666666664 0.81328125 0.011979166666666667 0.015104166666666667 
4 0.3609375 0.8005208333333333 0.008333333333333333 0.010416666666666666 
4 0.3671875 0.7666666666666667 0.010416666666666666 0.013541666666666667 
4 0.3567708333333333 0.759375 0.008333333333333333 0.011458333333333333 
4 0.3651041666666667 0.7541666666666667 0.008333333333333333 0.011458333333333333 
4 0.37083333333333335 0.7518229166666667 0.008333333333333333 0.0109375 
4 0.37916666666666665 0.7473958333333334 0.010416666666666666 0.0125 
4 0.39739583333333334 0.7388020833333333 0.010416666666666666 0.0109375 
4 0.40130208333333334 0.73515625 0.0109375 0.011979166666666667 
4 0.4421875 0.7578125 0.009375 0.0125 
4 0.37838541666666664 0.7901041666666667 0.009895833333333333 0.0125 
4 0.51953125 0.7458333333333333 0.0109375 0.013541666666666667 
4 0.52734375 0.7421875 0.0078125 0.0125 
4 0.5557291666666667 0.6966145833333334 0.008333333333333333 0.011979166666666667 
4 0.5518229166666667 0.6986979166666667 0.008854166666666666 0.011979166666666667 
4 0.5291666666666667 0.709375 0.010416666666666666 0.0125 
4 0.521875 0.7145833333333333 0.009375 0.0125 
4 0.50859375 0.721875 0.0109375 0.013541666666666667 
4 0.49166666666666664 0.73125 0.009375 0.011458333333333333 
4 0.5356770833333333 0.67890625 0.009895833333333333 0.009895833333333333 
4 0.5302083333333333 0.68125 0.009375 0.011458333333333333 
4 0.36380208333333336 0.8385416666666666 0.005729166666666666 0.0125 
4 0.3841145833333333 0.8388020833333333 0.0067708333333333336 0.011979166666666667 
6 0.7091145833333333 0.8044270833333333 0.028645833333333332 0.021354166666666667 
4 0.39088541666666665 0.8388020833333333 0.0067708333333333336 0.0109375 
6 0.7697916666666667 0.8364583333333333 0.036458333333333336 0.023958333333333335 
6 0.76171875 0.8236979166666667 0.034895833333333334 0.025520833333333333 
6 0.7557291666666667 0.8106770833333333 0.034375 0.024479166666666666 
6 0.7502604166666667 0.7994791666666666 0.034895833333333334 0.021875 
6 0.7424479166666667 0.78515625 0.0328125 0.021354166666666667 
6 0.96484375 0.7002604166666667 0.0109375 0.008854166666666666 
6 0.9580729166666667 0.5666666666666667 0.021354166666666667 0.019791666666666666 
6 0.9625 0.6140625 0.014583333333333334 0.016666666666666666 
4 0.47161458333333334 0.8182291666666667 0.009895833333333333 0.011458333333333333 
4 0.4671875 0.8213541666666667 0.009375 0.011458333333333333 
4 0.46328125 0.825 0.0109375 0.011458333333333333 
4 0.459375 0.8278645833333333 0.011458333333333333 0.0109375 
4 0.4546875 0.8315104166666667 0.009375 0.0109375 
4 0.2947916666666667 0.80546875 0.010416666666666666 0.0078125 
4 0.29322916666666665 0.8002604166666667 0.0125 0.0078125 
4 0.29140625 0.7950520833333333 0.0109375 0.008854166666666666 
4 0.4518229166666667 0.79921875 0.009895833333333333 0.009895833333333333 
4 0.4473958333333333 0.803125 0.010416666666666666 0.011458333333333333 
4 0.4361979166666667 0.8125 0.0109375 0.010416666666666666 
4 0.4315104166666667 0.81640625 0.009895833333333333 0.0109375 
4 0.4276041666666667 0.82109375 0.011458333333333333 0.013020833333333334 
4 0.4231770833333333 0.8239583333333333 0.009895833333333333 0.0125 
4 0.41171875 0.8296875 0.009895833333333333 0.0125 
4 0.41692708333333334 0.8270833333333333 0.0109375 0.0125 
4 0.40703125 0.8328125 0.009895833333333333 0.013541666666666667 
4 0.40130208333333334 0.834375 0.009895833333333333 0.0125 
4 0.39557291666666666 0.8361979166666667 0.009895833333333333 0.0109375 
4 0.9463541666666667 0.06171875 0.009375 0.013020833333333334 
5 0.9072916666666667 0.07526041666666666 0.022916666666666665 0.011979166666666667 
6 0.5455729166666666 0.5734375 0.0265625 0.019791666666666666 
4 0.0033854166666666668 0.023177083333333334 0.0078125 0.0109375 
4 0.07786458333333333 0.11276041666666667 0.0078125 0.0109375 
4 0.0796875 0.0765625 0.007291666666666667 0.011458333333333333 
4 0.05807291666666667 0.0734375 0.0067708333333333336 0.010416666666666666 
4 0.049479166666666664 0.10520833333333333 0.008333333333333333 0.011458333333333333 
4 0.04088541666666667 0.02109375 0.0109375 0.0067708333333333336 
4 0.01953125 0.027083333333333334 0.0067708333333333336 0.0125 
4 0.044270833333333336 0.03567708333333333 0.00625 0.0109375 
4 0.26223958333333336 0.1375 0.0078125 0.011458333333333333 
4 0.0703125 0.04375 0.007291666666666667 0.013541666666666667 
4 0.08723958333333333 0.046614583333333334 0.0078125 0.0109375 
4 0.12057291666666667 0.040364583333333336 0.011979166666666667 0.0078125 
4 0.08463541666666667 0.016927083333333332 0.0067708333333333336 0.011979166666666667 
4 0.23619791666666667 0.13098958333333333 0.0078125 0.011979166666666667 
4 0.2265625 0.12864583333333332 0.007291666666666667 0.011458333333333333 
4 0.22083333333333333 0.12786458333333334 0.00625 0.0109375 
4 0.21640625 0.12526041666666668 0.005729166666666666 0.009895833333333333 
4 0.22421875 0.11276041666666667 0.013020833333333334 0.008854166666666666 
4 0.22682291666666668 0.10338541666666666 0.0109375 0.0078125 
4 0.20625 0.12291666666666666 0.007291666666666667 0.010416666666666666 
4 0.19817708333333334 0.08697916666666666 0.0078125 0.011458333333333333 
4 0.15911458333333334 0.13645833333333332 0.0078125 0.0125 
4 0.14010416666666667 0.13020833333333334 0.009375 0.011458333333333333 
4 0.17213541666666668 0.06380208333333333 0.0067708333333333336 0.0109375 
4 0.17682291666666666 0.05651041666666667 0.011979166666666667 0.0078125 
4 0.23359375 0.08098958333333334 0.009895833333333333 0.0078125 
4 0.21953125 0.07630208333333334 0.011979166666666667 0.0078125 
4 0.21458333333333332 0.052083333333333336 0.00625 0.010416666666666666 
4 0.23567708333333334 0.05755208333333333 0.005729166666666666 0.0109375 
4 0.24088541666666666 0.05963541666666667 0.005729166666666666 0.009895833333333333 
4 0.19557291666666668 0.046614583333333334 0.0067708333333333336 0.009895833333333333 
4 0.19036458333333334 0.04505208333333333 0.005729166666666666 0.008854166666666666 
4 0.18645833333333334 0.04453125 0.007291666666666667 0.009895833333333333 
4 0.16770833333333332 0.03828125 0.00625 0.009895833333333333 
4 0.16380208333333332 0.03723958333333333 0.0046875 0.009895833333333333 
4 0.014583333333333334 0.026041666666666668 0.007291666666666667 0.011458333333333333 
4 0.04973958333333333 0.008072916666666667 0.0078125 0.011979166666666667 
4 0.059375 0.0109375 0.007291666666666667 0.0125 
4 0.06510416666666667 0.011979166666666667 0.008333333333333333 0.011458333333333333 
4 0.07552083333333333 0.01484375 0.008333333333333333 0.011979166666666667 
6 0.46328125 0.2015625 0.0109375 0.007291666666666667 
6 0.6375 0.5614583333333333 0.019791666666666666 0.015625 
6 0.6325520833333333 0.5536458333333333 0.022395833333333334 0.016666666666666666 
6 0.6286458333333333 0.5450520833333333 0.020833333333333332 0.015104166666666667 
6 0.6239583333333333 0.5369791666666667 0.022916666666666665 0.016666666666666666 
6 0.39609375 0.6903645833333333 0.016145833333333335 0.0140625 
6 0.4583333333333333 0.5486979166666667 0.019791666666666666 0.015104166666666667 
6 0.44244791666666666 0.5453125 0.034895833333333334 0.023958333333333335 
6 0.07265625 0.5979166666666667 0.028645833333333332 0.014583333333333334 
6 0.16458333333333333 0.16510416666666666 0.010416666666666666 0.00625 
6 0.1390625 0.1609375 0.013541666666666667 0.00625 
6 0.10130208333333333 0.15520833333333334 0.0109375 0.007291666666666667 
6 0.5734375 0.5588541666666667 0.023958333333333335 0.017708333333333333 
6 0.5684895833333333 0.5502604166666667 0.0234375 0.018229166666666668 
6 0.56328125 0.5403645833333334 0.0234375 0.018229166666666668 
6 0.5583333333333333 0.53203125 0.023958333333333335 0.018229166666666668 
6 0.55234375 0.5231770833333333 0.0234375 0.018229166666666668 
6 0.5486979166666667 0.5135416666666667 0.022395833333333334 0.016666666666666666 
6 0.5434895833333333 0.5046875 0.022395833333333334 0.016666666666666666 
6 0.5393229166666667 0.49453125 0.0234375 0.015104166666666667 
6 0.5143229166666666 0.50625 0.027604166666666666 0.020833333333333332 
6 0.5169270833333334 0.51796875 0.025520833333333333 0.018229166666666668 
6 0.5216145833333333 0.5276041666666667 0.025520833333333333 0.01875 
6 0.5265625 0.5361979166666667 0.027083333333333334 0.018229166666666668 
6 0.5309895833333333 0.5458333333333333 0.025520833333333333 0.019791666666666666 
6 0.5364583333333334 0.5544270833333333 0.027083333333333334 0.019270833333333334 
6 0.5408854166666667 0.5638020833333334 0.024479166666666666 0.018229166666666668 
6 0.6911458333333333 0.60703125 0.009375 0.011979166666666667 
6 0.47890625 0.20572916666666666 0.0067708333333333336 0.009375 
6 0.43255208333333334 0.28671875 0.009895833333333333 0.011979166666666667 
6 0.44609375 0.21197916666666666 0.0067708333333333336 0.013541666666666667 
6 0.45286458333333335 0.22239583333333332 0.005729166666666666 0.010416666666666666 
6 0.4388020833333333 0.21848958333333332 0.0067708333333333336 0.009895833333333333 
6 0.5361979166666667 0.2643229166666667 0.0078125 0.013020833333333334 
6 0.4625 0.2604166666666667 0.007291666666666667 0.010416666666666666 
6 0.45286458333333335 0.25338541666666664 0.009895833333333333 0.011979166666666667 
6 0.4393229166666667 0.2453125 0.0109375 0.013541666666666667 
6 0.43046875 0.23828125 0.0109375 0.011979166666666667 
6 0.42421875 0.23671875 0.008854166666666666 0.0078125 
6 0.4044270833333333 0.22994791666666667 0.0078125 0.009895833333333333 
6 0.40130208333333334 0.22786458333333334 0.008854166666666666 0.008854166666666666 
6 0.39895833333333336 0.22604166666666667 0.007291666666666667 0.010416666666666666 
6 0.3953125 0.22395833333333334 0.008333333333333333 0.010416666666666666 
6 0.38229166666666664 0.21614583333333334 0.007291666666666667 0.009375 
6 0.37994791666666666 0.21380208333333334 0.008854166666666666 0.009895833333333333 
6 0.3763020833333333 0.2109375 0.008854166666666666 0.010416666666666666 
6 0.5971354166666667 0.2786458333333333 0.005729166666666666 0.010416666666666666 
6 0.5908854166666667 0.27708333333333335 0.0046875 0.009375 
6 0.5872395833333334 0.27682291666666664 0.0046875 0.008854166666666666 
6 0.5838541666666667 0.27578125 0.004166666666666667 0.009895833333333333 
6 0.5796875 0.27630208333333334 0.00625 0.0109375 
6 0.6109375 0.30364583333333334 0.009375 0.005208333333333333 
6 0.64140625 0.303125 0.0078125 0.009375 
6 0.5765625 0.3307291666666667 0.008333333333333333 0.008333333333333333 
6 0.496875 0.25364583333333335 0.008333333333333333 0.014583333333333334 
6 0.490625 0.25234375 0.009375 0.015104166666666667 
6 0.48098958333333336 0.24895833333333334 0.009895833333333333 0.014583333333333334 
4 0.2559895833333333 0.1359375 0.0067708333333333336 0.011458333333333333 
4 0.2796875 0.14348958333333334 0.008333333333333333 0.011979166666666667 
5 0.7729166666666667 0.06380208333333333 0.025 0.013020833333333334 
4 0.3458333333333333 0.29270833333333335 0.011458333333333333 0.011458333333333333 
4 0.36484375 0.33619791666666665 0.008854166666666666 0.011979166666666667 
4 0.35703125 0.33307291666666666 0.008854166666666666 0.011979166666666667 
4 0.334375 0.32005208333333335 0.011458333333333333 0.013020833333333334 
4 0.3703125 0.3098958333333333 0.010416666666666666 0.0125 
4 0.38359375 0.30416666666666664 0.008854166666666666 0.009375 
4 0.37734375 0.30130208333333336 0.009895833333333333 0.009895833333333333 
4 0.37265625 0.29739583333333336 0.009895833333333333 0.011458333333333333 
4 0.26328125 0.3125 0.0140625 0.005208333333333333 
4 0.2640625 0.2921875 0.014583333333333334 0.004166666666666667 
4 0.26328125 0.2864583333333333 0.0140625 0.005208333333333333 
4 0.26458333333333334 0.2794270833333333 0.013541666666666667 0.005729166666666666 
4 0.26536458333333335 0.27291666666666664 0.011979166666666667 0.005208333333333333 
4 0.26484375 0.25729166666666664 0.013020833333333334 0.005208333333333333 
4 0.33229166666666665 0.2838541666666667 0.010416666666666666 0.011458333333333333 
4 0.19036458333333334 0.14453125 0.008854166666666666 0.0109375 
4 0.3416666666666667 0.28020833333333334 0.010416666666666666 0.011458333333333333 
4 0.334375 0.2734375 0.010416666666666666 0.010416666666666666 
4 0.41692708333333334 0.2953125 0.009895833333333333 0.011458333333333333 
4 0.40651041666666665 0.2859375 0.008854166666666666 0.010416666666666666 
4 0.4270833333333333 0.25338541666666664 0.010416666666666666 0.0109375 
4 0.4166666666666667 0.246875 0.010416666666666666 0.010416666666666666 
4 0.41067708333333336 0.24557291666666667 0.0109375 0.013020833333333334 
4 0.4049479166666667 0.24322916666666666 0.009895833333333333 0.011458333333333333 
4 0.38828125 0.2328125 0.009895833333333333 0.010416666666666666 
4 0.37942708333333336 0.22760416666666666 0.011979166666666667 0.010416666666666666 
4 0.37213541666666666 0.22161458333333334 0.009895833333333333 0.0109375 
4 0.36822916666666666 0.21822916666666667 0.009375 0.010416666666666666 
4 0.37864583333333335 0.26979166666666665 0.009375 0.011458333333333333 
4 0.3416666666666667 0.3411458333333333 0.005208333333333333 0.011458333333333333 
4 0.3359375 0.33932291666666664 0.005208333333333333 0.011979166666666667 
4 0.6065104166666667 0.09947916666666666 0.0140625 0.009375 
4 0.5817708333333333 0.12421875 0.013541666666666667 0.0078125 
5 0.7229166666666667 0.04192708333333333 0.013541666666666667 0.0234375 
4 0.73828125 0.0375 0.008854166666666666 0.013541666666666667 
4 0.9619791666666667 0.2794270833333333 0.009375 0.0109375 
4 0.9533854166666667 0.27317708333333335 0.009895833333333333 0.011979166666666667 
4 0.9455729166666667 0.2674479166666667 0.008854166666666666 0.011979166666666667 
4 0.7953125 0.19322916666666667 0.011458333333333333 0.008333333333333333 
4 0.81328125 0.22005208333333334 0.0109375 0.0078125 
4 0.8104166666666667 0.23151041666666666 0.011458333333333333 0.0078125 
4 0.79375 0.23619791666666667 0.0125 0.008854166666666666 
4 0.828125 0.27578125 0.011458333333333333 0.0078125 
4 0.8231770833333333 0.28671875 0.011979166666666667 0.0067708333333333336 
4 0.8205729166666667 0.29609375 0.0109375 0.0067708333333333336 
4 0.7778645833333333 0.2864583333333333 0.0109375 0.007291666666666667 
4 0.7765625 0.29635416666666664 0.0125 0.008333333333333333 
4 0.7513020833333334 0.29453125 0.011979166666666667 0.008854166666666666 
4 0.7419270833333333 0.29322916666666665 0.0078125 0.0125 
4 0.7328125 0.2942708333333333 0.007291666666666667 0.011458333333333333 
4 0.7234375 0.2890625 0.007291666666666667 0.011458333333333333 
4 0.6809895833333334 0.278125 0.0078125 0.011458333333333333 
4 0.7596354166666667 0.26171875 0.0109375 0.0078125 
4 0.7609375 0.25625 0.010416666666666666 0.007291666666666667 
4 0.76796875 0.2296875 0.0109375 0.008333333333333333 
4 0.77265625 0.2203125 0.009895833333333333 0.00625 
4 0.775 0.2109375 0.0125 0.007291666666666667 
4 0.7916666666666666 0.18203125 0.010416666666666666 0.0078125 
4 0.7598958333333333 0.17265625 0.011458333333333333 0.008854166666666666 
4 0.6299479166666667 0.15963541666666667 0.0078125 0.0109375 
4 0.340625 0.24348958333333334 0.009375 0.0109375 
4 0.35130208333333335 0.2359375 0.009895833333333333 0.0125 
4 0.3299479166666667 0.2203125 0.009895833333333333 0.0125 
4 0.4434895833333333 0.11484375 0.005729166666666666 0.009895833333333333 
4 0.42109375 0.10885416666666667 0.008854166666666666 0.0125 
4 0.41015625 0.10625 0.0078125 0.0125 
4 0.3997395833333333 0.10442708333333334 0.0078125 0.0140625 
4 0.39036458333333335 0.10078125 0.0078125 0.011979166666666667 
4 0.3854166666666667 0.09921875 0.007291666666666667 0.0109375 
4 0.37421875 0.09661458333333334 0.0067708333333333336 0.011979166666666667 
4 0.44817708333333334 0.08723958333333333 0.011979166666666667 0.0078125 
4 0.3645833333333333 0.09322916666666667 0.008333333333333333 0.010416666666666666 
4 0.353125 0.09036458333333333 0.008333333333333333 0.011979166666666667 
4 0.3484375 0.08932291666666667 0.005208333333333333 0.0109375 
4 0.34270833333333334 0.08776041666666666 0.007291666666666667 0.011979166666666667 
4 0.33671875 0.08385416666666666 0.0067708333333333336 0.010416666666666666 
4 0.28515625 0.12994791666666666 0.009895833333333333 0.0067708333333333336 
4 0.28854166666666664 0.121875 0.010416666666666666 0.007291666666666667 
4 0.29322916666666665 0.1078125 0.011458333333333333 0.007291666666666667 
4 0.26875 0.1015625 0.0125 0.007291666666666667 
4 0.27057291666666666 0.09192708333333334 0.0109375 0.0078125 
4 0.26510416666666664 0.21588541666666666 0.013541666666666667 0.005729166666666666 
4 0.26666666666666666 0.20520833333333333 0.013541666666666667 0.005208333333333333 
4 0.2671875 0.20052083333333334 0.0125 0.00625 
4 0.2565104166666667 0.16276041666666666 0.0067708333333333336 0.0109375 
4 0.23958333333333334 0.15885416666666666 0.008333333333333333 0.011458333333333333 
4 0.22734375 0.15546875 0.0067708333333333336 0.011979166666666667 
4 0.22057291666666667 0.153125 0.0078125 0.009375 
4 0.21588541666666666 0.15208333333333332 0.0078125 0.010416666666666666 
4 0.20755208333333333 0.1484375 0.0078125 0.010416666666666666 
4 0.20208333333333334 0.146875 0.005208333333333333 0.010416666666666666 
4 0.43697916666666664 0.11302083333333333 0.008333333333333333 0.010416666666666666 
4 0.35130208333333335 0.11354166666666667 0.0067708333333333336 0.010416666666666666 
4 0.3380208333333333 0.22682291666666668 0.010416666666666666 0.013020833333333334 
4 0.33151041666666664 0.12135416666666667 0.005729166666666666 0.010416666666666666 
4 0.35208333333333336 0.21432291666666667 0.011458333333333333 0.0109375 
4 0.359375 0.21380208333333334 0.009375 0.0109375 
4 0.3234375 0.18958333333333333 0.011458333333333333 0.007291666666666667 
4 0.32317708333333334 0.18229166666666666 0.011979166666666667 0.008333333333333333 
4 0.384375 0.16223958333333333 0.008333333333333333 0.013020833333333334 
4 0.390625 0.16276041666666666 0.008333333333333333 0.011979166666666667 
4 0.42421875 0.17265625 0.0067708333333333336 0.011979166666666667 
4 0.41510416666666666 0.16953125 0.00625 0.013020833333333334 
4 0.40520833333333334 0.16692708333333334 0.007291666666666667 0.011979166666666667 
4 0.39479166666666665 0.16536458333333334 0.007291666666666667 0.011979166666666667 
4 0.37994791666666666 0.16041666666666668 0.0067708333333333336 0.011458333333333333 
4 0.37005208333333334 0.1578125 0.0067708333333333336 0.0125 
4 0.36015625 0.15520833333333334 0.0067708333333333336 0.010416666666666666 
4 0.35442708333333334 0.15390625 0.005729166666666666 0.011979166666666667 
4 0.35078125 0.15208333333333332 0.005729166666666666 0.011458333333333333 
4 0.3458333333333333 0.1515625 0.007291666666666667 0.011458333333333333 
4 0.33932291666666664 0.14921875 0.0078125 0.0140625 
4 0.4278645833333333 0.14791666666666667 0.008854166666666666 0.011458333333333333 
4 0.4546875 0.16614583333333333 0.0125 0.008333333333333333 
4 0.37421875 0.134375 0.0078125 0.010416666666666666 
4 0.4046875 0.14296875 0.008333333333333333 0.013020833333333334 
4 0.4119791666666667 0.13020833333333334 0.007291666666666667 0.010416666666666666 
4 0.3841145833333333 0.1359375 0.0078125 0.010416666666666666 
4 0.3658854166666667 0.13125 0.0078125 0.010416666666666666 
4 0.35703125 0.12864583333333332 0.0067708333333333336 0.010416666666666666 
4 0.34869791666666666 0.12578125 0.0067708333333333336 0.0109375 
4 0.33958333333333335 0.1234375 0.007291666666666667 0.010416666666666666 
