6 0.9682291666666667 0.4265625 0.01875 0.014583333333333334 
6 0.97265625 0.43463541666666666 0.0171875 0.013020833333333334 
6 0.9768229166666667 0.44244791666666666 0.013020833333333334 0.009895833333333333 
6 0.9799479166666667 0.45078125 0.0140625 0.011979166666666667 
6 0.9848958333333333 0.4578125 0.016666666666666666 0.011458333333333333 
6 0.9875 0.4661458333333333 0.015625 0.011458333333333333 
6 0.99140625 0.47369791666666666 0.0140625 0.0109375 
6 0.9955729166666667 0.48151041666666666 0.0140625 0.0109375 
6 0.97578125 0.49140625 0.018229166666666668 0.0140625 
6 0.9802083333333333 0.49947916666666664 0.016666666666666666 0.0125 
6 0.98203125 0.5075520833333333 0.018229166666666668 0.0140625 
6 1.0057291666666666 0.4947916666666667 0.01875 0.013541666666666667 
6 0.9630208333333333 0.41953125 0.016666666666666666 0.013020833333333334 
6 0.9606770833333333 0.41119791666666666 0.018229166666666668 0.0140625 
6 0.9559895833333333 0.4041666666666667 0.016145833333333335 0.0125 
6 0.94140625 0.39817708333333335 0.033854166666666664 0.025520833333333333 
6 0.88125 0.4434895833333333 0.01875 0.0140625 
6 0.8869791666666667 0.4276041666666667 0.029166666666666667 0.020833333333333332 
6 0.9028645833333333 0.43203125 0.019270833333333334 0.0140625 
6 0.9059895833333333 0.44140625 0.016145833333333335 0.013020833333333334 
6 0.9109375 0.44869791666666664 0.017708333333333333 0.0140625 
6 0.9153645833333334 0.45807291666666666 0.0171875 0.013020833333333334 
6 0.9197916666666667 0.4661458333333333 0.01875 0.014583333333333334 
6 0.9244791666666666 0.4744791666666667 0.017708333333333333 0.013541666666666667 
6 0.9283854166666666 0.4830729166666667 0.0171875 0.013020833333333334 
6 0.9328125 0.4908854166666667 0.01875 0.015104166666666667 
6 0.93671875 0.49921875 0.018229166666666668 0.0140625 
6 0.9200520833333333 0.51875 0.019270833333333334 0.014583333333333334 
6 0.92421875 0.5276041666666667 0.018229166666666668 0.013541666666666667 
6 0.9276041666666667 0.5361979166666667 0.019791666666666666 0.015104166666666667 
6 0.9411458333333333 0.5075520833333333 0.017708333333333333 0.0140625 
6 0.9455729166666667 0.5151041666666667 0.016145833333333335 0.0125 
6 0.9494791666666667 0.5236979166666667 0.016666666666666666 0.013020833333333334 
6 0.9723958333333333 0.48385416666666664 0.017708333333333333 0.0125 
6 0.9682291666666667 0.47604166666666664 0.017708333333333333 0.013541666666666667 
6 0.9653645833333333 0.46822916666666664 0.016145833333333335 0.0125 
6 0.9604166666666667 0.45989583333333334 0.01875 0.013541666666666667 
6 0.9567708333333333 0.45260416666666664 0.016666666666666666 0.0125 
6 0.9533854166666667 0.44479166666666664 0.0171875 0.0125 
6 0.94921875 0.43723958333333335 0.016145833333333335 0.011979166666666667 
6 0.9442708333333333 0.43046875 0.017708333333333333 0.013020833333333334 
6 0.9401041666666666 0.421875 0.01875 0.014583333333333334 
6 0.9359375 0.4140625 0.014583333333333334 0.011458333333333333 
4 0.9453125 0.018489583333333334 0.007291666666666667 0.0109375 
6 0.4979166666666667 0.6760416666666667 0.019791666666666666 0.014583333333333334 
6 0.5856770833333333 0.6341145833333334 0.016145833333333335 0.011979166666666667 
6 0.5575520833333333 0.634375 0.021354166666666667 0.015625 
6 0.5515625 0.6028645833333334 0.034375 0.025520833333333333 
6 0.5380208333333333 0.6973958333333333 0.01875 0.014583333333333334 
6 0.54296875 0.70546875 0.019270833333333334 0.0140625 
6 0.5479166666666667 0.7135416666666666 0.020833333333333332 0.015625 
6 0.55625 0.7296875 0.01875 0.014583333333333334 
6 0.5278645833333333 0.734375 0.0203125 0.015625 
6 0.5192708333333333 0.7174479166666666 0.019791666666666666 0.0140625 
6 0.5138020833333333 0.7096354166666666 0.019270833333333334 0.0140625 
6 0.5106770833333333 0.7005208333333334 0.019270833333333334 0.013541666666666667 
6 0.5059895833333333 0.6924479166666667 0.0234375 0.016145833333333335 
6 0.5028645833333333 0.68359375 0.0203125 0.015104166666666667 
6 0.49270833333333336 0.66796875 0.021875 0.016145833333333335 
6 0.5341145833333333 0.6885416666666667 0.019270833333333334 0.014583333333333334 
6 0.5286458333333334 0.6807291666666667 0.019791666666666666 0.014583333333333334 
6 0.5263020833333333 0.671875 0.021354166666666667 0.014583333333333334 
6 0.5203125 0.6645833333333333 0.019791666666666666 0.014583333333333334 
6 0.5158854166666667 0.6557291666666667 0.019270833333333334 0.014583333333333334 
6 0.5130208333333334 0.6471354166666666 0.020833333333333332 0.015104166666666667 
6 0.5075520833333333 0.6385416666666667 0.0203125 0.014583333333333334 
6 0.4903645833333333 0.6591145833333333 0.0171875 0.013020833333333334 
6 0.48541666666666666 0.6502604166666667 0.021875 0.0171875 
6 0.4901041666666667 0.6346354166666667 0.034375 0.024479166666666666 
6 0.4122395833333333 0.8377604166666667 0.030729166666666665 0.009895833333333333 
6 0.4127604166666667 0.8265625 0.028645833333333332 0.010416666666666666 
6 0.4114583333333333 0.8153645833333333 0.026041666666666668 0.009895833333333333 
6 0.98984375 0.3734375 0.0296875 0.021875 
6 0.9893229166666667 0.38567708333333334 0.0171875 0.013020833333333334 
6 0.9942708333333333 0.3919270833333333 0.016666666666666666 0.011979166666666667 
6 0.99765625 0.3997395833333333 0.0171875 0.013020833333333334 
6 1.0010416666666666 0.40651041666666665 0.01875 0.013020833333333334 
6 1.0049479166666666 0.4140625 0.016145833333333335 0.0125 
6 0.8848958333333333 0.45208333333333334 0.020833333333333332 0.015625 
6 0.8885416666666667 0.46145833333333336 0.019791666666666666 0.014583333333333334 
6 0.8940104166666667 0.46875 0.019270833333333334 0.014583333333333334 
6 0.6567708333333333 0.4119791666666667 0.022916666666666665 0.03229166666666667 
6 0.8390625 0.33671875 0.026041666666666668 0.018229166666666668 
6 0.7888020833333333 0.34010416666666665 0.022395833333333334 0.030208333333333334 
6 0.778125 0.3458333333333333 0.017708333333333333 0.025 
6 0.7580729166666667 0.35703125 0.0203125 0.028645833333333332 
6 0.7484375 0.36302083333333335 0.017708333333333333 0.026041666666666668 
6 0.73671875 0.3653645833333333 0.0171875 0.024479166666666666 
6 0.728125 0.3723958333333333 0.019791666666666666 0.027083333333333334 
6 0.7174479166666666 0.3768229166666667 0.021354166666666667 0.028645833333333332 
6 0.7059895833333333 0.38255208333333335 0.022395833333333334 0.028645833333333332 
6 0.6955729166666667 0.3888020833333333 0.021354166666666667 0.027604166666666666 
6 0.6872395833333333 0.39296875 0.016145833333333335 0.0203125 
6 0.678125 0.39921875 0.019791666666666666 0.030729166666666665 
6 0.6684895833333333 0.4044270833333333 0.022395833333333334 0.030729166666666665 
6 0.64609375 0.41744791666666664 0.0203125 0.028645833333333332 
6 0.8986979166666667 0.4765625 0.0203125 0.014583333333333334 
6 0.63515625 0.42135416666666664 0.022395833333333334 0.03125 
6 0.6234375 0.4278645833333333 0.020833333333333332 0.0296875 
6 0.6125 0.43385416666666665 0.022916666666666665 0.03125 
6 0.6005208333333333 0.44114583333333335 0.026041666666666668 0.035416666666666666 
6 0.5890625 0.44609375 0.021875 0.030729166666666665 
6 0.57890625 0.4505208333333333 0.019270833333333334 0.028125 
6 0.5690104166666666 0.45625 0.0203125 0.029166666666666667 
6 0.5578125 0.4627604166666667 0.023958333333333335 0.0328125 
6 0.546875 0.46640625 0.020833333333333332 0.028645833333333332 
6 0.5377604166666666 0.4752604166666667 0.019270833333333334 0.0265625 
6 0.5265625 0.48046875 0.025 0.033854166666666664 
6 0.5138020833333333 0.48541666666666666 0.024479166666666666 0.03333333333333333 
6 0.5020833333333333 0.48984375 0.025 0.030729166666666665 
6 0.7533854166666667 0.3125 0.011979166666666667 0.016666666666666666 
6 0.7580729166666667 0.30963541666666666 0.0109375 0.016145833333333335 
6 0.7635416666666667 0.30625 0.011458333333333333 0.015625 
6 0.7184895833333333 0.2921875 0.015104166666666667 0.0125 
6 0.8041666666666667 0.5768229166666666 0.023958333333333335 0.0171875 
6 0.8096354166666667 0.5859375 0.0234375 0.015625 
6 0.8125 0.5963541666666666 0.01875 0.013541666666666667 
6 0.7822916666666667 0.6002604166666666 0.023958333333333335 0.0171875 
6 0.71796875 0.6190104166666667 0.0171875 0.013020833333333334 
6 0.61328125 0.6013020833333333 0.015104166666666667 0.011979166666666667 
6 0.6505208333333333 0.6729166666666667 0.013541666666666667 0.010416666666666666 
6 0.7036458333333333 0.6450520833333333 0.014583333333333334 0.0109375 
6 0.7794270833333333 0.2981770833333333 0.0109375 0.016145833333333335 
6 0.7739583333333333 0.30130208333333336 0.011458333333333333 0.016145833333333335 
6 0.76796875 0.30234375 0.011979166666666667 0.016145833333333335 
6 0.7953125 0.27395833333333336 0.009375 0.013541666666666667 
6 0.7903645833333334 0.27291666666666664 0.0078125 0.014583333333333334 
6 0.7861979166666667 0.271875 0.0078125 0.014583333333333334 
6 0.7815104166666667 0.2703125 0.0078125 0.014583333333333334 
6 0.7776041666666667 0.26901041666666664 0.007291666666666667 0.015104166666666667 
6 0.7729166666666667 0.2682291666666667 0.007291666666666667 0.015625 
6 0.76875 0.2671875 0.007291666666666667 0.015625 
6 0.7380208333333333 0.259375 0.008333333333333333 0.015625 
6 0.7328125 0.25807291666666665 0.008333333333333333 0.015104166666666667 
6 0.7276041666666667 0.25703125 0.008333333333333333 0.015104166666666667 
6 0.721875 0.2565104166666667 0.009375 0.016145833333333335 
6 0.7333333333333333 0.3229166666666667 0.015625 0.0125 
6 0.7299479166666667 0.31796875 0.011979166666666667 0.009895833333333333 
6 0.72734375 0.30755208333333334 0.015104166666666667 0.009895833333333333 
6 0.7255208333333333 0.3026041666666667 0.013541666666666667 0.010416666666666666 
6 0.7216145833333333 0.29765625 0.015104166666666667 0.0109375 
6 0.36171875 0.5846354166666666 0.0296875 0.024479166666666666 
6 0.35546875 0.5747395833333333 0.025520833333333333 0.0203125 
6 0.3578125 0.55859375 0.023958333333333335 0.009895833333333333 
6 0.44166666666666665 0.47578125 0.021875 0.008854166666666666 
6 0.4440104166666667 0.4552083333333333 0.0203125 0.007291666666666667 
6 0.4427083333333333 0.44479166666666664 0.019791666666666666 0.007291666666666667 
6 0.44453125 0.43515625 0.015104166666666667 0.0067708333333333336 
6 0.8411458333333334 0.5278645833333333 0.021875 0.016145833333333335 
6 0.8361979166666667 0.5200520833333333 0.024479166666666666 0.0171875 
6 0.83203125 0.51171875 0.0234375 0.0171875 
6 0.82421875 0.49453125 0.022395833333333334 0.0171875 
6 0.81953125 0.4859375 0.0234375 0.016666666666666666 
6 0.81484375 0.478125 0.0234375 0.016666666666666666 
6 0.8098958333333334 0.46770833333333334 0.028125 0.020833333333333332 
6 0.8325520833333333 0.45598958333333334 0.0234375 0.018229166666666668 
6 0.8385416666666666 0.46588541666666666 0.020833333333333332 0.016145833333333335 
6 0.8427083333333333 0.47369791666666666 0.021875 0.016145833333333335 
6 0.8479166666666667 0.4817708333333333 0.022916666666666665 0.017708333333333333 
6 0.85234375 0.490625 0.021354166666666667 0.016666666666666666 
6 0.85625 0.4986979166666667 0.020833333333333332 0.016145833333333335 
6 0.8609375 0.50703125 0.021875 0.016145833333333335 
6 0.8645833333333334 0.5158854166666667 0.019791666666666666 0.015104166666666667 
6 0.86875 0.5247395833333334 0.01875 0.0140625 
6 0.8739583333333333 0.5322916666666667 0.020833333333333332 0.015625 
6 0.878125 0.5403645833333334 0.021875 0.016145833333333335 
6 0.8822916666666667 0.5486979166666667 0.015625 0.013020833333333334 
6 0.8877604166666667 0.55625 0.0171875 0.0125 
6 0.91484375 0.5106770833333333 0.022395833333333334 0.016145833333333335 
6 0.91015625 0.5028645833333333 0.022395833333333334 0.016145833333333335 
6 0.9067708333333333 0.49375 0.020833333333333332 0.014583333333333334 
6 0.9026041666666667 0.48515625 0.019791666666666666 0.015104166666666667 
6 0.4421875 0.465625 0.022916666666666665 0.009375 
6 0.44036458333333334 0.49114583333333334 0.0234375 0.016666666666666666 
6 0.35833333333333334 0.54765625 0.022916666666666665 0.008854166666666666 
6 0.4453125 0.50078125 0.028125 0.021354166666666667 
6 0.3567708333333333 0.5359375 0.028125 0.011458333333333333 
6 0.35833333333333334 0.5247395833333334 0.026041666666666668 0.0109375 
6 0.35859375 0.5138020833333333 0.025520833333333333 0.009895833333333333 
6 0.35833333333333334 0.50078125 0.027083333333333334 0.0109375 
6 0.359375 0.4890625 0.025 0.009375 
6 0.35989583333333336 0.47708333333333336 0.022916666666666665 0.009375 
6 0.36041666666666666 0.46484375 0.028125 0.009895833333333333 
6 0.3606770833333333 0.45260416666666664 0.0265625 0.011458333333333333 
6 0.35989583333333336 0.43984375 0.027083333333333334 0.0109375 
6 0.39088541666666665 0.44947916666666665 0.019270833333333334 0.008333333333333333 
6 0.39166666666666666 0.4588541666666667 0.019791666666666666 0.007291666666666667 
6 0.39114583333333336 0.46953125 0.019791666666666666 0.0078125 
6 0.390625 0.4791666666666667 0.022916666666666665 0.008333333333333333 
6 0.39036458333333335 0.48880208333333336 0.024479166666666666 0.008854166666666666 
6 0.38984375 0.4984375 0.021354166666666667 0.008333333333333333 
6 0.38984375 0.5083333333333333 0.0234375 0.008333333333333333 
6 0.38828125 0.5177083333333333 0.024479166666666666 0.008333333333333333 
6 0.3888020833333333 0.52734375 0.0234375 0.0078125 
6 0.3893229166666667 0.5372395833333333 0.024479166666666666 0.008854166666666666 
6 0.384375 0.5458333333333333 0.015625 0.00625 
6 0.38515625 0.5609375 0.0203125 0.0125 
6 0.3885416666666667 0.5708333333333333 0.027083333333333334 0.01875 
6 0.49192708333333335 0.49635416666666665 0.0234375 0.03229166666666667 
6 0.48203125 0.5041666666666667 0.0265625 0.036458333333333336 
6 0.4747395833333333 0.5083333333333333 0.019270833333333334 0.026041666666666668 
6 0.46015625 0.5385416666666667 0.0359375 0.027083333333333334 
6 0.4513020833333333 0.5263020833333333 0.03802083333333333 0.027604166666666666 
6 0.4153645833333333 0.8036458333333333 0.027604166666666666 0.009375 
6 0.41744791666666664 0.7770833333333333 0.013020833333333334 0.017708333333333333 
6 0.4375 0.7658854166666667 0.0125 0.016145833333333335 
6 0.3203125 0.1953125 0.016666666666666666 0.00625 
6 0.2955729166666667 0.20598958333333334 0.018229166666666668 0.0067708333333333336 
6 0.2955729166666667 0.215625 0.019270833333333334 0.007291666666666667 
6 0.29453125 0.225 0.0203125 0.008333333333333333 
6 0.29296875 0.234375 0.0171875 0.00625 
6 0.2942708333333333 0.24609375 0.021875 0.0109375 
6 0.290625 0.25859375 0.022916666666666665 0.008854166666666666 
6 0.31666666666666665 0.2635416666666667 0.021875 0.0125 
6 0.31796875 0.25026041666666665 0.013020833333333334 0.0067708333333333336 
6 0.31796875 0.2421875 0.0140625 0.00625 
6 0.31875 0.23203125 0.016666666666666666 0.0067708333333333336 
6 0.31927083333333334 0.22317708333333333 0.010416666666666666 0.0046875 
6 0.31979166666666664 0.21328125 0.016666666666666666 0.0067708333333333336 
6 0.31953125 0.20442708333333334 0.018229166666666668 0.0067708333333333336 
6 0.32083333333333336 0.1859375 0.017708333333333333 0.007291666666666667 
6 0.45 0.29375 0.025 0.009375 
6 0.32109375 0.1765625 0.019270833333333334 0.007291666666666667 
6 0.2950520833333333 0.16979166666666667 0.021354166666666667 0.007291666666666667 
6 0.2955729166666667 0.15130208333333334 0.018229166666666668 0.0067708333333333336 
6 0.29583333333333334 0.14296875 0.0125 0.005729166666666666 
6 0.21276041666666667 0.13046875 0.0296875 0.0078125 
6 0.21223958333333334 0.1453125 0.030729166666666665 0.011458333333333333 
6 0.21328125 0.15859375 0.0265625 0.0109375 
6 0.21171875 0.17135416666666667 0.027604166666666666 0.010416666666666666 
6 0.2109375 0.18385416666666668 0.029166666666666667 0.009375 
6 0.21171875 0.19791666666666666 0.028645833333333332 0.010416666666666666 
6 0.20963541666666666 0.21041666666666667 0.030729166666666665 0.010416666666666666 
6 0.20989583333333334 0.22421875 0.03125 0.011979166666666667 
6 0.2234375 0.24322916666666666 0.040625 0.016666666666666666 
6 0.29609375 0.19739583333333333 0.0171875 0.00625 
6 0.29583333333333334 0.18802083333333333 0.01875 0.008333333333333333 
6 0.29661458333333335 0.17864583333333334 0.019270833333333334 0.008333333333333333 
6 0.359375 0.16744791666666667 0.01875 0.0067708333333333336 
6 0.4515625 0.2721354166666667 0.026041666666666668 0.009895833333333333 
6 0.4515625 0.26119791666666664 0.026041666666666668 0.009895833333333333 
6 0.45208333333333334 0.25078125 0.025 0.0078125 
6 0.453125 0.2390625 0.022916666666666665 0.009375 
6 0.45208333333333334 0.22760416666666666 0.025 0.009375 
6 0.4515625 0.21614583333333334 0.026041666666666668 0.010416666666666666 
6 0.45234375 0.2046875 0.024479166666666666 0.009375 
6 0.45 0.19296875 0.020833333333333332 0.008854166666666666 
6 0.45026041666666666 0.1828125 0.019270833333333334 0.008333333333333333 
6 0.35911458333333335 0.215625 0.0171875 0.007291666666666667 
6 0.35833333333333334 0.22421875 0.014583333333333334 0.0067708333333333336 
6 0.35833333333333334 0.23203125 0.016666666666666666 0.0078125 
6 0.35859375 0.24088541666666666 0.0171875 0.0078125 
6 0.35885416666666664 0.24817708333333333 0.014583333333333334 0.005729166666666666 
6 0.3580729166666667 0.25703125 0.015104166666666667 0.005729166666666666 
6 0.3854166666666667 0.26927083333333335 0.03125 0.011458333333333333 
6 0.38645833333333335 0.25833333333333336 0.027083333333333334 0.007291666666666667 
6 0.38776041666666666 0.2484375 0.024479166666666666 0.010416666666666666 
6 0.38567708333333334 0.2375 0.024479166666666666 0.008333333333333333 
6 0.38567708333333334 0.22682291666666668 0.025520833333333333 0.008854166666666666 
6 0.3848958333333333 0.21588541666666666 0.022916666666666665 0.008854166666666666 
6 0.38697916666666665 0.20625 0.019791666666666666 0.008333333333333333 
6 0.38645833333333335 0.1953125 0.021875 0.007291666666666667 
6 0.359375 0.1921875 0.0125 0.00625 
6 0.36015625 0.184375 0.015104166666666667 0.00625 
6 0.38828125 0.18411458333333333 0.0203125 0.0078125 
6 0.3875 0.17447916666666666 0.021875 0.008333333333333333 
6 0.24192708333333332 0.23020833333333332 0.021354166666666667 0.008333333333333333 
6 0.24192708333333332 0.22161458333333334 0.022395833333333334 0.008854166666666666 
6 0.24322916666666666 0.21145833333333333 0.022916666666666665 0.008333333333333333 
12 0.5848958333333333 0.6588541666666666 0.09270833333333334 0.12604166666666666 
12 0.6950520833333333 0.60078125 0.08802083333333334 0.12135416666666667 
12 0.77734375 0.55859375 0.10052083333333334 0.1296875 
12 0.8502604166666666 0.51953125 0.09635416666666667 0.12760416666666666 
12 0.9151041666666667 0.4869791666666667 0.08958333333333333 0.125 
12 0.9713541666666666 0.45729166666666665 0.0875 0.12395833333333334 
12 1.0244791666666666 0.42864583333333334 0.08645833333333333 0.12395833333333334 
7 0.6752604166666667 0.32421875 0.025520833333333333 0.0328125 
7 0.7013020833333333 0.32395833333333335 0.025520833333333333 0.03229166666666667 
7 0.6546875 0.3489583333333333 0.025 0.03229166666666667 
7 0.6369791666666667 0.3580729166666667 0.025 0.0328125 
13 0.61328125 0.3697916666666667 0.027604166666666666 0.03333333333333333 
12 0.6463541666666667 0.41380208333333335 0.36354166666666665 0.21302083333333333 
12 0.4479166666666667 0.5130208333333334 0.06145833333333333 0.06354166666666666 
12 0.44635416666666666 0.45208333333333334 0.026041666666666668 0.06145833333333333 
12 0.22916666666666666 0.45677083333333335 0.15 0.09583333333333334 
12 0.2596354166666667 0.5559895833333334 0.0984375 0.0859375 
12 0.2799479166666667 0.6106770833333334 0.05260416666666667 0.0453125 
12 0.3734375 0.5122395833333333 0.059375 0.16510416666666666 
12 0.1640625 0.3372395833333333 0.08333333333333333 0.14114583333333333 
12 0.27447916666666666 0.34869791666666666 0.06354166666666666 0.1171875 
12 0.371875 0.36354166666666665 0.06458333333333334 0.11145833333333334 
12 0.45 0.36484375 0.030208333333333334 0.11197916666666667 
12 0.45390625 0.24348958333333334 0.0328125 0.1171875 
12 0.3736979166666667 0.20963541666666666 0.049479166666666664 0.11302083333333333 
12 0.3067708333333333 0.20260416666666667 0.04375 0.11875 
12 0.22526041666666666 0.18229166666666666 0.05572916666666667 0.125 
12 0.6401041666666667 0.6302083333333334 0.08854166666666667 0.12291666666666666 
12 0.5208333333333334 0.6919270833333333 0.09270833333333334 0.1265625 
6 0.24244791666666668 0.20104166666666667 0.018229166666666668 0.007291666666666667 
12 0.43723958333333335 0.73359375 0.13177083333333334 0.14427083333333332 
6 0.2421875 0.19036458333333334 0.01875 0.008854166666666666 
6 0.2421875 0.18125 0.019791666666666666 0.008333333333333333 
6 0.24348958333333334 0.17213541666666668 0.0203125 0.0067708333333333336 
6 0.24375 0.1625 0.020833333333333332 0.00625 
6 0.24427083333333333 0.153125 0.019791666666666666 0.007291666666666667 
6 0.24609375 0.1265625 0.0140625 0.005208333333333333 
6 0.24427083333333333 0.13489583333333333 0.017708333333333333 0.007291666666666667 
6 0.2453125 0.14453125 0.020833333333333332 0.0067708333333333336 
6 0.14401041666666667 0.1140625 0.0328125 0.0125 
6 0.14244791666666667 0.12630208333333334 0.024479166666666666 0.0109375 
6 0.12005208333333334 0.12604166666666666 0.0078125 0.016666666666666666 
6 0.14244791666666667 0.13932291666666666 0.027604166666666666 0.009895833333333333 
6 0.14114583333333333 0.15234375 0.028125 0.009895833333333333 
6 0.14088541666666668 0.16484375 0.027604166666666666 0.009895833333333333 
6 0.140625 0.17760416666666667 0.028125 0.011458333333333333 
6 0.13984375 0.19140625 0.027604166666666666 0.0109375 
6 0.13958333333333334 0.20442708333333334 0.026041666666666668 0.009895833333333333 
6 0.140625 0.21692708333333333 0.027083333333333334 0.0109375 
6 0.13463541666666667 0.23125 0.03177083333333333 0.0125 
6 0.11484375 0.20130208333333333 0.013020833333333334 0.0390625 
6 0.11666666666666667 0.15625 0.014583333333333334 0.03229166666666667 
6 0.05520833333333333 0.15338541666666666 0.04791666666666667 0.0796875 
6 0.017447916666666667 0.06744791666666666 0.03177083333333333 0.0171875 
6 0.01484375 0.08046875 0.0296875 0.018229166666666668 
6 0.06875 0.09296875 0.009375 0.0234375 
6 0.10520833333333333 0.10078125 0.009375 0.0265625 
6 0.09036458333333333 0.10208333333333333 0.0109375 0.027083333333333334 
6 0.45026041666666666 0.2830729166666667 0.024479166666666666 0.009895833333333333 
6 0.4510416666666667 0.31614583333333335 0.020833333333333332 0.009375 
6 0.4510416666666667 0.7591145833333334 0.0125 0.016145833333333335 
6 0.2526041666666667 0.52421875 0.04375 0.011979166666666667 
6 0.15598958333333332 0.35078125 0.024479166666666666 0.009895833333333333 
6 0.15833333333333333 0.3625 0.025 0.009375 
6 0.19010416666666666 0.3502604166666667 0.026041666666666668 0.009895833333333333 
6 0.19114583333333332 0.3614583333333333 0.025 0.008333333333333333 
6 0.17682291666666666 0.3919270833333333 0.03802083333333333 0.011979166666666667 
6 0.17265625 0.37734375 0.043229166666666666 0.0140625 
6 0.20520833333333333 0.3841145833333333 0.0125 0.030729166666666665 
6 0.17916666666666667 0.4044270833333333 0.03229166666666667 0.011979166666666667 
6 0.2125 0.4231770833333333 0.05625 0.016145833333333335 
6 0.23489583333333333 0.44140625 0.04479166666666667 0.0140625 
6 0.23828125 0.46015625 0.04010416666666667 0.015104166666666667 
6 0.22890625 0.47604166666666664 0.05260416666666667 0.013541666666666667 
6 0.23541666666666666 0.49296875 0.04583333333333333 0.0140625 
6 0.24973958333333332 0.53828125 0.0390625 0.013020833333333334 
6 0.4479166666666667 0.32578125 0.025 0.009895833333333333 
6 0.2526041666666667 0.5528645833333333 0.041666666666666664 0.013020833333333334 
6 0.25755208333333335 0.5661458333333333 0.03177083333333333 0.010416666666666666 
6 0.25833333333333336 0.578125 0.027083333333333334 0.009375 
6 0.25859375 0.58984375 0.027604166666666666 0.008854166666666666 
6 0.26458333333333334 0.6057291666666667 0.013541666666666667 0.010416666666666666 
6 0.26848958333333334 0.6114583333333333 0.018229166666666668 0.013541666666666667 
6 0.2830729166666667 0.6265625 0.028645833333333332 0.021875 
6 0.27005208333333336 0.6208333333333333 0.022395833333333334 0.016666666666666666 
6 0.2921875 0.5841145833333333 0.026041666666666668 0.0109375 
6 0.29244791666666664 0.5713541666666667 0.025520833333333333 0.009375 
6 0.29322916666666665 0.5591145833333333 0.027083333333333334 0.009895833333333333 
6 0.29375 0.546875 0.025 0.009375 
6 0.29453125 0.5356770833333333 0.0234375 0.009895833333333333 
6 0.15442708333333333 0.3390625 0.030729166666666665 0.011458333333333333 
6 0.19010416666666666 0.33828125 0.027083333333333334 0.009895833333333333 
6 0.15104166666666666 0.32526041666666666 0.036458333333333336 0.011979166666666667 
6 0.15130208333333334 0.3104166666666667 0.0359375 0.0125 
6 0.4830729166666667 0.7479166666666667 0.0171875 0.014583333333333334 
6 0.47708333333333336 0.7393229166666667 0.019791666666666666 0.015104166666666667 
6 0.4734375 0.7315104166666667 0.019791666666666666 0.015104166666666667 
6 0.46848958333333335 0.7231770833333333 0.019270833333333334 0.015104166666666667 
6 0.46510416666666665 0.71484375 0.01875 0.0140625 
6 0.46041666666666664 0.7059895833333333 0.01875 0.015104166666666667 
6 0.45416666666666666 0.6984375 0.01875 0.014583333333333334 
6 0.45208333333333334 0.68984375 0.019791666666666666 0.015104166666666667 
6 0.44765625 0.68125 0.019270833333333334 0.014583333333333334 
6 0.44296875 0.6731770833333334 0.019270833333333334 0.0140625 
6 0.4265625 0.6671875 0.04375 0.030208333333333334 
6 0.43020833333333336 0.746875 0.05625 0.036458333333333336 
6 0.3736979166666667 0.7234375 0.0109375 0.01875 
6 0.42161458333333335 0.6989583333333333 0.028645833333333332 0.020833333333333332 
6 0.421875 0.7125 0.03333333333333333 0.026041666666666668 
6 0.42526041666666664 0.7291666666666666 0.04635416666666667 0.034375 
6 0.01640625 0.37994791666666666 0.030729166666666665 0.011979166666666667 
6 0.008333333333333333 0.35182291666666665 0.011458333333333333 0.034895833333333334 
6 0.021354166666666667 0.35234375 0.014583333333333334 0.033854166666666664 
6 0.1796875 0.26484375 0.03333333333333333 0.011979166666666667 
6 0.1375 0.2640625 0.029166666666666667 0.011458333333333333 
6 0.14505208333333333 0.28098958333333335 0.04739583333333333 0.013020833333333334 
6 0.14609375 0.29609375 0.04114583333333333 0.0140625 
6 0.19140625 0.28046875 0.025520833333333333 0.009895833333333333 
6 0.19140625 0.2916666666666667 0.025520833333333333 0.009375 
6 0.1921875 0.3028645833333333 0.028125 0.009895833333333333 
6 0.18958333333333333 0.3140625 0.025 0.010416666666666666 
6 0.2950520833333333 0.5239583333333333 0.027604166666666666 0.010416666666666666 
6 0.2833333333333333 0.5106770833333333 0.036458333333333336 0.0109375 
6 0.28151041666666665 0.49765625 0.03177083333333333 0.011979166666666667 
6 0.3567708333333333 0.41432291666666665 0.020833333333333332 0.008854166666666666 
6 0.35651041666666666 0.3919270833333333 0.028645833333333332 0.0109375 
6 0.3567708333333333 0.37916666666666665 0.028125 0.010416666666666666 
6 0.35885416666666664 0.36744791666666665 0.027083333333333334 0.009895833333333333 
6 0.35833333333333334 0.35520833333333335 0.029166666666666667 0.010416666666666666 
6 0.359375 0.34322916666666664 0.027083333333333334 0.009375 
6 0.36015625 0.33098958333333334 0.027604166666666666 0.009895833333333333 
6 0.3580729166666667 0.3184895833333333 0.027604166666666666 0.0109375 
6 0.36015625 0.30520833333333336 0.03177083333333333 0.011458333333333333 
6 0.39401041666666664 0.31354166666666666 0.024479166666666666 0.008333333333333333 
6 0.3932291666666667 0.3221354166666667 0.023958333333333335 0.0078125 
6 0.3927083333333333 0.33203125 0.023958333333333335 0.008854166666666666 
6 0.39140625 0.34140625 0.022395833333333334 0.008854166666666666 
6 0.3927083333333333 0.35130208333333335 0.023958333333333335 0.008854166666666666 
6 0.390625 0.36041666666666666 0.021875 0.008333333333333333 
6 0.39088541666666665 0.36953125 0.0234375 0.0078125 
6 0.38984375 0.37838541666666664 0.021354166666666667 0.008854166666666666 
6 0.3885416666666667 0.38723958333333336 0.020833333333333332 0.0078125 
6 0.390625 0.3963541666666667 0.025 0.009375 
6 0.3885416666666667 0.40625 0.01875 0.008333333333333333 
6 0.44505208333333335 0.4140625 0.019270833333333334 0.007291666666666667 
6 0.44557291666666665 0.4044270833333333 0.0234375 0.0078125 
6 0.44505208333333335 0.39505208333333336 0.022395833333333334 0.008854166666666666 
6 0.44505208333333335 0.38515625 0.024479166666666666 0.009895833333333333 
6 0.4466145833333333 0.37578125 0.0203125 0.008854166666666666 
6 0.44817708333333334 0.36614583333333334 0.0203125 0.008333333333333333 
6 0.4466145833333333 0.346875 0.0234375 0.010416666666666666 
6 0.45026041666666666 0.33619791666666665 0.0203125 0.0078125 
6 0.35598958333333336 0.403125 0.0296875 0.010416666666666666 
6 0.35963541666666665 0.42734375 0.030729166666666665 0.0109375 
6 0.2825520833333333 0.48463541666666665 0.030729166666666665 0.0109375 
6 0.39348958333333334 0.428125 0.024479166666666666 0.009375 
6 0.2833333333333333 0.47213541666666664 0.035416666666666666 0.013020833333333334 
6 0.284375 0.46041666666666664 0.035416666666666666 0.011458333333333333 
6 0.28541666666666665 0.44817708333333334 0.035416666666666666 0.013020833333333334 
6 0.28489583333333335 0.43645833333333334 0.03333333333333333 0.011458333333333333 
6 0.2830729166666667 0.42421875 0.027604166666666666 0.0109375 
6 0.25416666666666665 0.3958333333333333 0.03333333333333333 0.011458333333333333 
6 0.2565104166666667 0.384375 0.027604166666666666 0.009375 
6 0.2546875 0.37161458333333336 0.030208333333333334 0.0109375 
6 0.2591145833333333 0.359375 0.0265625 0.010416666666666666 
6 0.25625 0.34765625 0.028125 0.0109375 
6 0.25807291666666665 0.33541666666666664 0.028645833333333332 0.009375 
6 0.25703125 0.32369791666666664 0.025520833333333333 0.009895833333333333 
6 0.25885416666666666 0.3111979166666667 0.025 0.009895833333333333 
6 0.25885416666666666 0.2989583333333333 0.026041666666666668 0.010416666666666666 
6 0.2640625 0.28541666666666665 0.035416666666666666 0.011458333333333333 
6 0.29244791666666664 0.2955729166666667 0.0234375 0.0078125 
6 0.29270833333333335 0.30546875 0.026041666666666668 0.0109375 
6 0.29296875 0.3171875 0.025520833333333333 0.009375 
6 0.2908854166666667 0.32890625 0.025520833333333333 0.0109375 
6 0.29192708333333334 0.340625 0.0296875 0.011458333333333333 
6 0.28932291666666665 0.35208333333333336 0.0234375 0.010416666666666666 
6 0.28984375 0.36354166666666665 0.025520833333333333 0.010416666666666666 
6 0.28932291666666665 0.37473958333333335 0.025520833333333333 0.009895833333333333 
6 0.2890625 0.38619791666666664 0.028125 0.009895833333333333 
6 0.28984375 0.39921875 0.025520833333333333 0.0078125 
6 0.29010416666666666 0.4109375 0.021875 0.007291666666666667 
6 0.3927083333333333 0.4388020833333333 0.023958333333333335 0.009895833333333333 
6 0.7989583333333333 0.5677083333333334 0.023958333333333335 0.016666666666666666 
6 0.7765625 0.5908854166666667 0.026041666666666668 0.018229166666666668 
6 0.7721354166666666 0.58203125 0.024479166666666666 0.0171875 
4 0.9166666666666666 0.7380208333333333 0.011458333333333333 0.009375 
4 0.8947916666666667 0.7401041666666667 0.011458333333333333 0.009375 
4 0.8916666666666667 0.7171875 0.00625 0.011458333333333333 
4 0.9028645833333333 0.7106770833333333 0.0067708333333333336 0.011979166666666667 
4 0.98984375 0.5640625 0.0078125 0.011458333333333333 
4 0.9947916666666666 0.5614583333333333 0.008333333333333333 0.0125 
4 0.91796875 0.571875 0.011979166666666667 0.010416666666666666 
4 0.7270833333333333 0.6950520833333333 0.008333333333333333 0.011979166666666667 
4 0.9161458333333333 0.7276041666666667 0.013541666666666667 0.011458333333333333 
4 0.8856770833333333 0.7528645833333333 0.0109375 0.011979166666666667 
4 0.9153645833333334 0.7752604166666667 0.0067708333333333336 0.0109375 
4 0.9247395833333333 0.7580729166666667 0.0067708333333333336 0.013020833333333334 
4 0.71796875 0.6986979166666667 0.0078125 0.0109375 
4 0.7135416666666666 0.7013020833333333 0.009375 0.011979166666666667 
4 0.7091145833333333 0.7033854166666667 0.0078125 0.0109375 
4 0.70078125 0.7080729166666667 0.008854166666666666 0.013020833333333334 
4 0.690625 0.7135416666666666 0.010416666666666666 0.014583333333333334 
4 0.7877604166666666 0.653125 0.013020833333333334 0.009375 
4 0.8356770833333333 0.6630208333333333 0.013020833333333334 0.011458333333333333 
4 0.8427083333333333 0.6591145833333333 0.011458333333333333 0.009895833333333333 
4 0.88359375 0.6377604166666667 0.013020833333333334 0.0109375 
4 0.8622395833333333 0.6505208333333333 0.0109375 0.008333333333333333 
4 0.7848958333333333 0.8395833333333333 0.008333333333333333 0.010416666666666666 
4 0.7927083333333333 0.82578125 0.013541666666666667 0.009895833333333333 
4 0.7880208333333333 0.81640625 0.011458333333333333 0.008854166666666666 
4 0.8125 0.80625 0.013541666666666667 0.011458333333333333 
4 0.8169270833333333 0.8161458333333333 0.0140625 0.011458333333333333 
4 0.821875 0.8268229166666666 0.013541666666666667 0.0109375 
4 0.83125 0.8151041666666666 0.0125 0.009375 
4 0.8276041666666667 0.8109375 0.011458333333333333 0.009375 
4 0.82578125 0.80625 0.013020833333333334 0.009375 
4 0.8229166666666666 0.8018229166666667 0.010416666666666666 0.008854166666666666 
4 0.8208333333333333 0.796875 0.0125 0.009375 
4 0.8177083333333334 0.7924479166666667 0.010416666666666666 0.008854166666666666 
4 0.8143229166666667 0.7875 0.009895833333333333 0.009375 
4 0.8119791666666667 0.7828125 0.010416666666666666 0.008333333333333333 
4 0.86875 0.803125 0.00625 0.010416666666666666 
4 0.9489583333333333 0.74375 0.00625 0.0125 
4 0.9395833333333333 0.7502604166666667 0.005208333333333333 0.0109375 
4 0.7221354166666667 0.6966145833333334 0.008854166666666666 0.0109375 
4 0.7346354166666667 0.6903645833333333 0.008854166666666666 0.011979166666666667 
6 0.22291666666666668 0.409375 0.009375 0.005208333333333333 
4 0.7213541666666666 0.72578125 0.008333333333333333 0.013020833333333334 
4 0.45208333333333334 0.05651041666666667 0.00625 0.0109375 
4 0.44869791666666664 0.054947916666666666 0.0067708333333333336 0.0109375 
4 0.44427083333333334 0.05390625 0.00625 0.0109375 
4 0.4309895833333333 0.05026041666666667 0.0067708333333333336 0.0109375 
4 0.42682291666666666 0.04895833333333333 0.0067708333333333336 0.0125 
4 0.42161458333333335 0.048177083333333336 0.0067708333333333336 0.0109375 
4 0.403125 0.0421875 0.007291666666666667 0.011458333333333333 
4 0.39869791666666665 0.04088541666666667 0.0067708333333333336 0.011979166666666667 
4 0.39375 0.03958333333333333 0.00625 0.011458333333333333 
4 0.13098958333333333 0.03125 0.0109375 0.005208333333333333 
4 0.8591145833333333 0.63046875 0.008854166666666666 0.0109375 
6 0.20572916666666666 0.44114583333333335 0.008333333333333333 0.005208333333333333 
6 0.3450520833333333 0.628125 0.008854166666666666 0.007291666666666667 
4 0.7440104166666667 0.68515625 0.009895833333333333 0.011979166666666667 
6 0.040364583333333336 0.68515625 0.005729166666666666 0.008854166666666666 
6 0.17760416666666667 0.4171875 0.010416666666666666 0.005208333333333333 
6 0.35833333333333334 0.20703125 0.013541666666666667 0.005729166666666666 
6 0.038802083333333334 0.09765625 0.0078125 0.0109375 
4 0.9578125 0.74140625 0.007291666666666667 0.0140625 
6 0.3890625 0.3020833333333333 0.029166666666666667 0.011458333333333333 
6 0.40625 0.7229166666666667 0.007291666666666667 0.009375 
6 0.43125 0.7692708333333333 0.013541666666666667 0.016666666666666666 
6 0.4921875 0.7640625 0.015625 0.013541666666666667 
6 0.4908854166666667 0.75390625 0.0203125 0.016145833333333335 
6 0.8494791666666667 0.8434895833333333 0.021875 0.016145833333333335 
6 0.8807291666666667 0.8393229166666667 0.027083333333333334 0.019270833333333334 
6 0.8768229166666667 0.8294270833333334 0.0265625 0.019270833333333334 
4 0.6453125 0.7223958333333333 0.009375 0.0125 
4 0.6565104166666667 0.7598958333333333 0.009895833333333333 0.0125 
4 0.57265625 0.80390625 0.008854166666666666 0.011979166666666667 
4 0.7270833333333333 0.753125 0.008333333333333333 0.011458333333333333 
4 0.9713541666666666 0.30026041666666664 0.010416666666666666 0.0067708333333333336 
4 0.98515625 0.5669270833333333 0.0078125 0.013020833333333334 
4 0.9791666666666666 0.5697916666666667 0.008333333333333333 0.013541666666666667 
4 0.9692708333333333 0.5760416666666667 0.009375 0.013541666666666667 
4 0.76328125 0.7033854166666667 0.008854166666666666 0.011979166666666667 
4 0.8622395833333333 0.7380208333333333 0.009895833333333333 0.011458333333333333 
4 0.7223958333333333 0.7557291666666667 0.008333333333333333 0.010416666666666666 
6 0.94921875 0.8346354166666666 0.0265625 0.021354166666666667 
6 0.9427083333333334 0.8234375 0.026041666666666668 0.017708333333333333 
6 0.9346354166666667 0.8143229166666667 0.024479166666666666 0.0171875 
4 0.5989583333333334 0.8390625 0.005208333333333333 0.0125 
4 0.5622395833333333 0.8091145833333333 0.0109375 0.0140625 
4 0.5450520833333333 0.78828125 0.009895833333333333 0.011979166666666667 
4 0.5395833333333333 0.7791666666666667 0.008333333333333333 0.011458333333333333 
4 0.5502604166666667 0.77421875 0.008854166666666666 0.009895833333333333 
4 0.5591145833333333 0.7690104166666667 0.009895833333333333 0.011979166666666667 
4 0.5546875 0.7716145833333333 0.009375 0.009895833333333333 
4 0.55234375 0.81328125 0.011979166666666667 0.015104166666666667 
4 0.5817708333333333 0.8005208333333333 0.008333333333333333 0.010416666666666666 
4 0.5880208333333333 0.7666666666666667 0.010416666666666666 0.013541666666666667 
4 0.5776041666666667 0.759375 0.008333333333333333 0.011458333333333333 
4 0.5859375 0.7541666666666667 0.008333333333333333 0.011458333333333333 
4 0.5916666666666667 0.7518229166666667 0.008333333333333333 0.0109375 
4 0.6 0.7473958333333334 0.010416666666666666 0.0125 
4 0.6182291666666667 0.7388020833333333 0.010416666666666666 0.0109375 
4 0.6221354166666667 0.73515625 0.0109375 0.011979166666666667 
4 0.6630208333333333 0.7578125 0.009375 0.0125 
4 0.59921875 0.7901041666666667 0.009895833333333333 0.0125 
4 0.7403645833333333 0.7458333333333333 0.0109375 0.013541666666666667 
4 0.7481770833333333 0.7421875 0.0078125 0.0125 
4 0.7765625 0.6966145833333334 0.008333333333333333 0.011979166666666667 
4 0.77265625 0.6986979166666667 0.008854166666666666 0.011979166666666667 
4 0.75 0.709375 0.010416666666666666 0.0125 
4 0.7427083333333333 0.7145833333333333 0.009375 0.0125 
4 0.7294270833333333 0.721875 0.0109375 0.013541666666666667 
4 0.7125 0.73125 0.009375 0.011458333333333333 
4 0.7565104166666666 0.67890625 0.009895833333333333 0.009895833333333333 
4 0.7510416666666667 0.68125 0.009375 0.011458333333333333 
4 0.5846354166666666 0.8385416666666666 0.005729166666666666 0.0125 
4 0.6049479166666667 0.8388020833333333 0.0067708333333333336 0.011979166666666667 
6 0.9299479166666667 0.8044270833333333 0.028645833333333332 0.021354166666666667 
4 0.61171875 0.8388020833333333 0.0067708333333333336 0.0109375 
6 0.990625 0.8364583333333333 0.036458333333333336 0.023958333333333335 
6 0.9825520833333333 0.8236979166666667 0.034895833333333334 0.025520833333333333 
6 0.9765625 0.8106770833333333 0.034375 0.024479166666666666 
6 0.97109375 0.7994791666666666 0.034895833333333334 0.021875 
6 0.96328125 0.78515625 0.0328125 0.021354166666666667 
4 0.6924479166666667 0.8182291666666667 0.009895833333333333 0.011458333333333333 
4 0.6880208333333333 0.8213541666666667 0.009375 0.011458333333333333 
4 0.6841145833333333 0.825 0.0109375 0.011458333333333333 
4 0.6802083333333333 0.8278645833333333 0.011458333333333333 0.0109375 
4 0.6755208333333333 0.8315104166666667 0.009375 0.0109375 
4 0.515625 0.80546875 0.010416666666666666 0.0078125 
4 0.5140625 0.8002604166666667 0.0125 0.0078125 
4 0.5122395833333333 0.7950520833333333 0.0109375 0.008854166666666666 
4 0.67265625 0.79921875 0.009895833333333333 0.009895833333333333 
4 0.6682291666666667 0.803125 0.010416666666666666 0.011458333333333333 
4 0.65703125 0.8125 0.0109375 0.010416666666666666 
4 0.65234375 0.81640625 0.009895833333333333 0.0109375 
4 0.6484375 0.82109375 0.011458333333333333 0.013020833333333334 
4 0.6440104166666667 0.8239583333333333 0.009895833333333333 0.0125 
4 0.6325520833333333 0.8296875 0.009895833333333333 0.0125 
4 0.6377604166666667 0.8270833333333333 0.0109375 0.0125 
4 0.6278645833333333 0.8328125 0.009895833333333333 0.013541666666666667 
4 0.6221354166666667 0.834375 0.009895833333333333 0.0125 
4 0.61640625 0.8361979166666667 0.009895833333333333 0.0109375 
6 0.76640625 0.5734375 0.0265625 0.019791666666666666 
4 0.16875 0.07994791666666666 0.009375 0.011979166666666667 
4 0.22421875 0.023177083333333334 0.0078125 0.0109375 
4 0.21875 0.021354166666666667 0.008333333333333333 0.0125 
4 0.2986979166666667 0.11276041666666667 0.0078125 0.0109375 
4 0.30052083333333335 0.0765625 0.007291666666666667 0.011458333333333333 
4 0.27890625 0.0734375 0.0067708333333333336 0.010416666666666666 
4 0.2703125 0.10520833333333333 0.008333333333333333 0.011458333333333333 
4 0.26171875 0.02109375 0.0109375 0.0067708333333333336 
4 0.24036458333333333 0.027083333333333334 0.0067708333333333336 0.0125 
4 0.26510416666666664 0.03567708333333333 0.00625 0.0109375 
4 0.20208333333333334 0.01640625 0.00625 0.0109375 
4 0.18255208333333334 0.009114583333333334 0.0078125 0.0109375 
4 0.17161458333333332 0.007552083333333333 0.0078125 0.011979166666666667 
4 0.17994791666666668 0.08177083333333333 0.008854166666666666 0.0125 
4 0.17682291666666666 0.05390625 0.0078125 0.0109375 
4 0.4830729166666667 0.1375 0.0078125 0.011458333333333333 
4 0.165625 0.05130208333333333 0.008333333333333333 0.0109375 
4 0.16666666666666666 0.022135416666666668 0.008333333333333333 0.0109375 
4 0.16197916666666667 0.020052083333333335 0.007291666666666667 0.0109375 
4 0.13203125 0.011979166666666667 0.011979166666666667 0.004166666666666667 
4 0.13177083333333334 0.021875 0.010416666666666666 0.005208333333333333 
4 0.13046875 0.03723958333333333 0.011979166666666667 0.005729166666666666 
4 0.12864583333333332 0.06328125 0.011458333333333333 0.0067708333333333336 
4 0.12786458333333334 0.06822916666666666 0.0109375 0.005208333333333333 
4 0.11744791666666667 0.024479166666666666 0.0109375 0.010416666666666666 
4 0.11614583333333334 0.03125 0.010416666666666666 0.009375 
4 0.11614583333333334 0.037760416666666664 0.010416666666666666 0.011979166666666667 
4 0.11432291666666666 0.05182291666666667 0.009895833333333333 0.0109375 
4 0.1125 0.06510416666666667 0.011458333333333333 0.010416666666666666 
4 0.2911458333333333 0.04375 0.007291666666666667 0.013541666666666667 
4 0.30807291666666664 0.046614583333333334 0.0078125 0.0109375 
4 0.34140625 0.040364583333333336 0.011979166666666667 0.0078125 
4 0.30546875 0.016927083333333332 0.0067708333333333336 0.011979166666666667 
4 0.45703125 0.13098958333333333 0.0078125 0.011979166666666667 
4 0.4473958333333333 0.12864583333333332 0.007291666666666667 0.011458333333333333 
4 0.44166666666666665 0.12786458333333334 0.00625 0.0109375 
4 0.43723958333333335 0.12526041666666668 0.005729166666666666 0.009895833333333333 
4 0.44505208333333335 0.11276041666666667 0.013020833333333334 0.008854166666666666 
4 0.44765625 0.10338541666666666 0.0109375 0.0078125 
4 0.4270833333333333 0.12291666666666666 0.007291666666666667 0.010416666666666666 
4 0.41901041666666666 0.08697916666666666 0.0078125 0.011458333333333333 
4 0.37994791666666666 0.13645833333333332 0.0078125 0.0125 
4 0.3609375 0.13020833333333334 0.009375 0.011458333333333333 
4 0.39296875 0.06380208333333333 0.0067708333333333336 0.0109375 
4 0.39765625 0.05651041666666667 0.011979166666666667 0.0078125 
4 0.4544270833333333 0.08098958333333334 0.009895833333333333 0.0078125 
4 0.44036458333333334 0.07630208333333334 0.011979166666666667 0.0078125 
4 0.4354166666666667 0.052083333333333336 0.00625 0.010416666666666666 
4 0.45651041666666664 0.05755208333333333 0.005729166666666666 0.0109375 
4 0.46171875 0.05963541666666667 0.005729166666666666 0.009895833333333333 
4 0.41640625 0.046614583333333334 0.0067708333333333336 0.009895833333333333 
4 0.41119791666666666 0.04505208333333333 0.005729166666666666 0.008854166666666666 
4 0.40729166666666666 0.04453125 0.007291666666666667 0.009895833333333333 
4 0.3885416666666667 0.03828125 0.00625 0.009895833333333333 
4 0.3846354166666667 0.03723958333333333 0.0046875 0.009895833333333333 
4 0.23541666666666666 0.026041666666666668 0.007291666666666667 0.011458333333333333 
4 0.27057291666666666 0.008072916666666667 0.0078125 0.011979166666666667 
4 0.28020833333333334 0.0109375 0.007291666666666667 0.0125 
4 0.2859375 0.011979166666666667 0.008333333333333333 0.011458333333333333 
4 0.29635416666666664 0.01484375 0.008333333333333333 0.011979166666666667 
4 0.07526041666666666 0.05182291666666667 0.013020833333333334 0.009895833333333333 
4 0.05677083333333333 0.03958333333333333 0.010416666666666666 0.005208333333333333 
4 0.04479166666666667 0.013541666666666667 0.005208333333333333 0.010416666666666666 
6 0.6841145833333333 0.2015625 0.0109375 0.007291666666666667 
6 0.8583333333333333 0.5614583333333333 0.019791666666666666 0.015625 
6 0.8533854166666667 0.5536458333333333 0.022395833333333334 0.016666666666666666 
6 0.8494791666666667 0.5450520833333333 0.020833333333333332 0.015104166666666667 
6 0.8447916666666667 0.5369791666666667 0.022916666666666665 0.016666666666666666 
6 0.6169270833333333 0.6903645833333333 0.016145833333333335 0.0140625 
6 0.6791666666666667 0.5486979166666667 0.019791666666666666 0.015104166666666667 
6 0.66328125 0.5453125 0.034895833333333334 0.023958333333333335 
6 0.29348958333333336 0.5979166666666667 0.028645833333333332 0.014583333333333334 
6 0.3854166666666667 0.16510416666666666 0.010416666666666666 0.00625 
6 0.35989583333333336 0.1609375 0.013541666666666667 0.00625 
6 0.3221354166666667 0.15520833333333334 0.0109375 0.007291666666666667 
6 0.20911458333333333 0.11666666666666667 0.0234375 0.015625 
6 0.7942708333333334 0.5588541666666667 0.023958333333333335 0.017708333333333333 
6 0.7893229166666667 0.5502604166666667 0.0234375 0.018229166666666668 
6 0.7841145833333333 0.5403645833333334 0.0234375 0.018229166666666668 
6 0.7791666666666667 0.53203125 0.023958333333333335 0.018229166666666668 
6 0.7731770833333333 0.5231770833333333 0.0234375 0.018229166666666668 
6 0.76953125 0.5135416666666667 0.022395833333333334 0.016666666666666666 
6 0.7643229166666666 0.5046875 0.022395833333333334 0.016666666666666666 
6 0.76015625 0.49453125 0.0234375 0.015104166666666667 
6 0.73515625 0.50625 0.027604166666666666 0.020833333333333332 
6 0.7377604166666667 0.51796875 0.025520833333333333 0.018229166666666668 
6 0.7424479166666667 0.5276041666666667 0.025520833333333333 0.01875 
6 0.7473958333333334 0.5361979166666667 0.027083333333333334 0.018229166666666668 
6 0.7518229166666667 0.5458333333333333 0.025520833333333333 0.019791666666666666 
6 0.7572916666666667 0.5544270833333333 0.027083333333333334 0.019270833333333334 
6 0.76171875 0.5638020833333334 0.024479166666666666 0.018229166666666668 
6 0.9119791666666667 0.60703125 0.009375 0.011979166666666667 
6 0.6997395833333333 0.20572916666666666 0.0067708333333333336 0.009375 
4 0.026822916666666665 0.030208333333333334 0.0109375 0.00625 
6 0.6533854166666667 0.28671875 0.009895833333333333 0.011979166666666667 
6 0.6669270833333333 0.21197916666666666 0.0067708333333333336 0.013541666666666667 
6 0.6736979166666667 0.22239583333333332 0.005729166666666666 0.010416666666666666 
6 0.6596354166666667 0.21848958333333332 0.0067708333333333336 0.009895833333333333 
6 0.75703125 0.2643229166666667 0.0078125 0.013020833333333334 
6 0.6833333333333333 0.2604166666666667 0.007291666666666667 0.010416666666666666 
6 0.6736979166666667 0.25338541666666664 0.009895833333333333 0.011979166666666667 
6 0.66015625 0.2453125 0.0109375 0.013541666666666667 
6 0.6513020833333333 0.23828125 0.0109375 0.011979166666666667 
6 0.6450520833333333 0.23671875 0.008854166666666666 0.0078125 
6 0.6252604166666667 0.22994791666666667 0.0078125 0.009895833333333333 
6 0.6221354166666667 0.22786458333333334 0.008854166666666666 0.008854166666666666 
6 0.6197916666666666 0.22604166666666667 0.007291666666666667 0.010416666666666666 
6 0.6161458333333333 0.22395833333333334 0.008333333333333333 0.010416666666666666 
6 0.603125 0.21614583333333334 0.007291666666666667 0.009375 
6 0.60078125 0.21380208333333334 0.008854166666666666 0.009895833333333333 
6 0.5971354166666667 0.2109375 0.008854166666666666 0.010416666666666666 
6 0.81796875 0.2786458333333333 0.005729166666666666 0.010416666666666666 
6 0.81171875 0.27708333333333335 0.0046875 0.009375 
6 0.8080729166666667 0.27682291666666664 0.0046875 0.008854166666666666 
6 0.8046875 0.27578125 0.004166666666666667 0.009895833333333333 
6 0.8005208333333333 0.27630208333333334 0.00625 0.0109375 
6 0.8317708333333333 0.30364583333333334 0.009375 0.005208333333333333 
6 0.8622395833333333 0.303125 0.0078125 0.009375 
6 0.7973958333333333 0.3307291666666667 0.008333333333333333 0.008333333333333333 
6 0.7177083333333333 0.25364583333333335 0.008333333333333333 0.014583333333333334 
6 0.7114583333333333 0.25234375 0.009375 0.015104166666666667 
6 0.7018229166666666 0.24895833333333334 0.009895833333333333 0.014583333333333334 
4 0.47682291666666665 0.1359375 0.0067708333333333336 0.011458333333333333 
4 0.5005208333333333 0.14348958333333334 0.008333333333333333 0.011979166666666667 
5 0.99375 0.06380208333333333 0.025 0.013020833333333334 
4 0.5666666666666667 0.29270833333333335 0.011458333333333333 0.011458333333333333 
4 0.5856770833333333 0.33619791666666665 0.008854166666666666 0.011979166666666667 
4 0.5778645833333333 0.33307291666666666 0.008854166666666666 0.011979166666666667 
4 0.5552083333333333 0.32005208333333335 0.011458333333333333 0.013020833333333334 
4 0.5911458333333334 0.3098958333333333 0.010416666666666666 0.0125 
4 0.6044270833333333 0.30416666666666664 0.008854166666666666 0.009375 
4 0.5981770833333333 0.30130208333333336 0.009895833333333333 0.009895833333333333 
4 0.5934895833333333 0.29739583333333336 0.009895833333333333 0.011458333333333333 
4 0.48411458333333335 0.3125 0.0140625 0.005208333333333333 
4 0.48489583333333336 0.2921875 0.014583333333333334 0.004166666666666667 
4 0.48411458333333335 0.2864583333333333 0.0140625 0.005208333333333333 
4 0.48541666666666666 0.2794270833333333 0.013541666666666667 0.005729166666666666 
4 0.4861979166666667 0.27291666666666664 0.011979166666666667 0.005208333333333333 
4 0.4856770833333333 0.25729166666666664 0.013020833333333334 0.005208333333333333 
4 0.553125 0.2838541666666667 0.010416666666666666 0.011458333333333333 
4 0.41119791666666666 0.14453125 0.008854166666666666 0.0109375 
4 0.5625 0.28020833333333334 0.010416666666666666 0.011458333333333333 
4 0.5552083333333333 0.2734375 0.010416666666666666 0.010416666666666666 
4 0.6377604166666667 0.2953125 0.009895833333333333 0.011458333333333333 
4 0.62734375 0.2859375 0.008854166666666666 0.010416666666666666 
4 0.6479166666666667 0.25338541666666664 0.010416666666666666 0.0109375 
4 0.6375 0.246875 0.010416666666666666 0.010416666666666666 
4 0.6315104166666666 0.24557291666666667 0.0109375 0.013020833333333334 
4 0.62578125 0.24322916666666666 0.009895833333333333 0.011458333333333333 
4 0.6091145833333333 0.2328125 0.009895833333333333 0.010416666666666666 
4 0.6002604166666666 0.22760416666666666 0.011979166666666667 0.010416666666666666 
4 0.59296875 0.22161458333333334 0.009895833333333333 0.0109375 
4 0.5890625 0.21822916666666667 0.009375 0.010416666666666666 
4 0.5994791666666667 0.26979166666666665 0.009375 0.011458333333333333 
4 0.5625 0.3411458333333333 0.005208333333333333 0.011458333333333333 
4 0.5567708333333333 0.33932291666666664 0.005208333333333333 0.011979166666666667 
4 0.82734375 0.09947916666666666 0.0140625 0.009375 
4 0.8026041666666667 0.12421875 0.013541666666666667 0.0078125 
5 0.94375 0.04192708333333333 0.013541666666666667 0.0234375 
4 0.9591145833333333 0.0375 0.008854166666666666 0.013541666666666667 
4 0.9986979166666666 0.2864583333333333 0.0109375 0.007291666666666667 
4 0.9973958333333334 0.29635416666666664 0.0125 0.008333333333333333 
4 0.9721354166666667 0.29453125 0.011979166666666667 0.008854166666666666 
4 0.9627604166666667 0.29322916666666665 0.0078125 0.0125 
4 0.9536458333333333 0.2942708333333333 0.007291666666666667 0.011458333333333333 
4 0.9442708333333333 0.2890625 0.007291666666666667 0.011458333333333333 
4 0.9018229166666667 0.278125 0.0078125 0.011458333333333333 
4 0.98046875 0.26171875 0.0109375 0.0078125 
4 0.9817708333333334 0.25625 0.010416666666666666 0.007291666666666667 
4 0.9888020833333333 0.2296875 0.0109375 0.008333333333333333 
4 0.9934895833333334 0.2203125 0.009895833333333333 0.00625 
4 0.9958333333333333 0.2109375 0.0125 0.007291666666666667 
4 0.9807291666666667 0.17265625 0.011458333333333333 0.008854166666666666 
4 0.85078125 0.15963541666666667 0.0078125 0.0109375 
4 0.5614583333333333 0.24348958333333334 0.009375 0.0109375 
4 0.5721354166666667 0.2359375 0.009895833333333333 0.0125 
4 0.55078125 0.2203125 0.009895833333333333 0.0125 
4 0.6643229166666667 0.11484375 0.005729166666666666 0.009895833333333333 
4 0.6419270833333334 0.10885416666666667 0.008854166666666666 0.0125 
4 0.6309895833333333 0.10625 0.0078125 0.0125 
4 0.6205729166666667 0.10442708333333334 0.0078125 0.0140625 
4 0.6111979166666667 0.10078125 0.0078125 0.011979166666666667 
4 0.60625 0.09921875 0.007291666666666667 0.0109375 
4 0.5950520833333334 0.09661458333333334 0.0067708333333333336 0.011979166666666667 
4 0.6690104166666667 0.08723958333333333 0.011979166666666667 0.0078125 
4 0.5854166666666667 0.09322916666666667 0.008333333333333333 0.010416666666666666 
4 0.5739583333333333 0.09036458333333333 0.008333333333333333 0.011979166666666667 
4 0.5692708333333333 0.08932291666666667 0.005208333333333333 0.0109375 
4 0.5635416666666667 0.08776041666666666 0.007291666666666667 0.011979166666666667 
4 0.5575520833333333 0.08385416666666666 0.0067708333333333336 0.010416666666666666 
4 0.5059895833333333 0.12994791666666666 0.009895833333333333 0.0067708333333333336 
4 0.509375 0.121875 0.010416666666666666 0.007291666666666667 
4 0.5140625 0.1078125 0.011458333333333333 0.007291666666666667 
4 0.4895833333333333 0.1015625 0.0125 0.007291666666666667 
4 0.49140625 0.09192708333333334 0.0109375 0.0078125 
4 0.4859375 0.21588541666666666 0.013541666666666667 0.005729166666666666 
4 0.4875 0.20520833333333333 0.013541666666666667 0.005208333333333333 
4 0.48802083333333335 0.20052083333333334 0.0125 0.00625 
4 0.47734375 0.16276041666666666 0.0067708333333333336 0.0109375 
4 0.46041666666666664 0.15885416666666666 0.008333333333333333 0.011458333333333333 
4 0.44817708333333334 0.15546875 0.0067708333333333336 0.011979166666666667 
4 0.44140625 0.153125 0.0078125 0.009375 
4 0.43671875 0.15208333333333332 0.0078125 0.010416666666666666 
4 0.4283854166666667 0.1484375 0.0078125 0.010416666666666666 
4 0.42291666666666666 0.146875 0.005208333333333333 0.010416666666666666 
4 0.6578125 0.11302083333333333 0.008333333333333333 0.010416666666666666 
4 0.5721354166666667 0.11354166666666667 0.0067708333333333336 0.010416666666666666 
4 0.5588541666666667 0.22682291666666668 0.010416666666666666 0.013020833333333334 
4 0.55234375 0.12135416666666667 0.005729166666666666 0.010416666666666666 
4 0.5729166666666666 0.21432291666666667 0.011458333333333333 0.0109375 
4 0.5802083333333333 0.21380208333333334 0.009375 0.0109375 
4 0.5442708333333334 0.18958333333333333 0.011458333333333333 0.007291666666666667 
4 0.5440104166666667 0.18229166666666666 0.011979166666666667 0.008333333333333333 
4 0.6052083333333333 0.16223958333333333 0.008333333333333333 0.013020833333333334 
4 0.6114583333333333 0.16276041666666666 0.008333333333333333 0.011979166666666667 
4 0.6450520833333333 0.17265625 0.0067708333333333336 0.011979166666666667 
4 0.6359375 0.16953125 0.00625 0.013020833333333334 
4 0.6260416666666667 0.16692708333333334 0.007291666666666667 0.011979166666666667 
4 0.615625 0.16536458333333334 0.007291666666666667 0.011979166666666667 
4 0.60078125 0.16041666666666668 0.0067708333333333336 0.011458333333333333 
4 0.5908854166666667 0.1578125 0.0067708333333333336 0.0125 
4 0.5809895833333333 0.15520833333333334 0.0067708333333333336 0.010416666666666666 
4 0.5752604166666667 0.15390625 0.005729166666666666 0.011979166666666667 
4 0.5716145833333334 0.15208333333333332 0.005729166666666666 0.011458333333333333 
4 0.5666666666666667 0.1515625 0.007291666666666667 0.011458333333333333 
4 0.56015625 0.14921875 0.0078125 0.0140625 
4 0.6486979166666667 0.14791666666666667 0.008854166666666666 0.011458333333333333 
4 0.6755208333333333 0.16614583333333333 0.0125 0.008333333333333333 
4 0.5950520833333334 0.134375 0.0078125 0.010416666666666666 
4 0.6255208333333333 0.14296875 0.008333333333333333 0.013020833333333334 
4 0.6328125 0.13020833333333334 0.007291666666666667 0.010416666666666666 
4 0.6049479166666667 0.1359375 0.0078125 0.010416666666666666 
4 0.58671875 0.13125 0.0078125 0.010416666666666666 
4 0.5778645833333333 0.12864583333333332 0.0067708333333333336 0.010416666666666666 
4 0.56953125 0.12578125 0.0067708333333333336 0.0109375 
4 0.5604166666666667 0.1234375 0.007291666666666667 0.010416666666666666 
12 0.13776041666666666 0.16171875 0.0390625 0.13385416666666666 
