5 0.8825155494125777 0.4110718492343934 0.0221147201105736 0.05889281507656066 
4 0.9163787145818936 0.41813898704358066 0.02073255010366275 0.04946996466431095 
4 0.9319281271596407 0.43109540636042404 0.018659295093296474 0.04711425206124853 
7 0.5673807878369039 0.5223792697290931 0.1022805805114029 0.24381625441696114 
7 0.6582584657912923 0.5830388692579506 0.10297166551485833 0.24263839811542992 
7 0.7491361437456807 0.6442873969375736 0.1050449205252246 0.24499411071849234 
7 0.8407049067035245 0.7061248527679623 0.10435383552176918 0.2414605418138987 
7 0.5611610228058052 0.7720848056537103 0.1409813407049067 0.17785630153121318 
7 0.7436074637180373 0.8957597173144877 0.1409813407049067 0.17550058892815076 
1 0.20974429854872148 0.643698468786808 0.19972356599861782 0.33568904593639576 
