4 0.09488272921108742 0.10877350044762757 0.024875621890547265 0.024171888988361683 
4 0.04477611940298507 0.18218442256042972 0.028429282160625444 0.02954341987466428 
4 0.06325515280739161 0.03670546105640107 0.028429282160625444 0.03043867502238138 
7 0.8610518834399431 0.6777081468218442 0.09879175550817342 0.17905102954341987 
7 0.7547974413646056 0.6324977618621307 0.09950248756218906 0.17994628469113697 
7 0.6496090973702914 0.5890778871978514 0.09950248756218906 0.17726051924798567 
7 0.5447761194029851 0.5443151298119964 0.10021321961620469 0.18084153983885407 
7 0.43923240938166314 0.4995523724261415 0.09950248756218906 0.17726051924798567 
7 0.3343994314143568 0.4574753804834378 0.09879175550817342 0.18084153983885407 
7 0.22885572139303484 0.41181736794986573 0.09808102345415778 0.17905102954341987 
7 0.12366737739872068 0.36884512085944493 0.09808102345415778 0.17905102954341987 
1 0.8216062544420754 0.1495076096687556 0.302771855010661 0.2990152193375112 
