4 0.6210344827586207 0.6173708920187794 0.04206896551724138 0.04460093896713615 
4 0.4010344827586207 0.903169014084507 0.014482758620689656 0.04107981220657277 
7 0.22275862068965518 0.2664319248826291 0.060689655172413794 0.21830985915492956 
7 0.31862068965517243 0.30809859154929575 0.06482758620689655 0.22417840375586853 
7 0.41344827586206895 0.34976525821596244 0.06275862068965517 0.21830985915492956 
7 0.5589655172413793 0.40316901408450706 0.1413793103448276 0.17253521126760563 
7 0.4048275862068966 0.698943661971831 0.06482758620689655 0.21948356807511737 
7 0.3079310344827586 0.6913145539906104 0.06551724137931035 0.21830985915492956 
7 0.21068965517241378 0.642018779342723 0.06551724137931035 0.215962441314554 
13 0.5020689655172413 0.5258215962441315 0.05517241379310345 0.07042253521126761 
7 0.7389655172413793 0.5134976525821596 0.14 0.16784037558685447 
4 0.05241379310344828 0.6431924882629108 0.02482758620689655 0.023474178403755867 
4 0.1289655172413793 0.6455399061032864 0.023448275862068966 0.02112676056338028 
4 0.1296551724137931 0.6924882629107981 0.023448275862068966 0.02112676056338028 
4 0.13034482758620689 0.5956572769953051 0.023448275862068966 0.022300469483568074 
4 0.13241379310344828 0.4988262910798122 0.027586206896551724 0.02112676056338028 
4 0.13137931034482758 0.5240610328638498 0.02413793103448276 0.01995305164319249 
4 0.05620689655172414 0.6179577464788732 0.028275862068965516 0.02699530516431925 
4 0.060689655172413794 0.5727699530516432 0.016551724137931035 0.03990610328638498 
4 0.04379310344827586 0.5715962441314554 0.014482758620689656 0.04929577464788732 
4 0.12931034482758622 0.6179577464788732 0.025517241379310347 0.022300469483568074 
4 0.028275862068965516 0.5733568075117371 0.013793103448275862 0.04812206572769953 
4 0.24586206896551724 0.8714788732394366 0.017241379310344827 0.04342723004694836 
7 0.12310344827586207 0.2623239436619718 0.06551724137931035 0.21713615023474178 
