4 0.9395203336809176 0.13636363636363635 0.03128258602711158 0.07375643224699828 
4 0.8477580813347236 0.5566037735849056 0.027111574556830033 0.07032590051457976 
4 0.049009384775808136 0.5626072041166381 0.05213764337851929 0.06174957118353345 
4 0.09071949947862357 0.7358490566037735 0.04171011470281543 0.048027444253859346 
4 0.3925964546402503 0.9228130360205832 0.049009384775808136 0.058319039451114926 
4 0.4337851929092805 0.9459691252144082 0.045881126173096975 0.05660377358490566 
4 0.8096976016684045 0.7229845626072041 0.028154327424400417 0.07718696397941681 
4 0.862356621480709 0.4897084048027444 0.027111574556830033 0.06689536878216124 
7 0.6866527632950991 0.5265866209262435 0.1553701772679875 0.3602058319039451 
7 0.5808133472367049 0.46226415094339623 0.15641293013555788 0.3584905660377358 
7 0.45099061522419187 0.3816466552315609 0.1553701772679875 0.3584905660377358 
7 0.34410844629822734 0.3181818181818182 0.16058394160583941 0.3653516295025729 
7 0.20177267987486966 0.2564322469982847 0.15745568300312826 0.3584905660377358 
