4 0.4907110826393338 0.02462908011869436 0.029468289557975657 0.018397626112759646 
4 0.08872517616912236 0.20029673590504452 0.018577834721332478 0.02314540059347181 
4 0.4497117232543241 0.15044510385756676 0.020499679692504803 0.025519287833827894 
4 0.5566944266495836 0.1255192878338279 0.028187059577194105 0.018397626112759646 
4 0.1467008327994875 0.28219584569732936 0.025624599615631006 0.02433234421364985 
4 0.10121716848174248 0.2738872403560831 0.025624599615631006 0.02314540059347181 
4 0.05541319666880205 0.26439169139465873 0.024983984625240232 0.02314540059347181 
4 0.015054452274183215 0.1913946587537092 0.01985906470211403 0.025519287833827894 
4 0.06053811659192825 0.19317507418397625 0.014734144778987828 0.02314540059347181 
4 0.0438821268417681 0.1913946587537092 0.018577834721332478 0.025519287833827894 
4 0.12011531069827033 0.20890207715133532 0.01729660474055093 0.024925816023738872 
4 0.2604099935938501 0.039762611275964393 0.01985906470211403 0.02373887240356083 
4 0.14798206278026907 0.21305637982195846 0.017937219730941704 0.024925816023738872 
7 0.8235105701473414 0.5777448071216618 0.09288917360666239 0.11810089020771514 
7 0.7607303010890455 0.6002967359050445 0.09417040358744394 0.11810089020771514 
7 0.6944266495836002 0.4477744807121662 0.09224855861627163 0.11810089020771514 
7 0.7568866111467009 0.42492581602373886 0.09417040358744394 0.11750741839762611 
7 0.6905829596412556 0.27270029673590507 0.09352978859705317 0.11810089020771514 
7 0.6294042280589366 0.2940652818991098 0.09288917360666239 0.11810089020771514 
1 0.4855861627162076 0.4142433234421365 0.16784112748238308 0.15311572700296736 
4 0.4375400384368994 0.15489614243323443 0.020499679692504803 0.026112759643916916 
4 0.017937219730941704 0.8065281899109792 0.026905829596412557 0.021364985163204748 
4 0.02370275464445868 0.7946587537091988 0.023062139654067906 0.017804154302670624 
4 0.02754644458680333 0.7833827893175074 0.026905829596412557 0.018991097922848664 
4 0.4766175528507367 0.14391691394658754 0.019218449711723255 0.025519287833827894 
4 0.5480461242793081 0.10029673590504451 0.02754644458680333 0.017804154302670624 
4 0.5528507367072389 0.11275964391691394 0.026905829596412557 0.020178041543026708 
4 0.039077514413837285 0.6928783382789317 0.032030749519538756 0.019584569732937686 
4 0.03074951953875721 0.6673590504451039 0.023062139654067906 0.018397626112759646 
4 0.02114029468289558 0.656379821958457 0.025624599615631006 0.018991097922848664 
4 0.26425368353619477 0.30830860534124627 0.01729660474055093 0.02433234421364985 
4 0.02754644458680333 0.25727002967359053 0.028187059577194105 0.027893175074183978 
4 0.07367072389493914 0.2658753709198813 0.025624599615631006 0.02373887240356083 
4 0.041319666880205 0.26142433234421364 0.024983984625240232 0.02314540059347181 
4 0.029468289557975657 0.19080118694362017 0.020499679692504803 0.026706231454005934 
4 0.03299167200512492 0.6801186943620178 0.02370275464445868 0.017804154302670624 
4 0.04035874439461883 0.7047477744807121 0.023062139654067906 0.016023738872403562 
4 0.04612427930813581 0.7281899109792285 0.025624599615631006 0.01661721068249258 
4 0.04548366431774504 0.7519287833827893 0.026905829596412557 0.020178041543026708 
4 0.03843689942344651 0.7611275964391692 0.025624599615631006 0.019584569732937686 
4 0.03139013452914798 0.7724035608308605 0.025624599615631006 0.020771513353115726 
1 0.32351057014734147 0.7359050445103857 0.16399743754003843 0.14362017804154303 
