6 0.46770833333333334 0.9786458333333333 0.014583333333333334 0.014583333333333334 
6 0.7161458333333334 0.5802083333333333 0.017708333333333333 0.013541666666666667 
6 0.6778645833333333 0.6544270833333333 0.0234375 0.0171875 
6 0.68203125 0.6463541666666667 0.019270833333333334 0.014583333333333334 
6 0.68203125 0.6380208333333334 0.015104166666666667 0.0125 
6 0.6908854166666667 0.6315104166666666 0.019270833333333334 0.016145833333333335 
6 0.6950520833333333 0.6223958333333334 0.0203125 0.015625 
6 0.70078125 0.6140625 0.018229166666666668 0.013541666666666667 
6 0.70234375 0.6049479166666667 0.021354166666666667 0.0171875 
6 0.7111979166666667 0.5890625 0.021354166666666667 0.016666666666666666 
6 0.7197916666666667 0.571875 0.021875 0.017708333333333333 
6 0.7635416666666667 0.4796875 0.022916666666666665 0.017708333333333333 
6 0.7236979166666667 0.5640625 0.0203125 0.015625 
6 0.7265625 0.5557291666666667 0.020833333333333332 0.015625 
6 0.7354166666666667 0.5388020833333333 0.021875 0.0171875 
6 0.7393229166666667 0.53046875 0.021354166666666667 0.0171875 
6 0.7432291666666667 0.5234375 0.019791666666666666 0.016666666666666666 
6 0.74765625 0.5140625 0.022395833333333334 0.017708333333333333 
6 0.7510416666666667 0.5059895833333333 0.020833333333333332 0.016145833333333335 
6 0.7559895833333333 0.4973958333333333 0.022395833333333334 0.017708333333333333 
6 0.6739583333333333 0.6635416666666667 0.019791666666666666 0.014583333333333334 
6 0.6697916666666667 0.671875 0.019791666666666666 0.014583333333333334 
6 0.6635416666666667 0.6791666666666667 0.020833333333333332 0.015625 
6 0.6583333333333333 0.6872395833333333 0.022916666666666665 0.018229166666666668 
6 0.6231770833333333 0.8046875 0.0140625 0.015625 
6 0.6388020833333333 0.81796875 0.0067708333333333336 0.011979166666666667 
6 0.6283854166666667 0.8104166666666667 0.013020833333333334 0.014583333333333334 
6 0.634375 0.7979166666666667 0.011458333333333333 0.011458333333333333 
6 0.6299479166666667 0.7854166666666667 0.015104166666666667 0.014583333333333334 
6 0.6244791666666667 0.7796875 0.0125 0.013541666666666667 
6 0.61875 0.7734375 0.014583333333333334 0.015625 
6 0.6135416666666667 0.7677083333333333 0.014583333333333334 0.015625 
6 0.60703125 0.76171875 0.015104166666666667 0.016145833333333335 
6 0.6010416666666667 0.7567708333333333 0.013541666666666667 0.013541666666666667 
6 0.5963541666666666 0.7518229166666667 0.013541666666666667 0.0140625 
6 0.6380208333333334 0.73203125 0.021875 0.0171875 
6 0.6411458333333333 0.721875 0.025 0.01875 
6 0.6596354166666667 0.7278645833333334 0.0109375 0.0140625 
6 0.6455729166666667 0.7140625 0.024479166666666666 0.016666666666666666 
6 0.6518229166666667 0.7057291666666666 0.022395833333333334 0.017708333333333333 
6 0.6559895833333333 0.6966145833333334 0.021354166666666667 0.016145833333333335 
6 0.76015625 0.48828125 0.022395833333333334 0.018229166666666668 
6 0.7692708333333333 0.47161458333333334 0.019791666666666666 0.015104166666666667 
6 0.6111979166666667 0.7927083333333333 0.016145833333333335 0.015625 
6 0.64921875 0.5401041666666667 0.027604166666666666 0.020833333333333332 
6 0.6140625 0.6125 0.026041666666666668 0.01875 
6 0.6166666666666667 0.6015625 0.021875 0.016666666666666666 
6 0.62109375 0.59375 0.022395833333333334 0.016666666666666666 
6 0.6270833333333333 0.5861979166666667 0.027083333333333334 0.0203125 
6 0.6296875 0.57578125 0.022916666666666665 0.018229166666666668 
6 0.6346354166666667 0.5674479166666667 0.024479166666666666 0.019270833333333334 
6 0.63671875 0.5575520833333333 0.022395833333333334 0.016145833333333335 
6 0.6440104166666667 0.5489583333333333 0.0234375 0.017708333333333333 
6 0.6583333333333333 0.5291666666666667 0.03125 0.022916666666666665 
6 0.77421875 0.46458333333333335 0.019270833333333334 0.014583333333333334 
6 0.6611979166666667 0.51796875 0.024479166666666666 0.018229166666666668 
6 0.6643229166666667 0.5067708333333333 0.0265625 0.01875 
6 0.6713541666666667 0.49661458333333336 0.028125 0.022395833333333334 
6 0.6776041666666667 0.4864583333333333 0.021875 0.015625 
6 0.6799479166666667 0.4778645833333333 0.0203125 0.015104166666666667 
6 0.6861979166666666 0.46796875 0.028645833333333332 0.021354166666666667 
6 0.6901041666666666 0.4578125 0.022916666666666665 0.017708333333333333 
6 0.696875 0.4473958333333333 0.025 0.017708333333333333 
6 0.6104166666666667 0.6221354166666667 0.027083333333333334 0.0203125 
6 0.60390625 0.6294270833333333 0.0234375 0.019270833333333334 
6 0.60078125 0.63828125 0.0234375 0.018229166666666668 
6 0.5940104166666667 0.64609375 0.021354166666666667 0.015104166666666667 
6 0.7770833333333333 0.45598958333333334 0.021875 0.0171875 
6 0.78203125 0.44869791666666664 0.018229166666666668 0.0140625 
6 0.7861979166666667 0.4401041666666667 0.021354166666666667 0.015625 
6 0.7903645833333334 0.4315104166666667 0.021354166666666667 0.016145833333333335 
6 0.7934895833333333 0.4234375 0.018229166666666668 0.014583333333333334 
6 0.7986979166666667 0.4088541666666667 0.022395833333333334 0.020833333333333332 
6 0.8059895833333334 0.40182291666666664 0.024479166666666666 0.024479166666666666 
6 0.8122395833333333 0.39375 0.022395833333333334 0.021875 
6 0.8322916666666667 0.3684895833333333 0.026041666666666668 0.0234375 
6 0.8372395833333334 0.359375 0.0234375 0.022916666666666665 
6 0.8471354166666667 0.353125 0.021354166666666667 0.020833333333333332 
6 0.8510416666666667 0.3419270833333333 0.028125 0.0265625 
6 0.5627604166666667 0.6846354166666667 0.0140625 0.0140625 
6 0.5684895833333333 0.6796875 0.0140625 0.014583333333333334 
6 0.5736979166666667 0.67421875 0.015104166666666667 0.016145833333333335 
6 0.5825520833333333 0.66171875 0.0171875 0.011979166666666667 
6 0.5903645833333333 0.65546875 0.022395833333333334 0.0171875 
6 0.61484375 0.8002604166666667 0.0140625 0.015104166666666667 
6 0.6049479166666667 0.7869791666666667 0.0140625 0.014583333333333334 
6 0.68828125 0.38203125 0.011979166666666667 0.016145833333333335 
6 0.5536458333333333 0.965625 0.013541666666666667 0.013541666666666667 
6 0.5125 0.9580729166666667 0.015625 0.016145833333333335 
6 0.52890625 0.9419270833333333 0.015104166666666667 0.016145833333333335 
6 0.5190104166666667 0.9640625 0.0171875 0.017708333333333333 
6 0.52421875 0.9708333333333333 0.015104166666666667 0.016666666666666666 
6 0.53515625 0.9481770833333333 0.0140625 0.015104166666666667 
6 0.5408854166666667 0.95390625 0.015104166666666667 0.016145833333333335 
6 0.5479166666666667 0.9604166666666667 0.014583333333333334 0.014583333333333334 
6 0.5309895833333333 0.9747395833333333 0.016145833333333335 0.016145833333333335 
6 0.496875 0.8361979166666667 0.020833333333333332 0.021354166666666667 
6 0.5416666666666666 0.8625 0.0125 0.013541666666666667 
6 0.5002604166666667 0.846875 0.015104166666666667 0.014583333333333334 
6 0.5052083333333334 0.85390625 0.014583333333333334 0.0140625 
6 0.5106770833333333 0.859375 0.015104166666666667 0.014583333333333334 
6 0.5127604166666667 0.8338541666666667 0.0140625 0.014583333333333334 
6 0.5244791666666667 0.8450520833333334 0.013541666666666667 0.0140625 
6 0.5166666666666667 0.86484375 0.0125 0.013020833333333334 
6 0.5302083333333333 0.8515625 0.013541666666666667 0.013541666666666667 
6 0.5223958333333333 0.8700520833333333 0.014583333333333334 0.015104166666666667 
6 0.5067708333333333 0.9520833333333333 0.016666666666666666 0.017708333333333333 
6 0.5013020833333334 0.9466145833333334 0.015104166666666667 0.016145833333333335 
6 0.5169270833333334 0.92890625 0.018229166666666668 0.018229166666666668 
6 0.5041666666666667 0.9190104166666667 0.017708333333333333 0.0171875 
6 0.41770833333333335 0.9296875 0.014583333333333334 0.014583333333333334 
6 0.4114583333333333 0.925 0.014583333333333334 0.014583333333333334 
6 0.4513020833333333 0.8796875 0.033854166666666664 0.034375 
6 0.45078125 0.8973958333333333 0.018229166666666668 0.01875 
6 0.45703125 0.9033854166666667 0.018229166666666668 0.018229166666666668 
6 0.46640625 0.88125 0.0140625 0.014583333333333334 
6 0.4739583333333333 0.8869791666666667 0.013541666666666667 0.014583333333333334 
6 0.47994791666666664 0.8927083333333333 0.016145833333333335 0.016666666666666666 
6 0.46432291666666664 0.9091145833333333 0.0171875 0.0171875 
6 0.4705729166666667 0.9138020833333333 0.016145833333333335 0.016145833333333335 
6 0.4861979166666667 0.8986979166666667 0.0171875 0.018229166666666668 
6 0.4921875 0.90546875 0.015625 0.015104166666666667 
6 0.4765625 0.9213541666666667 0.016666666666666666 0.016666666666666666 
6 0.4825520833333333 0.928125 0.0140625 0.014583333333333334 
6 0.4986979166666667 0.9114583333333334 0.0140625 0.014583333333333334 
6 0.48880208333333336 0.9338541666666667 0.0171875 0.017708333333333333 
6 0.49505208333333334 0.9401041666666666 0.015104166666666667 0.014583333333333334 
6 0.5278645833333333 0.8760416666666667 0.015104166666666667 0.015625 
6 0.5328125 0.8828125 0.013541666666666667 0.014583333333333334 
6 0.59921875 0.7807291666666667 0.0140625 0.014583333333333334 
6 0.5471354166666667 0.81171875 0.013020833333333334 0.013020833333333334 
6 0.5807291666666666 0.8466145833333333 0.015625 0.016145833333333335 
6 0.5755208333333334 0.8403645833333333 0.013541666666666667 0.0140625 
6 0.578125 0.8143229166666667 0.014583333333333334 0.015104166666666667 
6 0.5888020833333333 0.82734375 0.013020833333333334 0.013020833333333334 
6 0.5697916666666667 0.8354166666666667 0.014583333333333334 0.014583333333333334 
6 0.5651041666666666 0.8283854166666667 0.013541666666666667 0.013020833333333334 
6 0.5591145833333333 0.8234375 0.0140625 0.014583333333333334 
6 0.5408854166666667 0.8057291666666667 0.013020833333333334 0.0125 
6 0.55234375 0.8177083333333334 0.015104166666666667 0.015625 
6 0.5473958333333333 0.8674479166666667 0.014583333333333334 0.016145833333333335 
6 0.5721354166666667 0.81015625 0.013020833333333334 0.0140625 
6 0.56796875 0.8033854166666666 0.0171875 0.0171875 
6 0.56171875 0.7971354166666667 0.013020833333333334 0.015104166666666667 
6 0.5552083333333333 0.7921875 0.0125 0.014583333333333334 
6 0.5356770833333333 0.8005208333333333 0.0140625 0.014583333333333334 
6 0.5825520833333333 0.7643229166666666 0.015104166666666667 0.015104166666666667 
6 0.5885416666666666 0.7700520833333333 0.0125 0.013020833333333334 
6 0.5934895833333333 0.7755208333333333 0.015104166666666667 0.015625 
6 0.5947916666666667 0.8328125 0.0125 0.013541666666666667 
6 0.5924479166666666 0.8575520833333333 0.0140625 0.0140625 
6 0.5984375 0.86328125 0.013541666666666667 0.0140625 
6 0.6033854166666667 0.8697916666666666 0.015104166666666667 0.016666666666666666 
6 0.5528645833333333 0.8736979166666666 0.013020833333333334 0.0140625 
6 0.5458333333333333 0.8942708333333333 0.013541666666666667 0.0125 
6 0.540625 0.8877604166666667 0.0125 0.013020833333333334 
6 0.5604166666666667 0.8778645833333333 0.014583333333333334 0.015104166666666667 
6 0.5502604166666667 0.9002604166666667 0.015104166666666667 0.016145833333333335 
6 0.5658854166666667 0.8848958333333333 0.013020833333333334 0.013541666666666667 
6 0.5713541666666667 0.8903645833333333 0.014583333333333334 0.015104166666666667 
6 0.55625 0.9052083333333333 0.0125 0.0125 
6 0.5625 0.9104166666666667 0.014583333333333334 0.014583333333333334 
6 0.5760416666666667 0.8979166666666667 0.0125 0.013541666666666667 
6 0.58125 0.90546875 0.010416666666666666 0.009895833333333333 
6 0.5682291666666667 0.9166666666666666 0.014583333333333334 0.014583333333333334 
6 0.5734375 0.92421875 0.015625 0.016145833333333335 
6 0.5973958333333333 0.90234375 0.0125 0.011979166666666667 
6 0.6049479166666667 0.88515625 0.0078125 0.011979166666666667 
6 0.6072916666666667 0.8432291666666667 0.010416666666666666 0.011458333333333333 
6 0.6122395833333333 0.8502604166666666 0.013020833333333334 0.013020833333333334 
6 0.70078125 0.43723958333333335 0.0265625 0.019270833333333334 
6 0.6955729166666667 0.38515625 0.0109375 0.015104166666666667 
6 0.42890625 0.9421875 0.0140625 0.015625 
6 0.9736979166666667 0.12109375 0.0140625 0.0109375 
6 0.9395833333333333 0.19973958333333333 0.019791666666666666 0.015104166666666667 
6 0.9458333333333333 0.19322916666666667 0.017708333333333333 0.013541666666666667 
6 0.9481770833333333 0.18515625 0.016145833333333335 0.013020833333333334 
6 0.9533854166666667 0.17786458333333333 0.0171875 0.0140625 
6 0.9567708333333333 0.16979166666666667 0.016666666666666666 0.013541666666666667 
6 0.9619791666666667 0.16223958333333333 0.016666666666666666 0.013020833333333334 
6 0.9635416666666666 0.15442708333333333 0.016666666666666666 0.013020833333333334 
6 0.9739583333333334 0.12916666666666668 0.016666666666666666 0.0125 
6 0.9385416666666667 0.1015625 0.016666666666666666 0.0125 
6 0.8979166666666667 0.13177083333333334 0.015625 0.011458333333333333 
6 0.9158854166666667 0.09166666666666666 0.021354166666666667 0.014583333333333334 
6 0.93203125 0.10911458333333333 0.016145833333333335 0.0109375 
6 0.9125 0.1 0.017708333333333333 0.0125 
6 0.9072916666666667 0.10677083333333333 0.016666666666666666 0.011458333333333333 
6 0.9296875 0.1171875 0.016666666666666666 0.011458333333333333 
6 0.9252604166666667 0.12604166666666666 0.016145833333333335 0.011458333333333333 
6 0.9013020833333333 0.1234375 0.0171875 0.0125 
6 0.9221354166666667 0.13307291666666668 0.021354166666666667 0.016145833333333335 
6 0.9375 0.209375 0.019791666666666666 0.014583333333333334 
6 0.9260416666666667 0.2328125 0.01875 0.014583333333333334 
6 0.9223958333333333 0.240625 0.01875 0.015625 
6 0.9174479166666667 0.24869791666666666 0.016145833333333335 0.011979166666666667 
6 0.8684895833333334 0.24270833333333333 0.019270833333333334 0.014583333333333334 
6 0.8473958333333333 0.23177083333333334 0.01875 0.014583333333333334 
6 0.8434895833333333 0.24010416666666667 0.0171875 0.0125 
6 0.8395833333333333 0.24739583333333334 0.01875 0.014583333333333334 
6 0.8364583333333333 0.25546875 0.01875 0.0140625 
6 0.8598958333333333 0.25677083333333334 0.01875 0.014583333333333334 
6 0.85625 0.2643229166666667 0.01875 0.0140625 
6 0.865625 0.3260416666666667 0.025 0.022916666666666665 
6 0.8729166666666667 0.31875 0.026041666666666668 0.023958333333333335 
6 0.8802083333333334 0.30885416666666665 0.023958333333333335 0.023958333333333335 
6 0.8895833333333333 0.303125 0.019791666666666666 0.016666666666666666 
6 0.89453125 0.29609375 0.016145833333333335 0.013020833333333334 
6 0.8984375 0.2869791666666667 0.017708333333333333 0.013541666666666667 
6 0.90234375 0.2799479166666667 0.019270833333333334 0.015104166666666667 
6 0.90625 0.2713541666666667 0.016666666666666666 0.0125 
6 0.9104166666666667 0.26458333333333334 0.015625 0.0125 
6 0.9140625 0.2559895833333333 0.01875 0.0140625 
6 0.9169270833333333 0.14010416666666667 0.015104166666666667 0.011458333333333333 
6 0.89296875 0.13828125 0.018229166666666668 0.0140625 
6 0.8513020833333333 0.22369791666666666 0.0203125 0.015104166666666667 
12 0.4473958333333333 0.79765625 0.271875 0.27447916666666666 
12 0.6106770833333334 0.7802083333333333 0.0734375 0.075 
12 0.5760416666666667 0.8276041666666667 0.0875 0.08958333333333333 
12 0.53984375 0.8747395833333333 0.0984375 0.1015625 
12 0.4981770833333333 0.9270833333333334 0.11510416666666666 0.11354166666666667 
12 0.4479166666666667 0.9760416666666667 0.11354166666666667 0.11458333333333333 
12 0.3963541666666667 1.0236979166666667 0.10729166666666666 0.1078125 
12 0.30755208333333334 0.9372395833333333 0.0203125 0.033854166666666664 
12 0.7138020833333333 0.5791666666666667 0.1921875 0.3385416666666667 
6 0.91484375 0.1484375 0.016145833333333335 0.0125 
12 0.6515625 0.52890625 0.16875 0.2911458333333333 
12 0.7125 0.34869791666666666 0.08541666666666667 0.0640625 
12 0.8434895833333333 0.35625 0.1109375 0.12916666666666668 
12 0.7291666666666666 0.30130208333333336 0.09375 0.0671875 
12 0.7515625 0.25755208333333335 0.09375 0.06822916666666666 
12 0.7690104166666667 0.22005208333333334 0.04010416666666667 0.0328125 
12 0.8356770833333333 0.15364583333333334 0.10572916666666667 0.18229166666666666 
12 0.9375 0.21145833333333333 0.10520833333333333 0.18333333333333332 
6 0.87109375 0.0875 0.019270833333333334 0.013541666666666667 
6 0.8682291666666667 0.09661458333333334 0.01875 0.013020833333333334 
6 0.8645833333333334 0.10390625 0.016666666666666666 0.011979166666666667 
6 0.8583333333333333 0.11119791666666666 0.016666666666666666 0.011979166666666667 
6 0.9057291666666667 0.1640625 0.019791666666666666 0.015625 
6 0.91171875 0.15651041666666668 0.0203125 0.016145833333333335 
6 0.9020833333333333 0.17239583333333333 0.0125 0.009375 
6 0.8986979166666667 0.17942708333333332 0.018229166666666668 0.0140625 
6 0.896875 0.18880208333333334 0.020833333333333332 0.015104166666666667 
6 0.8893229166666666 0.19479166666666667 0.0171875 0.0125 
6 0.8713541666666667 0.18515625 0.017708333333333333 0.013020833333333334 
6 0.88671875 0.15442708333333333 0.019270833333333334 0.0140625 
6 0.88125 0.16171875 0.015625 0.011979166666666667 
6 0.87890625 0.16953125 0.018229166666666668 0.013020833333333334 
6 0.8744791666666667 0.17682291666666666 0.020833333333333332 0.016145833333333335 
6 0.8333333333333334 0.16536458333333334 0.015625 0.0109375 
6 0.840625 0.14973958333333334 0.014583333333333334 0.0109375 
6 0.8442708333333333 0.14296875 0.015625 0.011979166666666667 
6 0.8471354166666667 0.13411458333333334 0.018229166666666668 0.013020833333333334 
6 0.8528645833333334 0.128125 0.016145833333333335 0.0125 
6 0.8557291666666667 0.11927083333333334 0.019791666666666666 0.014583333333333334 
6 0.8713541666666667 0.23385416666666667 0.01875 0.013541666666666667 
6 0.85625 0.21614583333333334 0.015625 0.011458333333333333 
6 0.6880208333333333 0.3966145833333333 0.011458333333333333 0.008854166666666666 
6 0.7200520833333334 0.3078125 0.008854166666666666 0.0125 
6 0.7611979166666667 0.30885416666666665 0.008854166666666666 0.011458333333333333 
6 0.7682291666666666 0.3125 0.009375 0.011458333333333333 
6 0.76015625 0.32786458333333335 0.011979166666666667 0.016145833333333335 
6 0.7536458333333333 0.32395833333333335 0.009375 0.014583333333333334 
6 0.74765625 0.31953125 0.0109375 0.0140625 
6 0.7403645833333333 0.31640625 0.009895833333333333 0.013020833333333334 
6 0.7333333333333333 0.31354166666666666 0.010416666666666666 0.014583333333333334 
6 0.7270833333333333 0.3098958333333333 0.009375 0.0125 
6 0.7135416666666666 0.30364583333333334 0.010416666666666666 0.013541666666666667 
6 0.7302083333333333 0.23671875 0.011458333333333333 0.015104166666666667 
6 0.70703125 0.3 0.0109375 0.014583333333333334 
6 0.6856770833333333 0.28932291666666665 0.009895833333333333 0.013020833333333334 
6 0.69375 0.2921875 0.010416666666666666 0.013541666666666667 
6 0.7078125 0.28203125 0.010416666666666666 0.0140625 
6 0.7010416666666667 0.278125 0.009375 0.013541666666666667 
6 0.6950520833333333 0.2752604166666667 0.009895833333333333 0.013020833333333334 
6 0.7088541666666667 0.246875 0.009375 0.0125 
6 0.7151041666666667 0.25052083333333336 0.009375 0.0125 
6 0.7546875 0.30546875 0.010416666666666666 0.0140625 
6 0.7481770833333333 0.3026041666666667 0.0109375 0.013541666666666667 
6 0.7411458333333333 0.2981770833333333 0.011458333333333333 0.0140625 
6 0.7338541666666667 0.2953125 0.009375 0.0125 
6 0.7026041666666667 0.38828125 0.011458333333333333 0.016145833333333335 
6 0.69140625 0.4114583333333333 0.009895833333333333 0.013541666666666667 
6 0.7057291666666666 0.42734375 0.028125 0.019270833333333334 
6 0.71640625 0.40625 0.0265625 0.01875 
6 0.7229166666666667 0.39739583333333334 0.03229166666666667 0.022916666666666665 
6 0.7005208333333334 0.3302083333333333 0.009375 0.011458333333333333 
6 0.7072916666666667 0.334375 0.010416666666666666 0.013541666666666667 
6 0.71328125 0.33828125 0.009895833333333333 0.011979166666666667 
6 0.7044270833333334 0.35625 0.0109375 0.014583333333333334 
6 0.7111979166666667 0.35885416666666664 0.009895833333333333 0.0125 
6 0.7263020833333333 0.3453125 0.009895833333333333 0.0125 
6 0.7263020833333333 0.3640625 0.008854166666666666 0.0125 
6 0.7403645833333333 0.35234375 0.009895833333333333 0.0140625 
6 0.7322916666666667 0.36744791666666665 0.009375 0.013020833333333334 
6 0.7497395833333333 0.36770833333333336 0.013020833333333334 0.01875 
6 0.746875 0.35598958333333336 0.009375 0.013020833333333334 
6 0.728125 0.29140625 0.010416666666666666 0.0140625 
6 0.7229166666666667 0.23489583333333333 0.010416666666666666 0.014583333333333334 
6 0.7216145833333333 0.25390625 0.0109375 0.0140625 
6 0.8763020833333334 0.22682291666666668 0.0203125 0.015104166666666667 
6 0.8013020833333333 0.19322916666666667 0.0109375 0.013541666666666667 
6 0.8096354166666667 0.21171875 0.018229166666666668 0.013020833333333334 
6 0.8143229166666667 0.2046875 0.018229166666666668 0.013541666666666667 
6 0.7932291666666667 0.21015625 0.011458333333333333 0.016145833333333335 
6 0.8653645833333333 0.06432291666666666 0.008854166666666666 0.011979166666666667 
6 0.8536458333333333 0.08880208333333334 0.009375 0.011979166666666667 
6 0.8484375 0.09921875 0.009375 0.011979166666666667 
6 0.8317708333333333 0.13255208333333332 0.009375 0.013020833333333334 
6 0.81640625 0.16380208333333332 0.009895833333333333 0.013020833333333334 
6 0.8174479166666667 0.19713541666666667 0.0171875 0.013020833333333334 
6 0.7296875 0.2565104166666667 0.010416666666666666 0.015104166666666667 
6 0.8197916666666667 0.1890625 0.017708333333333333 0.013541666666666667 
6 0.8263020833333333 0.18125 0.016145833333333335 0.0125 
6 0.8286458333333333 0.17395833333333333 0.015625 0.011458333333333333 
6 0.8864583333333333 0.20286458333333332 0.017708333333333333 0.011979166666666667 
6 0.8674479166666667 0.19348958333333333 0.0171875 0.013020833333333334 
6 0.8630208333333333 0.20104166666666667 0.020833333333333332 0.014583333333333334 
6 0.859375 0.20885416666666667 0.017708333333333333 0.013541666666666667 
6 0.8786458333333333 0.21953125 0.017708333333333333 0.0140625 
6 0.8041666666666667 0.21953125 0.017708333333333333 0.011979166666666667 
6 0.796875 0.23515625 0.016666666666666666 0.013020833333333334 
6 0.7927083333333333 0.2421875 0.0125 0.010416666666666666 
6 0.7838541666666666 0.22838541666666667 0.009375 0.013020833333333334 
6 0.7432291666666667 0.2453125 0.010416666666666666 0.014583333333333334 
6 0.7502604166666667 0.24895833333333334 0.008854166666666666 0.0125 
6 0.7424479166666667 0.2643229166666667 0.009895833333333333 0.0140625 
6 0.7486979166666666 0.2671875 0.0109375 0.014583333333333334 
6 0.75625 0.25286458333333334 0.009375 0.0140625 
6 0.76328125 0.2557291666666667 0.008854166666666666 0.011458333333333333 
6 0.76953125 0.2591145833333333 0.008854166666666666 0.011979166666666667 
6 0.7625 0.27317708333333335 0.010416666666666666 0.013020833333333334 
6 0.7692708333333333 0.27682291666666664 0.009375 0.013020833333333334 
6 0.7768229166666667 0.26223958333333336 0.0109375 0.015104166666666667 
6 0.7825520833333334 0.265625 0.009895833333333333 0.013541666666666667 
6 0.7752604166666667 0.28072916666666664 0.0109375 0.014583333333333334 
6 0.7901041666666667 0.26848958333333334 0.011458333333333333 0.0140625 
6 0.7567708333333333 0.21588541666666666 0.010416666666666666 0.013020833333333334 
6 0.7630208333333334 0.2203125 0.010416666666666666 0.013541666666666667 
6 0.7708333333333334 0.20911458333333333 0.011458333333333333 0.009895833333333333 
6 0.7700520833333333 0.22265625 0.009895833333333333 0.0140625 
6 0.4234375 0.9361979166666666 0.015625 0.0171875 
6 0.4359375 0.9473958333333333 0.016666666666666666 0.017708333333333333 
6 0.6669270833333333 0.7138020833333333 0.0078125 0.0109375 
4 0.7390625 0.975 0.011458333333333333 0.007291666666666667 
4 0.7369791666666666 0.9809895833333333 0.010416666666666666 0.0078125 
4 0.7346354166666667 0.98984375 0.0140625 0.008854166666666666 
4 0.95703125 0.9984375 0.008854166666666666 0.007291666666666667 
4 0.95625 0.9934895833333334 0.011458333333333333 0.0078125 
4 0.946875 0.9979166666666667 0.011458333333333333 0.00625 
4 0.9190104166666667 0.9927083333333333 0.011979166666666667 0.007291666666666667 
4 0.8809895833333333 0.9984375 0.009895833333333333 0.007291666666666667 
4 0.7427083333333333 0.9630208333333333 0.0125 0.008333333333333333 
4 0.6265625 0.9721354166666667 0.010416666666666666 0.0078125 
4 0.6247395833333333 0.9768229166666667 0.0109375 0.0078125 
4 0.86875 1.0010416666666666 0.010416666666666666 0.008333333333333333 
4 0.9065104166666667 0.9955729166666667 0.009895833333333333 0.0067708333333333336 
4 0.9049479166666666 0.98984375 0.009895833333333333 0.0067708333333333336 
4 0.95390625 0.9770833333333333 0.011979166666666667 0.009375 
4 0.9401041666666666 0.9794270833333333 0.010416666666666666 0.008854166666666666 
4 0.9432291666666667 0.9864583333333333 0.010416666666666666 0.008333333333333333 
4 0.9450520833333333 0.9921875 0.008854166666666666 0.007291666666666667 
4 0.7403645833333333 0.9692708333333333 0.0109375 0.00625 
4 0.7442708333333333 0.9565104166666667 0.0125 0.008854166666666666 
4 0.3453125 0.5692708333333333 0.00625 0.011458333333333333 
4 0.34401041666666665 0.5565104166666667 0.0046875 0.008854166666666666 
4 0.32864583333333336 0.5583333333333333 0.00625 0.009375 
4 0.3265625 0.5471354166666667 0.00625 0.0109375 
4 0.3234375 0.5236979166666667 0.00625 0.0109375 
4 0.31302083333333336 0.45651041666666664 0.00625 0.0109375 
4 0.3203125 0.4049479166666667 0.007291666666666667 0.011979166666666667 
4 0.3065104166666667 0.43046875 0.005729166666666666 0.0109375 
4 0.80390625 0.5184895833333333 0.011979166666666667 0.009895833333333333 
4 0.7677083333333333 0.15807291666666667 0.011458333333333333 0.009895833333333333 
4 0.5484375 0.5932291666666667 0.010416666666666666 0.009375 
4 0.5588541666666667 0.5705729166666667 0.0125 0.009895833333333333 
4 0.5697916666666667 0.5494791666666666 0.0125 0.009375 
4 0.6328125 0.43984375 0.007291666666666667 0.0109375 
4 0.6380208333333334 0.41432291666666665 0.007291666666666667 0.0109375 
4 0.9864583333333333 0.5125 0.008333333333333333 0.011458333333333333 
4 0.34791666666666665 0.5838541666666667 0.005208333333333333 0.010416666666666666 
4 0.35130208333333335 0.6036458333333333 0.005729166666666666 0.010416666666666666 
4 0.3533854166666667 0.6153645833333333 0.0067708333333333336 0.0109375 
4 0.3541666666666667 0.6283854166666667 0.00625 0.0109375 
6 0.7765625 0.22682291666666668 0.010416666666666666 0.0140625 
4 0.68671875 0.13958333333333334 0.008854166666666666 0.010416666666666666 
4 0.6833333333333333 0.14401041666666667 0.009375 0.0109375 
4 0.67734375 0.14427083333333332 0.0078125 0.011458333333333333 
4 0.23828125 0.3 0.005729166666666666 0.009375 
4 0.3106770833333333 0.346875 0.005729166666666666 0.010416666666666666 
4 0.30755208333333334 0.32786458333333335 0.005729166666666666 0.0109375 
4 0.5567708333333333 0.575 0.013541666666666667 0.009375 
4 0.5544270833333333 0.5796875 0.011979166666666667 0.009375 
4 0.40260416666666665 0.5377604166666666 0.013541666666666667 0.005729166666666666 
4 0.40677083333333336 0.5510416666666667 0.010416666666666666 0.00625 
4 0.3893229166666667 0.7739583333333333 0.0109375 0.011458333333333333 
6 0.29348958333333336 0.9549479166666667 0.0265625 0.0203125 
4 0.24505208333333334 0.7453125 0.005729166666666666 0.010416666666666666 
4 0.32838541666666665 0.7505208333333333 0.0109375 0.009375 
4 0.3375 0.74375 0.009375 0.010416666666666666 
4 0.38645833333333335 0.6419270833333334 0.010416666666666666 0.0078125 
4 0.9786458333333333 0.5260416666666666 0.00625 0.013541666666666667 
4 0.8010416666666667 0.5239583333333333 0.011458333333333333 0.008333333333333333 
4 0.7307291666666667 0.9481770833333333 0.010416666666666666 0.0067708333333333336 
4 0.98828125 0.89453125 0.0109375 0.0109375 
4 0.971875 0.646875 0.011458333333333333 0.009375 
4 0.7213541666666666 0.7135416666666666 0.009375 0.0125 
4 0.7216145833333333 0.7403645833333333 0.013020833333333334 0.009895833333333333 
4 0.9111979166666667 0.77734375 0.013020833333333334 0.008854166666666666 
4 0.9252604166666667 0.7786458333333334 0.013020833333333334 0.008333333333333333 
4 0.90703125 0.7864583333333334 0.011979166666666667 0.008333333333333333 
4 0.9255208333333333 0.8674479166666667 0.0125 0.008854166666666666 
4 0.9510416666666667 0.8721354166666667 0.009375 0.011979166666666667 
4 0.9861979166666667 0.9052083333333333 0.0109375 0.0125 
4 0.81953125 0.54140625 0.013020833333333334 0.009895833333333333 
4 0.77890625 0.81484375 0.011979166666666667 0.008854166666666666 
4 0.7744791666666667 0.8276041666666667 0.0125 0.008333333333333333 
4 0.7700520833333333 0.8377604166666667 0.0109375 0.0078125 
4 0.7666666666666667 0.8442708333333333 0.011458333333333333 0.008333333333333333 
4 0.7643229166666666 0.8510416666666667 0.011979166666666667 0.008333333333333333 
4 0.6919270833333333 0.8278645833333333 0.0109375 0.005729166666666666 
4 0.6669270833333333 0.8390625 0.0078125 0.011458333333333333 
4 0.6390625 0.9057291666666667 0.010416666666666666 0.013541666666666667 
4 0.9419270833333333 0.6296875 0.009895833333333333 0.009375 
4 0.74375 0.6950520833333333 0.009375 0.0067708333333333336 
4 0.7640625 0.6255208333333333 0.007291666666666667 0.011458333333333333 
5 0.8158854166666667 0.8919270833333334 0.013020833333333334 0.008854166666666666 
4 0.7924479166666667 0.5421875 0.011979166666666667 0.009375 
5 0.9010416666666666 0.7315104166666667 0.020833333333333332 0.013020833333333334 
5 0.97109375 0.8671875 0.0109375 0.011458333333333333 
5 0.9609375 0.8669270833333333 0.013541666666666667 0.011979166666666667 
5 0.9057291666666667 0.7940104166666667 0.015625 0.009895833333333333 
5 0.90546875 0.8018229166666667 0.0171875 0.011979166666666667 
5 0.9046875 0.8244791666666667 0.015625 0.010416666666666666 
5 0.9028645833333333 0.8182291666666667 0.016145833333333335 0.011458333333333333 
5 0.8984375 0.8122395833333333 0.015625 0.0109375 
5 0.86796875 0.7994791666666666 0.0171875 0.011458333333333333 
5 0.87265625 0.8096354166666667 0.0171875 0.0109375 
5 0.85234375 0.8268229166666666 0.019270833333333334 0.011979166666666667 
5 0.8510416666666667 0.8424479166666666 0.014583333333333334 0.009895833333333333 
5 0.85859375 0.8526041666666667 0.015104166666666667 0.010416666666666666 
5 0.8739583333333333 0.8755208333333333 0.014583333333333334 0.008333333333333333 
5 0.8544270833333333 0.878125 0.015104166666666667 0.008333333333333333 
5 0.8591145833333333 0.88515625 0.0171875 0.0078125 
6 0.44244791666666666 0.9541666666666667 0.016145833333333335 0.017708333333333333 
6 0.340625 0.9096354166666667 0.013541666666666667 0.013020833333333334 
6 0.3828125 0.8661458333333333 0.013541666666666667 0.013541666666666667 
6 0.37786458333333334 0.871875 0.013020833333333334 0.013541666666666667 
6 0.371875 0.87734375 0.014583333333333334 0.015104166666666667 
6 0.3671875 0.8830729166666667 0.013541666666666667 0.0140625 
6 0.36171875 0.8880208333333334 0.015104166666666667 0.015625 
6 0.3567708333333333 0.8942708333333333 0.013541666666666667 0.013541666666666667 
6 0.35130208333333335 0.89921875 0.013020833333333334 0.013020833333333334 
6 0.34609375 0.9046875 0.0140625 0.015625 
6 0.33671875 0.9161458333333333 0.0171875 0.016666666666666666 
6 0.3307291666666667 0.9203125 0.014583333333333334 0.014583333333333334 
6 0.3890625 0.8622395833333333 0.013541666666666667 0.0140625 
6 0.39401041666666664 0.8565104166666667 0.0140625 0.0140625 
6 0.4041666666666667 0.8453125 0.013541666666666667 0.015625 
6 0.40234375 0.8268229166666666 0.011979166666666667 0.013020833333333334 
6 0.49973958333333335 0.7502604166666667 0.015104166666666667 0.016145833333333335 
6 0.49296875 0.7541666666666667 0.013020833333333334 0.013541666666666667 
6 0.48333333333333334 0.765625 0.014583333333333334 0.013541666666666667 
6 0.47760416666666666 0.7713541666666667 0.013541666666666667 0.0125 
6 0.47239583333333335 0.7760416666666666 0.013541666666666667 0.013541666666666667 
6 0.4674479166666667 0.7817708333333333 0.0140625 0.014583333333333334 
6 0.4622395833333333 0.7872395833333333 0.011979166666666667 0.011979166666666667 
6 0.45703125 0.7916666666666666 0.015104166666666667 0.015625 
6 0.4518229166666667 0.7973958333333333 0.011979166666666667 0.0125 
6 0.44557291666666665 0.8020833333333334 0.013020833333333334 0.013541666666666667 
6 0.440625 0.8083333333333333 0.014583333333333334 0.014583333333333334 
6 0.4356770833333333 0.8135416666666667 0.013020833333333334 0.013541666666666667 
6 0.4296875 0.81796875 0.014583333333333334 0.013020833333333334 
6 0.42552083333333335 0.8244791666666667 0.0125 0.013541666666666667 
6 0.4205729166666667 0.8309895833333333 0.015104166666666667 0.016145833333333335 
6 0.4088541666666667 0.8401041666666667 0.013541666666666667 0.015625 
6 0.4153645833333333 0.8140625 0.009895833333333333 0.010416666666666666 
6 0.5098958333333333 0.7390625 0.0125 0.0125 
6 0.38046875 0.99296875 0.0171875 0.0171875 
6 0.38723958333333336 0.9997395833333333 0.0140625 0.015104166666666667 
6 0.37421875 0.9864583333333333 0.0171875 0.017708333333333333 
6 0.36875 0.9802083333333333 0.016666666666666666 0.017708333333333333 
6 0.3578125 0.97734375 0.027083333333333334 0.027604166666666666 
6 0.39895833333333336 0.9377604166666667 0.014583333333333334 0.015104166666666667 
6 0.40208333333333335 0.9455729166666667 0.016666666666666666 0.0171875 
6 0.4083333333333333 0.9515625 0.017708333333333333 0.017708333333333333 
6 0.41380208333333335 0.9583333333333334 0.0171875 0.017708333333333333 
6 0.41953125 0.9640625 0.018229166666666668 0.01875 
6 0.42578125 0.9700520833333334 0.015104166666666667 0.016145833333333335 
6 0.353125 0.9963541666666667 0.017708333333333333 0.01875 
6 0.35885416666666664 1.003125 0.017708333333333333 0.01875 
6 0.5044270833333333 0.74375 0.011979166666666667 0.0125 
6 0.5153645833333333 0.7346354166666667 0.015104166666666667 0.015104166666666667 
4 0.63671875 0.19140625 0.0109375 0.008854166666666666 
6 0.9802083333333333 0.015885416666666666 0.013541666666666667 0.0109375 
6 0.9755208333333333 0.013020833333333334 0.014583333333333334 0.0125 
4 0.9700520833333334 0.026041666666666668 0.008854166666666666 0.011458333333333333 
4 0.9565104166666667 0.019791666666666666 0.008854166666666666 0.010416666666666666 
4 0.9518229166666666 0.015885416666666666 0.0078125 0.009895833333333333 
4 0.94296875 0.01171875 0.0078125 0.0109375 
4 0.91796875 0.026822916666666665 0.0078125 0.0109375 
4 0.90859375 0.014322916666666666 0.011979166666666667 0.0078125 
4 0.64296875 0.18020833333333333 0.013020833333333334 0.010416666666666666 
4 0.39791666666666664 0.048177083333333336 0.00625 0.009895833333333333 
4 0.61640625 0.13776041666666666 0.011979166666666667 0.009895833333333333 
4 0.6197916666666666 0.13255208333333332 0.0125 0.0109375 
4 0.4471354166666667 0.14140625 0.005729166666666666 0.009895833333333333 
4 0.4239583333333333 0.14739583333333334 0.005208333333333333 0.009375 
4 0.28619791666666666 0.18541666666666667 0.0067708333333333336 0.013541666666666667 
4 0.29453125 0.16510416666666666 0.011979166666666667 0.00625 
4 0.42994791666666665 0.09453125 0.0109375 0.0067708333333333336 
4 0.4278645833333333 0.10598958333333333 0.008854166666666666 0.009895833333333333 
6 0.9861979166666667 0.01875 0.016145833333333335 0.0125 
6 0.8434895833333333 0.10963541666666667 0.0078125 0.0109375 
6 0.8380208333333333 0.12005208333333334 0.008333333333333333 0.0109375 
6 0.93671875 0.15182291666666667 0.019270833333333334 0.0234375 
6 0.41901041666666666 0.9859375 0.005729166666666666 0.007291666666666667 
6 0.5380208333333333 0.98046875 0.009375 0.008854166666666666 
6 0.3359375 0.8940104166666667 0.011458333333333333 0.0109375 
6 0.3848958333333333 0.8455729166666667 0.010416666666666666 0.0109375 
6 0.5494791666666666 0.7869791666666667 0.0125 0.0125 
6 0.6106770833333334 0.87421875 0.0109375 0.0109375 
6 0.6205729166666667 0.5533854166666666 0.0078125 0.008854166666666666 
6 0.6526041666666667 0.4901041666666667 0.00625 0.009375 
6 0.6658854166666667 0.4627604166666667 0.008854166666666666 0.009895833333333333 
6 0.7794270833333333 0.4265625 0.005729166666666666 0.00625 
6 0.6901041666666666 0.3502604166666667 0.011458333333333333 0.0140625 
6 0.7169270833333333 0.36328125 0.008854166666666666 0.011979166666666667 
6 0.6973958333333333 0.3533854166666667 0.009375 0.0109375 
6 0.81015625 0.17708333333333334 0.009895833333333333 0.011458333333333333 
4 0.4153645833333333 0.05 0.0067708333333333336 0.010416666666666666 
4 0.2721354166666667 0.09427083333333333 0.0046875 0.010416666666666666 
6 0.52578125 0.7229166666666667 0.016145833333333335 0.015625 
6 0.49192708333333335 1.0036458333333333 0.013020833333333334 0.013541666666666667 
6 0.44427083333333334 0.9901041666666667 0.013541666666666667 0.015625 
6 0.4513020833333333 0.9947916666666666 0.016145833333333335 0.016666666666666666 
6 0.45729166666666665 1.00078125 0.016666666666666666 0.0171875 
6 0.4734375 0.98515625 0.016666666666666666 0.018229166666666668 
6 0.4786458333333333 0.9911458333333333 0.013541666666666667 0.014583333333333334 
6 0.4856770833333333 0.99765625 0.015104166666666667 0.016145833333333335 
4 0.26666666666666666 0.05703125 0.005208333333333333 0.009895833333333333 
6 0.55234375 0.6955729166666667 0.013020833333333334 0.013020833333333334 
6 0.5473958333333333 0.7018229166666666 0.014583333333333334 0.0140625 
6 0.5424479166666667 0.7065104166666667 0.015104166666666667 0.016145833333333335 
6 0.53125 0.7177083333333333 0.013541666666666667 0.013541666666666667 
6 0.46171875 0.9729166666666667 0.0140625 0.014583333333333334 
6 0.45546875 0.96640625 0.018229166666666668 0.019270833333333334 
6 0.43854166666666666 0.9828125 0.016666666666666666 0.016666666666666666 
6 0.44817708333333334 0.9604166666666667 0.015104166666666667 0.017708333333333333 
4 0.37890625 0.21588541666666666 0.005729166666666666 0.008854166666666666 
4 0.2825520833333333 0.27239583333333334 0.005729166666666666 0.011458333333333333 
4 0.29765625 0.26067708333333334 0.005729166666666666 0.009895833333333333 
4 0.31197916666666664 0.35598958333333336 0.005208333333333333 0.009895833333333333 
4 0.29661458333333335 0.35859375 0.005729166666666666 0.009895833333333333 
4 0.29765625 0.37161458333333336 0.005729166666666666 0.009895833333333333 
4 0.315625 0.3768229166666667 0.00625 0.009895833333333333 
4 0.30390625 0.41302083333333334 0.005729166666666666 0.011458333333333333 
4 0.321875 0.4158854166666667 0.00625 0.0109375 
4 0.42473958333333334 0.08723958333333333 0.009895833333333333 0.009895833333333333 
4 0.4197916666666667 0.07734375 0.008333333333333333 0.011979166666666667 
4 0.4080729166666667 0.11223958333333334 0.0078125 0.011979166666666667 
4 0.42213541666666665 0.1109375 0.0078125 0.011458333333333333 
4 0.4005208333333333 0.05963541666666667 0.007291666666666667 0.0109375 
4 0.36666666666666664 0.016666666666666666 0.010416666666666666 0.005208333333333333 
4 0.3184895833333333 0.0234375 0.008854166666666666 0.004166666666666667 
4 0.23072916666666668 0.026041666666666668 0.010416666666666666 0.008333333333333333 
12 0.8861979166666667 0.17942708333333332 0.12239583333333333 0.19114583333333332 
