4 0.6257861635220126 0.9075785582255084 0.050314465408805034 0.0166358595194085 
4 0.049528301886792456 0.28604436229205177 0.04245283018867924 0.03974121996303143 
4 0.11242138364779874 0.09796672828096119 0.03930817610062893 0.04251386321626617 
13 0.8710691823899371 0.4542513863216266 0.22012578616352202 0.0822550831792976 
7 0.7177672955974843 0.744916820702403 0.15880503144654087 0.16820702402957485 
7 0.5180817610062893 0.7301293900184843 0.1619496855345912 0.16635859519408502 
7 0.28459119496855345 0.7125693160813309 0.16037735849056603 0.16635859519408502 
7 0.08569182389937106 0.6987060998151571 0.1619496855345912 0.16820702402957485 
7 0.15644654088050314 0.46395563770794823 0.15880503144654087 0.16820702402957485 
7 0.3522012578616352 0.47689463955637706 0.16037735849056603 0.16820702402957485 
7 0.24135220125786164 0.20748613678373382 0.1619496855345912 0.16728280961182995 
7 0.43238993710691825 0.22042513863216265 0.16037735849056603 0.16728280961182995 
7 0.6234276729559748 0.23521256931608134 0.1619496855345912 0.16543438077634012 
