12 0.7205729166666667 0.053385416666666664 0.05260416666666667 0.0765625 
6 0.7096354166666666 0.6604166666666667 0.0067708333333333336 0.016666666666666666 
6 0.6731770833333334 0.6833333333333333 0.0078125 0.019791666666666666 
6 0.6799479166666667 0.68203125 0.0067708333333333336 0.018229166666666668 
6 0.68828125 0.6830729166666667 0.0067708333333333336 0.019270833333333334 
6 0.6950520833333333 0.68125 0.0078125 0.016666666666666666 
6 0.703125 0.68125 0.007291666666666667 0.017708333333333333 
6 0.7106770833333333 0.68125 0.005729166666666666 0.015625 
6 0.7177083333333333 0.6799479166666667 0.005208333333333333 0.016145833333333335 
6 0.725 0.6809895833333334 0.00625 0.018229166666666668 
6 0.73359375 0.68046875 0.0067708333333333336 0.019270833333333334 
6 0.7395833333333334 0.6786458333333333 0.00625 0.015625 
6 0.7481770833333333 0.6783854166666666 0.005729166666666666 0.016145833333333335 
6 0.75546875 0.67890625 0.0067708333333333336 0.0171875 
6 0.7640625 0.678125 0.007291666666666667 0.019791666666666666 
6 0.7622395833333333 0.6557291666666667 0.0078125 0.015625 
6 0.7536458333333333 0.6565104166666667 0.008333333333333333 0.0203125 
6 0.7473958333333334 0.6580729166666667 0.007291666666666667 0.0171875 
6 0.7388020833333333 0.6567708333333333 0.0078125 0.019791666666666666 
6 0.73203125 0.6575520833333334 0.0067708333333333336 0.019270833333333334 
6 0.7244791666666667 0.6591145833333333 0.00625 0.018229166666666668 
6 0.7234375 0.5690104166666666 0.009375 0.021354166666666667 
6 0.7328125 0.5729166666666666 0.008333333333333333 0.022916666666666665 
6 0.7341145833333333 0.5950520833333334 0.008854166666666666 0.021354166666666667 
6 0.7255208333333333 0.596875 0.00625 0.015625 
6 0.7158854166666667 0.5703125 0.0078125 0.019791666666666666 
6 0.7072916666666667 0.57109375 0.009375 0.0234375 
6 0.7171875 0.596875 0.007291666666666667 0.020833333333333332 
6 0.70859375 0.5986979166666667 0.008854166666666666 0.0203125 
6 0.7171875 0.6606770833333333 0.00625 0.016145833333333335 
6 0.7020833333333333 0.66015625 0.00625 0.016145833333333335 
6 0.6848958333333334 0.73125 0.00625 0.015625 
6 0.69453125 0.6606770833333333 0.005729166666666666 0.016145833333333335 
6 0.6692708333333334 0.7533854166666667 0.008333333333333333 0.019270833333333334 
6 0.6778645833333333 0.7526041666666666 0.005729166666666666 0.015625 
6 0.68515625 0.7520833333333333 0.0067708333333333336 0.017708333333333333 
6 0.6934895833333333 0.75234375 0.0067708333333333336 0.019270833333333334 
6 0.7002604166666667 0.75234375 0.0067708333333333336 0.0203125 
6 0.7 0.72890625 0.007291666666666667 0.019270833333333334 
6 0.7151041666666667 0.7294270833333333 0.00625 0.015104166666666667 
6 0.7231770833333333 0.7286458333333333 0.0078125 0.019791666666666666 
6 0.7296875 0.7286458333333333 0.007291666666666667 0.017708333333333333 
6 0.7372395833333333 0.72890625 0.0078125 0.016145833333333335 
6 0.7447916666666666 0.7278645833333334 0.00625 0.0171875 
6 0.75234375 0.7286458333333333 0.005729166666666666 0.016666666666666666 
6 0.7598958333333333 0.7270833333333333 0.00625 0.016666666666666666 
6 0.76875 0.7265625 0.008333333333333333 0.020833333333333332 
6 0.7690104166666667 0.7497395833333333 0.0067708333333333336 0.018229166666666668 
6 0.76015625 0.7502604166666667 0.0067708333333333336 0.019270833333333334 
6 0.7533854166666667 0.7502604166666667 0.0067708333333333336 0.0203125 
6 0.7463541666666667 0.7505208333333333 0.00625 0.014583333333333334 
6 0.7390625 0.7510416666666667 0.00625 0.019791666666666666 
6 0.73125 0.7505208333333333 0.00625 0.017708333333333333 
6 0.7239583333333334 0.75078125 0.008333333333333333 0.018229166666666668 
6 0.7153645833333333 0.7502604166666667 0.0067708333333333336 0.0171875 
6 0.7088541666666667 0.7513020833333334 0.007291666666666667 0.018229166666666668 
6 0.6635416666666667 0.66171875 0.007291666666666667 0.016145833333333335 
6 0.671875 0.6606770833333333 0.00625 0.015104166666666667 
6 0.6794270833333333 0.6614583333333334 0.0067708333333333336 0.015625 
6 0.6877604166666667 0.6598958333333333 0.0078125 0.019791666666666666 
6 0.7015625 0.5994791666666667 0.00625 0.026041666666666668 
6 0.6924479166666667 0.5979166666666667 0.0067708333333333336 0.021875 
6 0.68515625 0.6002604166666666 0.009895833333333333 0.027604166666666666 
6 0.67578125 0.5986979166666667 0.0078125 0.0203125 
6 0.6880208333333333 0.40963541666666664 0.01875 0.011979166666666667 
6 0.69140625 0.40130208333333334 0.0203125 0.0140625 
6 0.6950520833333333 0.39348958333333334 0.0171875 0.011979166666666667 
6 0.6981770833333333 0.38515625 0.0203125 0.0140625 
6 0.6755208333333333 0.3763020833333333 0.023958333333333335 0.0171875 
6 0.6802083333333333 0.36770833333333336 0.021875 0.015625 
6 0.6645833333333333 0.15442708333333333 0.015625 0.0078125 
6 0.6302083333333334 0.15494791666666666 0.03958333333333333 0.0140625 
6 0.6286458333333333 0.14192708333333334 0.040625 0.0140625 
6 0.6291666666666667 0.12916666666666668 0.030208333333333334 0.009375 
6 0.6296875 0.11848958333333333 0.03229166666666667 0.0109375 
6 0.6270833333333333 0.10416666666666667 0.03229166666666667 0.011458333333333333 
6 0.6604166666666667 0.146875 0.015625 0.007291666666666667 
6 0.66171875 0.13854166666666667 0.0203125 0.009375 
6 0.6606770833333333 0.12942708333333333 0.019270833333333334 0.008854166666666666 
6 0.6591145833333333 0.12213541666666666 0.018229166666666668 0.0078125 
6 0.6604166666666667 0.11302083333333333 0.020833333333333332 0.009375 
6 0.659375 0.10546875 0.019791666666666666 0.008854166666666666 
6 0.6559895833333333 0.09791666666666667 0.018229166666666668 0.008333333333333333 
6 0.65625 0.08958333333333333 0.017708333333333333 0.007291666666666667 
6 0.6541666666666667 0.07317708333333334 0.016666666666666666 0.0078125 
6 0.6239583333333333 0.09192708333333334 0.03854166666666667 0.0171875 
6 0.6197916666666666 0.08072916666666667 0.03854166666666667 0.015625 
6 0.6169270833333333 0.06692708333333333 0.043229166666666666 0.0140625 
6 0.6515625 0.0640625 0.021875 0.010416666666666666 
6 0.6098958333333333 0.049479166666666664 0.03125 0.010416666666666666 
6 0.6078125 0.03802083333333333 0.03854166666666667 0.0125 
6 0.6861979166666666 0.41796875 0.021354166666666667 0.0140625 
6 0.6841145833333333 0.4265625 0.0234375 0.016666666666666666 
6 0.6786458333333333 0.43828125 0.021875 0.015104166666666667 
6 0.6497395833333334 0.43645833333333334 0.021354166666666667 0.014583333333333334 
6 0.6682291666666667 0.6013020833333333 0.007291666666666667 0.018229166666666668 
6 0.6598958333333333 0.5981770833333333 0.007291666666666667 0.0171875 
6 0.6994791666666667 0.5705729166666667 0.008333333333333333 0.0203125 
6 0.6901041666666666 0.57109375 0.008333333333333333 0.025520833333333333 
6 0.6830729166666667 0.5752604166666667 0.005729166666666666 0.015104166666666667 
6 0.6752604166666667 0.5734375 0.008854166666666666 0.019791666666666666 
6 0.65859375 0.5723958333333333 0.009895833333333333 0.017708333333333333 
6 0.671875 0.38723958333333336 0.019791666666666666 0.015104166666666667 
6 0.66484375 0.39557291666666666 0.0234375 0.016145833333333335 
6 0.66328125 0.4075520833333333 0.022395833333333334 0.016145833333333335 
6 0.6572916666666667 0.4161458333333333 0.027083333333333334 0.01875 
6 0.65390625 0.42682291666666666 0.024479166666666666 0.0171875 
6 0.64375 0.44765625 0.025 0.0171875 
6 0.67421875 0.44817708333333334 0.022395833333333334 0.016145833333333335 
6 0.63984375 0.45677083333333335 0.024479166666666666 0.016666666666666666 
6 0.6364583333333333 0.46822916666666664 0.022916666666666665 0.015625 
6 0.6307291666666667 0.47734375 0.026041666666666668 0.018229166666666668 
6 0.6278645833333333 0.48828125 0.0234375 0.016145833333333335 
6 0.6223958333333334 0.49713541666666666 0.020833333333333332 0.0140625 
6 0.6234375 0.5059895833333333 0.017708333333333333 0.013020833333333334 
6 0.65 0.50859375 0.022916666666666665 0.0140625 
6 0.6533854166666667 0.4984375 0.025520833333333333 0.016666666666666666 
6 0.65625 0.48723958333333334 0.021875 0.015104166666666667 
6 0.6609375 0.4783854166666667 0.023958333333333335 0.0171875 
6 0.6653645833333334 0.4671875 0.024479166666666666 0.015625 
6 0.67109375 0.4588541666666667 0.024479166666666666 0.015625 
6 0.6770833333333334 0.7307291666666667 0.007291666666666667 0.017708333333333333 
6 0.66953125 0.73046875 0.005729166666666666 0.015104166666666667 
6 0.6450520833333333 0.04010416666666667 0.019270833333333334 0.008333333333333333 
6 0.34088541666666666 0.83984375 0.015104166666666667 0.022395833333333334 
6 0.35104166666666664 0.8200520833333333 0.017708333333333333 0.022395833333333334 
6 0.36041666666666666 0.803125 0.0125 0.016666666666666666 
6 0.3359375 0.8140625 0.019791666666666666 0.015625 
6 0.33932291666666664 0.8072916666666666 0.021354166666666667 0.015625 
6 0.34270833333333334 0.8 0.019791666666666666 0.015625 
6 0.3463541666666667 0.7932291666666667 0.020833333333333332 0.017708333333333333 
6 0.35104166666666664 0.7859375 0.020833333333333332 0.015625 
6 0.3536458333333333 0.7765625 0.022916666666666665 0.017708333333333333 
6 0.35885416666666664 0.76953125 0.019791666666666666 0.0140625 
6 0.36223958333333334 0.7625 0.019270833333333334 0.015625 
6 0.3671875 0.75546875 0.01875 0.015104166666666667 
6 0.37005208333333334 0.7473958333333334 0.019270833333333334 0.014583333333333334 
6 0.3731770833333333 0.73984375 0.019270833333333334 0.015104166666666667 
6 0.3768229166666667 0.7325520833333333 0.019270833333333334 0.015104166666666667 
6 0.6734375 0.8010416666666667 0.007291666666666667 0.016666666666666666 
6 0.3809895833333333 0.7252604166666666 0.0203125 0.0171875 
6 0.38515625 0.7182291666666667 0.019270833333333334 0.014583333333333334 
6 0.2825520833333333 0.70859375 0.0296875 0.025520833333333333 
6 0.41380208333333335 0.7046875 0.019270833333333334 0.023958333333333335 
6 0.16484375 0.10416666666666667 0.009895833333333333 0.014583333333333334 
6 0.1734375 0.09973958333333334 0.010416666666666666 0.0171875 
6 0.27630208333333334 0.4296875 0.08385416666666666 0.052083333333333336 
6 0.6739583333333333 0.8223958333333333 0.00625 0.014583333333333334 
6 0.6825520833333333 0.8234375 0.0078125 0.020833333333333332 
6 0.7041666666666667 0.82421875 0.007291666666666667 0.019270833333333334 
6 0.7119791666666667 0.8216145833333334 0.00625 0.015104166666666667 
6 0.7270833333333333 0.8208333333333333 0.00625 0.01875 
6 0.7341145833333333 0.8203125 0.0078125 0.01875 
6 0.7421875 0.8203125 0.005208333333333333 0.014583333333333334 
6 0.7486979166666666 0.8216145833333334 0.0067708333333333336 0.021354166666666667 
6 0.7572916666666667 0.8197916666666667 0.00625 0.017708333333333333 
6 0.7640625 0.8190104166666666 0.007291666666666667 0.0171875 
6 0.7731770833333333 0.8184895833333333 0.0078125 0.021354166666666667 
6 0.7723958333333333 0.796875 0.007291666666666667 0.017708333333333333 
6 0.7640625 0.79765625 0.005208333333333333 0.015104166666666667 
6 0.7567708333333333 0.7984375 0.00625 0.016666666666666666 
6 0.7486979166666666 0.7973958333333333 0.005729166666666666 0.016666666666666666 
6 0.7424479166666667 0.796875 0.008854166666666666 0.020833333333333332 
6 0.7333333333333333 0.79765625 0.00625 0.016145833333333335 
6 0.7263020833333333 0.7989583333333333 0.0067708333333333336 0.016666666666666666 
6 0.71875 0.7986979166666667 0.00625 0.015104166666666667 
6 0.71171875 0.7984375 0.0067708333333333336 0.020833333333333332 
6 0.703125 0.79921875 0.007291666666666667 0.018229166666666668 
6 0.69609375 0.79921875 0.005729166666666666 0.0140625 
6 0.6885416666666667 0.8020833333333334 0.00625 0.014583333333333334 
6 0.68125 0.8020833333333334 0.00625 0.015625 
6 0.4669270833333333 0.6041666666666666 0.016145833333333335 0.022916666666666665 
6 0.4549479166666667 0.6247395833333333 0.015104166666666667 0.021354166666666667 
6 0.44036458333333334 0.6546875 0.018229166666666668 0.027083333333333334 
6 0.4434895833333333 0.6135416666666667 0.0171875 0.0125 
6 0.39375 0.7018229166666666 0.019791666666666666 0.015104166666666667 
6 0.39869791666666665 0.6950520833333333 0.015104166666666667 0.013020833333333334 
6 0.40182291666666664 0.6869791666666667 0.018229166666666668 0.0125 
6 0.4236979166666667 0.6817708333333333 0.011979166666666667 0.015625 
6 0.4049479166666667 0.6791666666666667 0.022395833333333334 0.01875 
6 0.4114583333333333 0.6734375 0.017708333333333333 0.013541666666666667 
6 0.41432291666666665 0.6651041666666667 0.021354166666666667 0.014583333333333334 
6 0.42213541666666665 0.6513020833333333 0.019270833333333334 0.015104166666666667 
6 0.42526041666666664 0.6416666666666667 0.0140625 0.009375 
6 0.4317708333333333 0.6359375 0.016666666666666666 0.0125 
6 0.43515625 0.6291666666666667 0.016145833333333335 0.0125 
6 0.43854166666666666 0.62265625 0.015625 0.0109375 
6 0.4471354166666667 0.6065104166666667 0.018229166666666668 0.015104166666666667 
6 0.45208333333333334 0.5994791666666667 0.01875 0.016666666666666666 
6 0.4546875 0.590625 0.019791666666666666 0.013541666666666667 
6 0.39869791666666665 0.5614583333333333 0.03177083333333333 0.025 
6 0.37421875 0.6096354166666667 0.0171875 0.013020833333333334 
6 0.47994791666666664 0.47109375 0.0203125 0.015104166666666667 
6 0.6434895833333333 0.3177083333333333 0.025520833333333333 0.021875 
6 0.5658854166666667 0.2520833333333333 0.0140625 0.013541666666666667 
6 0.4671875 0.012760416666666666 0.013541666666666667 0.019270833333333334 
6 0.4388020833333333 0.008854166666666666 0.0078125 0.010416666666666666 
6 0.4513020833333333 0.011458333333333333 0.0078125 0.011458333333333333 
6 0.26223958333333336 0.87890625 0.027604166666666666 0.022395833333333334 
6 0.30807291666666664 0.35546875 0.059895833333333336 0.07447916666666667 
6 0.64296875 0.0484375 0.022395833333333334 0.008333333333333333 
6 0.6450520833333333 0.0234375 0.0203125 0.009375 
6 0.37786458333333334 0.5953125 0.0203125 0.015625 
6 0.34401041666666665 0.5958333333333333 0.0296875 0.021875 
6 0.3338541666666667 0.61875 0.025 0.019791666666666666 
6 0.3614583333333333 0.6286458333333333 0.025 0.01875 
6 0.35546875 0.6361979166666667 0.021354166666666667 0.016145833333333335 
6 0.3528645833333333 0.6450520833333333 0.025520833333333333 0.019270833333333334 
6 0.3484375 0.6544270833333333 0.022916666666666665 0.018229166666666668 
6 0.32369791666666664 0.63984375 0.019270833333333334 0.015104166666666667 
6 0.3190104166666667 0.6486979166666667 0.025520833333333333 0.019270833333333334 
6 0.3419270833333333 0.6627604166666666 0.019270833333333334 0.015104166666666667 
6 0.33697916666666666 0.6708333333333333 0.01875 0.014583333333333334 
6 0.31276041666666665 0.659375 0.0265625 0.020833333333333332 
6 0.30520833333333336 0.6684895833333333 0.029166666666666667 0.022395833333333334 
6 0.33125 0.6809895833333334 0.021875 0.016145833333333335 
6 0.32708333333333334 0.6903645833333333 0.021875 0.0171875 
6 0.32395833333333335 0.7015625 0.022916666666666665 0.016666666666666666 
6 0.2986979166666667 0.67890625 0.024479166666666666 0.018229166666666668 
6 0.29583333333333334 0.6888020833333334 0.025 0.0203125 
6 0.28984375 0.7010416666666667 0.0234375 0.017708333333333333 
6 0.31875 0.7104166666666667 0.022916666666666665 0.017708333333333333 
6 0.3109375 0.7169270833333333 0.01875 0.0140625 
6 0.30442708333333335 0.73515625 0.021354166666666667 0.0171875 
6 0.30885416666666665 0.7268229166666667 0.026041666666666668 0.0203125 
6 0.27708333333333335 0.7182291666666667 0.03125 0.023958333333333335 
6 0.2765625 0.73203125 0.019791666666666666 0.015104166666666667 
6 0.29921875 0.7440104166666667 0.0234375 0.0171875 
6 0.29322916666666665 0.7533854166666667 0.022916666666666665 0.0171875 
6 0.26875 0.74296875 0.022916666666666665 0.018229166666666668 
6 0.34921875 0.5846354166666666 0.0296875 0.022395833333333334 
6 0.3572916666666667 0.5768229166666666 0.025 0.019270833333333334 
6 0.42734375 0.44192708333333336 0.027604166666666666 0.021354166666666667 
6 0.3619791666666667 0.5645833333333333 0.019791666666666666 0.014583333333333334 
6 0.41901041666666666 0.4635416666666667 0.024479166666666666 0.01875 
6 0.4125 0.47265625 0.026041666666666668 0.019270833333333334 
6 0.40651041666666665 0.48203125 0.0265625 0.018229166666666668 
6 0.4010416666666667 0.49140625 0.029166666666666667 0.021354166666666667 
6 0.4283854166666667 0.50625 0.021354166666666667 0.015625 
6 0.43359375 0.49505208333333334 0.0234375 0.018229166666666668 
6 0.43723958333333335 0.4864583333333333 0.0203125 0.014583333333333334 
6 0.4432291666666667 0.47630208333333335 0.022916666666666665 0.018229166666666668 
6 0.44869791666666664 0.4661458333333333 0.025520833333333333 0.019791666666666666 
6 0.45598958333333334 0.459375 0.027604166666666666 0.019791666666666666 
6 0.51953125 0.5041666666666667 0.013020833333333334 0.016666666666666666 
6 0.5096354166666667 0.48723958333333334 0.019270833333333334 0.0140625 
6 0.5065104166666666 0.4940104166666667 0.018229166666666668 0.0140625 
6 0.503125 0.5015625 0.016666666666666666 0.013541666666666667 
6 0.49973958333333335 0.5088541666666667 0.016145833333333335 0.0125 
6 0.4947916666666667 0.51484375 0.019791666666666666 0.015104166666666667 
6 0.5075520833333333 0.52578125 0.013020833333333334 0.0171875 
6 0.49270833333333336 0.5239583333333333 0.015625 0.0125 
6 0.48776041666666664 0.53125 0.018229166666666668 0.014583333333333334 
6 0.48541666666666666 0.5380208333333333 0.015625 0.0125 
6 0.48020833333333335 0.5447916666666667 0.020833333333333332 0.015625 
6 0.4747395833333333 0.5791666666666667 0.04114583333333333 0.03333333333333333 
6 0.403125 0.5481770833333334 0.016666666666666666 0.011979166666666667 
6 0.3807291666666667 0.5369791666666667 0.019791666666666666 0.014583333333333334 
6 0.36953125 0.54375 0.03177083333333333 0.023958333333333335 
6 0.3880208333333333 0.5770833333333333 0.025 0.01875 
6 0.36666666666666664 0.55625 0.022916666666666665 0.016666666666666666 
6 0.26536458333333335 0.7526041666666666 0.021354166666666667 0.016666666666666666 
6 0.2552083333333333 0.7606770833333333 0.029166666666666667 0.022395833333333334 
6 0.28463541666666664 0.7721354166666666 0.0265625 0.019270833333333334 
6 0.25234375 0.7734375 0.025520833333333333 0.01875 
6 0.4765625 0.019010416666666665 0.019791666666666666 0.03177083333333333 
12 0.7161458333333334 0.8111979166666666 0.109375 0.043229166666666666 
12 0.7140625 0.7401041666666667 0.10520833333333333 0.04375 
12 0.7104166666666667 0.66953125 0.103125 0.044270833333333336 
12 0.6927083333333334 0.584375 0.07916666666666666 0.05520833333333333 
12 0.65859375 0.44947916666666665 0.10989583333333333 0.16979166666666667 
12 0.5825520833333333 0.40234375 0.14635416666666667 0.20260416666666667 
12 0.4940104166666667 0.3541666666666667 0.21197916666666666 0.325 
12 0.6497395833333334 0.184375 0.0859375 0.23645833333333333 
12 0.63203125 -0.04505208333333333 0.07447916666666667 0.19010416666666666 
12 0.45338541666666665 0.012239583333333333 0.04635416666666667 0.03802083333333333 
12 0.2640625 0.8567708333333334 0.07916666666666666 0.057291666666666664 
12 0.38645833333333335 0.725 0.16458333333333333 0.28229166666666666 
12 0.3140625 0.68515625 0.196875 0.30572916666666666 
12 0.2638020833333333 0.4981770833333333 0.07447916666666667 0.08697916666666666 
12 0.19479166666666667 0.590625 0.053125 0.11354166666666667 
6 0.44947916666666665 0.029427083333333333 0.03333333333333333 0.021354166666666667 
6 0.4588541666666667 0.015104166666666667 0.009375 0.014583333333333334 
6 0.3533854166666667 0.36276041666666664 0.028645833333333332 0.0421875 
6 0.13177083333333334 0.7505208333333333 0.017708333333333333 0.0125 
6 0.23932291666666666 0.7932291666666667 0.027604166666666666 0.021875 
6 0.2716145833333333 0.7986979166666667 0.0234375 0.0171875 
6 0.32317708333333334 0.8390625 0.019270833333333334 0.015625 
6 0.31875 0.8440104166666667 0.019791666666666666 0.015104166666666667 
6 0.31666666666666665 0.853125 0.015625 0.0125 
6 0.26067708333333334 0.81640625 0.022395833333333334 0.0171875 
6 0.2578125 0.828125 0.030208333333333334 0.020833333333333332 
6 0.24713541666666666 0.8395833333333333 0.0203125 0.014583333333333334 
6 0.234375 0.8486979166666667 0.020833333333333332 0.016145833333333335 
6 0.25546875 0.859375 0.025520833333333333 0.017708333333333333 
6 0.2828125 0.8557291666666667 0.025 0.017708333333333333 
6 0.2791666666666667 0.8708333333333333 0.023958333333333335 0.016666666666666666 
6 0.14270833333333333 0.76875 0.035416666666666666 0.026041666666666668 
6 0.26458333333333334 0.46953125 0.025 0.0171875 
6 0.15208333333333332 0.71875 0.013541666666666667 0.019791666666666666 
6 0.1625 0.74140625 0.025 0.0171875 
6 0.16744791666666667 0.7325520833333333 0.024479166666666666 0.016145833333333335 
6 0.17239583333333333 0.7239583333333334 0.021875 0.015625 
6 0.17734375 0.7158854166666667 0.0328125 0.022395833333333334 
6 0.18203125 0.6986979166666667 0.0234375 0.016145833333333335 
6 0.15807291666666667 0.6861979166666666 0.0234375 0.018229166666666668 
6 0.17317708333333334 0.6486979166666667 0.022395833333333334 0.011979166666666667 
6 0.25546875 0.5049479166666667 0.033854166666666664 0.024479166666666666 
6 0.22864583333333333 0.5111979166666667 0.010416666666666666 0.015104166666666667 
6 0.2669270833333333 0.48880208333333336 0.044270833333333336 0.030729166666666665 
6 0.28619791666666666 0.47734375 0.019270833333333334 0.013020833333333334 
6 0.425 0.4546875 0.023958333333333335 0.019791666666666666 
6 0.43411458333333336 0.4322916666666667 0.0265625 0.020833333333333332 
6 0.6130208333333333 0.019270833333333334 0.03333333333333333 0.011458333333333333 
6 0.6419270833333334 0.22890625 0.03177083333333333 0.0109375 
6 0.6708333333333333 0.22630208333333332 0.01875 0.0078125 
6 0.6721354166666667 0.2359375 0.021354166666666667 0.009375 
6 0.684375 0.3229166666666667 0.016666666666666666 0.007291666666666667 
6 0.6822916666666666 0.3138020833333333 0.025 0.0171875 
6 0.6838541666666667 0.30182291666666666 0.029166666666666667 0.009895833333333333 
6 0.6796875 0.29192708333333334 0.01875 0.0078125 
6 0.678125 0.28046875 0.026041666666666668 0.009895833333333333 
6 0.6747395833333333 0.2703125 0.021354166666666667 0.008333333333333333 
6 0.6755208333333333 0.24791666666666667 0.021875 0.009375 
6 0.6440104166666667 0.253125 0.030729166666666665 0.009375 
6 0.6458333333333334 0.26666666666666666 0.025 0.010416666666666666 
6 0.6463541666666667 0.27838541666666666 0.03125 0.0109375 
6 0.6494791666666667 0.2911458333333333 0.025 0.009375 
6 0.65078125 0.3033854166666667 0.019270833333333334 0.0078125 
6 0.6638020833333333 0.3177083333333333 0.0067708333333333336 0.01875 
6 0.6182291666666667 0.30755208333333334 0.021875 0.016145833333333335 
6 0.6234375 0.30026041666666664 0.020833333333333332 0.016145833333333335 
6 0.6375 0.32786458333333335 0.019791666666666666 0.015104166666666667 
6 0.61171875 0.3151041666666667 0.0265625 0.019791666666666666 
6 0.6072916666666667 0.32526041666666666 0.021875 0.016145833333333335 
6 0.6333333333333333 0.33880208333333334 0.021875 0.016145833333333335 
6 0.6283854166666667 0.34791666666666665 0.022395833333333334 0.016666666666666666 
6 0.60390625 0.33489583333333334 0.021354166666666667 0.015625 
6 0.5963541666666666 0.34479166666666666 0.022916666666666665 0.017708333333333333 
6 0.6161458333333333 0.36744791666666665 0.021875 0.0171875 
6 0.590625 0.35390625 0.023958333333333335 0.019270833333333334 
6 0.58671875 0.36484375 0.0234375 0.018229166666666668 
6 0.6684895833333333 0.21901041666666668 0.016145833333333335 0.0067708333333333336 
6 0.64140625 0.21875 0.027604166666666666 0.009375 
6 0.43671875 0.4231770833333333 0.0234375 0.018229166666666668 
6 0.6690104166666667 0.21067708333333332 0.019270833333333334 0.0078125 
6 0.6138020833333333 0.007291666666666667 0.03177083333333333 0.011458333333333333 
6 0.64765625 0.01328125 0.0234375 0.008854166666666666 
6 0.6377604166666667 0.16796875 0.028645833333333332 0.013020833333333334 
6 0.63359375 0.18020833333333333 0.034895833333333334 0.013541666666666667 
6 0.66484375 0.17109375 0.019270833333333334 0.0078125 
6 0.6653645833333334 0.17864583333333334 0.018229166666666668 0.008333333333333333 
6 0.6677083333333333 0.19427083333333334 0.01875 0.007291666666666667 
6 0.6385416666666667 0.19270833333333334 0.030208333333333334 0.011458333333333333 
6 0.6395833333333333 0.2046875 0.029166666666666667 0.010416666666666666 
6 0.6690104166666667 0.203125 0.019270833333333334 0.008333333333333333 
6 0.6098958333333333 0.37734375 0.022916666666666665 0.018229166666666668 
6 0.5828125 0.37473958333333335 0.020833333333333332 0.016145833333333335 
6 0.6098958333333333 0.38776041666666666 0.021875 0.015104166666666667 
6 0.5932291666666667 0.4049479166666667 0.017708333333333333 0.013020833333333334 
6 0.5268229166666667 0.31927083333333334 0.022395833333333334 0.016666666666666666 
6 0.5346354166666667 0.3109375 0.0265625 0.020833333333333332 
6 0.5380208333333333 0.29973958333333334 0.020833333333333332 0.016145833333333335 
6 0.54296875 0.2903645833333333 0.021354166666666667 0.0171875 
6 0.55078125 0.28229166666666666 0.025520833333333333 0.019791666666666666 
6 0.5630208333333333 0.2598958333333333 0.016666666666666666 0.013541666666666667 
6 0.5669270833333333 0.19635416666666666 0.0265625 0.020833333333333332 
6 0.5596354166666667 0.20416666666666666 0.0171875 0.013541666666666667 
6 0.56953125 0.22473958333333333 0.015104166666666667 0.019270833333333334 
6 0.5510416666666667 0.21640625 0.026041666666666668 0.0203125 
6 0.54609375 0.22630208333333332 0.028645833333333332 0.0203125 
6 0.5393229166666667 0.23671875 0.0234375 0.0171875 
6 0.5346354166666667 0.24557291666666667 0.0265625 0.0203125 
6 0.5286458333333334 0.25807291666666665 0.021875 0.0171875 
6 0.52421875 0.2674479166666667 0.025520833333333333 0.0203125 
6 0.5171875 0.27578125 0.026041666666666668 0.021354166666666667 
6 0.5122395833333333 0.28567708333333336 0.025520833333333333 0.021354166666666667 
6 0.5052083333333334 0.2955729166666667 0.027083333333333334 0.021354166666666667 
6 0.4973958333333333 0.30390625 0.03333333333333333 0.024479166666666666 
6 0.49375 0.31536458333333334 0.030208333333333334 0.022395833333333334 
6 0.48828125 0.3265625 0.025520833333333333 0.01875 
6 0.47604166666666664 0.35703125 0.021875 0.0171875 
6 0.46848958333333335 0.3653645833333333 0.0234375 0.018229166666666668 
6 0.46380208333333334 0.37447916666666664 0.022395833333333334 0.016666666666666666 
6 0.4544270833333333 0.39479166666666665 0.024479166666666666 0.01875 
6 0.44973958333333336 0.4046875 0.0265625 0.01875 
6 0.44244791666666666 0.41484375 0.019270833333333334 0.0140625 
6 0.521875 0.3302083333333333 0.026041666666666668 0.01875 
6 0.5190104166666667 0.340625 0.0234375 0.016666666666666666 
6 0.5104166666666666 0.3502604166666667 0.020833333333333332 0.016145833333333335 
6 0.5393229166666667 0.45208333333333334 0.024479166666666666 0.017708333333333333 
6 0.6010416666666667 0.3984375 0.022916666666666665 0.017708333333333333 
6 0.57578125 0.3846354166666667 0.022395833333333334 0.016145833333333335 
6 0.5708333333333333 0.39375 0.021875 0.015625 
6 0.5643229166666667 0.40546875 0.0234375 0.018229166666666668 
6 0.56015625 0.4140625 0.0203125 0.014583333333333334 
6 0.5888020833333333 0.41796875 0.022395833333333334 0.0171875 
6 0.57890625 0.43697916666666664 0.0234375 0.017708333333333333 
6 0.575 0.446875 0.023958333333333335 0.01875 
6 0.55390625 0.4244791666666667 0.019270833333333334 0.014583333333333334 
6 0.5486979166666667 0.43255208333333334 0.0203125 0.015104166666666667 
6 0.56796875 0.4557291666666667 0.024479166666666666 0.01875 
6 0.5440104166666667 0.44296875 0.0234375 0.016145833333333335 
6 0.5645833333333333 0.4640625 0.013541666666666667 0.010416666666666666 
6 0.5059895833333333 0.36015625 0.0234375 0.018229166666666668 
6 0.5546875 0.47213541666666664 0.014583333333333334 0.0109375 
6 0.5328125 0.46119791666666665 0.027083333333333334 0.0203125 
6 0.5286458333333334 0.47239583333333335 0.023958333333333335 0.017708333333333333 
6 0.52265625 0.48203125 0.024479166666666666 0.019270833333333334 
6 0.46380208333333334 0.44895833333333335 0.027604166666666666 0.020833333333333332 
6 0.4708333333333333 0.42890625 0.021875 0.016145833333333335 
6 0.47708333333333336 0.4192708333333333 0.026041666666666668 0.019791666666666666 
6 0.48151041666666666 0.40963541666666664 0.0203125 0.015104166666666667 
6 0.4864583333333333 0.39869791666666665 0.021875 0.0171875 
6 0.48828125 0.3885416666666667 0.0203125 0.016666666666666666 
6 0.49583333333333335 0.37890625 0.023958333333333335 0.019270833333333334 
6 0.5018229166666667 0.3697916666666667 0.0265625 0.01875 
4 0.5953125 0.5903645833333333 0.009375 0.009895833333333333 
4 0.5934895833333333 0.578125 0.013020833333333334 0.011458333333333333 
4 0.5799479166666667 0.584375 0.009895833333333333 0.005208333333333333 
4 0.57734375 0.5890625 0.009895833333333333 0.005208333333333333 
4 0.5739583333333333 0.5947916666666667 0.010416666666666666 0.005208333333333333 
4 0.5703125 0.6005208333333333 0.013541666666666667 0.005208333333333333 
4 0.5674479166666667 0.6057291666666667 0.0140625 0.00625 
4 0.540625 0.6484375 0.008333333333333333 0.011458333333333333 
4 0.5359375 0.6432291666666666 0.011458333333333333 0.013541666666666667 
4 0.5145833333333333 0.6533854166666667 0.009375 0.013020833333333334 
4 0.5184895833333333 0.6466145833333333 0.008854166666666666 0.011979166666666667 
4 0.5216145833333333 0.6408854166666667 0.009895833333333333 0.011979166666666667 
4 0.5252604166666667 0.63671875 0.0078125 0.0109375 
4 0.5268229166666667 0.63046875 0.008854166666666666 0.0109375 
4 0.53125 0.6255208333333333 0.009375 0.014583333333333334 
4 0.5341145833333333 0.6203125 0.008854166666666666 0.0125 
4 0.53671875 0.6138020833333333 0.008854166666666666 0.011979166666666667 
4 0.5434895833333333 0.6033854166666667 0.0078125 0.011979166666666667 
4 0.5471354166666667 0.6 0.0109375 0.014583333333333334 
4 0.5502604166666667 0.5950520833333334 0.008854166666666666 0.0109375 
4 0.5528645833333333 0.5893229166666667 0.0109375 0.0140625 
4 0.55546875 0.5825520833333333 0.008854166666666666 0.0109375 
4 0.5588541666666667 0.578125 0.008333333333333333 0.011458333333333333 
4 0.56328125 0.5747395833333333 0.008854166666666666 0.0109375 
4 0.5645833333333333 0.5671875 0.010416666666666666 0.0125 
4 0.5059895833333333 0.6455729166666667 0.008854166666666666 0.009895833333333333 
4 0.509375 0.6408854166666667 0.008333333333333333 0.0109375 
4 0.5122395833333333 0.6346354166666667 0.0078125 0.0109375 
4 0.5947916666666667 0.5841145833333333 0.011458333333333333 0.0109375 
4 0.5979166666666667 0.596875 0.010416666666666666 0.010416666666666666 
4 0.6174479166666667 0.7567708333333333 0.011979166666666667 0.010416666666666666 
4 0.6010416666666667 0.53515625 0.010416666666666666 0.0109375 
4 0.6348958333333333 0.6958333333333333 0.010416666666666666 0.008333333333333333 
4 0.6356770833333333 0.7046875 0.009895833333333333 0.008333333333333333 
4 0.6361979166666667 0.7104166666666667 0.0109375 0.010416666666666666 
4 0.6122395833333333 0.71640625 0.009895833333333333 0.008854166666666666 
4 0.61328125 0.7231770833333333 0.0109375 0.008854166666666666 
4 0.5427083333333333 0.6734375 0.010416666666666666 0.009375 
4 0.5518229166666667 0.6721354166666667 0.009895833333333333 0.008854166666666666 
4 0.5546875 0.6674479166666667 0.010416666666666666 0.008854166666666666 
4 0.60703125 0.6807291666666667 0.008854166666666666 0.008333333333333333 
4 0.60703125 0.6739583333333333 0.0078125 0.008333333333333333 
4 0.6072916666666667 0.66875 0.010416666666666666 0.010416666666666666 
4 0.6067708333333334 0.6614583333333334 0.011458333333333333 0.011458333333333333 
4 0.6317708333333333 0.6640625 0.009375 0.008333333333333333 
4 0.6283854166666667 0.6393229166666666 0.0109375 0.008854166666666666 
4 0.6059895833333333 0.65546875 0.009895833333333333 0.009895833333333333 
4 0.60390625 0.64453125 0.0109375 0.009895833333333333 
4 0.6028645833333334 0.6385416666666667 0.008854166666666666 0.009375 
4 0.6018229166666667 0.6260416666666667 0.008854166666666666 0.009375 
4 0.6005208333333333 0.62109375 0.008333333333333333 0.008854166666666666 
4 0.5986979166666667 0.6145833333333334 0.009895833333333333 0.010416666666666666 
4 0.6229166666666667 0.5875 0.009375 0.010416666666666666 
4 0.6216145833333333 0.5809895833333333 0.0067708333333333336 0.008854166666666666 
4 0.6190104166666667 0.5755208333333334 0.0109375 0.011458333333333333 
4 0.6158854166666666 0.5697916666666667 0.0109375 0.010416666666666666 
4 0.6083333333333333 0.5520833333333334 0.009375 0.009375 
4 0.6057291666666667 0.54609375 0.010416666666666666 0.0109375 
4 0.603125 0.5408854166666667 0.009375 0.009895833333333333 
4 0.5158854166666667 0.6307291666666667 0.0078125 0.010416666666666666 
4 0.51875 0.625 0.008333333333333333 0.010416666666666666 
4 0.521875 0.6200520833333333 0.008333333333333333 0.0109375 
4 0.52421875 0.6143229166666667 0.008854166666666666 0.0109375 
4 0.48385416666666664 0.6872395833333333 0.008333333333333333 0.011979166666666667 
4 0.4700520833333333 0.6927083333333334 0.0109375 0.014583333333333334 
4 0.44192708333333336 0.7135416666666666 0.009895833333333333 0.005208333333333333 
4 0.46640625 0.6713541666666667 0.009895833333333333 0.005208333333333333 
4 0.47369791666666666 0.6606770833333333 0.011979166666666667 0.005729166666666666 
4 0.47630208333333335 0.6552083333333333 0.009895833333333333 0.005208333333333333 
4 0.48359375 0.6453125 0.015104166666666667 0.00625 
4 0.4864583333333333 0.6395833333333333 0.009375 0.004166666666666667 
4 0.48984375 0.634375 0.009895833333333333 0.005208333333333333 
4 0.49244791666666665 0.6291666666666667 0.0109375 0.004166666666666667 
4 0.4942708333333333 0.6239583333333333 0.009375 0.005208333333333333 
4 0.4981770833333333 0.6192708333333333 0.011979166666666667 0.00625 
4 0.5005208333333333 0.6130208333333333 0.009375 0.00625 
4 0.5046875 0.60859375 0.010416666666666666 0.005729166666666666 
4 0.5197916666666667 0.5841145833333333 0.009375 0.0046875 
4 0.5229166666666667 0.5783854166666667 0.011458333333333333 0.005729166666666666 
4 0.52578125 0.5721354166666667 0.008854166666666666 0.0046875 
4 0.5291666666666667 0.56640625 0.0125 0.0046875 
4 0.5309895833333333 0.5619791666666667 0.009895833333333333 0.004166666666666667 
4 0.5354166666666667 0.5567708333333333 0.011458333333333333 0.005208333333333333 
4 0.5375 0.5510416666666667 0.009375 0.004166666666666667 
4 0.5424479166666667 0.5453125 0.009895833333333333 0.005208333333333333 
4 0.546875 0.5401041666666667 0.011458333333333333 0.00625 
4 0.9174479166666667 0.9578125 0.005729166666666666 0.011458333333333333 
4 0.9005208333333333 0.9244791666666666 0.010416666666666666 0.00625 
4 0.8885416666666667 0.9223958333333333 0.008333333333333333 0.004166666666666667 
4 0.87734375 0.9234375 0.008854166666666666 0.004166666666666667 
4 0.49114583333333334 0.6885416666666667 0.010416666666666666 0.013541666666666667 
4 0.4953125 0.6864583333333333 0.007291666666666667 0.010416666666666666 
4 0.4895833333333333 0.6984375 0.008333333333333333 0.0125 
4 0.4119791666666667 0.7645833333333333 0.0125 0.005208333333333333 
4 0.5278645833333333 0.6088541666666667 0.0109375 0.0125 
4 0.5315104166666667 0.6044270833333333 0.008854166666666666 0.0109375 
4 0.5341145833333333 0.5989583333333334 0.008854166666666666 0.011458333333333333 
4 0.5380208333333333 0.5942708333333333 0.008333333333333333 0.011458333333333333 
4 0.5411458333333333 0.5890625 0.008333333333333333 0.011458333333333333 
4 0.5432291666666667 0.5828125 0.008333333333333333 0.010416666666666666 
4 0.5466145833333333 0.578125 0.008854166666666666 0.0125 
4 0.55078125 0.5729166666666666 0.0078125 0.011458333333333333 
4 0.5559895833333334 0.56484375 0.009895833333333333 0.011979166666666667 
4 0.446875 0.7760416666666666 0.009375 0.010416666666666666 
4 0.43307291666666664 0.7846354166666667 0.0109375 0.013020833333333334 
4 0.4041666666666667 0.7763020833333333 0.010416666666666666 0.005729166666666666 
4 0.4549479166666667 0.7559895833333333 0.0109375 0.0140625 
4 0.48020833333333335 0.69296875 0.008333333333333333 0.011979166666666667 
4 0.4588541666666667 0.75078125 0.009375 0.0109375 
4 0.4640625 0.73828125 0.010416666666666666 0.011979166666666667 
4 0.46770833333333334 0.734375 0.009375 0.013541666666666667 
4 0.47109375 0.7291666666666666 0.008854166666666666 0.011458333333333333 
4 0.4734375 0.7239583333333334 0.008333333333333333 0.011458333333333333 
4 0.4640625 0.7190104166666667 0.008333333333333333 0.0109375 
4 0.46796875 0.7135416666666666 0.0078125 0.011458333333333333 
4 0.47734375 0.7182291666666667 0.008854166666666666 0.011458333333333333 
4 0.4739583333333333 0.703125 0.008333333333333333 0.010416666666666666 
4 0.47890625 0.7125 0.008854166666666666 0.010416666666666666 
4 0.4828125 0.70703125 0.007291666666666667 0.008854166666666666 
4 0.4856770833333333 0.7033854166666667 0.008854166666666666 0.0109375 
4 0.6390625 0.7317708333333334 0.010416666666666666 0.009375 
4 0.6190104166666667 0.7638020833333333 0.013020833333333334 0.013020833333333334 
4 0.8458333333333333 0.92578125 0.010416666666666666 0.0067708333333333336 
4 0.4122395833333333 0.8796875 0.009895833333333333 0.005208333333333333 
4 0.41432291666666665 0.81328125 0.009895833333333333 0.0109375 
4 0.41015625 0.81875 0.009895833333333333 0.011458333333333333 
4 0.41901041666666666 0.8236979166666667 0.009895833333333333 0.013020833333333334 
4 0.42291666666666666 0.81796875 0.011458333333333333 0.0140625 
4 0.42526041666666664 0.8125 0.009895833333333333 0.011458333333333333 
4 0.4276041666666667 0.8059895833333334 0.008333333333333333 0.009895833333333333 
4 0.4309895833333333 0.8018229166666667 0.008854166666666666 0.0109375 
4 0.43411458333333336 0.7966145833333333 0.008854166666666666 0.011979166666666667 
4 0.3528645833333333 0.9411458333333333 0.009895833333333333 0.0125 
4 0.35572916666666665 0.9361979166666666 0.008333333333333333 0.011979166666666667 
4 0.3580729166666667 0.9302083333333333 0.0078125 0.011458333333333333 
4 0.3614583333333333 0.9255208333333333 0.008333333333333333 0.010416666666666666 
4 0.36432291666666666 0.9205729166666666 0.008854166666666666 0.0109375 
4 0.3671875 0.9151041666666667 0.008333333333333333 0.011458333333333333 
4 0.37057291666666664 0.9098958333333333 0.008854166666666666 0.010416666666666666 
4 0.37395833333333334 0.9052083333333333 0.007291666666666667 0.010416666666666666 
4 0.3768229166666667 0.89921875 0.008854166666666666 0.011979166666666667 
4 0.3802083333333333 0.8942708333333333 0.008333333333333333 0.0125 
4 0.3828125 0.8888020833333333 0.008333333333333333 0.0109375 
4 0.3854166666666667 0.8830729166666667 0.008333333333333333 0.0109375 
4 0.38333333333333336 0.8684895833333334 0.008333333333333333 0.0109375 
4 0.3885416666666667 0.8776041666666666 0.008333333333333333 0.011458333333333333 
4 0.3921875 0.8731770833333333 0.008333333333333333 0.011979166666666667 
4 0.3859375 0.8619791666666666 0.008333333333333333 0.010416666666666666 
4 0.3890625 0.8575520833333333 0.008333333333333333 0.009895833333333333 
4 0.3953125 0.8682291666666667 0.008333333333333333 0.011458333333333333 
4 0.39817708333333335 0.8627604166666667 0.0109375 0.0140625 
4 0.4203125 0.8028645833333333 0.007291666666666667 0.0109375 
4 0.41041666666666665 0.8848958333333333 0.010416666666666666 0.004166666666666667 
4 0.64453125 0.7796875 0.0140625 0.011458333333333333 
4 0.40729166666666666 0.8901041666666667 0.011458333333333333 0.004166666666666667 
6 0.18645833333333334 0.10052083333333334 0.008333333333333333 0.013541666666666667 
6 0.20572916666666666 0.10703125 0.009375 0.015104166666666667 
4 0.48151041666666666 0.75390625 0.009895833333333333 0.0046875 
4 0.48723958333333334 0.7473958333333334 0.009895833333333333 0.005208333333333333 
4 0.5046875 0.71484375 0.010416666666666666 0.005729166666666666 
4 0.5091145833333334 0.7088541666666667 0.0109375 0.00625 
4 0.5518229166666667 0.6377604166666667 0.008854166666666666 0.0046875 
4 0.5559895833333334 0.6268229166666667 0.011979166666666667 0.005729166666666666 
4 0.5122395833333333 0.7033854166666667 0.009895833333333333 0.005729166666666666 
4 0.34322916666666664 0.9356770833333333 0.008333333333333333 0.0109375 
4 0.346875 0.9302083333333333 0.009375 0.011458333333333333 
4 0.35078125 0.9268229166666667 0.008854166666666666 0.011979166666666667 
4 0.353125 0.9216145833333333 0.007291666666666667 0.009895833333333333 
4 0.35625 0.915625 0.008333333333333333 0.010416666666666666 
4 0.35885416666666664 0.9104166666666667 0.009375 0.0125 
4 0.3609375 0.903125 0.010416666666666666 0.014583333333333334 
4 0.3645833333333333 0.8997395833333334 0.008333333333333333 0.0109375 
4 0.3671875 0.89296875 0.0125 0.015104166666666667 
4 0.3703125 0.8877604166666667 0.011458333333333333 0.013020833333333334 
4 0.37473958333333335 0.8841145833333334 0.008854166666666666 0.011979166666666667 
4 0.3768229166666667 0.8776041666666666 0.008854166666666666 0.011458333333333333 
4 0.3796875 0.87265625 0.008333333333333333 0.0109375 
4 0.39479166666666665 0.9114583333333334 0.010416666666666666 0.005208333333333333 
4 0.39791666666666664 0.9057291666666667 0.011458333333333333 0.005208333333333333 
4 0.4015625 0.90078125 0.010416666666666666 0.0046875 
4 0.40546875 0.8950520833333333 0.0109375 0.0046875 
4 0.33697916666666666 0.8997395833333334 0.011458333333333333 0.005729166666666666 
4 0.34296875 0.8934895833333333 0.0109375 0.0046875 
4 0.3458333333333333 0.88828125 0.010416666666666666 0.005729166666666666 
4 0.3575520833333333 0.8671875 0.013020833333333334 0.00625 
4 0.5114583333333333 0.89609375 0.010416666666666666 0.0140625 
4 0.45703125 0.8950520833333333 0.0067708333333333336 0.008854166666666666 
4 0.48046875 0.85859375 0.009895833333333333 0.005729166666666666 
4 0.475 0.87109375 0.010416666666666666 0.0109375 
4 0.5041666666666667 0.8216145833333334 0.0125 0.0078125 
4 0.5489583333333333 0.8614583333333333 0.008333333333333333 0.010416666666666666 
4 0.640625 0.83671875 0.011458333333333333 0.0078125 
4 0.6408854166666667 0.8296875 0.0140625 0.009375 
4 0.64453125 0.82265625 0.0109375 0.008854166666666666 
4 0.8377604166666667 0.9932291666666667 0.011979166666666667 0.005208333333333333 
4 0.8356770833333333 0.9838541666666667 0.009895833333333333 0.005208333333333333 
4 0.83359375 0.9783854166666667 0.013020833333333334 0.005729166666666666 
4 0.8375 0.98828125 0.010416666666666666 0.005729166666666666 
4 0.8104166666666667 0.9875 0.011458333333333333 0.005208333333333333 
4 0.8091145833333333 0.9817708333333334 0.013020833333333334 0.004166666666666667 
4 0.8979166666666667 0.9924479166666667 0.011458333333333333 0.0067708333333333336 
4 0.89765625 0.9822916666666667 0.011979166666666667 0.007291666666666667 
4 0.9005208333333333 0.9755208333333333 0.010416666666666666 0.00625 
4 0.8994791666666667 0.9700520833333334 0.011458333333333333 0.0078125 
4 0.8348958333333333 0.9588541666666667 0.010416666666666666 0.00625 
4 0.5796875 0.9408854166666667 0.009375 0.008854166666666666 
4 0.55078125 0.9716145833333333 0.008854166666666666 0.009895833333333333 
4 0.6036458333333333 0.8169270833333333 0.0125 0.013020833333333334 
4 0.6078125 0.6859375 0.010416666666666666 0.009375 
4 0.6098958333333333 0.6911458333333333 0.011458333333333333 0.011458333333333333 
4 0.6104166666666667 0.69765625 0.010416666666666666 0.009895833333333333 
4 0.6111979166666667 0.7046875 0.013020833333333334 0.011458333333333333 
4 0.50625 0.91015625 0.009375 0.013020833333333334 
4 0.4700520833333333 0.97421875 0.0078125 0.009895833333333333 
4 0.46432291666666664 0.9828125 0.009895833333333333 0.009375 
4 0.37916666666666665 0.82578125 0.0125 0.005729166666666666 
4 0.35182291666666665 0.8731770833333333 0.008854166666666666 0.0046875 
4 0.3580729166666667 0.86171875 0.0109375 0.0046875 
4 0.3658854166666667 0.9638020833333333 0.009895833333333333 0.0046875 
4 0.3697916666666667 0.95859375 0.010416666666666666 0.0046875 
4 0.37265625 0.9528645833333333 0.0109375 0.005729166666666666 
4 0.375 0.94765625 0.010416666666666666 0.0046875 
4 0.37890625 0.9424479166666667 0.0109375 0.005729166666666666 
4 0.38203125 0.9377604166666667 0.0109375 0.0046875 
4 0.3828125 0.9315104166666667 0.010416666666666666 0.0046875 
4 0.334375 0.90703125 0.011458333333333333 0.0046875 
4 0.4236979166666667 0.8580729166666666 0.0109375 0.008854166666666666 
4 0.36276041666666664 0.8546875 0.0109375 0.004166666666666667 
4 0.3921875 0.7971354166666667 0.010416666666666666 0.005729166666666666 
4 0.43515625 0.9361979166666666 0.0109375 0.008854166666666666 
4 0.4395833333333333 0.8333333333333334 0.0125 0.005208333333333333 
4 0.4427083333333333 0.82734375 0.010416666666666666 0.005729166666666666 
4 0.44505208333333335 0.8229166666666666 0.009895833333333333 0.005208333333333333 
4 0.44947916666666665 0.8130208333333333 0.010416666666666666 0.005208333333333333 
4 0.45286458333333335 0.80703125 0.0109375 0.0046875 
4 0.45703125 0.8010416666666667 0.0109375 0.005208333333333333 
4 0.4625 0.790625 0.011458333333333333 0.005208333333333333 
4 0.46380208333333334 0.7846354166666667 0.008854166666666666 0.0046875 
4 0.49114583333333334 0.8026041666666667 0.011458333333333333 0.0125 
4 0.484375 0.81328125 0.009375 0.011979166666666667 
4 0.4674479166666667 0.8424479166666666 0.008854166666666666 0.0046875 
4 0.4119791666666667 0.9375 0.0125 0.005208333333333333 
4 0.8658854166666666 0.9244791666666666 0.009895833333333333 0.005208333333333333 
4 0.8348958333333333 0.9252604166666667 0.009375 0.0036458333333333334 
4 0.30885416666666665 0.09609375 0.00625 0.0109375 
4 0.36171875 0.028645833333333332 0.011979166666666667 0.005208333333333333 
4 0.16015625 0.0953125 0.008854166666666666 0.013541666666666667 
4 0.17005208333333333 0.09010416666666667 0.008854166666666666 0.013541666666666667 
4 0.2 0.08932291666666667 0.004166666666666667 0.011979166666666667 
4 0.22083333333333333 0.07317708333333334 0.013541666666666667 0.0046875 
4 0.2203125 0.06796875 0.0125 0.005729166666666666 
4 0.2859375 0.15 0.005208333333333333 0.011458333333333333 
4 0.28072916666666664 0.12291666666666666 0.008333333333333333 0.005208333333333333 
4 0.2869791666666667 0.11302083333333333 0.004166666666666667 0.009375 
4 0.2875 0.09401041666666667 0.004166666666666667 0.008854166666666666 
4 0.31015625 0.08046875 0.0046875 0.008854166666666666 
4 0.30833333333333335 0.13802083333333334 0.004166666666666667 0.009375 
4 0.2513020833333333 0.23125 0.0109375 0.009375 
4 0.30182291666666666 0.14453125 0.0046875 0.009895833333333333 
4 0.24114583333333334 0.22578125 0.010416666666666666 0.008854166666666666 
4 0.23541666666666666 0.22291666666666668 0.011458333333333333 0.010416666666666666 
4 0.22604166666666667 0.21901041666666668 0.010416666666666666 0.0078125 
4 0.29140625 0.24270833333333333 0.0078125 0.010416666666666666 
4 0.28619791666666666 0.23671875 0.008854166666666666 0.0109375 
4 0.2921875 0.21354166666666666 0.00625 0.010416666666666666 
4 0.2598958333333333 0.21354166666666666 0.00625 0.009375 
4 0.26484375 0.21354166666666666 0.0067708333333333336 0.010416666666666666 
4 0.27005208333333336 0.20859375 0.0046875 0.008854166666666666 
4 0.26276041666666666 0.20338541666666668 0.005729166666666666 0.0078125 
4 0.25703125 0.20260416666666667 0.005729166666666666 0.009375 
4 0.25234375 0.20104166666666667 0.0067708333333333336 0.010416666666666666 
4 0.25416666666666665 0.21276041666666667 0.005208333333333333 0.009895833333333333 
4 0.24791666666666667 0.20807291666666666 0.00625 0.008854166666666666 
4 0.24270833333333333 0.20677083333333332 0.00625 0.010416666666666666 
4 0.24609375 0.19791666666666666 0.0067708333333333336 0.010416666666666666 
4 0.24166666666666667 0.17682291666666666 0.008333333333333333 0.011979166666666667 
4 0.25 0.17890625 0.009375 0.009895833333333333 
4 0.2565104166666667 0.18098958333333334 0.0109375 0.008854166666666666 
4 0.2682291666666667 0.18567708333333333 0.009375 0.009895833333333333 
4 0.2794270833333333 0.19010416666666666 0.008854166666666666 0.010416666666666666 
4 0.2838541666666667 0.19192708333333333 0.008333333333333333 0.011979166666666667 
4 0.29765625 0.18125 0.0046875 0.010416666666666666 
4 0.2838541666666667 0.16588541666666667 0.007291666666666667 0.011979166666666667 
4 0.3072916666666667 0.17604166666666668 0.005208333333333333 0.010416666666666666 
4 0.30807291666666664 0.16276041666666666 0.0046875 0.009895833333333333 
4 0.3078125 0.15078125 0.004166666666666667 0.009895833333333333 
4 0.2875 0.084375 0.005208333333333333 0.008333333333333333 
4 0.2875 0.07369791666666667 0.005208333333333333 0.008854166666666666 
4 0.2875 0.0609375 0.004166666666666667 0.009375 
4 0.28489583333333335 0.04791666666666667 0.005208333333333333 0.010416666666666666 
4 0.28671875 0.009635416666666667 0.0046875 0.008854166666666666 
4 0.2755208333333333 0.034375 0.008333333333333333 0.010416666666666666 
4 0.27109375 0.03359375 0.0078125 0.009895833333333333 
4 0.2638020833333333 0.03359375 0.0078125 0.0078125 
4 0.2838541666666667 0.03723958333333333 0.007291666666666667 0.0109375 
4 0.30885416666666665 0.049479166666666664 0.004166666666666667 0.009375 
4 0.30963541666666666 0.03828125 0.0046875 0.0109375 
4 0.30807291666666664 0.0125 0.0046875 0.010416666666666666 
4 0.25885416666666666 0.033854166666666664 0.009375 0.010416666666666666 
4 0.2518229166666667 0.03411458333333333 0.0078125 0.009895833333333333 
4 0.24557291666666667 0.03411458333333333 0.0078125 0.009895833333333333 
4 0.19557291666666668 0.058333333333333334 0.005729166666666666 0.009375 
4 0.19088541666666667 0.0578125 0.0046875 0.010416666666666666 
4 0.27395833333333336 0.00026041666666666666 0.010416666666666666 0.009895833333333333 
4 0.24635416666666668 0.22864583333333333 0.010416666666666666 0.009375 
4 0.24479166666666666 0.26614583333333336 0.007291666666666667 0.010416666666666666 
4 0.8341145833333333 0.93828125 0.0078125 0.009895833333333333 
4 0.8002604166666667 0.21015625 0.011979166666666667 0.0078125 
4 0.8911458333333333 0.15989583333333332 0.010416666666666666 0.005208333333333333 
4 0.8395833333333333 0.15911458333333334 0.004166666666666667 0.011979166666666667 
4 0.8247395833333333 0.14947916666666666 0.0046875 0.011458333333333333 
4 0.83515625 0.08333333333333333 0.0046875 0.010416666666666666 
4 0.8604166666666667 0.020052083333333335 0.009375 0.005729166666666666 
4 0.8716145833333333 0.00390625 0.0109375 0.011979166666666667 
4 0.221875 0.9223958333333333 0.010416666666666666 0.008333333333333333 
4 0.12265625 0.85078125 0.0109375 0.009895833333333333 
4 0.09713541666666667 0.69375 0.0067708333333333336 0.009375 
4 0.10104166666666667 0.6841145833333333 0.00625 0.008854166666666666 
4 0.09557291666666666 0.65 0.008854166666666666 0.011458333333333333 
4 0.12630208333333334 0.6559895833333333 0.0109375 0.008854166666666666 
4 0.128125 0.6502604166666667 0.010416666666666666 0.0067708333333333336 
4 0.11796875 0.64765625 0.005729166666666666 0.008854166666666666 
4 0.128125 0.6447916666666667 0.010416666666666666 0.007291666666666667 
4 0.12864583333333332 0.6395833333333333 0.011458333333333333 0.008333333333333333 
4 0.13229166666666667 0.6359375 0.010416666666666666 0.00625 
4 0.13333333333333333 0.628125 0.010416666666666666 0.005208333333333333 
4 0.13541666666666666 0.621875 0.011458333333333333 0.005208333333333333 
4 0.134375 0.6158854166666666 0.010416666666666666 0.005729166666666666 
4 0.89296875 0.18411458333333333 0.0140625 0.0067708333333333336 
4 0.8263020833333333 0.21822916666666667 0.0046875 0.009375 
4 0.25729166666666664 0.2674479166666667 0.007291666666666667 0.0109375 
4 0.8432291666666667 0.246875 0.005208333333333333 0.010416666666666666 
4 0.8231770833333333 0.9291666666666667 0.011979166666666667 0.009375 
4 0.8018229166666667 0.9231770833333334 0.008854166666666666 0.005729166666666666 
4 0.78203125 0.9208333333333333 0.0109375 0.005208333333333333 
4 0.76171875 0.9197916666666667 0.008854166666666666 0.00625 
4 0.7466145833333333 0.9174479166666667 0.0109375 0.005729166666666666 
4 0.7247395833333333 0.9145833333333333 0.008854166666666666 0.004166666666666667 
4 0.703125 0.9127604166666666 0.010416666666666666 0.005729166666666666 
4 0.6927083333333334 0.9036458333333334 0.011458333333333333 0.005208333333333333 
4 0.7145833333333333 0.9057291666666667 0.010416666666666666 0.005208333333333333 
4 0.7604166666666666 0.9109375 0.0125 0.00625 
4 0.8221354166666667 0.9106770833333333 0.011979166666666667 0.0078125 
4 0.76953125 0.9067708333333333 0.009895833333333333 0.005208333333333333 
4 0.7966145833333333 0.90546875 0.013020833333333334 0.005729166666666666 
4 0.8114583333333333 0.9026041666666667 0.013541666666666667 0.007291666666666667 
4 0.8192708333333333 0.89296875 0.009375 0.0046875 
4 0.82734375 0.89140625 0.011979166666666667 0.009895833333333333 
4 0.8315104166666667 0.8815104166666666 0.008854166666666666 0.0109375 
4 0.8552083333333333 0.8630208333333333 0.010416666666666666 0.008333333333333333 
4 0.9015625 0.8033854166666666 0.00625 0.011979166666666667 
4 0.896875 0.7572916666666667 0.00625 0.009375 
4 0.88359375 0.6565104166666667 0.0067708333333333336 0.0109375 
4 0.8729166666666667 0.5828125 0.00625 0.010416666666666666 
4 0.8635416666666667 0.5138020833333333 0.005208333333333333 0.009895833333333333 
4 0.871875 0.4921875 0.00625 0.011458333333333333 
4 0.84609375 0.38984375 0.005729166666666666 0.009895833333333333 
4 0.8359375 0.3151041666666667 0.00625 0.011458333333333333 
4 0.8161458333333333 0.25390625 0.009375 0.011979166666666667 
4 0.13515625 0.60234375 0.008854166666666666 0.0109375 
4 0.12005208333333334 0.6083333333333333 0.008854166666666666 0.011458333333333333 
4 0.11692708333333333 0.5971354166666667 0.008854166666666666 0.009895833333333333 
4 0.11432291666666666 0.5755208333333334 0.009895833333333333 0.007291666666666667 
4 0.22421875 0.3450520833333333 0.0067708333333333336 0.009895833333333333 
4 0.23020833333333332 0.33229166666666665 0.008333333333333333 0.010416666666666666 
4 0.23515625 0.31927083333333334 0.0078125 0.010416666666666666 
4 0.240625 0.3072916666666667 0.007291666666666667 0.010416666666666666 
4 0.18984375 0.33489583333333334 0.008854166666666666 0.007291666666666667 
4 0.19244791666666666 0.32786458333333335 0.0109375 0.0078125 
4 0.19427083333333334 0.3229166666666667 0.010416666666666666 0.008333333333333333 
4 0.19583333333333333 0.31796875 0.011458333333333333 0.0078125 
4 0.19791666666666666 0.31276041666666665 0.011458333333333333 0.0078125 
4 0.2 0.30755208333333334 0.010416666666666666 0.008854166666666666 
4 0.2015625 0.3026041666666667 0.011458333333333333 0.007291666666666667 
4 0.17604166666666668 0.28984375 0.008333333333333333 0.0109375 
4 0.1609375 0.28411458333333334 0.00625 0.009895833333333333 
4 0.15598958333333332 0.28177083333333336 0.0078125 0.009375 
4 0.14635416666666667 0.278125 0.008333333333333333 0.010416666666666666 
4 0.12239583333333333 0.24114583333333334 0.010416666666666666 0.007291666666666667 
4 0.12526041666666668 0.2359375 0.009895833333333333 0.007291666666666667 
4 0.12786458333333334 0.23098958333333333 0.009895833333333333 0.0067708333333333336 
4 0.13046875 0.22630208333333332 0.009895833333333333 0.0067708333333333336 
4 0.134375 0.22239583333333332 0.011458333333333333 0.007291666666666667 
4 0.13567708333333334 0.21692708333333333 0.009895833333333333 0.0078125 
4 0.27005208333333336 0.26640625 0.008854166666666666 0.0067708333333333336 
4 0.26197916666666665 0.2565104166666667 0.009375 0.0109375 
4 0.27057291666666666 0.28463541666666664 0.0078125 0.0109375 
4 0.25338541666666664 0.27760416666666665 0.0078125 0.009375 
4 0.23229166666666667 0.26901041666666664 0.00625 0.009895833333333333 
4 0.23723958333333334 0.27057291666666666 0.0067708333333333336 0.0109375 
4 0.22005208333333334 0.32734375 0.011979166666666667 0.0078125 
4 0.21770833333333334 0.33255208333333336 0.010416666666666666 0.008854166666666666 
4 0.21640625 0.33697916666666666 0.009895833333333333 0.008333333333333333 
4 0.13932291666666666 0.45 0.009895833333333333 0.007291666666666667 
4 0.13255208333333332 0.5619791666666667 0.0078125 0.0125 
4 0.171875 0.5161458333333333 0.008333333333333333 0.011458333333333333 
4 0.17760416666666667 0.5036458333333333 0.008333333333333333 0.011458333333333333 
4 0.18385416666666668 0.4901041666666667 0.007291666666666667 0.010416666666666666 
4 0.18854166666666666 0.4783854166666667 0.008333333333333333 0.011979166666666667 
4 0.16302083333333334 0.48828125 0.008333333333333333 0.011979166666666667 
4 0.16770833333333332 0.4778645833333333 0.007291666666666667 0.008854166666666666 
4 0.17291666666666666 0.46484375 0.007291666666666667 0.013020833333333334 
4 0.17786458333333333 0.45390625 0.0067708333333333336 0.009895833333333333 
4 0.19505208333333332 0.4630208333333333 0.0078125 0.011458333333333333 
4 0.19895833333333332 0.45286458333333335 0.007291666666666667 0.0109375 
4 0.18255208333333334 0.4432291666666667 0.008854166666666666 0.011458333333333333 
4 0.18776041666666668 0.42864583333333334 0.0067708333333333336 0.009375 
4 0.2140625 0.3411458333333333 0.011458333333333333 0.008333333333333333 
4 0.20963541666666666 0.4276041666666667 0.0078125 0.011458333333333333 
4 0.2140625 0.4171875 0.007291666666666667 0.011458333333333333 
4 0.21848958333333332 0.40703125 0.0078125 0.0109375 
4 0.2015625 0.39765625 0.007291666666666667 0.008854166666666666 
4 0.21692708333333333 0.36302083333333335 0.0078125 0.009375 
4 0.23645833333333333 0.36614583333333334 0.008333333333333333 0.011458333333333333 
4 0.24375 0.346875 0.008333333333333333 0.0125 
4 0.2552083333333333 0.3203125 0.008333333333333333 0.011458333333333333 
4 0.24973958333333332 0.334375 0.008854166666666666 0.011458333333333333 
4 0.2203125 0.35442708333333334 0.008333333333333333 0.009895833333333333 
4 0.209375 0.35260416666666666 0.011458333333333333 0.007291666666666667 
4 0.2125 0.34713541666666664 0.010416666666666666 0.0078125 
12 0.16145833333333334 0.7252604166666666 0.06979166666666667 0.0921875 
