4 0.4896288209606987 0.038056206088992975 0.0425764192139738 0.02927400468384075 
4 0.40829694323144106 0.16393442622950818 0.028384279475982533 0.04918032786885246 
7 0.4721615720524017 0.38231850117096017 0.13209606986899564 0.2306791569086651 
7 0.6233624454148472 0.41100702576112413 0.12882096069868995 0.22950819672131148 
7 0.7472707423580786 0.43559718969555034 0.1299126637554585 0.22716627634660422 
7 0.6861353711790393 0.7903981264637002 0.1299126637554585 0.22950819672131148 
7 0.5611353711790393 0.7663934426229508 0.1331877729257642 0.2306791569086651 
7 0.4066593886462882 0.7365339578454333 0.1299126637554585 0.22950819672131148 
7 0.28329694323144106 0.7148711943793911 0.13427947598253276 0.23302107728337237 
4 0.30622270742358076 0.031030444964871194 0.04694323144104803 0.02927400468384075 
4 0.3853711790393013 0.1563231850117096 0.03056768558951965 0.05035128805620609 
4 0.5141921397379913 0.18442622950819673 0.028384279475982533 0.05035128805620609 
4 0.7745633187772926 0.02107728337236534 0.0425764192139738 0.02576112412177986 
4 0.5567685589519651 0.19379391100702575 0.026200873362445413 0.04800936768149883 
4 0.662117903930131 0.2101873536299766 0.027292576419213975 0.04800936768149883 
4 0.6091703056768559 0.01522248243559719 0.043668122270742356 0.02810304449648712 
4 0.6593886462882096 0.04742388758782201 0.039301310043668124 0.026932084309133488 
4 0.7723799126637555 0.06967213114754098 0.04039301310043668 0.026932084309133488 
4 0.36572052401746724 0.15046838407494145 0.03056768558951965 0.05269320843091335 
4 0.34279475982532753 0.14695550351288056 0.028384279475982533 0.05503512880562061 
4 0.4497816593886463 0.17330210772833723 0.03056768558951965 0.053864168618266976 
4 0.7663755458515283 0.09133489461358314 0.043668122270742356 0.02810304449648712 
7 0.34989082969432317 0.3594847775175644 0.1299126637554585 0.22950819672131148 
