12 0.6294270833333333 0.34140625 0.05260416666666667 0.0765625 
6 0.6184895833333334 0.9484375 0.0067708333333333336 0.016666666666666666 
6 0.58203125 0.9713541666666666 0.0078125 0.019791666666666666 
6 0.5888020833333333 0.9700520833333334 0.0067708333333333336 0.018229166666666668 
6 0.5971354166666667 0.97109375 0.0067708333333333336 0.019270833333333334 
6 0.60390625 0.9692708333333333 0.0078125 0.016666666666666666 
6 0.6119791666666666 0.9692708333333333 0.007291666666666667 0.017708333333333333 
6 0.61953125 0.9692708333333333 0.005729166666666666 0.015625 
6 0.6265625 0.96796875 0.005208333333333333 0.016145833333333335 
6 0.6338541666666667 0.9690104166666667 0.00625 0.018229166666666668 
6 0.6424479166666667 0.9684895833333333 0.0067708333333333336 0.019270833333333334 
6 0.6484375 0.9666666666666667 0.00625 0.015625 
6 0.65703125 0.96640625 0.005729166666666666 0.016145833333333335 
6 0.6643229166666667 0.9669270833333333 0.0067708333333333336 0.0171875 
6 0.6729166666666667 0.9661458333333334 0.007291666666666667 0.019791666666666666 
6 0.67109375 0.94375 0.0078125 0.015625 
6 0.6625 0.94453125 0.008333333333333333 0.0203125 
6 0.65625 0.94609375 0.007291666666666667 0.0171875 
6 0.64765625 0.9447916666666667 0.0078125 0.019791666666666666 
6 0.6408854166666667 0.9455729166666667 0.0067708333333333336 0.019270833333333334 
6 0.6333333333333333 0.9471354166666667 0.00625 0.018229166666666668 
6 0.6322916666666667 0.85703125 0.009375 0.021354166666666667 
6 0.6416666666666667 0.8609375 0.008333333333333333 0.022916666666666665 
6 0.64296875 0.8830729166666667 0.008854166666666666 0.021354166666666667 
6 0.634375 0.8848958333333333 0.00625 0.015625 
6 0.6247395833333333 0.8583333333333333 0.0078125 0.019791666666666666 
6 0.6161458333333333 0.8591145833333333 0.009375 0.0234375 
6 0.6260416666666667 0.8848958333333333 0.007291666666666667 0.020833333333333332 
6 0.6174479166666667 0.88671875 0.008854166666666666 0.0203125 
6 0.6260416666666667 0.9486979166666667 0.00625 0.016145833333333335 
6 0.6109375 0.9481770833333333 0.00625 0.016145833333333335 
6 0.6033854166666667 0.9486979166666667 0.005729166666666666 0.016145833333333335 
6 0.5723958333333333 0.9497395833333333 0.007291666666666667 0.016145833333333335 
6 0.5807291666666666 0.9486979166666667 0.00625 0.015104166666666667 
6 0.58828125 0.9494791666666667 0.0067708333333333336 0.015625 
6 0.5966145833333333 0.9479166666666666 0.0078125 0.019791666666666666 
6 0.6104166666666667 0.8875 0.00625 0.026041666666666668 
6 0.6013020833333333 0.8859375 0.0067708333333333336 0.021875 
6 0.5940104166666667 0.88828125 0.009895833333333333 0.027604166666666666 
6 0.5846354166666666 0.88671875 0.0078125 0.0203125 
6 0.596875 0.69765625 0.01875 0.011979166666666667 
6 0.6002604166666666 0.6893229166666667 0.0203125 0.0140625 
6 0.60390625 0.6815104166666667 0.0171875 0.011979166666666667 
6 0.60703125 0.6731770833333334 0.0203125 0.0140625 
6 0.584375 0.6643229166666667 0.023958333333333335 0.0171875 
6 0.5890625 0.6557291666666667 0.021875 0.015625 
6 0.5734375 0.44244791666666666 0.015625 0.0078125 
6 0.5390625 0.44296875 0.03958333333333333 0.0140625 
6 0.5375 0.42994791666666665 0.040625 0.0140625 
6 0.5380208333333333 0.4171875 0.030208333333333334 0.009375 
6 0.5385416666666667 0.40651041666666665 0.03229166666666667 0.0109375 
6 0.5359375 0.3921875 0.03229166666666667 0.011458333333333333 
6 0.5692708333333333 0.4348958333333333 0.015625 0.007291666666666667 
6 0.5705729166666667 0.4265625 0.0203125 0.009375 
6 0.56953125 0.41744791666666664 0.019270833333333334 0.008854166666666666 
6 0.56796875 0.41015625 0.018229166666666668 0.0078125 
6 0.5692708333333333 0.4010416666666667 0.020833333333333332 0.009375 
6 0.5682291666666667 0.39348958333333334 0.019791666666666666 0.008854166666666666 
6 0.56484375 0.3859375 0.018229166666666668 0.008333333333333333 
6 0.5651041666666666 0.3776041666666667 0.017708333333333333 0.007291666666666667 
6 0.5630208333333333 0.3611979166666667 0.016666666666666666 0.0078125 
6 0.5328125 0.37994791666666666 0.03854166666666667 0.0171875 
6 0.5286458333333334 0.36875 0.03854166666666667 0.015625 
6 0.52578125 0.35494791666666664 0.043229166666666666 0.0140625 
6 0.5604166666666667 0.35208333333333336 0.021875 0.010416666666666666 
6 0.51875 0.3375 0.03125 0.010416666666666666 
6 0.5166666666666667 0.3260416666666667 0.03854166666666667 0.0125 
6 0.5950520833333334 0.7059895833333333 0.021354166666666667 0.0140625 
6 0.59296875 0.7145833333333333 0.0234375 0.016666666666666666 
6 0.5875 0.7263020833333333 0.021875 0.015104166666666667 
6 0.55859375 0.7244791666666667 0.021354166666666667 0.014583333333333334 
6 0.5770833333333333 0.8893229166666666 0.007291666666666667 0.018229166666666668 
6 0.56875 0.8861979166666667 0.007291666666666667 0.0171875 
6 0.6083333333333333 0.85859375 0.008333333333333333 0.0203125 
6 0.5989583333333334 0.8591145833333333 0.008333333333333333 0.025520833333333333 
6 0.5919270833333333 0.86328125 0.005729166666666666 0.015104166666666667 
6 0.5841145833333333 0.8614583333333333 0.008854166666666666 0.019791666666666666 
6 0.5674479166666667 0.8604166666666667 0.009895833333333333 0.017708333333333333 
6 0.5807291666666666 0.6752604166666667 0.019791666666666666 0.015104166666666667 
6 0.5736979166666667 0.68359375 0.0234375 0.016145833333333335 
6 0.5721354166666667 0.6955729166666667 0.022395833333333334 0.016145833333333335 
6 0.5661458333333333 0.7041666666666667 0.027083333333333334 0.01875 
6 0.5627604166666667 0.71484375 0.024479166666666666 0.0171875 
6 0.5526041666666667 0.7356770833333334 0.025 0.0171875 
6 0.5830729166666667 0.7361979166666667 0.022395833333333334 0.016145833333333335 
6 0.5486979166666667 0.7447916666666666 0.024479166666666666 0.016666666666666666 
6 0.5453125 0.75625 0.022916666666666665 0.015625 
6 0.5395833333333333 0.7653645833333333 0.026041666666666668 0.018229166666666668 
6 0.53671875 0.7763020833333333 0.0234375 0.016145833333333335 
6 0.53125 0.78515625 0.020833333333333332 0.0140625 
6 0.5322916666666667 0.7940104166666667 0.017708333333333333 0.013020833333333334 
6 0.5588541666666667 0.7966145833333333 0.022916666666666665 0.0140625 
6 0.5622395833333333 0.7864583333333334 0.025520833333333333 0.016666666666666666 
6 0.5651041666666666 0.7752604166666667 0.021875 0.015104166666666667 
6 0.5697916666666667 0.76640625 0.023958333333333335 0.0171875 
6 0.57421875 0.7552083333333334 0.024479166666666666 0.015625 
6 0.5799479166666667 0.746875 0.024479166666666666 0.015625 
6 0.55390625 0.328125 0.019270833333333334 0.008333333333333333 
4 0.2203125 0.0796875 0.005208333333333333 0.009375 
4 0.22395833333333334 0.018489583333333334 0.005208333333333333 0.009895833333333333 
4 0.21927083333333333 0.028125 0.005208333333333333 0.009375 
4 0.22369791666666666 0.009375 0.0109375 0.005208333333333333 
4 0.18958333333333333 0.08880208333333334 0.010416666666666666 0.0046875 
6 0.19557291666666668 0.05677083333333333 0.0078125 0.015625 
4 0.19947916666666668 0.06614583333333333 0.005208333333333333 0.009375 
4 0.20026041666666666 0.05546875 0.0067708333333333336 0.009895833333333333 
4 0.20026041666666666 0.04192708333333333 0.005729166666666666 0.009895833333333333 
4 0.19739583333333333 0.027083333333333334 0.005208333333333333 0.011458333333333333 
4 0.19505208333333332 0.014322916666666666 0.0078125 0.0109375 
9 0.8309895833333333 0.27239583333333334 0.009895833333333333 0.008333333333333333 
9 0.8192708333333333 0.2716145833333333 0.010416666666666666 0.008854166666666666 
4 0.21953125 0.039322916666666666 0.0046875 0.009895833333333333 
4 0.19635416666666666 0.10859375 0.010416666666666666 0.008854166666666666 
4 0.23776041666666667 0.10651041666666666 0.011979166666666667 0.005729166666666666 
4 0.2669270833333333 0.01328125 0.0109375 0.0078125 
4 0.26875 0.020052083333333335 0.011458333333333333 0.008854166666666666 
4 0.2682291666666667 0.025 0.010416666666666666 0.00625 
4 0.2559895833333333 0.03411458333333333 0.0109375 0.0078125 
4 0.2557291666666667 0.027604166666666666 0.011458333333333333 0.008333333333333333 
4 0.25625 0.020052083333333335 0.010416666666666666 0.005729166666666666 
4 0.25442708333333336 0.0125 0.005729166666666666 0.008333333333333333 
4 0.246875 0.0026041666666666665 0.010416666666666666 0.003125 
4 0.23697916666666666 0.01171875 0.010416666666666666 0.008854166666666666 
4 0.2375 0.019010416666666665 0.0125 0.0109375 
4 0.23671875 0.025520833333333333 0.0109375 0.009375 
4 0.21927083333333333 0.13046875 0.005208333333333333 0.0109375 
4 0.2596354166666667 0.05 0.009895833333333333 0.007291666666666667 
4 0.25859375 0.045572916666666664 0.009895833333333333 0.0067708333333333336 
4 0.25729166666666664 0.039322916666666666 0.010416666666666666 0.0067708333333333336 
4 0.26848958333333334 0.04739583333333333 0.005729166666666666 0.011458333333333333 
4 0.19739583333333333 0.18723958333333332 0.005208333333333333 0.009895833333333333 
4 0.19505208333333332 0.17708333333333334 0.011979166666666667 0.004166666666666667 
4 0.19244791666666666 0.171875 0.009895833333333333 0.005208333333333333 
4 0.19114583333333332 0.1609375 0.009375 0.004166666666666667 
4 0.190625 0.1515625 0.010416666666666666 0.005208333333333333 
4 0.19036458333333334 0.14583333333333334 0.0109375 0.004166666666666667 
4 0.19557291666666668 0.13619791666666667 0.009895833333333333 0.0078125 
4 0.19609375 0.12838541666666667 0.0109375 0.008854166666666666 
4 0.19635416666666666 0.12135416666666667 0.011458333333333333 0.008333333333333333 
4 0.19661458333333334 0.11380208333333333 0.009895833333333333 0.0078125 
4 0.25546875 0.09036458333333333 0.0078125 0.013020833333333334 
6 0.19140625 0.9966145833333333 0.0296875 0.025520833333333333 
6 0.32265625 0.9927083333333333 0.019270833333333334 0.023958333333333335 
6 0.07369791666666667 0.3921875 0.009895833333333333 0.014583333333333334 
6 0.08229166666666667 0.38776041666666666 0.010416666666666666 0.0171875 
6 0.18515625 0.7177083333333333 0.08385416666666666 0.052083333333333336 
6 0.37578125 0.8921875 0.016145833333333335 0.022916666666666665 
6 0.36380208333333336 0.9127604166666666 0.015104166666666667 0.021354166666666667 
6 0.34921875 0.9427083333333334 0.018229166666666668 0.027083333333333334 
6 0.35234375 0.9015625 0.0171875 0.0125 
6 0.3026041666666667 0.98984375 0.019791666666666666 0.015104166666666667 
6 0.30755208333333334 0.9830729166666666 0.015104166666666667 0.013020833333333334 
6 0.3106770833333333 0.975 0.018229166666666668 0.0125 
6 0.33255208333333336 0.9697916666666667 0.011979166666666667 0.015625 
6 0.3138020833333333 0.9671875 0.022395833333333334 0.01875 
6 0.3203125 0.9614583333333333 0.017708333333333333 0.013541666666666667 
6 0.32317708333333334 0.953125 0.021354166666666667 0.014583333333333334 
6 0.33098958333333334 0.9393229166666667 0.019270833333333334 0.015104166666666667 
6 0.3341145833333333 0.9296875 0.0140625 0.009375 
6 0.340625 0.9239583333333333 0.016666666666666666 0.0125 
6 0.34401041666666665 0.9171875 0.016145833333333335 0.0125 
6 0.34739583333333335 0.9106770833333333 0.015625 0.0109375 
6 0.35598958333333336 0.89453125 0.018229166666666668 0.015104166666666667 
6 0.40390625 0.08385416666666666 0.016145833333333335 0.020833333333333332 
6 0.3609375 0.8875 0.01875 0.016666666666666666 
6 0.36354166666666665 0.8786458333333333 0.019791666666666666 0.013541666666666667 
6 0.30755208333333334 0.8494791666666667 0.03177083333333333 0.025 
6 0.2830729166666667 0.89765625 0.0171875 0.013020833333333334 
6 0.3888020833333333 0.7591145833333334 0.0203125 0.015104166666666667 
6 0.55234375 0.6057291666666667 0.025520833333333333 0.021875 
6 0.4747395833333333 0.5401041666666667 0.0140625 0.013541666666666667 
6 0.37604166666666666 0.30078125 0.013541666666666667 0.019270833333333334 
6 0.34765625 0.296875 0.0078125 0.010416666666666666 
6 0.36015625 0.2994791666666667 0.0078125 0.011458333333333333 
6 0.21692708333333333 0.6434895833333333 0.059895833333333336 0.07447916666666667 
6 0.5518229166666667 0.33645833333333336 0.022395833333333334 0.008333333333333333 
6 0.55390625 0.31145833333333334 0.0203125 0.009375 
4 0.29739583333333336 0.007291666666666667 0.010416666666666666 0.00625 
6 0.28671875 0.8833333333333333 0.0203125 0.015625 
6 0.25286458333333334 0.8838541666666667 0.0296875 0.021875 
6 0.24270833333333333 0.9067708333333333 0.025 0.019791666666666666 
6 0.2703125 0.9166666666666666 0.025 0.01875 
6 0.2643229166666667 0.92421875 0.021354166666666667 0.016145833333333335 
6 0.26171875 0.9330729166666667 0.025520833333333333 0.019270833333333334 
6 0.25729166666666664 0.9424479166666667 0.022916666666666665 0.018229166666666668 
6 0.23255208333333333 0.9278645833333333 0.019270833333333334 0.015104166666666667 
6 0.22786458333333334 0.93671875 0.025520833333333333 0.019270833333333334 
6 0.25078125 0.95078125 0.019270833333333334 0.015104166666666667 
6 0.24583333333333332 0.9588541666666667 0.01875 0.014583333333333334 
6 0.22161458333333334 0.9473958333333333 0.0265625 0.020833333333333332 
6 0.2140625 0.9565104166666667 0.029166666666666667 0.022395833333333334 
6 0.24010416666666667 0.9690104166666667 0.021875 0.016145833333333335 
6 0.2359375 0.9783854166666667 0.021875 0.0171875 
6 0.2328125 0.9895833333333334 0.022916666666666665 0.016666666666666666 
6 0.20755208333333333 0.9669270833333333 0.024479166666666666 0.018229166666666668 
6 0.2046875 0.9768229166666667 0.025 0.0203125 
6 0.19869791666666667 0.9890625 0.0234375 0.017708333333333333 
6 0.22760416666666666 0.9984375 0.022916666666666665 0.017708333333333333 
6 0.1859375 1.00625 0.03125 0.023958333333333335 
6 0.25807291666666665 0.87265625 0.0296875 0.022395833333333334 
6 0.26614583333333336 0.86484375 0.025 0.019270833333333334 
6 0.33619791666666665 0.7299479166666667 0.027604166666666666 0.021354166666666667 
6 0.2708333333333333 0.8526041666666667 0.019791666666666666 0.014583333333333334 
6 0.32786458333333335 0.7515625 0.024479166666666666 0.01875 
6 0.32135416666666666 0.7606770833333333 0.026041666666666668 0.019270833333333334 
6 0.31536458333333334 0.7700520833333333 0.0265625 0.018229166666666668 
6 0.3098958333333333 0.7794270833333333 0.029166666666666667 0.021354166666666667 
6 0.3372395833333333 0.7942708333333334 0.021354166666666667 0.015625 
6 0.3424479166666667 0.7830729166666667 0.0234375 0.018229166666666668 
6 0.34609375 0.7744791666666667 0.0203125 0.014583333333333334 
6 0.35208333333333336 0.7643229166666666 0.022916666666666665 0.018229166666666668 
6 0.3575520833333333 0.7541666666666667 0.025520833333333333 0.019791666666666666 
6 0.36484375 0.7473958333333334 0.027604166666666666 0.019791666666666666 
6 0.4283854166666667 0.7921875 0.013020833333333334 0.016666666666666666 
6 0.41848958333333336 0.7752604166666667 0.019270833333333334 0.0140625 
6 0.4153645833333333 0.78203125 0.018229166666666668 0.0140625 
6 0.4119791666666667 0.7895833333333333 0.016666666666666666 0.013541666666666667 
6 0.40859375 0.796875 0.016145833333333335 0.0125 
6 0.4036458333333333 0.8028645833333333 0.019791666666666666 0.015104166666666667 
6 0.41640625 0.8138020833333334 0.013020833333333334 0.0171875 
6 0.4015625 0.8119791666666667 0.015625 0.0125 
6 0.3966145833333333 0.8192708333333333 0.018229166666666668 0.014583333333333334 
6 0.39427083333333335 0.8260416666666667 0.015625 0.0125 
6 0.3890625 0.8328125 0.020833333333333332 0.015625 
6 0.38359375 0.8671875 0.04114583333333333 0.03333333333333333 
6 0.31197916666666664 0.8361979166666667 0.016666666666666666 0.011979166666666667 
6 0.28958333333333336 0.825 0.019791666666666666 0.014583333333333334 
6 0.27838541666666666 0.8317708333333333 0.03177083333333333 0.023958333333333335 
6 0.296875 0.8651041666666667 0.025 0.01875 
6 0.2755208333333333 0.8442708333333333 0.022916666666666665 0.016666666666666666 
6 0.3854166666666667 0.30703125 0.019791666666666666 0.03177083333333333 
6 0.3890625 0.2453125 0.017708333333333333 0.008333333333333333 
6 0.36692708333333335 0.23776041666666667 0.008854166666666666 0.018229166666666668 
6 0.37786458333333334 0.23229166666666667 0.0078125 0.019791666666666666 
6 0.3703125 0.221875 0.010416666666666666 0.016666666666666666 
6 0.3502604166666667 0.2234375 0.019270833333333334 0.007291666666666667 
6 0.35442708333333334 0.19322916666666667 0.018229166666666668 0.013541666666666667 
6 0.4078125 0.18151041666666667 0.014583333333333334 0.027604166666666666 
6 0.42473958333333334 0.04765625 0.0078125 0.0140625 
6 0.4114583333333333 0.10104166666666667 0.016666666666666666 0.007291666666666667 
6 0.24166666666666667 0.08463541666666667 0.008333333333333333 0.028645833333333332 
12 0.6192708333333333 0.9575520833333333 0.103125 0.044270833333333336 
12 0.6015625 0.8723958333333334 0.07916666666666666 0.05520833333333333 
12 0.5674479166666667 0.7375 0.10989583333333333 0.16979166666666667 
12 0.49140625 0.6903645833333333 0.14635416666666667 0.20260416666666667 
12 0.40286458333333336 0.6421875 0.21197916666666666 0.325 
12 0.55859375 0.47239583333333335 0.0859375 0.23645833333333333 
12 0.5408854166666667 0.24296875 0.07447916666666667 0.19010416666666666 
12 0.36223958333333334 0.30026041666666664 0.04635416666666667 0.03802083333333333 
12 0.4041666666666667 0.06015625 0.04479166666666667 0.0890625 
12 0.2953125 1.0130208333333333 0.16458333333333333 0.28229166666666666 
12 0.22291666666666668 0.9731770833333333 0.196875 0.30572916666666666 
12 0.17265625 0.7861979166666667 0.07447916666666667 0.08697916666666666 
12 0.10364583333333334 0.8786458333333333 0.053125 0.11354166666666667 
6 0.35833333333333334 0.31744791666666666 0.03333333333333333 0.021354166666666667 
6 0.36770833333333336 0.303125 0.009375 0.014583333333333334 
6 0.26223958333333336 0.65078125 0.028645833333333332 0.0421875 
6 0.1734375 0.7575520833333333 0.025 0.0171875 
6 0.0609375 1.0067708333333334 0.013541666666666667 0.019791666666666666 
6 0.08619791666666667 1.00390625 0.0328125 0.022395833333333334 
6 0.09088541666666666 0.98671875 0.0234375 0.016145833333333335 
6 0.06692708333333333 0.97421875 0.0234375 0.018229166666666668 
6 0.08203125 0.93671875 0.022395833333333334 0.011979166666666667 
6 0.16432291666666668 0.79296875 0.033854166666666664 0.024479166666666666 
6 0.1375 0.79921875 0.010416666666666666 0.015104166666666667 
6 0.17578125 0.7768229166666667 0.044270833333333336 0.030729166666666665 
6 0.19505208333333332 0.7653645833333333 0.019270833333333334 0.013020833333333334 
6 0.3338541666666667 0.7427083333333333 0.023958333333333335 0.019791666666666666 
6 0.34296875 0.7203125 0.0265625 0.020833333333333332 
6 0.521875 0.3072916666666667 0.03333333333333333 0.011458333333333333 
6 0.55078125 0.5169270833333334 0.03177083333333333 0.0109375 
6 0.5796875 0.5143229166666666 0.01875 0.0078125 
6 0.5809895833333333 0.5239583333333333 0.021354166666666667 0.009375 
6 0.5932291666666667 0.6109375 0.016666666666666666 0.007291666666666667 
6 0.5911458333333334 0.6018229166666667 0.025 0.0171875 
6 0.5927083333333333 0.58984375 0.029166666666666667 0.009895833333333333 
6 0.5885416666666666 0.5799479166666667 0.01875 0.0078125 
6 0.5869791666666667 0.5684895833333333 0.026041666666666668 0.009895833333333333 
6 0.58359375 0.5583333333333333 0.021354166666666667 0.008333333333333333 
6 0.584375 0.5359375 0.021875 0.009375 
6 0.5528645833333333 0.5411458333333333 0.030729166666666665 0.009375 
6 0.5546875 0.5546875 0.025 0.010416666666666666 
6 0.5552083333333333 0.56640625 0.03125 0.0109375 
6 0.5583333333333333 0.5791666666666667 0.025 0.009375 
6 0.5596354166666667 0.59140625 0.019270833333333334 0.0078125 
6 0.57265625 0.6057291666666667 0.0067708333333333336 0.01875 
6 0.5270833333333333 0.5955729166666667 0.021875 0.016145833333333335 
6 0.5322916666666667 0.58828125 0.020833333333333332 0.016145833333333335 
6 0.5463541666666667 0.6158854166666666 0.019791666666666666 0.015104166666666667 
6 0.5205729166666667 0.603125 0.0265625 0.019791666666666666 
6 0.5161458333333333 0.61328125 0.021875 0.016145833333333335 
6 0.5421875 0.6268229166666667 0.021875 0.016145833333333335 
6 0.5372395833333333 0.6359375 0.022395833333333334 0.016666666666666666 
6 0.5127604166666667 0.6229166666666667 0.021354166666666667 0.015625 
6 0.5052083333333334 0.6328125 0.022916666666666665 0.017708333333333333 
6 0.525 0.65546875 0.021875 0.0171875 
6 0.49947916666666664 0.6419270833333334 0.023958333333333335 0.019270833333333334 
6 0.49557291666666664 0.6528645833333333 0.0234375 0.018229166666666668 
6 0.57734375 0.50703125 0.016145833333333335 0.0067708333333333336 
6 0.5502604166666667 0.5067708333333333 0.027604166666666666 0.009375 
6 0.3455729166666667 0.7111979166666667 0.0234375 0.018229166666666668 
6 0.5778645833333333 0.4986979166666667 0.019270833333333334 0.0078125 
6 0.52265625 0.2953125 0.03177083333333333 0.011458333333333333 
6 0.5565104166666667 0.30130208333333336 0.0234375 0.008854166666666666 
6 0.5575520833333333 0.2859375 0.021354166666666667 0.008333333333333333 
6 0.5575520833333333 0.27708333333333335 0.016145833333333335 0.00625 
6 0.5591145833333333 0.2598958333333333 0.0171875 0.007291666666666667 
6 0.5598958333333334 0.2513020833333333 0.016666666666666666 0.008854166666666666 
6 0.56015625 0.24557291666666667 0.021354166666666667 0.009895833333333333 
6 0.52109375 0.24817708333333333 0.04010416666666667 0.013020833333333334 
6 0.5234375 0.23463541666666668 0.035416666666666666 0.011979166666666667 
6 0.5604166666666667 0.22552083333333334 0.021875 0.009375 
6 0.5619791666666667 0.21666666666666667 0.014583333333333334 0.00625 
6 0.5627604166666667 0.21015625 0.0265625 0.009895833333333333 
6 0.5611979166666666 0.19869791666666667 0.0234375 0.0078125 
6 0.5640625 0.18489583333333334 0.021875 0.009375 
6 0.5622395833333333 0.17473958333333334 0.016145833333333335 0.0067708333333333336 
6 0.56484375 0.16927083333333334 0.018229166666666668 0.010416666666666666 
6 0.5674479166666667 0.15859375 0.019270833333333334 0.008854166666666666 
6 0.5276041666666667 0.15677083333333333 0.03958333333333333 0.014583333333333334 
6 0.54609375 0.14270833333333333 0.044270833333333336 0.014583333333333334 
6 0.5466145833333333 0.45598958333333334 0.028645833333333332 0.013020833333333334 
6 0.5424479166666667 0.46822916666666664 0.034895833333333334 0.013541666666666667 
6 0.5736979166666667 0.4591145833333333 0.019270833333333334 0.0078125 
6 0.57421875 0.4666666666666667 0.018229166666666668 0.008333333333333333 
6 0.5765625 0.4822916666666667 0.01875 0.007291666666666667 
6 0.5473958333333333 0.48072916666666665 0.030208333333333334 0.011458333333333333 
6 0.5484375 0.49270833333333336 0.029166666666666667 0.010416666666666666 
6 0.5778645833333333 0.49114583333333334 0.019270833333333334 0.008333333333333333 
6 0.51875 0.6653645833333334 0.022916666666666665 0.018229166666666668 
6 0.49166666666666664 0.6627604166666666 0.020833333333333332 0.016145833333333335 
6 0.51875 0.67578125 0.021875 0.015104166666666667 
6 0.5020833333333333 0.69296875 0.017708333333333333 0.013020833333333334 
6 0.4356770833333333 0.6072916666666667 0.022395833333333334 0.016666666666666666 
6 0.4434895833333333 0.5989583333333334 0.0265625 0.020833333333333332 
6 0.446875 0.5877604166666667 0.020833333333333332 0.016145833333333335 
6 0.4518229166666667 0.5783854166666667 0.021354166666666667 0.0171875 
6 0.4596354166666667 0.5703125 0.025520833333333333 0.019791666666666666 
6 0.471875 0.5479166666666667 0.016666666666666666 0.013541666666666667 
6 0.47578125 0.484375 0.0265625 0.020833333333333332 
6 0.46848958333333335 0.4921875 0.0171875 0.013541666666666667 
6 0.4783854166666667 0.5127604166666667 0.015104166666666667 0.019270833333333334 
6 0.45989583333333334 0.5044270833333333 0.026041666666666668 0.0203125 
6 0.4549479166666667 0.5143229166666666 0.028645833333333332 0.0203125 
6 0.44817708333333334 0.5247395833333334 0.0234375 0.0171875 
6 0.4434895833333333 0.53359375 0.0265625 0.0203125 
6 0.4375 0.54609375 0.021875 0.0171875 
6 0.43307291666666664 0.55546875 0.025520833333333333 0.0203125 
6 0.42604166666666665 0.5638020833333334 0.026041666666666668 0.021354166666666667 
6 0.42109375 0.5736979166666667 0.025520833333333333 0.021354166666666667 
6 0.4140625 0.58359375 0.027083333333333334 0.021354166666666667 
6 0.40625 0.5919270833333333 0.03333333333333333 0.024479166666666666 
6 0.40260416666666665 0.6033854166666667 0.030208333333333334 0.022395833333333334 
6 0.3971354166666667 0.6145833333333334 0.025520833333333333 0.01875 
6 0.3848958333333333 0.6450520833333333 0.021875 0.0171875 
6 0.37734375 0.6533854166666667 0.0234375 0.018229166666666668 
6 0.37265625 0.6625 0.022395833333333334 0.016666666666666666 
6 0.36328125 0.6828125 0.024479166666666666 0.01875 
6 0.35859375 0.6927083333333334 0.0265625 0.01875 
6 0.35130208333333335 0.7028645833333333 0.019270833333333334 0.0140625 
6 0.43072916666666666 0.6182291666666667 0.026041666666666668 0.01875 
6 0.4278645833333333 0.6286458333333333 0.0234375 0.016666666666666666 
6 0.4192708333333333 0.63828125 0.020833333333333332 0.016145833333333335 
6 0.44817708333333334 0.7401041666666667 0.024479166666666666 0.017708333333333333 
6 0.5098958333333333 0.6864583333333333 0.022916666666666665 0.017708333333333333 
6 0.48463541666666665 0.67265625 0.022395833333333334 0.016145833333333335 
6 0.4796875 0.6817708333333333 0.021875 0.015625 
6 0.47317708333333336 0.6934895833333333 0.0234375 0.018229166666666668 
6 0.46901041666666665 0.7020833333333333 0.0203125 0.014583333333333334 
6 0.49765625 0.7059895833333333 0.022395833333333334 0.0171875 
6 0.48776041666666664 0.725 0.0234375 0.017708333333333333 
6 0.48385416666666664 0.7348958333333333 0.023958333333333335 0.01875 
6 0.4627604166666667 0.7125 0.019270833333333334 0.014583333333333334 
6 0.45755208333333336 0.7205729166666667 0.0203125 0.015104166666666667 
6 0.47682291666666665 0.74375 0.024479166666666666 0.01875 
6 0.45286458333333335 0.7309895833333333 0.0234375 0.016145833333333335 
6 0.4734375 0.7520833333333333 0.013541666666666667 0.010416666666666666 
6 0.41484375 0.6481770833333333 0.0234375 0.018229166666666668 
6 0.4635416666666667 0.76015625 0.014583333333333334 0.0109375 
6 0.44166666666666665 0.74921875 0.027083333333333334 0.0203125 
6 0.4375 0.7604166666666666 0.023958333333333335 0.017708333333333333 
6 0.4315104166666667 0.7700520833333333 0.024479166666666666 0.019270833333333334 
6 0.37265625 0.7369791666666666 0.027604166666666666 0.020833333333333332 
6 0.3796875 0.7169270833333333 0.021875 0.016145833333333335 
6 0.3859375 0.7072916666666667 0.026041666666666668 0.019791666666666666 
6 0.39036458333333335 0.69765625 0.0203125 0.015104166666666667 
6 0.3953125 0.68671875 0.021875 0.0171875 
6 0.3971354166666667 0.6765625 0.0203125 0.016666666666666666 
6 0.4046875 0.6669270833333333 0.023958333333333335 0.019270833333333334 
6 0.41067708333333336 0.6578125 0.0265625 0.01875 
4 0.26875 0.00859375 0.009375 0.0067708333333333336 
4 0.29713541666666665 0.012760416666666666 0.009895833333333333 0.005729166666666666 
6 0.4005208333333333 0.16380208333333332 0.011458333333333333 0.022395833333333334 
4 0.5041666666666667 0.8783854166666667 0.009375 0.009895833333333333 
4 0.50234375 0.8661458333333333 0.013020833333333334 0.011458333333333333 
4 0.48880208333333336 0.8723958333333334 0.009895833333333333 0.005208333333333333 
4 0.4861979166666667 0.8770833333333333 0.009895833333333333 0.005208333333333333 
4 0.4828125 0.8828125 0.010416666666666666 0.005208333333333333 
4 0.4791666666666667 0.8885416666666667 0.013541666666666667 0.005208333333333333 
4 0.47630208333333335 0.89375 0.0140625 0.00625 
4 0.44947916666666665 0.9364583333333333 0.008333333333333333 0.011458333333333333 
4 0.44479166666666664 0.93125 0.011458333333333333 0.013541666666666667 
4 0.4234375 0.94140625 0.009375 0.013020833333333334 
4 0.42734375 0.9346354166666667 0.008854166666666666 0.011979166666666667 
4 0.43046875 0.92890625 0.009895833333333333 0.011979166666666667 
4 0.43411458333333336 0.9247395833333333 0.0078125 0.0109375 
4 0.4356770833333333 0.9184895833333333 0.008854166666666666 0.0109375 
4 0.4401041666666667 0.9135416666666667 0.009375 0.014583333333333334 
4 0.44296875 0.9083333333333333 0.008854166666666666 0.0125 
4 0.44557291666666665 0.9018229166666667 0.008854166666666666 0.011979166666666667 
4 0.45234375 0.89140625 0.0078125 0.011979166666666667 
4 0.45598958333333334 0.8880208333333334 0.0109375 0.014583333333333334 
4 0.4591145833333333 0.8830729166666667 0.008854166666666666 0.0109375 
4 0.46171875 0.87734375 0.0109375 0.0140625 
4 0.46432291666666664 0.8705729166666667 0.008854166666666666 0.0109375 
4 0.46770833333333334 0.8661458333333333 0.008333333333333333 0.011458333333333333 
4 0.47213541666666664 0.8627604166666667 0.008854166666666666 0.0109375 
4 0.4734375 0.8552083333333333 0.010416666666666666 0.0125 
4 0.41484375 0.93359375 0.008854166666666666 0.009895833333333333 
4 0.41822916666666665 0.92890625 0.008333333333333333 0.0109375 
4 0.42109375 0.92265625 0.0078125 0.0109375 
4 0.5036458333333333 0.8721354166666667 0.011458333333333333 0.0109375 
4 0.5067708333333333 0.8848958333333333 0.010416666666666666 0.010416666666666666 
4 0.5098958333333333 0.8231770833333333 0.010416666666666666 0.0109375 
4 0.54375 0.9838541666666667 0.010416666666666666 0.008333333333333333 
4 0.54453125 0.9927083333333333 0.009895833333333333 0.008333333333333333 
4 0.5450520833333333 0.9984375 0.0109375 0.010416666666666666 
4 0.4515625 0.9614583333333333 0.010416666666666666 0.009375 
4 0.46067708333333335 0.96015625 0.009895833333333333 0.008854166666666666 
4 0.4635416666666667 0.95546875 0.010416666666666666 0.008854166666666666 
4 0.5158854166666667 0.96875 0.008854166666666666 0.008333333333333333 
4 0.5158854166666667 0.9619791666666667 0.0078125 0.008333333333333333 
4 0.5161458333333333 0.9567708333333333 0.010416666666666666 0.010416666666666666 
4 0.515625 0.9494791666666667 0.011458333333333333 0.011458333333333333 
4 0.540625 0.9520833333333333 0.009375 0.008333333333333333 
4 0.5372395833333333 0.92734375 0.0109375 0.008854166666666666 
4 0.51484375 0.9434895833333333 0.009895833333333333 0.009895833333333333 
4 0.5127604166666667 0.9325520833333333 0.0109375 0.009895833333333333 
4 0.51171875 0.9265625 0.008854166666666666 0.009375 
4 0.5106770833333333 0.9140625 0.008854166666666666 0.009375 
4 0.509375 0.9091145833333333 0.008333333333333333 0.008854166666666666 
4 0.5075520833333333 0.9026041666666667 0.009895833333333333 0.010416666666666666 
4 0.5317708333333333 0.8755208333333333 0.009375 0.010416666666666666 
4 0.53046875 0.8690104166666667 0.0067708333333333336 0.008854166666666666 
4 0.5278645833333333 0.8635416666666667 0.0109375 0.011458333333333333 
4 0.5247395833333334 0.8578125 0.0109375 0.010416666666666666 
4 0.5171875 0.8401041666666667 0.009375 0.009375 
4 0.5145833333333333 0.8341145833333333 0.010416666666666666 0.0109375 
4 0.5119791666666667 0.82890625 0.009375 0.009895833333333333 
4 0.42473958333333334 0.91875 0.0078125 0.010416666666666666 
4 0.4276041666666667 0.9130208333333333 0.008333333333333333 0.010416666666666666 
4 0.43072916666666666 0.9080729166666667 0.008333333333333333 0.0109375 
4 0.43307291666666664 0.90234375 0.008854166666666666 0.0109375 
4 0.3927083333333333 0.9752604166666666 0.008333333333333333 0.011979166666666667 
4 0.37890625 0.9807291666666667 0.0109375 0.014583333333333334 
4 0.37526041666666665 0.959375 0.009895833333333333 0.005208333333333333 
4 0.38255208333333335 0.9486979166666667 0.011979166666666667 0.005729166666666666 
4 0.38515625 0.9432291666666667 0.009895833333333333 0.005208333333333333 
4 0.3924479166666667 0.9333333333333333 0.015104166666666667 0.00625 
4 0.3953125 0.9276041666666667 0.009375 0.004166666666666667 
4 0.39869791666666665 0.9223958333333333 0.009895833333333333 0.005208333333333333 
4 0.40130208333333334 0.9171875 0.0109375 0.004166666666666667 
4 0.403125 0.9119791666666667 0.009375 0.005208333333333333 
4 0.40703125 0.9072916666666667 0.011979166666666667 0.00625 
4 0.409375 0.9010416666666666 0.009375 0.00625 
4 0.41354166666666664 0.8966145833333333 0.010416666666666666 0.005729166666666666 
4 0.42864583333333334 0.8721354166666667 0.009375 0.0046875 
4 0.4317708333333333 0.86640625 0.011458333333333333 0.005729166666666666 
4 0.43463541666666666 0.86015625 0.008854166666666666 0.0046875 
4 0.43802083333333336 0.8544270833333333 0.0125 0.0046875 
4 0.43984375 0.85 0.009895833333333333 0.004166666666666667 
4 0.44427083333333334 0.8447916666666667 0.011458333333333333 0.005208333333333333 
4 0.44635416666666666 0.8390625 0.009375 0.004166666666666667 
4 0.4513020833333333 0.8333333333333334 0.009895833333333333 0.005208333333333333 
4 0.4557291666666667 0.828125 0.011458333333333333 0.00625 
4 0.4 0.9765625 0.010416666666666666 0.013541666666666667 
4 0.4041666666666667 0.9744791666666667 0.007291666666666667 0.010416666666666666 
4 0.3984375 0.9864583333333333 0.008333333333333333 0.0125 
4 0.43671875 0.896875 0.0109375 0.0125 
4 0.44036458333333334 0.8924479166666667 0.008854166666666666 0.0109375 
4 0.44296875 0.8869791666666667 0.008854166666666666 0.011458333333333333 
4 0.446875 0.8822916666666667 0.008333333333333333 0.011458333333333333 
4 0.45 0.8770833333333333 0.008333333333333333 0.011458333333333333 
4 0.45208333333333334 0.8708333333333333 0.008333333333333333 0.010416666666666666 
4 0.45546875 0.8661458333333333 0.008854166666666666 0.0125 
4 0.4596354166666667 0.8609375 0.0078125 0.011458333333333333 
4 0.46484375 0.8528645833333334 0.009895833333333333 0.011979166666666667 
4 0.3890625 0.9809895833333333 0.008333333333333333 0.011979166666666667 
4 0.3768229166666667 1.0015625 0.0078125 0.011458333333333333 
4 0.3828125 0.9911458333333333 0.008333333333333333 0.010416666666666666 
4 0.38776041666666666 1.0005208333333333 0.008854166666666666 0.010416666666666666 
4 0.39166666666666666 0.9950520833333333 0.007291666666666667 0.008854166666666666 
4 0.39453125 0.99140625 0.008854166666666666 0.0109375 
4 0.3182291666666667 0.17161458333333332 0.0125 0.005729166666666666 
6 0.0953125 0.3885416666666667 0.008333333333333333 0.013541666666666667 
6 0.11458333333333333 0.39505208333333336 0.009375 0.015104166666666667 
4 0.41796875 0.996875 0.0109375 0.00625 
4 0.46067708333333335 0.92578125 0.008854166666666666 0.0046875 
4 0.46484375 0.91484375 0.011979166666666667 0.005729166666666666 
4 0.42109375 0.99140625 0.009895833333333333 0.005729166666666666 
4 0.5166666666666667 0.9739583333333334 0.010416666666666666 0.009375 
4 0.51875 0.9791666666666666 0.011458333333333333 0.011458333333333333 
4 0.5192708333333333 0.9856770833333334 0.010416666666666666 0.009895833333333333 
4 0.5200520833333333 0.9927083333333333 0.013020833333333334 0.011458333333333333 
4 0.29583333333333334 0.017708333333333333 0.008333333333333333 0.004166666666666667 
4 0.21770833333333334 0.3841145833333333 0.00625 0.0109375 
4 0.27057291666666666 0.31666666666666665 0.011979166666666667 0.005208333333333333 
4 0.29140625 0.26953125 0.0046875 0.008854166666666666 
4 0.28046875 0.27005208333333336 0.0046875 0.009895833333333333 
4 0.27005208333333336 0.26848958333333334 0.005729166666666666 0.013020833333333334 
4 0.2598958333333333 0.26875 0.005208333333333333 0.0125 
4 0.25390625 0.2703125 0.0046875 0.009375 
4 0.2484375 0.2703125 0.005208333333333333 0.009375 
4 0.24375 0.26953125 0.004166666666666667 0.009895833333333333 
4 0.23828125 0.26901041666666664 0.005729166666666666 0.0109375 
4 0.23255208333333333 0.26953125 0.005729166666666666 0.009895833333333333 
4 0.2791666666666667 0.24505208333333334 0.005208333333333333 0.0109375 
4 0.27421875 0.2453125 0.005729166666666666 0.011458333333333333 
4 0.26458333333333334 0.24583333333333332 0.005208333333333333 0.011458333333333333 
4 0.25546875 0.24609375 0.0046875 0.0109375 
4 0.25104166666666666 0.2453125 0.00625 0.011458333333333333 
4 0.24609375 0.2453125 0.005729166666666666 0.011458333333333333 
4 0.24036458333333333 0.24713541666666666 0.0046875 0.009895833333333333 
4 0.24869791666666666 0.23567708333333334 0.0140625 0.005729166666666666 
4 0.06901041666666667 0.38333333333333336 0.008854166666666666 0.013541666666666667 
4 0.07890625 0.378125 0.008854166666666666 0.013541666666666667 
4 0.10885416666666667 0.37734375 0.004166666666666667 0.011979166666666667 
4 0.1296875 0.3611979166666667 0.013541666666666667 0.0046875 
4 0.12916666666666668 0.35598958333333336 0.0125 0.005729166666666666 
4 0.19479166666666667 0.43802083333333336 0.005208333333333333 0.011458333333333333 
4 0.18958333333333333 0.4109375 0.008333333333333333 0.005208333333333333 
4 0.19583333333333333 0.4010416666666667 0.004166666666666667 0.009375 
4 0.19635416666666666 0.38203125 0.004166666666666667 0.008854166666666666 
4 0.21901041666666668 0.3684895833333333 0.0046875 0.008854166666666666 
4 0.2171875 0.42604166666666665 0.004166666666666667 0.009375 
4 0.16015625 0.5192708333333333 0.0109375 0.009375 
4 0.21067708333333332 0.43255208333333334 0.0046875 0.009895833333333333 
4 0.15 0.5138020833333333 0.010416666666666666 0.008854166666666666 
4 0.14427083333333332 0.5109375 0.011458333333333333 0.010416666666666666 
4 0.13489583333333333 0.50703125 0.010416666666666666 0.0078125 
4 0.20026041666666666 0.5307291666666667 0.0078125 0.010416666666666666 
4 0.19505208333333332 0.5247395833333334 0.008854166666666666 0.0109375 
4 0.20104166666666667 0.5015625 0.00625 0.010416666666666666 
4 0.16875 0.5015625 0.00625 0.009375 
4 0.17369791666666667 0.5015625 0.0067708333333333336 0.010416666666666666 
4 0.17890625 0.49661458333333336 0.0046875 0.008854166666666666 
4 0.17161458333333332 0.49140625 0.005729166666666666 0.0078125 
4 0.16588541666666667 0.490625 0.005729166666666666 0.009375 
4 0.16119791666666666 0.4890625 0.0067708333333333336 0.010416666666666666 
4 0.16302083333333334 0.50078125 0.005208333333333333 0.009895833333333333 
4 0.15677083333333333 0.49609375 0.00625 0.008854166666666666 
4 0.1515625 0.4947916666666667 0.00625 0.010416666666666666 
4 0.15494791666666666 0.4859375 0.0067708333333333336 0.010416666666666666 
4 0.15052083333333333 0.46484375 0.008333333333333333 0.011979166666666667 
4 0.15885416666666666 0.4669270833333333 0.009375 0.009895833333333333 
4 0.16536458333333334 0.46901041666666665 0.0109375 0.008854166666666666 
4 0.17708333333333334 0.47369791666666666 0.009375 0.009895833333333333 
4 0.18828125 0.478125 0.008854166666666666 0.010416666666666666 
4 0.19270833333333334 0.47994791666666664 0.008333333333333333 0.011979166666666667 
4 0.20651041666666667 0.46927083333333336 0.0046875 0.010416666666666666 
4 0.19270833333333334 0.45390625 0.007291666666666667 0.011979166666666667 
4 0.21614583333333334 0.4640625 0.005208333333333333 0.010416666666666666 
4 0.21692708333333333 0.45078125 0.0046875 0.009895833333333333 
4 0.21666666666666667 0.4388020833333333 0.004166666666666667 0.009895833333333333 
4 0.19635416666666666 0.3723958333333333 0.005208333333333333 0.008333333333333333 
4 0.19635416666666666 0.36171875 0.005208333333333333 0.008854166666666666 
4 0.19635416666666666 0.3489583333333333 0.004166666666666667 0.009375 
4 0.19375 0.3359375 0.005208333333333333 0.010416666666666666 
4 0.13411458333333334 0.23177083333333334 0.0140625 0.007291666666666667 
4 0.10963541666666667 0.21692708333333333 0.011979166666666667 0.013020833333333334 
4 0.11510416666666666 0.21276041666666667 0.010416666666666666 0.0140625 
4 0.1234375 0.21276041666666667 0.010416666666666666 0.013020833333333334 
4 0.1328125 0.21484375 0.010416666666666666 0.0140625 
4 0.14036458333333332 0.21458333333333332 0.008854166666666666 0.013541666666666667 
4 0.14661458333333333 0.21458333333333332 0.0078125 0.011458333333333333 
4 0.15364583333333334 0.2140625 0.007291666666666667 0.009375 
4 0.15963541666666667 0.21510416666666668 0.0067708333333333336 0.009375 
4 0.1703125 0.21588541666666666 0.011458333333333333 0.0078125 
4 0.18255208333333334 0.21302083333333333 0.0109375 0.008333333333333333 
4 0.19010416666666666 0.20052083333333334 0.004166666666666667 0.008333333333333333 
4 0.19609375 0.19921875 0.0036458333333333334 0.0109375 
4 0.20885416666666667 0.20286458333333332 0.005208333333333333 0.013020833333333334 
4 0.21744791666666666 0.21354166666666666 0.005729166666666666 0.010416666666666666 
4 0.21770833333333334 0.20078125 0.005208333333333333 0.0109375 
4 0.21744791666666666 0.1890625 0.0046875 0.010416666666666666 
4 0.2171875 0.17786458333333333 0.005208333333333333 0.008854166666666666 
4 0.21744791666666666 0.16692708333333334 0.0036458333333333334 0.008854166666666666 
4 0.3515625 0.06536458333333334 0.010416666666666666 0.0046875 
4 0.36328125 0.05651041666666667 0.0067708333333333336 0.009895833333333333 
4 0.36484375 0.046875 0.0046875 0.009375 
4 0.3653645833333333 0.035416666666666666 0.0067708333333333336 0.009375 
4 0.36614583333333334 0.023697916666666666 0.005208333333333333 0.009895833333333333 
4 0.296875 0.03333333333333333 0.010416666666666666 0.009375 
4 0.296875 0.02734375 0.011458333333333333 0.009895833333333333 
4 0.29348958333333336 0.023958333333333335 0.009895833333333333 0.007291666666666667 
4 0.15052083333333333 0.23359375 0.014583333333333334 0.0078125 
4 0.16484375 0.23489583333333333 0.013020833333333334 0.00625 
4 0.17760416666666667 0.23177083333333334 0.005208333333333333 0.0125 
4 0.19557291666666668 0.29765625 0.0046875 0.008854166666666666 
4 0.184375 0.3223958333333333 0.008333333333333333 0.010416666666666666 
4 0.17994791666666668 0.3216145833333333 0.0078125 0.009895833333333333 
4 0.17265625 0.3216145833333333 0.0078125 0.0078125 
4 0.19270833333333334 0.32526041666666666 0.007291666666666667 0.0109375 
4 0.21770833333333334 0.3375 0.004166666666666667 0.009375 
4 0.21848958333333332 0.3263020833333333 0.0046875 0.0109375 
4 0.21692708333333333 0.30052083333333335 0.0046875 0.010416666666666666 
4 0.16770833333333332 0.321875 0.009375 0.010416666666666666 
4 0.16067708333333333 0.3221354166666667 0.0078125 0.009895833333333333 
4 0.15442708333333333 0.3221354166666667 0.0078125 0.009895833333333333 
4 0.10442708333333334 0.3463541666666667 0.005729166666666666 0.009375 
4 0.09973958333333334 0.3458333333333333 0.0046875 0.010416666666666666 
4 0.1828125 0.28828125 0.010416666666666666 0.009895833333333333 
4 0.17135416666666667 0.24583333333333332 0.004166666666666667 0.009375 
4 0.19583333333333333 0.28489583333333335 0.005208333333333333 0.010416666666666666 
4 0.1953125 0.27447916666666666 0.005208333333333333 0.010416666666666666 
4 0.19114583333333332 0.26875 0.003125 0.008333333333333333 
4 0.18671875 0.26927083333333335 0.0046875 0.011458333333333333 
4 0.18151041666666667 0.26927083333333335 0.0046875 0.009375 
4 0.17526041666666667 0.26848958333333334 0.0046875 0.009895833333333333 
4 0.29609375 0.23697916666666666 0.013020833333333334 0.004166666666666667 
4 0.21692708333333333 0.24270833333333333 0.0046875 0.010416666666666666 
4 0.19375 0.24557291666666667 0.00625 0.008854166666666666 
4 0.18619791666666666 0.24661458333333333 0.0046875 0.009895833333333333 
4 0.18072916666666666 0.24557291666666667 0.004166666666666667 0.008854166666666666 
4 0.17578125 0.24505208333333334 0.0046875 0.009895833333333333 
4 0.15520833333333334 0.5166666666666667 0.010416666666666666 0.009375 
4 0.15364583333333334 0.5541666666666667 0.007291666666666667 0.010416666666666666 
4 0.7091145833333333 0.4981770833333333 0.011979166666666667 0.0078125 
4 0.8 0.4479166666666667 0.010416666666666666 0.005208333333333333 
4 0.7484375 0.4471354166666667 0.004166666666666667 0.011979166666666667 
4 0.73359375 0.4375 0.0046875 0.011458333333333333 
4 0.7440104166666667 0.37135416666666665 0.0046875 0.010416666666666666 
4 0.7692708333333333 0.30807291666666664 0.009375 0.005729166666666666 
4 0.78046875 0.29192708333333334 0.0109375 0.011979166666666667 
4 0.77265625 0.2791666666666667 0.008854166666666666 0.010416666666666666 
4 0.7578125 0.28515625 0.005208333333333333 0.0109375 
4 0.76796875 0.18020833333333333 0.0046875 0.010416666666666666 
4 0.7520833333333333 0.17604166666666668 0.005208333333333333 0.0125 
4 0.7598958333333333 0.06588541666666667 0.005208333333333333 0.011979166666666667 
4 0.7744791666666667 0.07161458333333333 0.005208333333333333 0.011979166666666667 
4 0.7763020833333333 0.030208333333333334 0.005729166666666666 0.0125 
4 0.005989583333333334 0.9817708333333334 0.0067708333333333336 0.009375 
4 0.009895833333333333 0.9721354166666667 0.00625 0.008854166666666666 
4 0.004427083333333333 0.9380208333333333 0.008854166666666666 0.011458333333333333 
4 0.03515625 0.9440104166666666 0.0109375 0.008854166666666666 
4 0.03697916666666667 0.93828125 0.010416666666666666 0.0067708333333333336 
4 0.026822916666666665 0.9356770833333333 0.005729166666666666 0.008854166666666666 
4 0.03697916666666667 0.9328125 0.010416666666666666 0.007291666666666667 
4 0.0375 0.9276041666666667 0.011458333333333333 0.008333333333333333 
4 0.04114583333333333 0.9239583333333333 0.010416666666666666 0.00625 
4 0.0421875 0.9161458333333333 0.010416666666666666 0.005208333333333333 
4 0.044270833333333336 0.9098958333333333 0.011458333333333333 0.005208333333333333 
4 0.043229166666666666 0.90390625 0.010416666666666666 0.005729166666666666 
4 0.8018229166666667 0.47213541666666664 0.0140625 0.0067708333333333336 
4 0.73515625 0.50625 0.0046875 0.009375 
4 0.16614583333333333 0.55546875 0.007291666666666667 0.0109375 
4 0.7520833333333333 0.5348958333333333 0.005208333333333333 0.010416666666666666 
4 0.7924479166666667 0.94453125 0.0067708333333333336 0.0109375 
4 0.7817708333333333 0.8708333333333333 0.00625 0.010416666666666666 
4 0.7723958333333333 0.8018229166666667 0.005208333333333333 0.009895833333333333 
4 0.7807291666666667 0.7802083333333333 0.00625 0.011458333333333333 
4 0.7549479166666667 0.6778645833333333 0.005729166666666666 0.009895833333333333 
4 0.7447916666666666 0.603125 0.00625 0.011458333333333333 
4 0.725 0.5419270833333333 0.009375 0.011979166666666667 
4 0.04401041666666667 0.8903645833333333 0.008854166666666666 0.0109375 
4 0.02890625 0.8963541666666667 0.008854166666666666 0.011458333333333333 
4 0.02578125 0.88515625 0.008854166666666666 0.009895833333333333 
4 0.023177083333333334 0.8635416666666667 0.009895833333333333 0.007291666666666667 
4 0.13307291666666668 0.6330729166666667 0.0067708333333333336 0.009895833333333333 
4 0.1390625 0.6203125 0.008333333333333333 0.010416666666666666 
4 0.14401041666666667 0.6072916666666667 0.0078125 0.010416666666666666 
4 0.14947916666666666 0.5953125 0.007291666666666667 0.010416666666666666 
4 0.09869791666666666 0.6229166666666667 0.008854166666666666 0.007291666666666667 
4 0.10130208333333333 0.6158854166666666 0.0109375 0.0078125 
4 0.103125 0.6109375 0.010416666666666666 0.008333333333333333 
4 0.1046875 0.6059895833333333 0.011458333333333333 0.0078125 
4 0.10677083333333333 0.60078125 0.011458333333333333 0.0078125 
4 0.10885416666666667 0.5955729166666667 0.010416666666666666 0.008854166666666666 
4 0.11041666666666666 0.590625 0.011458333333333333 0.007291666666666667 
4 0.08489583333333334 0.5778645833333333 0.008333333333333333 0.0109375 
4 0.06979166666666667 0.5721354166666667 0.00625 0.009895833333333333 
4 0.06484375 0.5697916666666667 0.0078125 0.009375 
4 0.05520833333333333 0.5661458333333333 0.008333333333333333 0.010416666666666666 
4 0.03125 0.5291666666666667 0.010416666666666666 0.007291666666666667 
4 0.03411458333333333 0.5239583333333333 0.009895833333333333 0.007291666666666667 
4 0.03671875 0.5190104166666667 0.009895833333333333 0.0067708333333333336 
4 0.039322916666666666 0.5143229166666666 0.009895833333333333 0.0067708333333333336 
4 0.043229166666666666 0.5104166666666666 0.011458333333333333 0.007291666666666667 
4 0.04453125 0.5049479166666667 0.009895833333333333 0.0078125 
4 0.17890625 0.5544270833333333 0.008854166666666666 0.0067708333333333336 
4 0.17083333333333334 0.54453125 0.009375 0.0109375 
4 0.17942708333333332 0.57265625 0.0078125 0.0109375 
4 0.16223958333333333 0.565625 0.0078125 0.009375 
4 0.14114583333333333 0.55703125 0.00625 0.009895833333333333 
4 0.14609375 0.55859375 0.0067708333333333336 0.0109375 
4 0.12890625 0.6153645833333333 0.011979166666666667 0.0078125 
4 0.1265625 0.6205729166666667 0.010416666666666666 0.008854166666666666 
4 0.12526041666666668 0.625 0.009895833333333333 0.008333333333333333 
4 0.048177083333333336 0.7380208333333333 0.009895833333333333 0.007291666666666667 
4 0.04140625 0.85 0.0078125 0.0125 
4 0.08072916666666667 0.8041666666666667 0.008333333333333333 0.011458333333333333 
4 0.08645833333333333 0.7916666666666666 0.008333333333333333 0.011458333333333333 
4 0.09270833333333334 0.778125 0.007291666666666667 0.010416666666666666 
4 0.09739583333333333 0.76640625 0.008333333333333333 0.011979166666666667 
4 0.071875 0.7763020833333333 0.008333333333333333 0.011979166666666667 
4 0.0765625 0.7658854166666667 0.007291666666666667 0.008854166666666666 
4 0.08177083333333333 0.7528645833333333 0.007291666666666667 0.013020833333333334 
4 0.08671875 0.7419270833333333 0.0067708333333333336 0.009895833333333333 
4 0.10390625 0.7510416666666667 0.0078125 0.011458333333333333 
4 0.1078125 0.7408854166666666 0.007291666666666667 0.0109375 
4 0.09140625 0.73125 0.008854166666666666 0.011458333333333333 
4 0.09661458333333334 0.7166666666666667 0.0067708333333333336 0.009375 
4 0.12291666666666666 0.6291666666666667 0.011458333333333333 0.008333333333333333 
4 0.11848958333333333 0.715625 0.0078125 0.011458333333333333 
4 0.12291666666666666 0.7052083333333333 0.007291666666666667 0.011458333333333333 
4 0.12734375 0.6950520833333333 0.0078125 0.0109375 
4 0.11041666666666666 0.6856770833333333 0.007291666666666667 0.008854166666666666 
4 0.12578125 0.6510416666666666 0.0078125 0.009375 
4 0.1453125 0.6541666666666667 0.008333333333333333 0.011458333333333333 
4 0.15260416666666668 0.6348958333333333 0.008333333333333333 0.0125 
4 0.1640625 0.6083333333333333 0.008333333333333333 0.011458333333333333 
4 0.15859375 0.6223958333333334 0.008854166666666666 0.011458333333333333 
4 0.12916666666666668 0.6424479166666667 0.008333333333333333 0.009895833333333333 
4 0.11822916666666666 0.640625 0.011458333333333333 0.007291666666666667 
4 0.12135416666666667 0.63515625 0.010416666666666666 0.0078125 
12 0.0703125 1.01328125 0.06979166666666667 0.0921875 
