6 0.46770833333333334 0.8364583333333333 0.014583333333333334 0.014583333333333334 
6 0.7161458333333334 0.43802083333333336 0.017708333333333333 0.013541666666666667 
6 0.6778645833333333 0.5122395833333333 0.0234375 0.0171875 
6 0.68203125 0.5041666666666667 0.019270833333333334 0.014583333333333334 
6 0.68203125 0.49583333333333335 0.015104166666666667 0.0125 
6 0.6908854166666667 0.48932291666666666 0.019270833333333334 0.016145833333333335 
6 0.6950520833333333 0.48020833333333335 0.0203125 0.015625 
6 0.70078125 0.471875 0.018229166666666668 0.013541666666666667 
6 0.70234375 0.4627604166666667 0.021354166666666667 0.0171875 
6 0.7111979166666667 0.446875 0.021354166666666667 0.016666666666666666 
6 0.7197916666666667 0.4296875 0.021875 0.017708333333333333 
6 0.7635416666666667 0.3375 0.022916666666666665 0.017708333333333333 
6 0.7236979166666667 0.421875 0.0203125 0.015625 
6 0.7265625 0.41354166666666664 0.020833333333333332 0.015625 
6 0.7354166666666667 0.3966145833333333 0.021875 0.0171875 
6 0.7393229166666667 0.38828125 0.021354166666666667 0.0171875 
6 0.7432291666666667 0.38125 0.019791666666666666 0.016666666666666666 
6 0.74765625 0.371875 0.022395833333333334 0.017708333333333333 
6 0.7510416666666667 0.36380208333333336 0.020833333333333332 0.016145833333333335 
6 0.7559895833333333 0.35520833333333335 0.022395833333333334 0.017708333333333333 
6 0.6739583333333333 0.5213541666666667 0.019791666666666666 0.014583333333333334 
6 0.6697916666666667 0.5296875 0.019791666666666666 0.014583333333333334 
6 0.6635416666666667 0.5369791666666667 0.020833333333333332 0.015625 
6 0.6583333333333333 0.5450520833333333 0.022916666666666665 0.018229166666666668 
6 0.6231770833333333 0.6625 0.0140625 0.015625 
6 0.6388020833333333 0.67578125 0.0067708333333333336 0.011979166666666667 
6 0.6283854166666667 0.6682291666666667 0.013020833333333334 0.014583333333333334 
6 0.634375 0.6557291666666667 0.011458333333333333 0.011458333333333333 
6 0.6299479166666667 0.6432291666666666 0.015104166666666667 0.014583333333333334 
6 0.6244791666666667 0.6375 0.0125 0.013541666666666667 
6 0.61875 0.63125 0.014583333333333334 0.015625 
6 0.6135416666666667 0.6255208333333333 0.014583333333333334 0.015625 
6 0.60703125 0.61953125 0.015104166666666667 0.016145833333333335 
6 0.6010416666666667 0.6145833333333334 0.013541666666666667 0.013541666666666667 
6 0.5963541666666666 0.6096354166666667 0.013541666666666667 0.0140625 
6 0.6380208333333334 0.58984375 0.021875 0.0171875 
6 0.6411458333333333 0.5796875 0.025 0.01875 
6 0.6596354166666667 0.5856770833333333 0.0109375 0.0140625 
6 0.6455729166666667 0.571875 0.024479166666666666 0.016666666666666666 
6 0.6518229166666667 0.5635416666666667 0.022395833333333334 0.017708333333333333 
6 0.6559895833333333 0.5544270833333333 0.021354166666666667 0.016145833333333335 
6 0.76015625 0.34609375 0.022395833333333334 0.018229166666666668 
6 0.7692708333333333 0.3294270833333333 0.019791666666666666 0.015104166666666667 
6 0.6111979166666667 0.6505208333333333 0.016145833333333335 0.015625 
6 0.64921875 0.39791666666666664 0.027604166666666666 0.020833333333333332 
6 0.6140625 0.4703125 0.026041666666666668 0.01875 
6 0.6166666666666667 0.459375 0.021875 0.016666666666666666 
6 0.62109375 0.4515625 0.022395833333333334 0.016666666666666666 
6 0.6270833333333333 0.4440104166666667 0.027083333333333334 0.0203125 
6 0.6296875 0.43359375 0.022916666666666665 0.018229166666666668 
6 0.6346354166666667 0.42526041666666664 0.024479166666666666 0.019270833333333334 
6 0.63671875 0.4153645833333333 0.022395833333333334 0.016145833333333335 
6 0.6440104166666667 0.40677083333333336 0.0234375 0.017708333333333333 
6 0.6583333333333333 0.38697916666666665 0.03125 0.022916666666666665 
6 0.77421875 0.3223958333333333 0.019270833333333334 0.014583333333333334 
6 0.6611979166666667 0.37578125 0.024479166666666666 0.018229166666666668 
6 0.6643229166666667 0.3645833333333333 0.0265625 0.01875 
6 0.6713541666666667 0.35442708333333334 0.028125 0.022395833333333334 
6 0.6776041666666667 0.34427083333333336 0.021875 0.015625 
6 0.6799479166666667 0.33567708333333335 0.0203125 0.015104166666666667 
6 0.6861979166666666 0.32578125 0.028645833333333332 0.021354166666666667 
6 0.6901041666666666 0.315625 0.022916666666666665 0.017708333333333333 
6 0.696875 0.30520833333333336 0.025 0.017708333333333333 
6 0.6104166666666667 0.47994791666666664 0.027083333333333334 0.0203125 
6 0.60390625 0.48723958333333334 0.0234375 0.019270833333333334 
6 0.60078125 0.49609375 0.0234375 0.018229166666666668 
6 0.5940104166666667 0.50390625 0.021354166666666667 0.015104166666666667 
6 0.7770833333333333 0.3138020833333333 0.021875 0.0171875 
6 0.78203125 0.3065104166666667 0.018229166666666668 0.0140625 
6 0.7861979166666667 0.29791666666666666 0.021354166666666667 0.015625 
6 0.7903645833333334 0.28932291666666665 0.021354166666666667 0.016145833333333335 
6 0.7934895833333333 0.28125 0.018229166666666668 0.014583333333333334 
6 0.7986979166666667 0.26666666666666666 0.022395833333333334 0.020833333333333332 
6 0.8059895833333334 0.2596354166666667 0.024479166666666666 0.024479166666666666 
6 0.8122395833333333 0.2515625 0.022395833333333334 0.021875 
6 0.8322916666666667 0.22630208333333332 0.026041666666666668 0.0234375 
6 0.8372395833333334 0.2171875 0.0234375 0.022916666666666665 
6 0.8471354166666667 0.2109375 0.021354166666666667 0.020833333333333332 
6 0.8510416666666667 0.19973958333333333 0.028125 0.0265625 
6 0.5627604166666667 0.5424479166666667 0.0140625 0.0140625 
6 0.5684895833333333 0.5375 0.0140625 0.014583333333333334 
6 0.5736979166666667 0.53203125 0.015104166666666667 0.016145833333333335 
6 0.5825520833333333 0.51953125 0.0171875 0.011979166666666667 
6 0.5903645833333333 0.51328125 0.022395833333333334 0.0171875 
6 0.61484375 0.6580729166666667 0.0140625 0.015104166666666667 
6 0.6049479166666667 0.6447916666666667 0.0140625 0.014583333333333334 
6 0.68828125 0.23984375 0.011979166666666667 0.016145833333333335 
6 0.5536458333333333 0.8234375 0.013541666666666667 0.013541666666666667 
6 0.5125 0.8158854166666667 0.015625 0.016145833333333335 
6 0.52890625 0.7997395833333333 0.015104166666666667 0.016145833333333335 
6 0.5190104166666667 0.821875 0.0171875 0.017708333333333333 
6 0.52421875 0.8286458333333333 0.015104166666666667 0.016666666666666666 
6 0.53515625 0.8059895833333334 0.0140625 0.015104166666666667 
6 0.5408854166666667 0.81171875 0.015104166666666667 0.016145833333333335 
6 0.5479166666666667 0.8182291666666667 0.014583333333333334 0.014583333333333334 
6 0.5309895833333333 0.8325520833333333 0.016145833333333335 0.016145833333333335 
6 0.496875 0.6940104166666666 0.020833333333333332 0.021354166666666667 
6 0.5416666666666666 0.7203125 0.0125 0.013541666666666667 
6 0.5002604166666667 0.7046875 0.015104166666666667 0.014583333333333334 
6 0.5052083333333334 0.71171875 0.014583333333333334 0.0140625 
6 0.5106770833333333 0.7171875 0.015104166666666667 0.014583333333333334 
6 0.5127604166666667 0.6916666666666667 0.0140625 0.014583333333333334 
6 0.5244791666666667 0.7028645833333333 0.013541666666666667 0.0140625 
6 0.5166666666666667 0.72265625 0.0125 0.013020833333333334 
6 0.5302083333333333 0.709375 0.013541666666666667 0.013541666666666667 
6 0.5223958333333333 0.7278645833333334 0.014583333333333334 0.015104166666666667 
6 0.5067708333333333 0.8098958333333334 0.016666666666666666 0.017708333333333333 
6 0.5013020833333334 0.8044270833333333 0.015104166666666667 0.016145833333333335 
6 0.5169270833333334 0.78671875 0.018229166666666668 0.018229166666666668 
6 0.5041666666666667 0.7768229166666667 0.017708333333333333 0.0171875 
6 0.41770833333333335 0.7875 0.014583333333333334 0.014583333333333334 
6 0.4114583333333333 0.7828125 0.014583333333333334 0.014583333333333334 
6 0.4513020833333333 0.7375 0.033854166666666664 0.034375 
6 0.45078125 0.7552083333333334 0.018229166666666668 0.01875 
6 0.45703125 0.7611979166666667 0.018229166666666668 0.018229166666666668 
6 0.46640625 0.7390625 0.0140625 0.014583333333333334 
6 0.4739583333333333 0.7447916666666666 0.013541666666666667 0.014583333333333334 
6 0.47994791666666664 0.7505208333333333 0.016145833333333335 0.016666666666666666 
6 0.46432291666666664 0.7669270833333334 0.0171875 0.0171875 
6 0.4705729166666667 0.7716145833333333 0.016145833333333335 0.016145833333333335 
6 0.4861979166666667 0.7565104166666666 0.0171875 0.018229166666666668 
6 0.4921875 0.76328125 0.015625 0.015104166666666667 
6 0.4765625 0.7791666666666667 0.016666666666666666 0.016666666666666666 
6 0.4825520833333333 0.7859375 0.0140625 0.014583333333333334 
6 0.4986979166666667 0.7692708333333333 0.0140625 0.014583333333333334 
6 0.48880208333333336 0.7916666666666666 0.0171875 0.017708333333333333 
6 0.49505208333333334 0.7979166666666667 0.015104166666666667 0.014583333333333334 
6 0.5278645833333333 0.7338541666666667 0.015104166666666667 0.015625 
6 0.5328125 0.740625 0.013541666666666667 0.014583333333333334 
6 0.59921875 0.6385416666666667 0.0140625 0.014583333333333334 
6 0.5471354166666667 0.66953125 0.013020833333333334 0.013020833333333334 
6 0.5807291666666666 0.7044270833333334 0.015625 0.016145833333333335 
6 0.5755208333333334 0.6981770833333333 0.013541666666666667 0.0140625 
6 0.578125 0.6721354166666667 0.014583333333333334 0.015104166666666667 
6 0.5888020833333333 0.68515625 0.013020833333333334 0.013020833333333334 
6 0.5697916666666667 0.6932291666666667 0.014583333333333334 0.014583333333333334 
6 0.5651041666666666 0.6861979166666666 0.013541666666666667 0.013020833333333334 
6 0.5591145833333333 0.68125 0.0140625 0.014583333333333334 
6 0.5408854166666667 0.6635416666666667 0.013020833333333334 0.0125 
6 0.55234375 0.6755208333333333 0.015104166666666667 0.015625 
6 0.5473958333333333 0.7252604166666666 0.014583333333333334 0.016145833333333335 
6 0.5721354166666667 0.66796875 0.013020833333333334 0.0140625 
6 0.56796875 0.6611979166666667 0.0171875 0.0171875 
6 0.56171875 0.6549479166666666 0.013020833333333334 0.015104166666666667 
6 0.5552083333333333 0.65 0.0125 0.014583333333333334 
6 0.5356770833333333 0.6583333333333333 0.0140625 0.014583333333333334 
6 0.5825520833333333 0.6221354166666667 0.015104166666666667 0.015104166666666667 
6 0.5885416666666666 0.6278645833333333 0.0125 0.013020833333333334 
6 0.5934895833333333 0.6333333333333333 0.015104166666666667 0.015625 
6 0.5947916666666667 0.690625 0.0125 0.013541666666666667 
6 0.5924479166666666 0.7153645833333333 0.0140625 0.0140625 
6 0.5984375 0.72109375 0.013541666666666667 0.0140625 
6 0.6033854166666667 0.7276041666666667 0.015104166666666667 0.016666666666666666 
6 0.5528645833333333 0.7315104166666667 0.013020833333333334 0.0140625 
6 0.5458333333333333 0.7520833333333333 0.013541666666666667 0.0125 
6 0.540625 0.7455729166666667 0.0125 0.013020833333333334 
6 0.5604166666666667 0.7356770833333334 0.014583333333333334 0.015104166666666667 
6 0.5502604166666667 0.7580729166666667 0.015104166666666667 0.016145833333333335 
6 0.5658854166666667 0.7427083333333333 0.013020833333333334 0.013541666666666667 
6 0.5713541666666667 0.7481770833333333 0.014583333333333334 0.015104166666666667 
6 0.55625 0.7630208333333334 0.0125 0.0125 
6 0.5625 0.7682291666666666 0.014583333333333334 0.014583333333333334 
6 0.5760416666666667 0.7557291666666667 0.0125 0.013541666666666667 
6 0.58125 0.76328125 0.010416666666666666 0.009895833333333333 
6 0.5682291666666667 0.7744791666666667 0.014583333333333334 0.014583333333333334 
6 0.5734375 0.78203125 0.015625 0.016145833333333335 
6 0.5973958333333333 0.76015625 0.0125 0.011979166666666667 
6 0.6049479166666667 0.74296875 0.0078125 0.011979166666666667 
6 0.6072916666666667 0.7010416666666667 0.010416666666666666 0.011458333333333333 
6 0.6122395833333333 0.7080729166666667 0.013020833333333334 0.013020833333333334 
6 0.70078125 0.2950520833333333 0.0265625 0.019270833333333334 
6 0.6955729166666667 0.24296875 0.0109375 0.015104166666666667 
6 0.42890625 0.8 0.0140625 0.015625 
6 0.9395833333333333 0.05755208333333333 0.019791666666666666 0.015104166666666667 
6 0.9458333333333333 0.051041666666666666 0.017708333333333333 0.013541666666666667 
6 0.9481770833333333 0.04296875 0.016145833333333335 0.013020833333333334 
6 0.9533854166666667 0.03567708333333333 0.0171875 0.0140625 
6 0.9567708333333333 0.027604166666666666 0.016666666666666666 0.013541666666666667 
6 0.9619791666666667 0.020052083333333335 0.016666666666666666 0.013020833333333334 
6 0.9635416666666666 0.012239583333333333 0.016666666666666666 0.013020833333333334 
6 0.9375 0.0671875 0.019791666666666666 0.014583333333333334 
6 0.9260416666666667 0.090625 0.01875 0.014583333333333334 
6 0.9223958333333333 0.0984375 0.01875 0.015625 
6 0.9174479166666667 0.10651041666666666 0.016145833333333335 0.011979166666666667 
6 0.8684895833333334 0.10052083333333334 0.019270833333333334 0.014583333333333334 
6 0.8473958333333333 0.08958333333333333 0.01875 0.014583333333333334 
6 0.8434895833333333 0.09791666666666667 0.0171875 0.0125 
6 0.8395833333333333 0.10520833333333333 0.01875 0.014583333333333334 
6 0.8364583333333333 0.11328125 0.01875 0.0140625 
6 0.8598958333333333 0.11458333333333333 0.01875 0.014583333333333334 
6 0.85625 0.12213541666666666 0.01875 0.0140625 
6 0.865625 0.18385416666666668 0.025 0.022916666666666665 
6 0.8729166666666667 0.1765625 0.026041666666666668 0.023958333333333335 
6 0.8802083333333334 0.16666666666666666 0.023958333333333335 0.023958333333333335 
6 0.8895833333333333 0.1609375 0.019791666666666666 0.016666666666666666 
6 0.89453125 0.15390625 0.016145833333333335 0.013020833333333334 
6 0.8984375 0.14479166666666668 0.017708333333333333 0.013541666666666667 
6 0.90234375 0.13776041666666666 0.019270833333333334 0.015104166666666667 
6 0.90625 0.12916666666666668 0.016666666666666666 0.0125 
6 0.9104166666666667 0.12239583333333333 0.015625 0.0125 
6 0.9140625 0.11380208333333333 0.01875 0.0140625 
6 0.9169270833333333 -0.0020833333333333333 0.015104166666666667 0.011458333333333333 
6 0.89296875 -0.00390625 0.018229166666666668 0.0140625 
6 0.8513020833333333 0.08151041666666667 0.0203125 0.015104166666666667 
12 0.4473958333333333 0.65546875 0.271875 0.27447916666666666 
12 0.6106770833333334 0.6380208333333334 0.0734375 0.075 
12 0.5760416666666667 0.6854166666666667 0.0875 0.08958333333333333 
12 0.53984375 0.7325520833333333 0.0984375 0.1015625 
12 0.4981770833333333 0.7848958333333333 0.11510416666666666 0.11354166666666667 
12 0.4479166666666667 0.8338541666666667 0.11354166666666667 0.11458333333333333 
12 0.3963541666666667 0.8815104166666666 0.10729166666666666 0.1078125 
12 0.33567708333333335 0.9200520833333333 0.08489583333333334 0.08697916666666666 
12 0.30755208333333334 0.7950520833333333 0.0203125 0.033854166666666664 
12 0.7138020833333333 0.43697916666666664 0.1921875 0.3385416666666667 
6 0.91484375 0.00625 0.016145833333333335 0.0125 
12 0.6515625 0.38671875 0.16875 0.2911458333333333 
12 0.7125 0.20651041666666667 0.08541666666666667 0.0640625 
12 0.8434895833333333 0.2140625 0.1109375 0.12916666666666668 
12 0.7291666666666666 0.15911458333333334 0.09375 0.0671875 
12 0.7515625 0.11536458333333334 0.09375 0.06822916666666666 
12 0.7690104166666667 0.07786458333333333 0.04010416666666667 0.0328125 
12 0.8356770833333333 0.011458333333333333 0.10572916666666667 0.18229166666666666 
12 0.9375 0.06927083333333334 0.10520833333333333 0.18333333333333332 
6 0.9057291666666667 0.021875 0.019791666666666666 0.015625 
6 0.91171875 0.014322916666666666 0.0203125 0.016145833333333335 
6 0.9020833333333333 0.030208333333333334 0.0125 0.009375 
6 0.8986979166666667 0.03723958333333333 0.018229166666666668 0.0140625 
6 0.896875 0.046614583333333334 0.020833333333333332 0.015104166666666667 
6 0.8893229166666666 0.05260416666666667 0.0171875 0.0125 
6 0.8713541666666667 0.04296875 0.017708333333333333 0.013020833333333334 
6 0.88671875 0.012239583333333333 0.019270833333333334 0.0140625 
6 0.88125 0.01953125 0.015625 0.011979166666666667 
6 0.87890625 0.02734375 0.018229166666666668 0.013020833333333334 
6 0.8744791666666667 0.03463541666666667 0.020833333333333332 0.016145833333333335 
6 0.8333333333333334 0.023177083333333334 0.015625 0.0109375 
6 0.840625 0.007552083333333333 0.014583333333333334 0.0109375 
6 0.8442708333333333 0.00078125 0.015625 0.011979166666666667 
6 0.8713541666666667 0.09166666666666666 0.01875 0.013541666666666667 
6 0.85625 0.07395833333333333 0.015625 0.011458333333333333 
6 0.6880208333333333 0.25442708333333336 0.011458333333333333 0.008854166666666666 
6 0.7200520833333334 0.165625 0.008854166666666666 0.0125 
6 0.7611979166666667 0.16666666666666666 0.008854166666666666 0.011458333333333333 
6 0.7682291666666666 0.1703125 0.009375 0.011458333333333333 
6 0.76015625 0.18567708333333333 0.011979166666666667 0.016145833333333335 
6 0.7536458333333333 0.18177083333333333 0.009375 0.014583333333333334 
6 0.74765625 0.17734375 0.0109375 0.0140625 
6 0.7403645833333333 0.17421875 0.009895833333333333 0.013020833333333334 
6 0.7333333333333333 0.17135416666666667 0.010416666666666666 0.014583333333333334 
6 0.7270833333333333 0.16770833333333332 0.009375 0.0125 
6 0.7135416666666666 0.16145833333333334 0.010416666666666666 0.013541666666666667 
6 0.7302083333333333 0.09453125 0.011458333333333333 0.015104166666666667 
6 0.70703125 0.1578125 0.0109375 0.014583333333333334 
6 0.6856770833333333 0.14713541666666666 0.009895833333333333 0.013020833333333334 
6 0.69375 0.15 0.010416666666666666 0.013541666666666667 
6 0.7078125 0.13984375 0.010416666666666666 0.0140625 
6 0.7010416666666667 0.1359375 0.009375 0.013541666666666667 
6 0.6950520833333333 0.13307291666666668 0.009895833333333333 0.013020833333333334 
6 0.7088541666666667 0.1046875 0.009375 0.0125 
6 0.7151041666666667 0.10833333333333334 0.009375 0.0125 
6 0.7546875 0.16328125 0.010416666666666666 0.0140625 
6 0.7481770833333333 0.16041666666666668 0.0109375 0.013541666666666667 
6 0.7411458333333333 0.15598958333333332 0.011458333333333333 0.0140625 
6 0.7338541666666667 0.153125 0.009375 0.0125 
6 0.7026041666666667 0.24609375 0.011458333333333333 0.016145833333333335 
6 0.69140625 0.26927083333333335 0.009895833333333333 0.013541666666666667 
6 0.7057291666666666 0.28515625 0.028125 0.019270833333333334 
6 0.71640625 0.2640625 0.0265625 0.01875 
6 0.7229166666666667 0.2552083333333333 0.03229166666666667 0.022916666666666665 
6 0.7005208333333334 0.18802083333333333 0.009375 0.011458333333333333 
6 0.7072916666666667 0.1921875 0.010416666666666666 0.013541666666666667 
6 0.71328125 0.19609375 0.009895833333333333 0.011979166666666667 
6 0.7044270833333334 0.2140625 0.0109375 0.014583333333333334 
6 0.7111979166666667 0.21666666666666667 0.009895833333333333 0.0125 
6 0.7263020833333333 0.203125 0.009895833333333333 0.0125 
6 0.7263020833333333 0.221875 0.008854166666666666 0.0125 
6 0.7403645833333333 0.21015625 0.009895833333333333 0.0140625 
6 0.7322916666666667 0.22526041666666666 0.009375 0.013020833333333334 
6 0.7497395833333333 0.22552083333333334 0.013020833333333334 0.01875 
6 0.746875 0.21380208333333334 0.009375 0.013020833333333334 
6 0.728125 0.14921875 0.010416666666666666 0.0140625 
6 0.7229166666666667 0.09270833333333334 0.010416666666666666 0.014583333333333334 
6 0.7216145833333333 0.11171875 0.0109375 0.0140625 
6 0.8763020833333334 0.08463541666666667 0.0203125 0.015104166666666667 
6 0.8013020833333333 0.051041666666666666 0.0109375 0.013541666666666667 
6 0.8096354166666667 0.06953125 0.018229166666666668 0.013020833333333334 
6 0.8143229166666667 0.0625 0.018229166666666668 0.013541666666666667 
6 0.7932291666666667 0.06796875 0.011458333333333333 0.016145833333333335 
6 0.81640625 0.021614583333333333 0.009895833333333333 0.013020833333333334 
6 0.8174479166666667 0.054947916666666666 0.0171875 0.013020833333333334 
6 0.7296875 0.11432291666666666 0.010416666666666666 0.015104166666666667 
6 0.8197916666666667 0.046875 0.017708333333333333 0.013541666666666667 
6 0.8263020833333333 0.0390625 0.016145833333333335 0.0125 
6 0.8286458333333333 0.03177083333333333 0.015625 0.011458333333333333 
6 0.8864583333333333 0.06067708333333333 0.017708333333333333 0.011979166666666667 
6 0.8674479166666667 0.05130208333333333 0.0171875 0.013020833333333334 
6 0.8630208333333333 0.058854166666666666 0.020833333333333332 0.014583333333333334 
6 0.859375 0.06666666666666667 0.017708333333333333 0.013541666666666667 
6 0.8786458333333333 0.07734375 0.017708333333333333 0.0140625 
6 0.8041666666666667 0.07734375 0.017708333333333333 0.011979166666666667 
6 0.796875 0.09296875 0.016666666666666666 0.013020833333333334 
6 0.7927083333333333 0.1 0.0125 0.010416666666666666 
6 0.7838541666666666 0.08619791666666667 0.009375 0.013020833333333334 
6 0.7432291666666667 0.103125 0.010416666666666666 0.014583333333333334 
6 0.7502604166666667 0.10677083333333333 0.008854166666666666 0.0125 
6 0.7424479166666667 0.12213541666666666 0.009895833333333333 0.0140625 
6 0.7486979166666666 0.125 0.0109375 0.014583333333333334 
6 0.75625 0.11067708333333333 0.009375 0.0140625 
6 0.76328125 0.11354166666666667 0.008854166666666666 0.011458333333333333 
6 0.76953125 0.11692708333333333 0.008854166666666666 0.011979166666666667 
6 0.7625 0.13098958333333333 0.010416666666666666 0.013020833333333334 
6 0.7692708333333333 0.13463541666666667 0.009375 0.013020833333333334 
6 0.7768229166666667 0.12005208333333334 0.0109375 0.015104166666666667 
6 0.7825520833333334 0.1234375 0.009895833333333333 0.013541666666666667 
6 0.7752604166666667 0.13854166666666667 0.0109375 0.014583333333333334 
6 0.7901041666666667 0.12630208333333334 0.011458333333333333 0.0140625 
6 0.7567708333333333 0.07369791666666667 0.010416666666666666 0.013020833333333334 
6 0.7630208333333334 0.078125 0.010416666666666666 0.013541666666666667 
6 0.7708333333333334 0.06692708333333333 0.011458333333333333 0.009895833333333333 
6 0.7700520833333333 0.08046875 0.009895833333333333 0.0140625 
6 0.4234375 0.7940104166666667 0.015625 0.0171875 
6 0.4359375 0.8052083333333333 0.016666666666666666 0.017708333333333333 
6 0.6669270833333333 0.5716145833333334 0.0078125 0.0109375 
4 0.90546875 0.9125 0.0078125 0.010416666666666666 
4 0.8489583333333334 0.8768229166666667 0.010416666666666666 0.0078125 
4 0.8369791666666667 0.8739583333333333 0.011458333333333333 0.007291666666666667 
4 0.8356770833333333 0.8677083333333333 0.011979166666666667 0.008333333333333333 
4 0.8807291666666667 0.8947916666666667 0.010416666666666666 0.00625 
4 0.8552083333333333 0.8971354166666666 0.011458333333333333 0.0078125 
4 0.8572916666666667 0.9026041666666667 0.011458333333333333 0.007291666666666667 
4 0.8447916666666667 0.8997395833333334 0.011458333333333333 0.0078125 
4 0.9174479166666667 0.90859375 0.008854166666666666 0.011979166666666667 
4 0.8901041666666667 0.9182291666666667 0.008333333333333333 0.011458333333333333 
4 0.77265625 0.9192708333333334 0.011979166666666667 0.00625 
4 0.88515625 0.9192708333333334 0.0078125 0.010416666666666666 
4 0.8721354166666667 0.92265625 0.0078125 0.011979166666666667 
4 0.8638020833333333 0.9255208333333333 0.0078125 0.011458333333333333 
4 0.8528645833333334 0.9286458333333333 0.0078125 0.0125 
4 0.8268229166666666 0.9338541666666667 0.0078125 0.0125 
4 0.8200520833333333 0.9356770833333333 0.0078125 0.011979166666666667 
4 0.8145833333333333 0.9380208333333333 0.007291666666666667 0.0125 
4 0.8213541666666667 0.9111979166666667 0.011458333333333333 0.0067708333333333336 
4 0.85234375 0.8854166666666666 0.011979166666666667 0.008333333333333333 
4 0.878125 0.88671875 0.0125 0.0078125 
4 0.8734375 0.8747395833333333 0.011458333333333333 0.0078125 
4 0.871875 0.8671875 0.0125 0.008333333333333333 
4 0.7390625 0.8328125 0.011458333333333333 0.007291666666666667 
4 0.7369791666666666 0.8388020833333333 0.010416666666666666 0.0078125 
4 0.7346354166666667 0.84765625 0.0140625 0.008854166666666666 
4 0.9057291666666667 0.9752604166666666 0.00625 0.0109375 
4 0.97109375 0.99375 0.011979166666666667 0.00625 
4 0.9716145833333333 0.9815104166666667 0.0109375 0.0067708333333333336 
4 0.9932291666666667 0.9700520833333334 0.007291666666666667 0.0109375 
4 0.9614583333333333 0.8671875 0.009375 0.00625 
4 0.95703125 0.85625 0.008854166666666666 0.007291666666666667 
4 0.95625 0.8513020833333333 0.011458333333333333 0.0078125 
4 0.946875 0.8557291666666667 0.011458333333333333 0.00625 
4 0.9265625 0.8713541666666667 0.013541666666666667 0.007291666666666667 
4 0.9255208333333333 0.86640625 0.0125 0.0067708333333333336 
4 0.9236979166666667 0.8611979166666667 0.011979166666666667 0.0078125 
4 0.9190104166666667 0.8505208333333333 0.011979166666666667 0.007291666666666667 
4 0.8809895833333333 0.85625 0.009895833333333333 0.007291666666666667 
4 0.8838541666666667 0.8747395833333333 0.010416666666666666 0.0067708333333333336 
4 0.8049479166666667 0.89765625 0.009895833333333333 0.0078125 
4 0.7713541666666667 0.91328125 0.0125 0.0067708333333333336 
4 0.7427083333333333 0.8208333333333333 0.0125 0.008333333333333333 
4 0.5703125 0.86328125 0.009375 0.009895833333333333 
4 0.803125 0.884375 0.008333333333333333 0.007291666666666667 
4 0.8036458333333333 0.8903645833333333 0.0125 0.008854166666666666 
4 0.8098958333333334 0.9145833333333333 0.011458333333333333 0.008333333333333333 
4 0.6765625 0.8619791666666666 0.010416666666666666 0.008333333333333333 
4 0.6713541666666667 0.8747395833333333 0.010416666666666666 0.0067708333333333336 
4 0.6653645833333334 0.8877604166666667 0.009895833333333333 0.0078125 
4 0.6265625 0.8299479166666667 0.010416666666666666 0.0078125 
4 0.6247395833333333 0.8346354166666666 0.0109375 0.0078125 
4 0.56640625 0.8666666666666667 0.008854166666666666 0.009375 
4 0.7674479166666667 0.9020833333333333 0.009895833333333333 0.007291666666666667 
4 0.5549479166666667 0.87890625 0.0109375 0.0109375 
4 0.5505208333333333 0.8828125 0.010416666666666666 0.009375 
4 0.54765625 0.8859375 0.009895833333333333 0.009375 
4 0.54375 0.8890625 0.010416666666666666 0.009375 
4 0.540625 0.8932291666666666 0.010416666666666666 0.010416666666666666 
4 0.5325520833333334 0.9005208333333333 0.009895833333333333 0.011458333333333333 
4 0.57109375 0.8966145833333333 0.0109375 0.0109375 
4 0.5588541666666667 0.9119791666666667 0.009375 0.010416666666666666 
4 0.80078125 0.87890625 0.0109375 0.0078125 
4 0.8135416666666667 0.8807291666666667 0.009375 0.007291666666666667 
4 0.81640625 0.8911458333333333 0.0109375 0.007291666666666667 
4 0.7796875 0.9 0.013541666666666667 0.008333333333333333 
4 0.7765625 0.8861979166666667 0.0125 0.0078125 
4 0.7651041666666667 0.8893229166666666 0.011458333333333333 0.0078125 
4 0.8140625 0.8747395833333333 0.0125 0.0078125 
4 0.8856770833333333 0.87890625 0.009895833333333333 0.005729166666666666 
4 0.86875 0.8588541666666667 0.010416666666666666 0.008333333333333333 
4 0.909375 0.8638020833333333 0.009375 0.0078125 
4 0.9065104166666667 0.8533854166666667 0.009895833333333333 0.0067708333333333336 
4 0.9049479166666666 0.84765625 0.009895833333333333 0.0067708333333333336 
4 0.95390625 0.8348958333333333 0.011979166666666667 0.009375 
4 0.9401041666666666 0.8372395833333334 0.010416666666666666 0.008854166666666666 
4 0.9432291666666667 0.8442708333333333 0.010416666666666666 0.008333333333333333 
4 0.9450520833333333 0.85 0.008854166666666666 0.007291666666666667 
4 0.9580729166666667 0.8614583333333333 0.009895833333333333 0.00625 
4 0.9513020833333333 0.90546875 0.0078125 0.009895833333333333 
4 0.9333333333333333 0.90625 0.00625 0.011458333333333333 
4 0.7778645833333333 0.8908854166666667 0.011979166666666667 0.0078125 
4 0.78515625 0.915625 0.0109375 0.007291666666666667 
4 0.7403645833333333 0.8270833333333333 0.0109375 0.00625 
4 0.7442708333333333 0.8143229166666667 0.0125 0.008854166666666666 
4 0.5239583333333333 0.94765625 0.011458333333333333 0.0109375 
6 0.32109375 0.9229166666666667 0.0140625 0.014583333333333334 
4 0.3453125 0.4270833333333333 0.00625 0.011458333333333333 
4 0.34401041666666665 0.41432291666666665 0.0046875 0.008854166666666666 
4 0.32864583333333336 0.4161458333333333 0.00625 0.009375 
4 0.3265625 0.4049479166666667 0.00625 0.0109375 
4 0.3234375 0.3815104166666667 0.00625 0.0109375 
4 0.31302083333333336 0.3143229166666667 0.00625 0.0109375 
4 0.3203125 0.26276041666666666 0.007291666666666667 0.011979166666666667 
4 0.3065104166666667 0.28828125 0.005729166666666666 0.0109375 
6 0.35963541666666665 0.9489583333333333 0.008854166666666666 0.008333333333333333 
4 0.80390625 0.3763020833333333 0.011979166666666667 0.009895833333333333 
6 0.41458333333333336 0.93671875 0.008333333333333333 0.008854166666666666 
4 0.7677083333333333 0.015885416666666666 0.011458333333333333 0.009895833333333333 
4 0.5484375 0.4510416666666667 0.010416666666666666 0.009375 
4 0.5588541666666667 0.4283854166666667 0.0125 0.009895833333333333 
4 0.5697916666666667 0.40729166666666666 0.0125 0.009375 
4 0.6328125 0.29765625 0.007291666666666667 0.0109375 
4 0.6380208333333334 0.2721354166666667 0.007291666666666667 0.0109375 
4 0.9864583333333333 0.3703125 0.008333333333333333 0.011458333333333333 
4 0.34791666666666665 0.44166666666666665 0.005208333333333333 0.010416666666666666 
4 0.35130208333333335 0.46145833333333336 0.005729166666666666 0.010416666666666666 
4 0.3533854166666667 0.47317708333333336 0.0067708333333333336 0.0109375 
4 0.3541666666666667 0.4861979166666667 0.00625 0.0109375 
6 0.7765625 0.08463541666666667 0.010416666666666666 0.0140625 
4 0.6833333333333333 0.0018229166666666667 0.009375 0.0109375 
4 0.67734375 0.0020833333333333333 0.0078125 0.011458333333333333 
4 0.23828125 0.1578125 0.005729166666666666 0.009375 
4 0.3106770833333333 0.2046875 0.005729166666666666 0.010416666666666666 
4 0.30755208333333334 0.18567708333333333 0.005729166666666666 0.0109375 
4 0.5567708333333333 0.4328125 0.013541666666666667 0.009375 
4 0.5544270833333333 0.4375 0.011979166666666667 0.009375 
4 0.40260416666666665 0.39557291666666666 0.013541666666666667 0.005729166666666666 
4 0.40677083333333336 0.4088541666666667 0.010416666666666666 0.00625 
4 0.3893229166666667 0.6317708333333333 0.0109375 0.011458333333333333 
6 0.29348958333333336 0.8127604166666667 0.0265625 0.0203125 
4 0.24505208333333334 0.603125 0.005729166666666666 0.010416666666666666 
4 0.32838541666666665 0.6083333333333333 0.0109375 0.009375 
4 0.3375 0.6015625 0.009375 0.010416666666666666 
4 0.38645833333333335 0.49973958333333335 0.010416666666666666 0.0078125 
4 0.9786458333333333 0.38385416666666666 0.00625 0.013541666666666667 
4 0.8010416666666667 0.38177083333333334 0.011458333333333333 0.008333333333333333 
4 0.7307291666666667 0.8059895833333334 0.010416666666666666 0.0067708333333333336 
4 0.98828125 0.75234375 0.0109375 0.0109375 
4 0.971875 0.5046875 0.011458333333333333 0.009375 
4 0.7213541666666666 0.5713541666666667 0.009375 0.0125 
4 0.7216145833333333 0.5981770833333333 0.013020833333333334 0.009895833333333333 
4 0.9111979166666667 0.63515625 0.013020833333333334 0.008854166666666666 
4 0.9252604166666667 0.6364583333333333 0.013020833333333334 0.008333333333333333 
4 0.90703125 0.6442708333333333 0.011979166666666667 0.008333333333333333 
4 0.9255208333333333 0.7252604166666666 0.0125 0.008854166666666666 
4 0.9510416666666667 0.7299479166666667 0.009375 0.011979166666666667 
4 0.9861979166666667 0.7630208333333334 0.0109375 0.0125 
4 0.81953125 0.39921875 0.013020833333333334 0.009895833333333333 
4 0.77890625 0.67265625 0.011979166666666667 0.008854166666666666 
4 0.7744791666666667 0.6854166666666667 0.0125 0.008333333333333333 
4 0.7700520833333333 0.6955729166666667 0.0109375 0.0078125 
4 0.7666666666666667 0.7020833333333333 0.011458333333333333 0.008333333333333333 
4 0.7643229166666666 0.7088541666666667 0.011979166666666667 0.008333333333333333 
4 0.6919270833333333 0.6856770833333333 0.0109375 0.005729166666666666 
4 0.6669270833333333 0.696875 0.0078125 0.011458333333333333 
4 0.6390625 0.7635416666666667 0.010416666666666666 0.013541666666666667 
4 0.9419270833333333 0.4875 0.009895833333333333 0.009375 
4 0.74375 0.5528645833333333 0.009375 0.0067708333333333336 
4 0.7640625 0.48333333333333334 0.007291666666666667 0.011458333333333333 
5 0.8158854166666667 0.7497395833333333 0.013020833333333334 0.008854166666666666 
4 0.7924479166666667 0.4 0.011979166666666667 0.009375 
5 0.9010416666666666 0.5893229166666667 0.020833333333333332 0.013020833333333334 
5 0.97109375 0.725 0.0109375 0.011458333333333333 
5 0.9609375 0.7247395833333333 0.013541666666666667 0.011979166666666667 
5 0.9057291666666667 0.6518229166666667 0.015625 0.009895833333333333 
5 0.90546875 0.6596354166666667 0.0171875 0.011979166666666667 
5 0.9046875 0.6822916666666666 0.015625 0.010416666666666666 
5 0.9028645833333333 0.6760416666666667 0.016145833333333335 0.011458333333333333 
5 0.8984375 0.6700520833333333 0.015625 0.0109375 
5 0.86796875 0.6572916666666667 0.0171875 0.011458333333333333 
5 0.87265625 0.6674479166666667 0.0171875 0.0109375 
5 0.85234375 0.6846354166666667 0.019270833333333334 0.011979166666666667 
5 0.8510416666666667 0.7002604166666667 0.014583333333333334 0.009895833333333333 
5 0.85859375 0.7104166666666667 0.015104166666666667 0.010416666666666666 
5 0.8739583333333333 0.7333333333333333 0.014583333333333334 0.008333333333333333 
5 0.8544270833333333 0.7359375 0.015104166666666667 0.008333333333333333 
5 0.8591145833333333 0.74296875 0.0171875 0.0078125 
4 0.5078125 0.928125 0.010416666666666666 0.009375 
4 0.5036458333333333 0.9315104166666667 0.010416666666666666 0.009895833333333333 
6 0.44244791666666666 0.8119791666666667 0.016145833333333335 0.017708333333333333 
6 0.340625 0.7674479166666667 0.013541666666666667 0.013020833333333334 
6 0.3828125 0.7239583333333334 0.013541666666666667 0.013541666666666667 
6 0.37786458333333334 0.7296875 0.013020833333333334 0.013541666666666667 
6 0.371875 0.73515625 0.014583333333333334 0.015104166666666667 
6 0.3671875 0.7408854166666666 0.013541666666666667 0.0140625 
6 0.36171875 0.7458333333333333 0.015104166666666667 0.015625 
6 0.3567708333333333 0.7520833333333333 0.013541666666666667 0.013541666666666667 
6 0.35130208333333335 0.75703125 0.013020833333333334 0.013020833333333334 
6 0.34609375 0.7625 0.0140625 0.015625 
6 0.33671875 0.7739583333333333 0.0171875 0.016666666666666666 
6 0.32864583333333336 0.9286458333333333 0.017708333333333333 0.01875 
6 0.3307291666666667 0.778125 0.014583333333333334 0.014583333333333334 
6 0.29791666666666666 0.8955729166666667 0.01875 0.019270833333333334 
6 0.30390625 0.90390625 0.019270833333333334 0.019270833333333334 
6 0.31979166666666664 0.88671875 0.017708333333333333 0.018229166666666668 
6 0.3260416666666667 0.8921875 0.01875 0.01875 
6 0.3104166666666667 0.9088541666666666 0.017708333333333333 0.017708333333333333 
6 0.31640625 0.915625 0.019270833333333334 0.019791666666666666 
6 0.33151041666666664 0.9005208333333333 0.016145833333333335 0.016666666666666666 
6 0.3890625 0.7200520833333334 0.013541666666666667 0.0140625 
6 0.39401041666666664 0.7143229166666667 0.0140625 0.0140625 
6 0.4041666666666667 0.703125 0.013541666666666667 0.015625 
6 0.40234375 0.6846354166666667 0.011979166666666667 0.013020833333333334 
6 0.49973958333333335 0.6080729166666666 0.015104166666666667 0.016145833333333335 
6 0.49296875 0.6119791666666666 0.013020833333333334 0.013541666666666667 
6 0.48333333333333334 0.6234375 0.014583333333333334 0.013541666666666667 
6 0.47760416666666666 0.6291666666666667 0.013541666666666667 0.0125 
6 0.47239583333333335 0.6338541666666667 0.013541666666666667 0.013541666666666667 
6 0.4674479166666667 0.6395833333333333 0.0140625 0.014583333333333334 
6 0.4622395833333333 0.6450520833333333 0.011979166666666667 0.011979166666666667 
6 0.45703125 0.6494791666666667 0.015104166666666667 0.015625 
6 0.4518229166666667 0.6552083333333333 0.011979166666666667 0.0125 
6 0.44557291666666665 0.6598958333333333 0.013020833333333334 0.013541666666666667 
6 0.440625 0.6661458333333333 0.014583333333333334 0.014583333333333334 
6 0.4356770833333333 0.6713541666666667 0.013020833333333334 0.013541666666666667 
6 0.4296875 0.67578125 0.014583333333333334 0.013020833333333334 
6 0.42552083333333335 0.6822916666666666 0.0125 0.013541666666666667 
6 0.4205729166666667 0.6888020833333334 0.015104166666666667 0.016145833333333335 
6 0.4088541666666667 0.6979166666666666 0.013541666666666667 0.015625 
6 0.4153645833333333 0.671875 0.009895833333333333 0.010416666666666666 
6 0.33932291666666664 0.90390625 0.0171875 0.0171875 
6 0.34427083333333336 0.9125 0.017708333333333333 0.017708333333333333 
6 0.5098958333333333 0.596875 0.0125 0.0125 
6 0.38046875 0.85078125 0.0171875 0.0171875 
6 0.43046875 0.8997395833333334 0.0171875 0.0171875 
6 0.42421875 0.89296875 0.0171875 0.019270833333333334 
6 0.41796875 0.8875 0.015104166666666667 0.016666666666666666 
6 0.4127604166666667 0.88046875 0.018229166666666668 0.019270833333333334 
6 0.40520833333333334 0.8747395833333333 0.015625 0.016145833333333335 
6 0.4 0.86796875 0.01875 0.018229166666666668 
6 0.3927083333333333 0.86328125 0.014583333333333334 0.015104166666666667 
6 0.38723958333333336 0.8575520833333333 0.0140625 0.015104166666666667 
6 0.37421875 0.8442708333333333 0.0171875 0.017708333333333333 
6 0.33489583333333334 0.9333333333333333 0.016666666666666666 0.015625 
6 0.36875 0.8380208333333333 0.016666666666666666 0.017708333333333333 
6 0.3578125 0.83515625 0.027083333333333334 0.027604166666666666 
6 0.39895833333333336 0.7955729166666666 0.014583333333333334 0.015104166666666667 
6 0.40208333333333335 0.8033854166666666 0.016666666666666666 0.0171875 
6 0.4083333333333333 0.809375 0.017708333333333333 0.017708333333333333 
6 0.41380208333333335 0.8161458333333333 0.0171875 0.017708333333333333 
6 0.41953125 0.821875 0.018229166666666668 0.01875 
6 0.42578125 0.8278645833333333 0.015104166666666667 0.016145833333333335 
6 0.43645833333333334 0.9059895833333333 0.014583333333333334 0.016145833333333335 
6 0.44895833333333335 0.9184895833333333 0.015625 0.0171875 
6 0.4171875 0.9223958333333333 0.016666666666666666 0.016666666666666666 
6 0.41458333333333336 0.91484375 0.015625 0.015104166666666667 
6 0.34036458333333336 0.9401041666666666 0.016145833333333335 0.017708333333333333 
6 0.35078125 0.91796875 0.015104166666666667 0.015104166666666667 
6 0.3572916666666667 0.9239583333333333 0.01875 0.01875 
6 0.3463541666666667 0.9466145833333334 0.01875 0.019270833333333334 
6 0.37083333333333335 0.9364583333333333 0.01875 0.01875 
6 0.396875 0.94609375 0.010416666666666666 0.0067708333333333336 
6 0.37864583333333335 0.9497395833333333 0.013541666666666667 0.0078125 
6 0.353125 0.8541666666666666 0.017708333333333333 0.01875 
6 0.35885416666666664 0.8609375 0.017708333333333333 0.01875 
6 0.3651041666666667 0.8661458333333333 0.016666666666666666 0.016666666666666666 
6 0.37109375 0.8729166666666667 0.0203125 0.020833333333333332 
6 0.3768229166666667 0.8794270833333333 0.016145833333333335 0.0171875 
6 0.38307291666666665 0.88515625 0.0171875 0.018229166666666668 
6 0.3888020833333333 0.89140625 0.016145833333333335 0.0171875 
6 0.3958333333333333 0.8971354166666666 0.016666666666666666 0.0171875 
6 0.4005208333333333 0.9041666666666667 0.014583333333333334 0.015625 
6 0.4075520833333333 0.91015625 0.019270833333333334 0.019270833333333334 
6 0.5044270833333333 0.6015625 0.011979166666666667 0.0125 
6 0.5153645833333333 0.5924479166666666 0.015104166666666667 0.015104166666666667 
4 0.39817708333333335 0.9869791666666666 0.013020833333333334 0.00625 
4 0.63671875 0.04921875 0.0109375 0.008854166666666666 
4 0.64296875 0.03802083333333333 0.013020833333333334 0.010416666666666666 
4 0.4471354166666667 -0.00078125 0.005729166666666666 0.009895833333333333 
4 0.4239583333333333 0.005208333333333333 0.005208333333333333 0.009375 
4 0.28619791666666666 0.043229166666666666 0.0067708333333333336 0.013541666666666667 
4 0.29453125 0.022916666666666665 0.011979166666666667 0.00625 
6 0.93671875 0.009635416666666667 0.019270833333333334 0.0234375 
6 0.9546875 0.9653645833333333 0.023958333333333335 0.008854166666666666 
6 0.9536458333333333 0.9723958333333333 0.023958333333333335 0.009375 
6 0.4578125 0.92109375 0.011458333333333333 0.009895833333333333 
6 0.41901041666666666 0.84375 0.005729166666666666 0.007291666666666667 
6 0.5380208333333333 0.83828125 0.009375 0.008854166666666666 
6 0.3359375 0.7518229166666667 0.011458333333333333 0.0109375 
6 0.3848958333333333 0.7033854166666667 0.010416666666666666 0.0109375 
6 0.5494791666666666 0.6447916666666667 0.0125 0.0125 
6 0.6106770833333334 0.73203125 0.0109375 0.0109375 
6 0.6205729166666667 0.41119791666666666 0.0078125 0.008854166666666666 
6 0.6526041666666667 0.34791666666666665 0.00625 0.009375 
6 0.6658854166666667 0.32057291666666665 0.008854166666666666 0.009895833333333333 
6 0.7794270833333333 0.284375 0.005729166666666666 0.00625 
6 0.6901041666666666 0.20807291666666666 0.011458333333333333 0.0140625 
6 0.7169270833333333 0.22109375 0.008854166666666666 0.011979166666666667 
6 0.6973958333333333 0.21119791666666668 0.009375 0.0109375 
6 0.81015625 0.034895833333333334 0.009895833333333333 0.011458333333333333 
6 0.52578125 0.5807291666666666 0.016145833333333335 0.015625 
6 0.49192708333333335 0.8614583333333333 0.013020833333333334 0.013541666666666667 
6 0.44427083333333334 0.8479166666666667 0.013541666666666667 0.015625 
6 0.4513020833333333 0.8526041666666667 0.016145833333333335 0.016666666666666666 
6 0.45729166666666665 0.85859375 0.016666666666666666 0.0171875 
6 0.4734375 0.84296875 0.016666666666666666 0.018229166666666668 
6 0.4786458333333333 0.8489583333333334 0.013541666666666667 0.014583333333333334 
6 0.4627604166666667 0.86640625 0.0171875 0.018229166666666668 
6 0.46901041666666665 0.8721354166666667 0.015104166666666667 0.015104166666666667 
6 0.4856770833333333 0.85546875 0.015104166666666667 0.016145833333333335 
6 0.475 0.8783854166666667 0.01875 0.019270833333333334 
6 0.48046875 0.88515625 0.015104166666666667 0.016145833333333335 
6 0.4875 0.88984375 0.013541666666666667 0.013020833333333334 
6 0.5109375 0.86640625 0.0125 0.011979166666666667 
6 0.49635416666666665 0.8677083333333333 0.015625 0.014583333333333334 
6 0.55234375 0.5533854166666666 0.013020833333333334 0.013020833333333334 
6 0.5473958333333333 0.5596354166666667 0.014583333333333334 0.0140625 
6 0.5424479166666667 0.5643229166666667 0.015104166666666667 0.016145833333333335 
6 0.53125 0.5755208333333334 0.013541666666666667 0.013541666666666667 
6 0.46171875 0.8307291666666666 0.0140625 0.014583333333333334 
6 0.45546875 0.82421875 0.018229166666666668 0.019270833333333334 
6 0.43854166666666666 0.840625 0.016666666666666666 0.016666666666666666 
6 0.44817708333333334 0.8182291666666667 0.015104166666666667 0.017708333333333333 
4 0.37890625 0.07369791666666667 0.005729166666666666 0.008854166666666666 
4 0.2825520833333333 0.13020833333333334 0.005729166666666666 0.011458333333333333 
4 0.29765625 0.11848958333333333 0.005729166666666666 0.009895833333333333 
4 0.31197916666666664 0.21380208333333334 0.005208333333333333 0.009895833333333333 
4 0.29661458333333335 0.21640625 0.005729166666666666 0.009895833333333333 
4 0.29765625 0.22942708333333334 0.005729166666666666 0.009895833333333333 
4 0.315625 0.23463541666666668 0.00625 0.009895833333333333 
4 0.30390625 0.2708333333333333 0.005729166666666666 0.011458333333333333 
4 0.321875 0.27369791666666665 0.00625 0.0109375 
12 0.8861979166666667 0.03723958333333333 0.12239583333333333 0.19114583333333332 
