6 0.8846354166666667 0.49557291666666664 0.019270833333333334 0.011979166666666667 
6 0.88984375 0.5138020833333333 0.0171875 0.009895833333333333 
6 0.8919270833333334 0.5223958333333333 0.0171875 0.010416666666666666 
6 0.8934895833333333 0.5325520833333334 0.0203125 0.013020833333333334 
6 0.9111979166666667 0.53984375 0.022395833333333334 0.0140625 
6 0.9182291666666667 0.5244791666666667 0.020833333333333332 0.013541666666666667 
6 0.91796875 0.5135416666666667 0.024479166666666666 0.014583333333333334 
6 0.9122395833333333 0.5033854166666667 0.022395833333333334 0.013020833333333334 
6 0.9111979166666667 0.49453125 0.019270833333333334 0.008854166666666666 
6 0.909375 0.4822916666666667 0.022916666666666665 0.013541666666666667 
6 0.8278645833333333 0.5403645833333334 0.015104166666666667 0.0203125 
6 0.8122395833333333 0.553125 0.0328125 0.022916666666666665 
6 0.7973958333333333 0.5614583333333333 0.03229166666666667 0.023958333333333335 
6 0.7708333333333334 0.56015625 0.023958333333333335 0.0171875 
6 0.7619791666666667 0.56953125 0.028125 0.022395833333333334 
6 0.7346354166666667 0.5817708333333333 0.0328125 0.022916666666666665 
6 0.8875 0.5049479166666667 0.020833333333333332 0.011979166666666667 
6 0.9658854166666667 0.46640625 0.019270833333333334 0.009895833333333333 
6 0.6940104166666666 0.5919270833333333 0.0390625 0.0265625 
6 0.9752604166666666 0.49453125 0.022395833333333334 0.0109375 
6 0.9776041666666667 0.50390625 0.025 0.013020833333333334 
6 0.71484375 0.58671875 0.033854166666666664 0.022395833333333334 
6 0.68046875 0.6013020833333333 0.03802083333333333 0.027604166666666666 
6 0.4901041666666667 0.8341145833333333 0.008333333333333333 0.0203125 
6 0.5166666666666667 0.7958333333333333 0.0125 0.027083333333333334 
6 0.5286458333333334 0.7955729166666666 0.014583333333333334 0.03177083333333333 
6 0.5401041666666667 0.7942708333333334 0.011458333333333333 0.025 
6 0.5143229166666666 0.8338541666666667 0.0078125 0.022916666666666665 
6 0.52734375 0.8309895833333333 0.011979166666666667 0.0265625 
6 0.5390625 0.82890625 0.010416666666666666 0.0234375 
6 0.5513020833333333 0.8268229166666666 0.011979166666666667 0.025520833333333333 
6 0.55234375 0.7924479166666667 0.013020833333333334 0.028645833333333332 
6 0.5736979166666667 0.7888020833333333 0.0140625 0.03177083333333333 
6 0.5760416666666667 0.8244791666666667 0.009375 0.019791666666666666 
6 0.5848958333333333 0.821875 0.008333333333333333 0.020833333333333332 
6 0.5848958333333333 0.7875 0.013541666666666667 0.029166666666666667 
6 0.59609375 0.7861979166666667 0.013020833333333334 0.0328125 
6 0.6098958333333333 0.8184895833333333 0.011458333333333333 0.028645833333333332 
6 0.60859375 0.7828125 0.013020833333333334 0.027083333333333334 
6 0.50625 0.7984375 0.013541666666666667 0.027083333333333334 
6 0.48385416666666664 0.8026041666666667 0.011458333333333333 0.025 
6 0.6606770833333333 0.6057291666666667 0.019270833333333334 0.014583333333333334 
6 0.47213541666666664 0.8013020833333333 0.011979166666666667 0.0296875 
6 0.6447916666666667 0.6166666666666667 0.046875 0.034375 
6 0.6231770833333333 0.62265625 0.0484375 0.0328125 
6 0.6028645833333334 0.6302083333333334 0.025520833333333333 0.017708333333333333 
6 0.58515625 0.6377604166666667 0.03802083333333333 0.028645833333333332 
6 0.55859375 0.64296875 0.0390625 0.0296875 
6 0.5497395833333333 0.6567708333333333 0.05260416666666667 0.035416666666666666 
6 0.5213541666666667 0.66171875 0.030208333333333334 0.015104166666666667 
6 0.5052083333333334 0.6697916666666667 0.046875 0.03229166666666667 
6 0.4354166666666667 0.7080729166666667 0.03229166666666667 0.024479166666666666 
6 0.47604166666666664 0.6895833333333333 0.029166666666666667 0.020833333333333332 
6 0.4432291666666667 0.8419270833333333 0.009375 0.0234375 
6 0.46588541666666666 0.8403645833333333 0.0078125 0.016145833333333335 
6 0.45598958333333334 0.8395833333333333 0.0109375 0.025 
6 0.44973958333333336 0.8072916666666666 0.011979166666666667 0.030208333333333334 
6 0.46119791666666665 0.8041666666666667 0.013020833333333334 0.030208333333333334 
6 0.9174479166666667 0.6075520833333333 0.022395833333333334 0.0109375 
6 0.9208333333333333 0.6216145833333333 0.023958333333333335 0.0109375 
6 0.9213541666666667 0.6315104166666666 0.022916666666666665 0.011979166666666667 
6 0.9247395833333333 0.64296875 0.021354166666666667 0.0109375 
6 0.9270833333333334 0.6651041666666667 0.022916666666666665 0.009375 
6 0.9307291666666667 0.6963541666666667 0.017708333333333333 0.009375 
6 0.9296875 0.6854166666666667 0.023958333333333335 0.011458333333333333 
6 0.95859375 0.6700520833333333 0.025520833333333333 0.011979166666666667 
6 0.95625 0.6575520833333334 0.027083333333333334 0.0109375 
6 0.9549479166666667 0.64453125 0.022395833333333334 0.009895833333333333 
6 0.953125 0.6338541666666667 0.022916666666666665 0.010416666666666666 
6 0.3893229166666667 0.66015625 0.0067708333333333336 0.009895833333333333 
6 0.3854166666666667 0.6611979166666667 0.00625 0.009895833333333333 
6 0.38203125 0.66328125 0.0067708333333333336 0.009895833333333333 
6 0.4510416666666667 0.6815104166666667 0.014583333333333334 0.0109375 
6 0.45286458333333335 0.6760416666666667 0.0140625 0.010416666666666666 
6 0.3033854166666667 0.6658854166666667 0.018229166666666668 0.0140625 
6 0.3109375 0.6630208333333333 0.017708333333333333 0.013541666666666667 
6 0.31875 0.6606770833333333 0.017708333333333333 0.0140625 
6 0.32578125 0.6580729166666667 0.018229166666666668 0.0140625 
6 0.35572916666666665 0.64921875 0.015625 0.011979166666666667 
6 0.34817708333333336 0.6515625 0.015104166666666667 0.011458333333333333 
6 0.34088541666666666 0.6536458333333334 0.016145833333333335 0.011458333333333333 
6 0.9518229166666666 0.62421875 0.024479166666666666 0.011979166666666667 
6 0.9489583333333333 0.6138020833333333 0.01875 0.0078125 
6 0.94921875 0.6036458333333333 0.021354166666666667 0.011458333333333333 
6 0.309375 0.7216145833333333 0.0375 0.0359375 
6 0.8518229166666667 0.6364583333333333 0.0203125 0.010416666666666666 
6 0.83515625 0.7434895833333334 0.025520833333333333 0.0109375 
6 0.8213541666666667 0.64140625 0.027083333333333334 0.011979166666666667 
6 0.8221354166666667 0.65390625 0.0234375 0.0109375 
6 0.8239583333333333 0.6645833333333333 0.01875 0.008333333333333333 
6 0.8260416666666667 0.6770833333333334 0.022916666666666665 0.010416666666666666 
6 0.8286458333333333 0.6885416666666667 0.021875 0.009375 
6 0.8356770833333333 0.75546875 0.0265625 0.0109375 
6 0.8341145833333333 0.7333333333333333 0.024479166666666666 0.010416666666666666 
6 0.8533854166666667 0.6494791666666667 0.0234375 0.011458333333333333 
6 0.8325520833333333 0.7223958333333333 0.027604166666666666 0.011458333333333333 
6 0.8598958333333333 0.70859375 0.022916666666666665 0.009895833333333333 
6 0.8591145833333333 0.69765625 0.025520833333333333 0.009895833333333333 
6 0.85703125 0.684375 0.021354166666666667 0.009375 
6 0.85703125 0.6736979166666667 0.021354166666666667 0.009895833333333333 
6 0.853125 0.6614583333333334 0.021875 0.010416666666666666 
6 0.6309895833333333 0.7768229166666667 0.016145833333333335 0.0421875 
6 0.6341145833333334 0.8169270833333333 0.009895833333333333 0.024479166666666666 
6 0.6473958333333333 0.8145833333333333 0.007291666666666667 0.016666666666666666 
6 0.38984375 0.9307291666666667 0.011979166666666667 0.030208333333333334 
6 0.35703125 0.9333333333333333 0.0109375 0.025 
6 0.3458333333333333 0.9356770833333333 0.010416666666666666 0.022395833333333334 
6 0.33515625 0.9369791666666667 0.011979166666666667 0.03125 
6 0.32395833333333335 0.9408854166666667 0.010416666666666666 0.0234375 
6 0.31197916666666664 0.9416666666666667 0.009375 0.025 
6 0.3015625 0.9416666666666667 0.011458333333333333 0.030208333333333334 
6 0.29192708333333334 0.9510416666666667 0.0067708333333333336 0.015625 
6 0.2833333333333333 0.95 0.007291666666666667 0.017708333333333333 
6 0.22942708333333334 0.9588541666666667 0.0140625 0.007291666666666667 
6 0.22447916666666667 0.93359375 0.013541666666666667 0.0078125 
6 0.23072916666666668 0.9213541666666667 0.028125 0.013541666666666667 
6 0.23333333333333334 0.9088541666666666 0.034375 0.013541666666666667 
6 0.23255208333333333 0.89375 0.04010416666666667 0.014583333333333334 
6 0.23046875 0.88046875 0.0359375 0.015104166666666667 
6 0.22734375 0.8661458333333333 0.034895833333333334 0.014583333333333334 
6 0.37942708333333336 0.9322916666666666 0.0109375 0.029166666666666667 
6 0.4109375 0.9270833333333334 0.0125 0.029166666666666667 
6 0.7950520833333333 0.87734375 0.0078125 0.0203125 
6 0.42291666666666666 0.9286458333333333 0.010416666666666666 0.025 
6 0.76484375 0.8796875 0.008854166666666666 0.020833333333333332 
6 0.6817708333333333 0.8940104166666667 0.009375 0.022395833333333334 
6 0.6716145833333333 0.8903645833333333 0.009895833333333333 0.025520833333333333 
6 0.6611979166666667 0.8942708333333333 0.0109375 0.027083333333333334 
6 0.6208333333333333 0.9002604166666667 0.010416666666666666 0.0234375 
6 0.559375 0.9078125 0.010416666666666666 0.020833333333333332 
6 0.5489583333333333 0.91015625 0.008333333333333333 0.021354166666666667 
6 0.5390625 0.91171875 0.009375 0.0203125 
6 0.5184895833333333 0.9151041666666667 0.011979166666666667 0.023958333333333335 
6 0.5078125 0.915625 0.009375 0.01875 
6 0.47708333333333336 0.9197916666666667 0.010416666666666666 0.021875 
6 0.4661458333333333 0.9197916666666667 0.010416666666666666 0.025 
6 0.45625 0.9234375 0.011458333333333333 0.022916666666666665 
6 0.44479166666666664 0.9236979166666667 0.011458333333333333 0.0265625 
6 0.43307291666666664 0.9260416666666667 0.0109375 0.023958333333333335 
6 0.22734375 0.8526041666666667 0.03802083333333333 0.015625 
6 0.22421875 0.83828125 0.034895833333333334 0.016145833333333335 
6 0.21796875 0.8260416666666667 0.030729166666666665 0.013541666666666667 
6 0.21953125 0.81171875 0.03177083333333333 0.013020833333333334 
12 0.9013020833333333 0.5059895833333333 0.059895833333333336 0.07239583333333334 
12 0.9752604166666666 0.48411458333333335 0.04114583333333333 0.0609375 
12 0.940625 0.6533854166666667 0.06770833333333333 0.1171875 
12 0.8416666666666667 0.6802083333333333 0.06875 0.10520833333333333 
12 0.74765625 0.71640625 0.06302083333333333 0.12552083333333333 
12 0.8716145833333333 0.7807291666666667 0.2838541666666667 0.07083333333333333 
12 0.57890625 0.8015625 0.3026041666666667 0.109375 
12 0.6502604166666667 0.8994791666666667 0.7505208333333333 0.134375 
12 0.5684895833333333 0.6403645833333333 0.5703125 0.2359375 
6 0.19453125 0.7046875 0.009895833333333333 0.016666666666666666 
6 0.20130208333333333 0.7018229166666666 0.008854166666666666 0.016145833333333335 
6 0.21588541666666666 0.7302083333333333 0.013020833333333334 0.0125 
6 0.21796875 0.7986979166666667 0.0359375 0.015104166666666667 
6 0.21197916666666666 0.7739583333333333 0.030208333333333334 0.013541666666666667 
6 0.20989583333333334 0.7627604166666667 0.027083333333333334 0.0109375 
6 0.20703125 0.7526041666666666 0.0296875 0.0125 
6 0.203125 0.7403645833333333 0.01875 0.008854166666666666 
6 0.20390625 0.73359375 0.013020833333333334 0.009895833333333333 
6 0.24895833333333334 0.7026041666666667 0.014583333333333334 0.013541666666666667 
6 0.20703125 0.7010416666666667 0.0078125 0.015625 
6 0.19348958333333333 0.69375 0.015104166666666667 0.010416666666666666 
6 0.20963541666666666 0.6880208333333333 0.016145833333333335 0.009375 
6 0.23203125 0.69296875 0.008854166666666666 0.016145833333333335 
6 0.22526041666666666 0.6950520833333333 0.008854166666666666 0.016145833333333335 
6 0.21927083333333333 0.6966145833333334 0.008333333333333333 0.016145833333333335 
6 0.21328125 0.6986979166666667 0.008854166666666666 0.016145833333333335 
6 0.7859375 0.8786458333333333 0.010416666666666666 0.022916666666666665 
6 0.8057291666666667 0.8765625 0.008333333333333333 0.020833333333333332 
6 0.6450520833333333 0.77578125 0.0140625 0.033854166666666664 
6 0.75625 0.6794270833333333 0.016666666666666666 0.0067708333333333336 
6 0.7544270833333333 0.6611979166666667 0.0203125 0.0078125 
6 0.7546875 0.6705729166666666 0.01875 0.008854166666666666 
6 0.75859375 0.6971354166666667 0.0203125 0.009895833333333333 
6 0.759375 0.7052083333333333 0.016666666666666666 0.008333333333333333 
6 0.7609375 0.7140625 0.013541666666666667 0.007291666666666667 
6 0.76328125 0.7231770833333333 0.0203125 0.0078125 
6 0.7643229166666666 0.7309895833333333 0.016145833333333335 0.008854166666666666 
6 0.7627604166666667 0.740625 0.015104166666666667 0.007291666666666667 
6 0.7411458333333333 0.75703125 0.017708333333333333 0.008854166666666666 
6 0.76640625 0.7580729166666667 0.0203125 0.008854166666666666 
6 0.7669270833333334 0.7666666666666667 0.0140625 0.007291666666666667 
6 0.7424479166666667 0.7658854166666667 0.0171875 0.008854166666666666 
6 0.7432291666666667 0.7786458333333334 0.021875 0.010416666666666666 
6 0.7416666666666667 0.8010416666666667 0.011458333333333333 0.025 
6 0.7533854166666667 0.8005208333333333 0.0109375 0.023958333333333335 
6 0.7575520833333333 0.6890625 0.019270833333333334 0.007291666666666667 
6 0.7307291666666667 0.6796875 0.022916666666666665 0.010416666666666666 
6 0.8153645833333333 0.87578125 0.0109375 0.0234375 
6 0.7307291666666667 0.690625 0.020833333333333332 0.010416666666666666 
6 0.6703125 0.7734375 0.013541666666666667 0.036458333333333336 
6 0.65703125 0.8125 0.008854166666666666 0.019791666666666666 
6 0.67109375 0.8111979166666666 0.009895833333333333 0.0265625 
6 0.6828125 0.81015625 0.011458333333333333 0.024479166666666666 
6 0.6942708333333333 0.8078125 0.011458333333333333 0.025 
6 0.7044270833333334 0.8065104166666667 0.008854166666666666 0.0171875 
6 0.7184895833333333 0.8044270833333333 0.011979166666666667 0.0265625 
6 0.7294270833333333 0.8010416666666667 0.0109375 0.022916666666666665 
6 0.6833333333333333 0.77109375 0.014583333333333334 0.03697916666666667 
6 0.6966145833333334 0.7697916666666667 0.011979166666666667 0.03125 
6 0.7388020833333333 0.7453125 0.0234375 0.0125 
6 0.7380208333333333 0.7354166666666667 0.021875 0.009375 
6 0.73671875 0.7234375 0.021354166666666667 0.010416666666666666 
6 0.7338541666666667 0.7127604166666667 0.021875 0.009895833333333333 
6 0.73359375 0.70078125 0.0203125 0.009895833333333333 
6 0.7744791666666667 0.775 0.021875 0.009375 
6 0.7658854166666667 0.79765625 0.0109375 0.025520833333333333 
6 0.7893229166666667 0.7934895833333333 0.0109375 0.0265625 
6 0.8018229166666667 0.7940104166666667 0.011979166666666667 0.025520833333333333 
6 0.978125 0.8546875 0.007291666666666667 0.016666666666666666 
6 0.9669270833333333 0.85625 0.0109375 0.020833333333333332 
6 0.95703125 0.8559895833333333 0.0109375 0.021354166666666667 
6 0.9369791666666667 0.85859375 0.009375 0.0203125 
6 0.92578125 0.8606770833333334 0.0078125 0.0203125 
6 0.909375 0.8645833333333334 0.009375 0.01875 
6 0.9010416666666666 0.8661458333333333 0.008333333333333333 0.017708333333333333 
6 0.8908854166666667 0.8661458333333333 0.009895833333333333 0.020833333333333332 
6 0.8809895833333333 0.865625 0.009895833333333333 0.019791666666666666 
6 0.8713541666666667 0.8692708333333333 0.008333333333333333 0.01875 
6 0.8625 0.8692708333333333 0.011458333333333333 0.022916666666666665 
6 0.85234375 0.8713541666666667 0.0078125 0.016666666666666666 
6 0.8432291666666667 0.87265625 0.010416666666666666 0.0203125 
6 0.8341145833333333 0.8729166666666667 0.009895833333333333 0.021875 
6 0.8244791666666667 0.8752604166666667 0.009375 0.021354166666666667 
6 0.9966145833333333 0.8518229166666667 0.009895833333333333 0.021354166666666667 
6 0.8848958333333333 0.7809895833333333 0.010416666666666666 0.025520833333333333 
6 0.8138020833333334 0.790625 0.0109375 0.023958333333333335 
6 0.8239583333333333 0.7893229166666667 0.010416666666666666 0.0234375 
6 0.83671875 0.7885416666666667 0.011979166666666667 0.025 
6 0.8489583333333334 0.7888020833333333 0.010416666666666666 0.028645833333333332 
6 0.8609375 0.7838541666666666 0.010416666666666666 0.025 
6 0.8721354166666667 0.78359375 0.009895833333333333 0.024479166666666666 
6 0.8955729166666667 0.7786458333333334 0.009895833333333333 0.025 
6 0.9083333333333333 0.7776041666666667 0.011458333333333333 0.026041666666666668 
6 0.9205729166666666 0.7783854166666667 0.0109375 0.0265625 
6 0.9330729166666667 0.7755208333333333 0.0078125 0.022916666666666665 
6 0.9557291666666666 0.7721354166666666 0.011458333333333333 0.025520833333333333 
6 0.965625 0.7690104166666667 0.007291666666666667 0.0203125 
6 0.9807291666666667 0.7697916666666667 0.009375 0.020833333333333332 
6 0.39401041666666664 0.6622395833333333 0.0067708333333333336 0.009895833333333333 
6 0.39791666666666664 0.6614583333333334 0.00625 0.010416666666666666 
6 0.40130208333333334 0.6591145833333333 0.0067708333333333336 0.009895833333333333 
4 0.8127604166666667 0.9838541666666667 0.005729166666666666 0.011458333333333333 
4 0.8239583333333333 0.9684895833333333 0.011458333333333333 0.005729166666666666 
4 0.7549479166666667 0.9864583333333333 0.005729166666666666 0.011458333333333333 
4 0.78359375 0.9734375 0.009895833333333333 0.00625 
6 0.40546875 0.65859375 0.0067708333333333336 0.009895833333333333 
4 0.12760416666666666 0.6489583333333333 0.011458333333333333 0.010416666666666666 
4 0.12083333333333333 0.6651041666666667 0.010416666666666666 0.010416666666666666 
4 0.11927083333333334 0.6591145833333333 0.010416666666666666 0.009895833333333333 
4 0.11953125 0.65234375 0.009895833333333333 0.0109375 
4 0.11796875 0.6455729166666667 0.0109375 0.011979166666666667 
4 0.11510416666666666 0.6203125 0.011458333333333333 0.011458333333333333 
4 0.11770833333333333 0.6393229166666666 0.009375 0.009895833333333333 
4 0.12942708333333333 0.6401041666666667 0.0109375 0.010416666666666666 
4 0.12864583333333332 0.6341145833333334 0.009375 0.0109375 
4 0.12604166666666666 0.6231770833333333 0.009375 0.009895833333333333 
4 0.12604166666666666 0.615625 0.010416666666666666 0.009375 
4 0.12421875 0.6091145833333333 0.0109375 0.009895833333333333 
4 0.12317708333333334 0.6036458333333333 0.0109375 0.011458333333333333 
4 0.12265625 0.5979166666666667 0.0109375 0.009375 
4 0.1109375 0.6041666666666666 0.011458333333333333 0.010416666666666666 
4 0.09427083333333333 0.6223958333333334 0.010416666666666666 0.009375 
4 0.121875 0.67109375 0.011458333333333333 0.009895833333333333 
4 0.13072916666666667 0.653125 0.011458333333333333 0.009375 
4 0.11484375 0.62890625 0.0109375 0.0109375 
4 0.13177083333333334 0.65859375 0.011458333333333333 0.009895833333333333 
4 0.015364583333333333 0.75703125 0.0067708333333333336 0.013020833333333334 
4 0.025 0.7533854166666667 0.00625 0.013020833333333334 
4 0.03567708333333333 0.75078125 0.008854166666666666 0.0140625 
4 0.051041666666666666 0.74609375 0.007291666666666667 0.013020833333333334 
4 0.035416666666666666 0.6966145833333334 0.0125 0.009895833333333333 
4 0.030729166666666665 0.6765625 0.011458333333333333 0.009375 
4 0.03203125 0.6705729166666666 0.0140625 0.0109375 
4 0.0609375 0.6408854166666667 0.013541666666666667 0.011979166666666667 
4 0.07005208333333333 0.7127604166666667 0.011979166666666667 0.011979166666666667 
4 0.055989583333333336 0.690625 0.011979166666666667 0.011458333333333333 
4 0.09114583333333333 0.6973958333333333 0.011458333333333333 0.008333333333333333 
4 0.09765625 0.6671875 0.011979166666666667 0.008333333333333333 
4 0.09427083333333333 0.6354166666666666 0.010416666666666666 0.008333333333333333 
4 0.09609375 0.6432291666666666 0.011979166666666667 0.009375 
4 0.13177083333333334 0.6666666666666666 0.010416666666666666 0.010416666666666666 
4 0.09401041666666667 0.6286458333333333 0.0109375 0.008333333333333333 
4 0.08125 0.6270833333333333 0.010416666666666666 0.009375 
4 0.08203125 0.63359375 0.011979166666666667 0.008854166666666666 
4 0.09765625 0.6544270833333333 0.0109375 0.0078125 
4 0.054947916666666666 0.68359375 0.009895833333333333 0.0109375 
4 0.0359375 0.7078125 0.009375 0.008333333333333333 
4 0.020572916666666666 0.6802083333333333 0.011979166666666667 0.008333333333333333 
6 0.37213541666666666 0.6427083333333333 0.0067708333333333336 0.010416666666666666 
6 0.36796875 0.6442708333333333 0.0067708333333333336 0.010416666666666666 
6 0.3640625 0.6455729166666667 0.007291666666666667 0.0109375 
6 0.38645833333333335 0.62734375 0.0125 0.0078125 
6 0.39765625 0.6234375 0.011979166666666667 0.008333333333333333 
6 0.40859375 0.6197916666666666 0.011979166666666667 0.008333333333333333 
6 0.4002604166666667 0.6770833333333334 0.009895833333333333 0.007291666666666667 
6 0.4236979166666667 0.6518229166666667 0.0067708333333333336 0.009895833333333333 
6 0.4197916666666667 0.6528645833333333 0.00625 0.009895833333333333 
6 0.4161458333333333 0.65390625 0.00625 0.009895833333333333 
6 0.4122395833333333 0.6549479166666666 0.0067708333333333336 0.009895833333333333 
6 0.4088541666666667 0.6565104166666667 0.00625 0.009895833333333333 
4 0.052083333333333336 0.6578125 0.010416666666666666 0.011458333333333333 
4 0.05130208333333333 0.65078125 0.0109375 0.0109375 
4 0.04895833333333333 0.64453125 0.011458333333333333 0.0109375 
4 0.12447916666666667 0.6916666666666667 0.010416666666666666 0.0125 
4 0.09817708333333333 0.6598958333333333 0.0109375 0.00625 
4 0.0890625 0.6893229166666667 0.011458333333333333 0.008854166666666666 
4 0.10286458333333333 0.6981770833333333 0.008854166666666666 0.0078125 
4 0.10078125 0.6859375 0.009895833333333333 0.008333333333333333 
4 0.12291666666666666 0.6776041666666667 0.010416666666666666 0.010416666666666666 
4 0.15104166666666666 0.6809895833333334 0.010416666666666666 0.0078125 
4 0.16536458333333334 0.7065104166666667 0.0078125 0.011979166666666667 
4 0.062239583333333334 0.6481770833333333 0.011979166666666667 0.011979166666666667 
4 0.14479166666666668 0.71328125 0.007291666666666667 0.013020833333333334 
4 0.13984375 0.7158854166666667 0.008854166666666666 0.013020833333333334 
4 0.12916666666666668 0.7184895833333333 0.008333333333333333 0.011979166666666667 
4 0.09817708333333333 0.7296875 0.0078125 0.011458333333333333 
4 0.05911458333333333 0.7151041666666667 0.0109375 0.009375 
4 0.008854166666666666 0.7294270833333333 0.011458333333333333 0.011979166666666667 
4 0.009895833333333333 0.7596354166666667 0.008333333333333333 0.013020833333333334 
4 0.12682291666666667 0.6291666666666667 0.009895833333333333 0.009375 
4 0.9893229166666667 0.89140625 0.011979166666666667 0.005729166666666666 
4 0.8776041666666666 0.93828125 0.011458333333333333 0.0067708333333333336 
4 0.7752604166666667 0.9515625 0.0109375 0.00625 
4 0.7083333333333334 0.9533854166666667 0.0125 0.0067708333333333336 
4 0.6513020833333333 0.97578125 0.013020833333333334 0.0067708333333333336 
4 0.64296875 0.9377604166666667 0.009895833333333333 0.0067708333333333336 
4 0.5778645833333333 0.9893229166666667 0.009895833333333333 0.0067708333333333336 
4 0.5255208333333333 0.9924479166666667 0.0125 0.0078125 
4 0.44817708333333334 0.9947916666666666 0.0109375 0.007291666666666667 
4 0.44557291666666665 0.98828125 0.0109375 0.0078125 
4 0.4015625 0.9690104166666667 0.010416666666666666 0.0078125 
4 0.38828125 0.9713541666666666 0.013020833333333334 0.007291666666666667 
4 0.30390625 0.9817708333333334 0.013020833333333334 0.008333333333333333 
4 0.29010416666666666 0.98359375 0.013541666666666667 0.0067708333333333336 
4 0.27447916666666666 0.9875 0.0125 0.00625 
4 0.875 0.9065104166666667 0.011458333333333333 0.0067708333333333336 
4 0.98046875 0.9174479166666667 0.0109375 0.005729166666666666 
4 0.11119791666666666 0.59609375 0.0109375 0.0109375 
4 0.9596354166666666 0.93359375 0.0140625 0.0067708333333333336 
4 0.9908854166666666 0.94609375 0.011979166666666667 0.005729166666666666 
4 0.9625 0.925 0.011458333333333333 0.007291666666666667 
4 1.0028645833333334 0.8901041666666667 0.011979166666666667 0.007291666666666667 
4 0.975 0.8921875 0.009375 0.007291666666666667 
4 0.9395833333333333 0.8979166666666667 0.013541666666666667 0.007291666666666667 
4 0.9203125 0.9234375 0.010416666666666666 0.00625 
4 0.8815104166666666 0.9307291666666667 0.0109375 0.00625 
4 0.8466145833333333 0.940625 0.0109375 0.007291666666666667 
4 0.8401041666666667 0.9354166666666667 0.010416666666666666 0.00625 
4 0.8158854166666667 0.9388020833333334 0.0109375 0.0067708333333333336 
4 0.8052083333333333 0.946875 0.009375 0.00625 
4 0.7890625 0.9486979166666667 0.009375 0.0067708333333333336 
4 0.79453125 0.9408854166666667 0.009895833333333333 0.005729166666666666 
4 0.7768229166666667 0.9432291666666667 0.011979166666666667 0.00625 
6 0.840625 0.5471354166666667 0.013541666666666667 0.021354166666666667 
4 0.45546875 0.6098958333333333 0.008854166666666666 0.011458333333333333 
4 0.44557291666666665 0.6151041666666667 0.0067708333333333336 0.013541666666666667 
4 0.4393229166666667 0.6161458333333333 0.008854166666666666 0.013541666666666667 
4 0.4390625 0.5385416666666667 0.0125 0.011458333333333333 
4 0.39453125 0.5307291666666667 0.0067708333333333336 0.011458333333333333 
4 0.39791666666666664 0.5450520833333333 0.011458333333333333 0.005729166666666666 
4 0.37447916666666664 0.5627604166666667 0.0125 0.005729166666666666 
4 0.37526041666666665 0.5677083333333334 0.011979166666666667 0.00625 
4 0.5609375 0.49244791666666665 0.008333333333333333 0.013020833333333334 
4 0.37604166666666666 0.57265625 0.010416666666666666 0.0046875 
4 0.40963541666666664 0.553125 0.0109375 0.0125 
4 0.3984375 0.55 0.011458333333333333 0.007291666666666667 
4 0.14869791666666668 0.6067708333333334 0.0109375 0.009375 
4 0.23645833333333333 0.60859375 0.013541666666666667 0.0067708333333333336 
4 0.20625 0.6065104166666667 0.009375 0.011979166666666667 
4 0.64140625 0.5455729166666666 0.008854166666666666 0.013020833333333334 
4 0.6638020833333333 0.49166666666666664 0.005729166666666666 0.010416666666666666 
4 0.68125 0.4901041666666667 0.00625 0.011458333333333333 
6 0.43072916666666666 0.65859375 0.008333333333333333 0.005729166666666666 
6 0.5291666666666667 0.91640625 0.009375 0.0171875 
6 0.21197916666666666 0.7859375 0.029166666666666667 0.010416666666666666 
6 0.2872395833333333 0.7302083333333333 0.018229166666666668 0.017708333333333333 
6 0.44296875 0.6731770833333334 0.0078125 0.008854166666666666 
6 0.43359375 0.6674479166666667 0.008854166666666666 0.0067708333333333336 
6 0.43125 0.6622395833333333 0.008333333333333333 0.0046875 
6 0.4161458333333333 0.665625 0.010416666666666666 0.007291666666666667 
4 0.746875 0.5166666666666667 0.007291666666666667 0.0125 
6 0.37473958333333335 0.6302083333333334 0.013020833333333334 0.009375 
6 0.3533854166666667 0.6411458333333333 0.0109375 0.00625 
6 0.27057291666666666 0.6614583333333334 0.018229166666666668 0.011458333333333333 
6 0.2140625 0.67890625 0.015625 0.013020833333333334 
5 0.4088541666666667 0.5666666666666667 0.016666666666666666 0.016666666666666666 
4 0.6018229166666667 0.5596354166666667 0.0078125 0.013020833333333334 
12 0.22213541666666667 0.8513020833333333 0.0734375 0.2296875 
