4 0.7714067278287462 0.04993983152827918 0.06269113149847094 0.0421179302045728 
4 0.6773700305810397 0.05415162454873646 0.0581039755351682 0.05535499398315283 
4 0.04434250764525994 0.4428399518652226 0.06116207951070336 0.0457280385078219 
4 0.1811926605504587 0.3700361010830325 0.05045871559633028 0.0421179302045728 
4 0.3348623853211009 0.28399518652226236 0.0581039755351682 0.04332129963898917 
4 0.3830275229357798 0.20216606498194944 0.05963302752293578 0.052948255114320095 
4 0.2400611620795107 0.27978339350180503 0.045871559633027525 0.044524669073405534 
7 0.8119266055045872 0.32190132370637786 0.2599388379204893 0.23465703971119134 
7 0.6758409785932722 0.3953068592057762 0.25688073394495414 0.23465703971119134 
7 0.5382262996941896 0.4681107099879663 0.25688073394495414 0.23345367027677497 
7 0.40061162079510704 0.5403128760529483 0.25688073394495414 0.23345367027677497 
7 0.26299694189602446 0.6137184115523465 0.25688073394495414 0.23345367027677497 
