4 0.9644495412844036 0.33047790802524796 0.052752293577981654 0.0405770964833183 
4 0.19036697247706422 0.7371505861136158 0.04357798165137615 0.031559963931469794 
4 0.5722477064220184 0.24887285843101895 0.04128440366972477 0.030658250676284943 
4 0.6439220183486238 0.17944093778178538 0.04472477064220184 0.034265103697024346 
4 0.6897935779816514 0.2218214607754734 0.04243119266055046 0.032461677186654644 
4 0.45298165137614677 0.12939585211902616 0.0389908256880734 0.033363390441839495 
4 0.4994266055045872 0.17718665464382327 0.04243119266055046 0.018935978358881875 
4 0.4157110091743119 0.15238954012623984 0.040137614678899085 0.032461677186654644 
4 0.3646788990825688 0.19026149684400362 0.04128440366972477 0.03606853020739405 
4 0.17660550458715596 0.4147880973850316 0.03669724770642202 0.032461677186654644 
4 0.10091743119266056 0.46393146979260597 0.0389908256880734 0.0351668169522092 
4 0.052752293577981654 0.4981965734896303 0.03669724770642202 0.033363390441839495 
4 0.06651376146788991 0.4873760144274121 0.03669724770642202 0.033363390441839495 
4 0.02981651376146789 0.5829576194770063 0.04357798165137615 0.031559963931469794 
4 0.205848623853211 0.7524797114517583 0.04243119266055046 0.031559963931469794 
4 0.17545871559633028 0.7236248872858431 0.04128440366972477 0.031559963931469794 
4 0.7253440366972477 0.3913435527502254 0.04243119266055046 0.032461677186654644 
4 0.1628440366972477 0.7082957619477006 0.04128440366972477 0.029756537421100092 
4 0.10378440366972477 0.6550946798917944 0.04243119266055046 0.031559963931469794 
4 0.06880733944954129 0.6257889990982868 0.045871559633027525 0.032461677186654644 
4 0.05676605504587156 0.6109107303877367 0.040137614678899085 0.029756537421100092 
8 0.8629587155963303 0.7718665464382326 0.24197247706422018 0.19837691614066727 
8 0.75 0.845356176735798 0.2408256880733945 0.1992786293958521 
7 0.742545871559633 0.5500450856627592 0.20527522935779816 0.17312894499549145 
7 0.6467889908256881 0.6140667267808837 0.20412844036697247 0.17312894499549145 
7 0.5263761467889908 0.690712353471596 0.2018348623853211 0.17132551848512173 
7 0.43061926605504586 0.7524797114517583 0.2029816513761468 0.17222723174030657 
7 0.544151376146789 0.36158701532912535 0.2029816513761468 0.17312894499549145 
7 0.44896788990825687 0.4242560865644725 0.20527522935779816 0.1740306582506763 
7 0.32855504587155965 0.5027051397655545 0.20527522935779816 0.1740306582506763 
4 0.6158256880733946 0.2921550946798918 0.0389908256880734 0.028854824165915238 
4 0.8004587155963303 0.4612263300270514 0.0389908256880734 0.027953110910730387 
5 0.955848623853211 0.26645626690712354 0.05389908256880734 0.0405770964833183 
4 0.14105504587155962 0.436429215509468 0.0389908256880734 0.032461677186654644 
5 0.9088302752293578 0.2917042380522994 0.051605504587155966 0.0405770964833183 
4 0.7666284403669725 0.4314697926059513 0.047018348623853214 0.0351668169522092 
4 0.8256880733944955 0.4197475202885482 0.03669724770642202 0.031559963931469794 
4 0.7803899082568807 0.44679891794409377 0.04931192660550459 0.0369702434625789 
4 0.9701834862385321 0.49188458070333635 0.052752293577981654 0.0369702434625789 
4 0.9581422018348624 0.4743011722272317 0.047018348623853214 0.03606853020739405 
4 0.23279816513761467 0.7822362488728585 0.0481651376146789 0.0369702434625789 
4 0.21559633027522937 0.7687105500450857 0.0481651376146789 0.033363390441839495 
4 0.08830275229357798 0.6402164111812444 0.05045871559633028 0.03787195671776375 
4 0.041857798165137614 0.5973850315599639 0.04931192660550459 0.0369702434625789 
4 0.43463302752293576 0.13931469792605952 0.0389908256880734 0.031559963931469794 
4 0.28727064220183485 0.3435527502254283 0.04243119266055046 0.03606853020739405 
4 0.21502293577981652 0.39224526600541026 0.040137614678899085 0.034265103697024346 
4 0.1198394495412844 0.4522091974752029 0.040137614678899085 0.0351668169522092 
4 0.8142201834862385 0.4765554553651939 0.04128440366972477 0.029756537421100092 
4 0.0871559633027523 0.35888187556357076 0.0389908256880734 0.034265103697024346 
4 0.16169724770642202 0.3146979260595131 0.0389908256880734 0.03606853020739405 
4 0.21502293577981652 0.28088367899008115 0.04472477064220184 0.0351668169522092 
4 0.37786697247706424 0.1762849413886384 0.03784403669724771 0.031559963931469794 
4 0.2901376146788991 0.2308385933273219 0.04357798165137615 0.03606853020739405 
4 0.9380733944954128 0.6816952209197475 0.04357798165137615 0.034265103697024346 
4 0.9180045871559633 0.6681695220919748 0.04243119266055046 0.032461677186654644 
4 0.7087155963302753 0.37330928764652843 0.04357798165137615 0.032461677186654644 
4 0.7379587155963303 0.40396753832281335 0.04243119266055046 0.032461677186654644 
4 0.23222477064220184 0.38277727682596935 0.04243119266055046 0.0369702434625789 
4 0.24885321100917432 0.37285843101893595 0.04357798165137615 0.0387736699729486 
4 0.14277522935779816 0.3246167718665464 0.040137614678899085 0.034265103697024346 
4 0.7597477064220184 0.41343552750225426 0.04243119266055046 0.031559963931469794 
7 0.231651376146789 0.563570784490532 0.20412844036697247 0.17132551848512173 
