4 0.13527851458885942 0.02640845070422535 0.03183023872679045 0.028169014084507043 
7 0.7453580901856764 0.5774647887323944 0.15030946065428824 0.176056338028169 
7 0.6259946949602122 0.4251760563380282 0.17506631299734748 0.15140845070422534 
7 0.5716180371352785 0.5066021126760564 0.17418213969938107 0.1522887323943662 
7 0.5004420866489832 0.6126760563380281 0.17506631299734748 0.15140845070422534 
7 0.44606542882404954 0.6941021126760564 0.17418213969938107 0.1505281690140845 
7 0.2396109637488948 0.5598591549295775 0.1768346595932803 0.15140845070422534 
7 0.29398762157382846 0.4779929577464789 0.17595048629531387 0.15140845070422534 
7 0.3647214854111406 0.37059859154929575 0.17771883289124668 0.15140845070422534 
7 0.4182139699381079 0.2891725352112676 0.1786030061892131 0.1522887323943662 
