4 0.6317135549872123 0.06192660550458716 0.02216538789428815 0.05045871559633028 
8 0.0443307757885763 0.19954128440366972 0.0886615515771526 0.2545871559633027 
7 0.20247229326513214 0.6955275229357798 0.113384484228474 0.23509174311926606 
7 0.30392156862745096 0.6594036697247706 0.11508951406649616 0.23623853211009174 
7 0.46675191815856776 0.6003440366972477 0.113384484228474 0.23509174311926606 
7 0.56692242114237 0.5653669724770642 0.11594202898550725 0.23394495412844038 
7 0.6670929241261722 0.529243119266055 0.11508951406649616 0.23279816513761467 
7 0.76768968456948 0.49254587155963303 0.11508951406649616 0.23509174311926606 
7 0.8691389599317988 0.45756880733944955 0.113384484228474 0.23623853211009174 
8 0.13640238704177324 0.15997706422018348 0.14151747655583974 0.2580275229357798 
8 0.5413469735720375 0.2545871559633027 0.14151747655583974 0.25688073394495414 
8 0.25404944586530265 0.12385321100917432 0.1432225063938619 0.24541284403669725 
8 0.37468030690537085 0.10378440366972477 0.14066496163682865 0.20527522935779816 
8 0.5046888320545609 0.08142201834862385 0.13128729752770674 0.16055045871559634 
8 0.06777493606138107 0.4243119266055046 0.13213981244671782 0.25688073394495414 
8 0.1794543904518329 0.3836009174311927 0.14407502131287298 0.2580275229357798 
8 0.29838022165387895 0.34174311926605505 0.1432225063938619 0.2591743119266055 
8 0.41687979539641945 0.29759174311926606 0.1432225063938619 0.25573394495412843 
7 0.1010230179028133 0.7310779816513762 0.113384484228474 0.23509174311926606 
