9 0.912890625 0.08368091762252346 0.01953125 0.013034410844629822 
6 0.5453125 0.5320646506777894 0.0421875 0.03597497393117831 
6 0.442578125 0.3954640250260688 0.05390625 0.04640250260688217 
6 0.387109375 0.41631908237747656 0.05546875 0.04744525547445255 
6 0.33203125 0.4348279457768509 0.0484375 0.04275286757038582 
6 0.277734375 0.4590719499478624 0.05234375 0.0443169968717414 
6 0.522265625 0.48383733055265904 0.04765625 0.040667361835245046 
6 0.4734375 0.5046923879040668 0.0484375 0.04275286757038582 
6 0.421484375 0.5232012513034411 0.04921875 0.040145985401459854 
6 0.39765625 0.536235662148071 0.0421875 0.0370177267987487 
6 0.362890625 0.5437956204379562 0.04921875 0.04275286757038582 
6 0.591015625 0.5119916579770595 0.03984375 0.03441084462982273 
6 0.575390625 0.5239833159541188 0.02578125 0.021897810218978103 
6 0.516015625 0.5422314911366006 0.04140625 0.035453597497393116 
6 0.32421875 0.3777372262773723 0.053125 0.04640250260688217 
6 0.47265625 0.556830031282586 0.040625 0.035453597497393116 
6 0.4453125 0.5667361835245047 0.0390625 0.03441084462982273 
6 0.42734375 0.5818561001042752 0.0421875 0.03753910323253389 
6 0.39921875 0.5844629822732013 0.0390625 0.03441084462982273 
6 0.6359375 0.6092283628779979 0.04375 0.03910323253388947 
6 0.607421875 0.6186131386861314 0.05234375 0.04535974973931178 
6 0.560546875 0.6386861313868614 0.03984375 0.035453597497393116 
6 0.5265625 0.6488529718456726 0.03125 0.025547445255474453 
6 0.454296875 0.6869134515119917 0.06015625 0.05474452554744526 
6 0.726171875 0.6397288842544318 0.06171875 0.056308654848800835 
6 0.607421875 0.6814389989572471 0.06171875 0.05526590198123045 
6 0.3859375 0.3568821689259645 0.05 0.04535974973931178 
6 0.2671875 0.39963503649635035 0.053125 0.04744525547445255 
9 0.95625 0.06386861313868614 0.021875 0.014077163712200209 
6 0.26171875 0.21063607924921793 0.046875 0.03858185610010428 
12 0.36796875 0.39181438998957246 0.33125 0.17570385818561002 
12 0.476171875 0.5276329509906152 0.29921875 0.16266944734098018 
12 0.59765625 0.6566736183524504 0.3046875 0.17257559958289886 
12 0.7453125 0.8263816475495308 0.3078125 0.1897810218978102 
6 0.096484375 0.14937434827945778 0.05859375 0.025547445255474453 
6 0.107421875 0.26564129301355577 0.03828125 0.03597497393117831 
6 0.133984375 0.2580813347236705 0.04453125 0.0364963503649635 
6 0.160546875 0.24895724713242962 0.04609375 0.0370177267987487 
6 0.185546875 0.23879040667361837 0.04921875 0.040667361835245046 
6 0.21015625 0.2281021897810219 0.04375 0.04118873826903024 
6 0.23359375 0.2213242961418144 0.0375 0.032846715328467155 
6 0.2875 0.20099061522419187 0.04375 0.0370177267987487 
6 0.216015625 0.4340458811261731 0.06953125 0.06830031282586027 
6 0.3125 0.19316996871741396 0.028125 0.022419186652763295 
6 0.33359375 0.18639207507820646 0.040625 0.03597497393117831 
6 0.350390625 0.1704900938477581 0.04921875 0.045881126173096975 
6 0.142578125 0.31047966631908236 0.05546875 0.048488008342022944 
6 0.17421875 0.29874869655891556 0.053125 0.047966631908237745 
6 0.208203125 0.28936392075078204 0.05546875 0.049009384775808136 
6 0.2671875 0.26564129301355577 0.0609375 0.0516162669447341 
6 0.326171875 0.24452554744525548 0.05390625 0.045881126173096975 
6 0.3546875 0.23357664233576642 0.0515625 0.04483837330552659 
6 0.38203125 0.22575599582898853 0.0546875 0.053180396246089674 
6 0.090625 0.3029197080291971 0.090625 0.09071949947862357 
6 0.5484375 0.7030761209593326 0.0625 0.058915537017726796 
6 0.519921875 0.7179353493222106 0.06328125 0.05943691345151199 
6 0.63515625 0.829509906152242 0.059375 0.05526590198123045 
5 0.654296875 0.2218456725755996 0.03671875 0.02137643378519291 
5 0.513671875 0.13503649635036497 0.02734375 0.010427528675703858 
5 0.510546875 0.1467674661105318 0.02421875 0.009906152241918665 
5 0.57421875 0.23070907194994786 0.0328125 0.017205422314911366 
5 0.61484375 0.27580813347236705 0.0359375 0.026068821689259645 
5 0.605859375 0.264859228362878 0.03359375 0.022940563086548488 
5 0.66875 0.28832116788321166 0.015625 0.018769551616266946 
5 0.702734375 0.2875391032325339 0.01953125 0.01824817518248175 
5 0.766015625 0.26772679874869654 0.02734375 0.01929092805005214 
5 0.77890625 0.2567778936392075 0.0296875 0.01824817518248175 
5 0.792578125 0.23592283628779978 0.02890625 0.015119916579770595 
5 0.79609375 0.19395203336809178 0.0375 0.01251303441084463 
5 0.640234375 0.21376433785192908 0.03359375 0.017726798748696558 
6 0.69453125 0.8073514077163713 0.05625 0.04953076120959333 
5 0.698828125 0.14416058394160583 0.03046875 0.01824817518248175 
5 0.7125 0.160844629822732 0.03125 0.014077163712200209 
5 0.728515625 0.2051616266944734 0.03984375 0.013034410844629822 
5 0.5375 0.18795620437956204 0.03125 0.017205422314911366 
5 0.528125 0.17805005213764338 0.028125 0.015119916579770595 
6 0.858984375 0.7531282586027112 0.03671875 0.032846715328467155 
6 0.687890625 0.5456204379562044 0.01796875 0.013034410844629822 
6 0.6390625 0.4880083420229406 0.0265625 0.026068821689259645 
6 0.682421875 0.5401459854014599 0.03046875 0.027111574556830033 
6 0.703125 0.5675182481751825 0.0203125 0.017205422314911366 
9 0.93046875 0.06412930135557873 0.021875 0.014598540145985401 
5 0.69375 0.0727320125130344 0.021875 0.02137643378519291 
5 0.5578125 0.08211678832116788 0.0265625 0.020333680917622523 
5 0.544140625 0.08993743482794578 0.02734375 0.017205422314911366 
4 0.598828125 0.16553701772679874 0.02734375 0.015119916579770595 
6 0.76171875 0.7841501564129302 0.05625 0.051094890510948905 
6 0.681640625 0.885036496350365 0.05859375 0.05578727841501564 
6 0.7515625 0.8641814389989573 0.065625 0.05995828988529719 
6 0.8015625 0.8362877997914494 0.0515625 0.04483837330552659 
6 0.82109375 0.8196037539103233 0.0328125 0.029197080291970802 
6 0.84375 0.8110010427528676 0.0359375 0.038060479666319084 
6 0.625 0.8821689259645464 0.090625 0.07820646506777894 
4 0.537890625 0.1024504692387904 0.03203125 0.01929092805005214 
4 0.519921875 0.12356621480709072 0.03515625 0.013555787278415016 
4 0.51640625 0.15745568300312826 0.0296875 0.013555787278415016 
4 0.521875 0.1684045881126173 0.03125 0.01564129301355579 
4 0.571875 0.18222106360792492 0.01875 0.020333680917622523 
4 0.609765625 0.1835245046923879 0.02890625 0.016684045881126174 
4 0.72109375 0.21741397288842546 0.0296875 0.014598540145985401 
4 0.716015625 0.23149113660062565 0.02890625 0.020855057351407715 
4 0.630078125 0.28362877997914493 0.02734375 0.020855057351407715 
4 0.73515625 0.28388946819603755 0.0265625 0.020333680917622523 
4 0.785546875 0.24687174139728885 0.02734375 0.014077163712200209 
4 0.786328125 0.16475495307612095 0.02890625 0.013555787278415016 
4 0.626953125 0.20099061522419187 0.02890625 0.01616266944734098 
4 0.594140625 0.2578206465067779 0.02890625 0.020333680917622523 
4 0.647265625 0.28884254431699685 0.02734375 0.022940563086548488 
4 0.75 0.2755474452554745 0.028125 0.020333680917622523 
12 0.241015625 0.24817518248175183 0.32734375 0.17831074035453598 
