4 0.7364505844845909 0.3685082872928177 0.05526036131774708 0.0430939226519337 
4 0.15462274176408078 0.9546961325966851 0.03294367693942614 0.04861878453038674 
4 0.13177470775770456 0.9469613259668508 0.03400637619553666 0.05082872928176796 
4 0.11158342189160468 0.9408839779005524 0.031880977683315624 0.049723756906077346 
4 0.09298618490967056 0.9281767955801105 0.03506907545164718 0.05082872928176796 
4 0.07120085015940489 0.9154696132596685 0.02975557917109458 0.04088397790055249 
4 0.048884165781083955 0.9066298342541437 0.03400637619553666 0.045303867403314914 
4 0.023379383634431455 0.8883977900552487 0.036131774707757705 0.05082872928176796 
5 0.7529224229543039 0.3237569060773481 0.09458023379383634 0.02430939226519337 
5 0.5956429330499469 0.38453038674033146 0.0924548352816153 0.028729281767955802 
5 0.5212539851222104 0.4220994475138122 0.09032943676939426 0.026519337016574586 
5 0.47555791710945805 0.4558011049723757 0.0924548352816153 0.027624309392265192 
5 0.39107332624867164 0.5276243093922652 0.057385759829968117 0.09171270718232044 
