4 0.959332191780822 0.5614942528735632 0.02482876712328767 0.047126436781609195 
4 0.2983732876712329 0.8350574712643678 0.0351027397260274 0.03793103448275862 
4 0.8805650684931506 0.7385057471264368 0.026541095890410957 0.04942528735632184 
4 0.8505993150684932 0.6436781609195402 0.031678082191780824 0.05057471264367816 
4 0.8206335616438356 0.8764367816091954 0.026541095890410957 0.04482758620689655 
4 0.15753424657534246 0.7247126436781609 0.03595890410958904 0.040229885057471264 
4 0.0920376712328767 0.9040229885057471 0.028253424657534245 0.04482758620689655 
4 0.0740582191780822 0.9448275862068966 0.026541095890410957 0.04367816091954023 
4 0.1151541095890411 0.8505747126436781 0.029965753424657533 0.04827586206896552 
4 0.4764554794520548 0.9712643678160919 0.03339041095890411 0.03908045977011494 
4 0.4195205479452055 0.9293103448275862 0.03595890410958904 0.03793103448275862 
4 0.3809931506849315 0.8902298850574712 0.03595890410958904 0.04252873563218391 
4 0.4195205479452055 0.7695402298850574 0.032534246575342464 0.035632183908045977 
4 0.06035958904109589 0.6488505747126436 0.036815068493150686 0.040229885057471264 
5 0.9537671232876712 0.40402298850574714 0.030821917808219176 0.05172413793103448 
4 0.1284246575342466 0.7028735632183908 0.03595890410958904 0.040229885057471264 
4 0.2842465753424658 0.6655172413793103 0.03767123287671233 0.041379310344827586 
4 0.19392123287671234 0.5954022988505747 0.036815068493150686 0.041379310344827586 
7 0.6952054794520548 0.7270114942528736 0.14726027397260275 0.24022988505747125 
7 0.6113013698630136 0.6597701149425287 0.14726027397260275 0.2413793103448276 
7 0.5261130136986302 0.5936781609195402 0.1481164383561644 0.24022988505747125 
7 0.4404965753424658 0.5264367816091954 0.1481164383561644 0.2413793103448276 
7 0.3535958904109589 0.45977011494252873 0.14726027397260275 0.2413793103448276 
7 0.8360445205479452 0.40229885057471265 0.1464041095890411 0.2413793103448276 
13 0.6669520547945206 0.31494252873563217 0.13356164383561644 0.20229885057471264 
13 0.565068493150685 0.21666666666666667 0.1541095890410959 0.23793103448275862 
4 0.9002568493150684 0.6241379310344828 0.02482876712328767 0.041379310344827586 
4 0.8707191780821918 0.5988505747126437 0.023972602739726026 0.03908045977011494 
4 0.8886986301369864 0.553448275862069 0.02910958904109589 0.05172413793103448 
4 0.9379280821917808 0.603448275862069 0.028253424657534245 0.04597701149425287 
5 0.8570205479452054 0.7885057471264367 0.02910958904109589 0.04827586206896552 
5 0.8266267123287672 0.6936781609195403 0.029965753424657533 0.047126436781609195 
5 0.8082191780821918 0.7442528735632183 0.025684931506849314 0.047126436781609195 
5 0.7872431506849316 0.7936781609195402 0.029965753424657533 0.05172413793103448 
5 0.7701198630136986 0.8373563218390805 0.028253424657534245 0.04942528735632184 
5 0.7461472602739726 0.8948275862068965 0.026541095890410957 0.04942528735632184 
5 0.632277397260274 0.9350574712643678 0.0351027397260274 0.040229885057471264 
5 0.5928938356164384 0.903448275862069 0.0351027397260274 0.03908045977011494 
5 0.5590753424657534 0.8775862068965518 0.03595890410958904 0.040229885057471264 
5 0.5269691780821918 0.8540229885057471 0.036815068493150686 0.041379310344827586 
5 0.4854452054794521 0.8195402298850575 0.03767123287671233 0.041379310344827586 
5 0.4520547945205479 0.7919540229885057 0.03595890410958904 0.03908045977011494 
5 0.382277397260274 0.7379310344827587 0.0351027397260274 0.03908045977011494 
5 0.2538527397260274 0.7971264367816092 0.036815068493150686 0.04252873563218391 
5 0.1327054794520548 0.8068965517241379 0.02910958904109589 0.052873563218390804 
5 0.2089041095890411 0.764367816091954 0.03767123287671233 0.04367816091954023 
5 0.19648972602739725 0.6959770114942528 0.03339041095890411 0.03793103448275862 
5 0.23886986301369864 0.6275862068965518 0.032534246575342464 0.034482758620689655 
5 0.13955479452054795 0.5488505747126436 0.032534246575342464 0.03793103448275862 
4 0.9768835616438356 0.028160919540229885 0.02910958904109589 0.047126436781609195 
4 0.9747431506849316 0.3586206896551724 0.029965753424657533 0.052873563218390804 
4 0.910958904109589 0.5017241379310344 0.0273972602739726 0.04942528735632184 
4 0.9310787671232876 0.4591954022988506 0.026541095890410957 0.04482758620689655 
1 0.18236301369863014 0.32068965517241377 0.22945205479452055 0.2942528735632184 
