4 0.07004608294930875 0.9560201874549387 0.03317972350230415 0.024513338139870222 
4 0.3935483870967742 0.138788752703677 0.03686635944700461 0.025234318673395817 
4 0.9073732718894009 0.889689978370584 0.02488479262672811 0.02883922134102379 
4 0.8732718894009217 0.8990627253064167 0.02304147465437788 0.02883922134102379 
4 0.5921658986175116 0.8093006488824802 0.034101382488479264 0.02090843547224225 
4 0.5811059907834102 0.7966834895457823 0.030414746543778803 0.020187454938716654 
4 0.5658986175115207 0.7862292718096612 0.03317972350230415 0.023792357606344627 
4 0.5548387096774193 0.7743330930064888 0.035023041474654376 0.021629416005767843 
4 0.5451612903225806 0.7627974044700793 0.030414746543778803 0.021629416005767843 
4 0.5345622119815668 0.7519826964671954 0.03133640552995392 0.023071377072819033 
4 0.5036866359447004 0.7213410237923576 0.030414746543778803 0.022350396539293438 
4 0.4806451612903226 0.6993511175198269 0.03225806451612903 0.024513338139870222 
4 0.4705069124423963 0.6899783705839942 0.030414746543778803 0.023071377072819033 
4 0.4608294930875576 0.6802451333813987 0.035023041474654376 0.022350396539293438 
4 0.44746543778801845 0.6683489545782264 0.034101382488479264 0.023071377072819033 
4 0.4271889400921659 0.6445565969718817 0.035944700460829496 0.02595529920692141 
4 0.2834101382488479 0.496395097332372 0.03225806451612903 0.022350396539293438 
4 0.26866359447004606 0.4870223503965393 0.034101382488479264 0.023792357606344627 
4 0.23732718894009217 0.4693583273251622 0.02857142857142857 0.02595529920692141 
4 0.22119815668202766 0.46070656092285506 0.027649769585253458 0.0273972602739726 
4 0.10599078341013825 0.37851478010093725 0.03686635944700461 0.023071377072819033 
4 0.17603686635944701 0.2692862292718097 0.03133640552995392 0.02090843547224225 
4 0.12119815668202764 0.27036770007209804 0.035944700460829496 0.02883922134102379 
13 0.5953917050691244 0.5912040374909877 0.2119815668202765 0.1643835616438356 
7 0.4308755760368664 0.8410237923576064 0.1631336405529954 0.1377072819033886 
7 0.22857142857142856 0.6474405191059841 0.1622119815668203 0.1384282624369142 
7 0.5345622119815668 0.2620764239365537 0.15483870967741936 0.14059120403749098 
7 0.4433179723502304 0.21485219899062724 0.15299539170506912 0.13987022350396539 
7 0.39308755760368663 0.36625811103100214 0.17972350230414746 0.12112472963229992 
7 0.33594470046082947 0.4336697909156453 0.17972350230414746 0.12184571016582552 
7 0.16129032258064516 0.1510454217736121 0.15483870967741936 0.14059120403749098 
4 0.5304147465437788 0.06092285508291276 0.03778801843317972 0.022350396539293438 
4 0.40368663594470044 0.12689257390050468 0.03686635944700461 0.024513338139870222 
4 0.2847926267281106 0.882480173035328 0.03317972350230415 0.0273972602739726 
4 0.27972350230414744 0.273972602739726 0.035944700460829496 0.024513338139870222 
4 0.8820276497695853 0.8179524152847873 0.027649769585253458 0.033886085075702954 
4 0.8271889400921659 0.829127613554434 0.02304147465437788 0.03172314347512617 
4 0.8451612903225807 0.8258832011535688 0.022119815668202765 0.032444124008651765 
4 0.9806451612903225 0.8734679163662581 0.027649769585253458 0.028118240807498196 
4 0.49170506912442397 0.7105263157894737 0.034101382488479264 0.025234318673395817 
4 0.3400921658986175 0.5562364816149964 0.0423963133640553 0.032444124008651765 
4 0.30599078341013825 0.5219899062725306 0.03870967741935484 0.02883922134102379 
4 0.2921658986175115 0.5090122566690699 0.03686635944700461 0.0273972602739726 
4 0.252073732718894 0.47764960346070656 0.034101382488479264 0.029560201874549386 
4 0.1327188940092166 0.5320836337418889 0.018433179723502304 0.0273972602739726 
4 0.11152073732718894 0.533886085075703 0.018433179723502304 0.029560201874549386 
4 0.12119815668202764 0.40735400144196104 0.04331797235023042 0.02595529920692141 
4 0.1119815668202765 0.39293439077144915 0.04331797235023042 0.0273972602739726 
4 0.054377880184331796 0.3064167267483778 0.04423963133640553 0.02595529920692141 
4 0.15299539170506912 0.29740447007930787 0.0423963133640553 0.028118240807498196 
4 0.1391705069124424 0.309661139149243 0.03686635944700461 0.028118240807498196 
4 0.1622119815668203 0.28262436914203315 0.03686635944700461 0.024513338139870222 
4 0.252073732718894 0.3136265320836337 0.035944700460829496 0.02595529920692141 
4 0.2608294930875576 0.29884643114635906 0.03317972350230415 0.022350396539293438 
4 0.3032258064516129 0.2487382840663302 0.035023041474654376 0.023071377072819033 
4 0.23364055299539171 0.19610670511896178 0.03778801843317972 0.024513338139870222 
4 0.34654377880184334 0.19826964671953856 0.04055299539170507 0.02595529920692141 
4 0.09078341013824885 0.3713049747656813 0.035944700460829496 0.023071377072819033 
4 0.1976958525345622 0.3727469358327325 0.035944700460829496 0.023071377072819033 
4 0.20783410138248848 0.3615717375630858 0.041474654377880185 0.028118240807498196 
4 0.2294930875576037 0.33597692862292716 0.035023041474654376 0.02595529920692141 
4 0.2732718894009217 0.14888248017303532 0.034101382488479264 0.022350396539293438 
4 0.22304147465437787 0.20908435472242248 0.03686635944700461 0.02595529920692141 
4 0.1935483870967742 0.24549387166546502 0.035023041474654376 0.025234318673395817 
12 0.8658986175115208 0.058399423215573176 0.11152073732718894 0.049026676279740444 
