4 0.17588495575221239 0.932590855803048 0.01991150442477876 0.04337631887456037 
4 0.3241150442477876 0.06740914419695193 0.04424778761061947 0.0246189917936694 
4 0.7798672566371682 0.9449003516998827 0.046460176991150445 0.021101992966002344 
4 0.6155973451327433 0.8716295427901524 0.023230088495575223 0.041031652989449004 
4 0.3877212389380531 0.9431418522860492 0.018805309734513276 0.038686987104337635 
4 0.3407079646017699 0.9419695193434936 0.022123893805309734 0.04337631887456037 
7 0.7511061946902655 0.5 0.10176991150442478 0.21922626025791325 
7 0.6349557522123894 0.4947245017584994 0.10176991150442478 0.21805392731535755 
7 0.5099557522123894 0.492379835873388 0.10398230088495575 0.21805392731535755 
7 0.3938053097345133 0.4876905041031653 0.10176991150442478 0.22039859320046892 
7 0.26935840707964603 0.4847596717467761 0.10287610619469026 0.21922626025791325 
7 0.15210176991150443 0.4794841735052755 0.10287610619469026 0.22039859320046892 
