4 0.965258855585831 0.3014230271668823 0.009536784741144414 0.014230271668822769 
6 0.34877384196185285 0.5326649417852523 0.043596730245231606 0.04204398447606727 
6 0.4199591280653951 0.46216041397153945 0.04155313351498638 0.0407503234152652 
6 0.42915531335149865 0.4476067270375162 0.03678474114441417 0.03492884864165589 
6 0.4380108991825613 0.43402328589909445 0.03678474114441417 0.03492884864165589 
6 0.45776566757493187 0.42852522639068563 0.04223433242506812 0.0407503234152652 
6 0.4673024523160763 0.41591203104786545 0.04087193460490463 0.04139715394566624 
6 0.47547683923705725 0.40103492884864167 0.04087193460490463 0.03880983182406209 
6 0.4901226158038147 0.3913324708926261 0.040190735694822885 0.037516170763260026 
6 0.5020435967302452 0.37904269081500647 0.04223433242506812 0.03880983182406209 
6 0.5173705722070845 0.3693402328589909 0.04427792915531335 0.042690815006468305 
6 0.5262261580381471 0.3515523932729625 0.0388283378746594 0.03686934023285899 
6 0.49182561307901906 0.3188874514877102 0.03814713896457766 0.03622250970245795 
6 0.47275204359673023 0.3292367399741268 0.04223433242506812 0.040103492884864166 
6 0.4598092643051771 0.34184993531694696 0.043596730245231606 0.0407503234152652 
6 0.45333787465940056 0.35608020698576975 0.040190735694822885 0.03816300129366106 
6 0.4393732970027248 0.3664294954721863 0.039509536784741145 0.03686934023285899 
6 0.4274523160762943 0.3777490297542044 0.03746594005449591 0.03622250970245795 
6 0.4128065395095368 0.3871280724450194 0.039509536784741145 0.03816300129366106 
6 0.4025885558583106 0.40103492884864167 0.035422343324250684 0.03622250970245795 
6 0.3920299727520436 0.41364812419146185 0.040190735694822885 0.03816300129366106 
6 0.3801089918256131 0.4246442432082794 0.039509536784741145 0.03945666235446313 
6 0.3692098092643052 0.43790426908150065 0.03678474114441417 0.03492884864165589 
6 0.3576294277929155 0.4485769728331177 0.039509536784741145 0.03816300129366106 
6 0.34400544959128065 0.45827943078913325 0.03678474114441417 0.03686934023285899 
6 0.40463215258855584 0.4715394566623545 0.039509536784741145 0.040103492884864166 
6 0.39373297002724794 0.4822121604139715 0.03678474114441417 0.03686934023285899 
6 0.3807901907356948 0.49385510996119014 0.03814713896457766 0.03816300129366106 
6 0.4645776566757493 0.6186934023285899 0.031335149863760216 0.03169469598965071 
6 0.5786784741144414 0.44404915912031045 0.03474114441416894 0.03428201811125485 
6 0.5684604904632152 0.45666235446313064 0.030653950953678476 0.031047865459249677 
6 0.555858310626703 0.4653945666235446 0.03814713896457766 0.03557567917205692 
6 0.5459809264305178 0.47865459249676584 0.03337874659400545 0.03234152652005175 
6 0.6008174386920981 0.4870633893919793 0.0326975476839237 0.03234152652005175 
6 0.5790190735694822 0.5097024579560155 0.0340599455040872 0.03492884864165589 
6 0.5688010899182562 0.5206985769728332 0.0326975476839237 0.031047865459249677 
6 0.5565395095367848 0.5323415265200517 0.035422343324250684 0.03234152652005175 
6 0.5470027247956403 0.5443078913324709 0.039509536784741145 0.03686934023285899 
6 0.5207765667574932 0.5637128072445019 0.03337874659400545 0.032988357050452784 
6 0.4536784741144414 0.6313065976714101 0.02997275204359673 0.029754204398447608 
6 0.37057220708446864 0.5080853816300129 0.04087193460490463 0.03945666235446313 
6 0.5190735694822888 0.4987063389391979 0.03814713896457766 0.03622250970245795 
6 0.5115803814713896 0.5116429495472187 0.0340599455040872 0.03234152652005175 
6 0.49659400544959126 0.5194049159120311 0.03678474114441417 0.03622250970245795 
6 0.47377384196185285 0.5413971539456662 0.040190735694822885 0.037516170763260026 
6 0.46321525885558584 0.553686934023286 0.031335149863760216 0.03234152652005175 
6 0.4543596730245232 0.5666235446313066 0.03814713896457766 0.03492884864165589 
6 0.4417574931880109 0.5766494178525227 0.030653950953678476 0.0278137128072445 
6 0.4311989100817439 0.5876455368693402 0.03678474114441417 0.03428201811125485 
6 0.41757493188010897 0.5976714100905562 0.0326975476839237 0.031047865459249677 
6 0.3576294277929155 0.5184346701164295 0.039509536784741145 0.03816300129366106 
6 0.3310626702997275 0.4689521345407503 0.03678474114441417 0.03492884864165589 
6 0.32050408719346046 0.48285899094437257 0.0388283378746594 0.03428201811125485 
6 0.6001362397820164 0.4201164294954722 0.0340599455040872 0.032988357050452784 
6 0.3048365122615804 0.491267787839586 0.042915531335149866 0.0407503234152652 
6 0.26873297002724794 0.1979301423027167 0.03474114441416894 0.03492884864165589 
6 0.27963215258855584 0.1872574385510996 0.03474114441416894 0.03169469598965071 
6 0.29291553133514986 0.17884864165588615 0.031335149863760216 0.03040103492884864 
6 0.2724795640326976 0.13648124191461836 0.0326975476839237 0.031047865459249677 
6 0.30415531335149865 0.1665588615782665 0.030653950953678476 0.03040103492884864 
6 0.3579700272479564 0.23965071151358344 0.03337874659400545 0.032988357050452784 
6 0.4039509536784741 0.2603492884864166 0.03678474114441417 0.03428201811125485 
6 0.3920299727520436 0.2716688227684347 0.03746594005449591 0.03363518758085381 
6 0.37057220708446864 0.29527813712807244 0.0326975476839237 0.03040103492884864 
6 0.35865122615803813 0.30627425614489 0.03474114441416894 0.03169469598965071 
6 0.34775204359673023 0.3192108667529107 0.03201634877384196 0.02910737386804657 
6 0.33446866485013627 0.3282664941785252 0.0340599455040872 0.032988357050452784 
6 0.2973433242506812 0.2936610608020699 0.03746594005449591 0.03622250970245795 
6 0.30960490463215257 0.28395860284605434 0.03746594005449591 0.03622250970245795 
6 0.3337874659400545 0.26228978007761966 0.0340599455040872 0.03169469598965071 
6 0.3463896457765668 0.25194049159120313 0.0388283378746594 0.03686934023285899 
12 0.8133514986376021 0.7849288486416559 0.18392370572207084 0.17399741267787838 
12 0.6975476839237057 0.7170116429495472 0.21525885558583105 0.2076326002587322 
12 0.6314713896457765 0.619340232858991 0.26294277929155313 0.24644243208279432 
12 0.5272479564032697 0.5271668822768435 0.26021798365122617 0.24708926261319533 
12 0.414850136239782 0.4259379042690815 0.26294277929155313 0.2503234152652005 
12 0.3061989100817439 0.32147477360931437 0.23228882833787465 0.22121604139715395 
12 0.19959128065395096 0.23738680465717982 0.23978201634877383 0.23027166882276842 
6 0.25851498637602177 0.20795601552393272 0.03474114441416894 0.03428201811125485 
6 0.24863760217983652 0.21959896507115137 0.0326975476839237 0.03169469598965071 
6 0.2391008174386921 0.23124191461837 0.035422343324250684 0.03557567917205692 
6 0.1420299727520436 0.1610608020698577 0.029291553133514985 0.029754204398447608 
6 0.03201634877384196 0.20407503234152652 0.031335149863760216 0.016170763260025874 
6 0.03371934604904632 0.22509702457956016 0.03746594005449591 0.03622250970245795 
6 0.04632152588555858 0.25291073738680464 0.027247956403269755 0.02457956015523933 
6 0.05790190735694823 0.2425614489003881 0.02861035422343324 0.027166882276843468 
6 0.06880108991825613 0.23382923673997413 0.02997275204359673 0.0278137128072445 
6 0.08072207084468665 0.22347994825355758 0.029291553133514985 0.02910737386804657 
6 0.10115803814713896 0.20310478654592498 0.030653950953678476 0.028460543337645538 
6 0.11171662125340599 0.19307891332470892 0.02861035422343324 0.02910737386804657 
6 0.12397820163487738 0.18272962483829236 0.020435967302452316 0.022639068564036222 
6 0.13249318801089918 0.17529107373868047 0.022479564032697547 0.02069857697283312 
6 0.15258855585831063 0.15103492884864167 0.027247956403269755 0.025226390685640362 
6 0.22922343324250682 0.24353169469598965 0.03746594005449591 0.03557567917205692 
6 0.1737057220708447 0.1316300129366106 0.02997275204359673 0.03040103492884864 
6 0.18392370572207084 0.12063389391979301 0.02997275204359673 0.02910737386804657 
6 0.19448228882833787 0.11060802069857698 0.027929155313351498 0.027166882276843468 
6 0.20470027247956404 0.09961190168175937 0.029291553133514985 0.028460543337645538 
6 0.26021798365122617 0.14683053040103494 0.027247956403269755 0.0258732212160414 
6 0.24591280653950953 0.1571798188874515 0.02316076294277929 0.02328589909443726 
6 0.2183242506811989 0.1869340232858991 0.029291553133514985 0.027166882276843468 
6 0.19822888283378748 0.20795601552393272 0.025885558583106268 0.025226390685640362 
6 0.18903269754768393 0.21992238033635186 0.027929155313351498 0.028460543337645538 
6 0.17881471389645776 0.23059508408796894 0.029291553133514985 0.02910737386804657 
6 0.5868528610354223 0.4298188874514877 0.03201634877384196 0.03040103492884864 
6 0.614100817438692 0.47671410090556277 0.03746594005449591 0.03622250970245795 
4 0.9141689373297003 0.27910737386804657 0.009536784741144414 0.018758085381630013 
6 0.7912125340599455 0.8386157826649417 0.019754768392370572 0.020051746442432083 
4 0.6066076294277929 0.16235446313065977 0.008855585831062671 0.0129366106080207 
4 0.6127384196185286 0.14909443725743854 0.007493188010899182 0.014877102199223804 
4 0.6052452316076294 0.148124191461837 0.007493188010899182 0.014230271668822769 
4 0.5974114441416893 0.1448900388098318 0.008174386920980926 0.016817593790426907 
4 0.659400544959128 0.1384217335058215 0.008174386920980926 0.015523932729624839 
4 0.6433923705722071 0.1316300129366106 0.007493188010899182 0.018758085381630013 
4 0.6219346049046321 0.12322121604139716 0.008174386920980926 0.018758085381630013 
4 0.598433242506812 0.1128719275549806 0.007493188010899182 0.017464424320827943 
4 0.5837874659400545 0.10640362225097025 0.008174386920980926 0.016170763260025874 
4 0.5759536784741145 0.10252263906856404 0.007493188010899182 0.014877102199223804 
4 0.5194141689373297 0.10413971539456662 0.01430517711171662 0.014230271668822769 
4 0.49693460490463215 0.08214747736093143 0.0170299727520436 0.016817593790426907 
4 0.47411444141689374 0.033958602846054335 0.01907356948228883 0.014877102199223804 
6 0.537125340599455 0.6859637774902976 0.03337874659400545 0.032988357050452784 
6 0.20333787465940054 0.26067270375161705 0.03474114441416894 0.029754204398447608 
6 0.06846049046321526 0.1908150064683053 0.02111716621253406 0.01034928848641656 
6 0.06198910081743869 0.20278137128072446 0.020435967302452316 0.017464424320827943 
6 0.8501362397820164 0.7199223803363519 0.03814713896457766 0.03622250970245795 
6 0.8286784741144414 0.7448253557567918 0.03337874659400545 0.032988357050452784 
6 0.8167574931880109 0.7564683053040103 0.0340599455040872 0.032988357050452784 
6 0.8252724795640327 0.8027166882276844 0.022479564032697547 0.02069857697283312 
6 0.8194822888283378 0.8133893919793014 0.02861035422343324 0.02652005174644243 
6 0.80858310626703 0.8195342820181113 0.02452316076294278 0.02457956015523933 
4 0.5980926430517711 0.1591203104786546 0.006811989100817439 0.0129366106080207 
4 0.651566757493188 0.16946959896507116 0.007493188010899182 0.015523932729624839 
4 0.6757493188010899 0.1924320827943079 0.008174386920980926 0.014877102199223804 
4 0.6437329700272479 0.1759379042690815 0.008174386920980926 0.016817593790426907 
4 0.8092643051771117 0.16914618369987064 0.01907356948228883 0.013583441138421734 
4 0.7043596730245232 0.2238033635187581 0.01634877384196185 0.016817593790426907 
4 0.6995912806539509 0.22994825355756793 0.013623978201634877 0.014877102199223804 
4 0.6866485013623979 0.2370633893919793 0.01634877384196185 0.018758085381630013 
4 0.6791553133514986 0.2409443725743855 0.014986376021798364 0.017464424320827943 
4 0.6655313351498637 0.25 0.014986376021798364 0.016170763260025874 
4 0.6447547683923706 0.24320827943078913 0.022479564032697547 0.015523932729624839 
4 0.6232970027247956 0.23447606727037515 0.01634877384196185 0.010996119016817595 
4 0.6328337874659401 0.20504527813712808 0.008174386920980926 0.0129366106080207 
4 0.625 0.20213454075032342 0.007493188010899182 0.013583441138421734 
4 0.6290871934604905 0.17302716688227684 0.007493188010899182 0.013583441138421734 
4 0.6008174386920981 0.19146183699870634 0.008174386920980926 0.015523932729624839 
4 0.6212534059945504 0.16946959896507116 0.006811989100817439 0.0129366106080207 
4 0.6280653950953679 0.15879689521345408 0.009536784741144414 0.016170763260025874 
4 0.5071525885558583 0.09282018111254851 0.015667574931880108 0.014877102199223804 
4 0.5023841961852861 0.08829236739974126 0.015667574931880108 0.014877102199223804 
4 0.6733651226158038 0.24676584734799484 0.015667574931880108 0.017464424320827943 
4 0.6079700272479565 0.22800776196636482 0.015667574931880108 0.010996119016817595 
4 0.5923024523160763 0.221862871927555 0.015667574931880108 0.01164294954721863 
4 0.6481607629427792 0.21216041397153945 0.007493188010899182 0.015523932729624839 
4 0.6403269754768393 0.2089262613195343 0.008174386920980926 0.015523932729624839 
4 0.6089918256130791 0.19469598965071153 0.008174386920980926 0.015523932729624839 
6 0.7980245231607629 0.8276196636481242 0.02656675749318801 0.025226390685640362 
6 0.7666893732970027 0.7978654592496766 0.03746594005449591 0.03557567917205692 
6 0.6232970027247956 0.4644243208279431 0.0340599455040872 0.03363518758085381 
6 0.7826975476839237 0.8473479948253557 0.025885558583106268 0.02457956015523933 
6 0.6842643051771117 0.5433376455368694 0.03337874659400545 0.03234152652005175 
6 0.6696185286103542 0.5501293661060802 0.035422343324250684 0.032988357050452784 
6 0.6604223433242506 0.5640362225097024 0.029291553133514985 0.029754204398447608 
6 0.7006130790190735 0.5827943078913325 0.027929155313351498 0.027166882276843468 
6 0.69141689373297 0.5950840879689522 0.031335149863760216 0.029754204398447608 
6 0.6471389645776566 0.573738680465718 0.035422343324250684 0.03363518758085381 
6 0.6805177111716622 0.6038163001293662 0.02997275204359673 0.0278137128072445 
6 0.670299727520436 0.6144890038809832 0.02997275204359673 0.029754204398447608 
6 0.6369209809264306 0.5847347994825356 0.0340599455040872 0.03234152652005175 
6 0.6263623978201635 0.5960543337645536 0.029291553133514985 0.02910737386804657 
6 0.6576975476839237 0.6235446313065977 0.029291553133514985 0.027166882276843468 
6 0.6498637602179836 0.6345407503234153 0.027247956403269755 0.0258732212160414 
6 0.6028610354223434 0.6180465717981889 0.0340599455040872 0.03169469598965071 
6 0.6270435967302452 0.6542690815006468 0.029291553133514985 0.0278137128072445 
6 0.5834468664850136 0.6423027166882277 0.03201634877384196 0.031047865459249677 
6 0.5681198910081744 0.6513583441138422 0.031335149863760216 0.031047865459249677 
6 0.6066076294277929 0.6752910737386805 0.03201634877384196 0.029754204398447608 
6 0.5572207084468664 0.6630012936610608 0.0340599455040872 0.03363518758085381 
6 0.5868528610354223 0.6953428201811126 0.030653950953678476 0.029754204398447608 
6 0.5674386920980926 0.7166882276843467 0.02861035422343324 0.0258732212160414 
6 0.534741144414169 0.7302716688227684 0.039509536784741145 0.03880983182406209 
6 0.5245231607629428 0.696313065976714 0.03814713896457766 0.03686934023285899 
6 0.6324931880108992 0.4521345407503234 0.029291553133514985 0.027166882276843468 
6 0.6917574931880109 0.5284605433376456 0.040190735694822885 0.037516170763260026 
6 0.7040190735694822 0.5177878395860285 0.0388283378746594 0.03686934023285899 
6 0.6004768392370572 0.7907503234152652 0.03337874659400545 0.03169469598965071 
6 0.7026566757493188 0.6830530401034929 0.02656675749318801 0.027166882276843468 
6 0.7329700272479565 0.8353816300129366 0.035422343324250684 0.032988357050452784 
6 0.7639645776566758 0.6817593790426908 0.030653950953678476 0.029754204398447608 
6 0.7728201634877384 0.6697930142302717 0.029291553133514985 0.02910737386804657 
6 0.7840599455040872 0.6636481241914618 0.025885558583106268 0.027166882276843468 
6 0.7551089918256131 0.630659767141009 0.030653950953678476 0.029754204398447608 
6 0.7445504087193461 0.6419793014230272 0.02316076294277929 0.022639068564036222 
6 0.7227520435967303 0.6620310478654593 0.02861035422343324 0.0278137128072445 
6 0.7523841961852861 0.6901681759379042 0.029291553133514985 0.031047865459249677 
6 0.7421662125340599 0.7021345407503234 0.02656675749318801 0.025226390685640362 
6 0.7121934604904632 0.6743208279430789 0.029291553133514985 0.02910737386804657 
6 0.7336512261580381 0.711836998706339 0.02452316076294278 0.023932729624838292 
6 0.6093324250681199 0.776843467011643 0.030653950953678476 0.028460543337645538 
6 0.7121934604904632 0.7328589909443726 0.027929155313351498 0.027166882276843468 
6 0.6706403269754768 0.714424320827943 0.029291553133514985 0.03169469598965071 
6 0.69141689373297 0.7525873221216042 0.02452316076294278 0.023932729624838292 
6 0.6784741144414169 0.7616429495472187 0.02997275204359673 0.0278137128072445 
6 0.670299727520436 0.7723156532988357 0.027247956403269755 0.0258732212160414 
6 0.6590599455040872 0.7241267787839586 0.030653950953678476 0.03040103492884864 
6 0.6403269754768393 0.7441785252263907 0.02452316076294278 0.023932729624838292 
6 0.6284059945504087 0.7548512289780077 0.030653950953678476 0.029754204398447608 
6 0.6604223433242506 0.7829883570504528 0.03337874659400545 0.032988357050452784 
6 0.6502043596730245 0.7939844760672704 0.029291553133514985 0.0278137128072445 
12 0.1311307901907357 0.16720569210866754 0.2186648501362398 0.21021992238033635 
